,steps_tokens,steps_tokens_bow,cuisine
9509,"['wash', 'and', 'soak', 'the', 'dals', 'overnight', 'the', 'next', 'morning', 'grind', 'the', 'rice', 'separately', 'with', 'minimum', 'water', 'grind', 'the', 'dals', 'coarsely', 'with', 'the', 'red', 'chilli', 'ginger', 'asafoetida', 'and', 'curry', 'leaves', 'mix', 'with', 'the', 'ground', 'rice', 'add', 'black', 'pepper', 'and', 'mix', 'your', 'mixture', 'should', 'be', 'a', 'thick', 'batter', 'heat', 'a', 'non-stick', 'pan', 'spread', 'a', 'teaspoons', 'of', 'oil', 'evenly', 'on', 'it', 'when', 'the', 'oil', 'is', 'hot', 'drop', 'a', 'large', 'ladle', 'of', 'the', 'batter', 'on', 'it', 'spread', 'the', 'batter', 'to', 'make', 'a', '5', 'inch', 'diameter', 'round', 'drizzle', 'with', 'oil', 'when', 'one', 'side', 'is', 'done', 'flip', 'the', 'pancake', 'and', 'cook', 'the', 'other', 'side', 'till', 'it', ""'s"", 'crisp', 'serve', 'hot', 'with', 'salted', 'yoghurt', 'and', 'crushed', 'green', 'chillies', 'enjoy', 'for', 'breakfast']","['wash', 'soak', 'dals', 'overnight', 'next', 'morning', 'grind', 'rice', 'separately', 'minimum', 'water', 'grind', 'dals', 'coarsely', 'red', 'chilli', 'ginger', 'asafoetida', 'curry', 'leaves', 'mix', 'ground', 'rice', 'add', 'black', 'pepper', 'mix', 'mixture', 'thick', 'batter', 'heat', 'non', 'stick', 'pan', 'spread', 'oil', 'evenly', 'oil', 'hot', 'drop', 'large', 'ladle', 'batter', 'spread', 'batter', 'make', 'diameter', 'round', 'drizzle', 'oil', 'one', 'side', 'done', 'flip', 'pancake', 'cook', 'side', 'till', 'crisp', 'serve', 'hot', 'salted', 'yoghurt', 'crushed', 'green', 'chillies', 'enjoy', 'breakfast']",Indian
3019,"['heat', 'oven', 'to', '400', 'degrees', 'f.', 'cook', 'and', 'drain', 'ravioli', 'as', 'directed', 'on', 'package', 'while', 'ravioli', 'is', 'cooking', 'mix', 'crushed', 'tomatoes', 'sun-dried', 'tomatoes', 'and', 'basil', 'pour', '1-1/2', 'cups', 'of', 'the', 'tomato', 'mixture', 'in', 'an', 'ungreased', 'rectangular', 'baking', 'dish', '11x7x1-1/2', 'inches', 'top', 'with', 'ravioli', 'pour', 'remaining', 'tomato', 'mixture', 'over', 'the', 'ravioli', 'sprinkle', 'with', 'cheese', 'bake', 'uncovered', 'about', '20', 'minutes', 'or', 'until', 'hot']","['heat', 'oven', 'f.', 'cook', 'drain', 'ravioli', 'directed', 'package', 'ravioli', 'cooking', 'mix', 'crushed', 'tomatoes', 'sun', 'dried', 'tomatoes', 'basil', 'pour', 'tomato', 'mixture', 'ungreased', 'rectangular', 'baking', 'dish', '11x7x1', '1/2', 'top', 'ravioli', 'pour', 'remaining', 'tomato', 'mixture', 'ravioli', 'sprinkle', 'cheese', 'bake', 'uncovered', 'hot']",Italian
4795,"['rinse', 'and', 'drain', 'the', 'garbanzo', 'beans', 'combine', 'all', 'ingredients', 'in', 'a', 'food', 'processor', 'or', 'blender', 'and', 'puree', 'to', 'desired', 'consistency', 'to', 'thin', 'add', '1', 'tbsp', 'of', 'water', 'at', 'a', 'time']","['rinse', 'drain', 'garbanzo', 'beans', 'combine', 'ingredients', 'food', 'processor', 'blender', 'puree', 'desired', 'consistency', 'thin', 'add', 'water', 'time']",Italian
3292,"['place', 'a', 'large', 'skillet', 'over', 'medium-high', 'heat', 'with', '2', 'turns', 'of', 'the', 'pan', 'of', 'evoo', 'about', '2', 'tablespoons', 'season', 'the', 'steaks', 'with', 'salt', 'and', 'pepper', 'and', 'sear', 'in', 'the', 'pan', 'working', 'in', 'batches', 'if', 'need', 'be', 'until', 'the', 'steaks', 'have', 'a', 'nice', 'crust', 'on', 'the', 'outside', 'about', '3', 'minutes', 'per', 'side', 'remove', 'the', 'cooked', 'steaks', 'from', 'the', 'skillet', 'and', 'reserve', 'warm', 'on', 'a', 'plate', 'return', 'the', 'skillet', 'to', 'medium-high', 'heat', 'and', 'add', 'the', 'pancetta', 'or', 'bacon', 'if', 'using', 'cook', 'until', 'golden', 'brown', 'and', 'crispy', 'about', '5', 'minutes', 'add', 'the', 'onion', 'and', 'garlic', 'to', 'the', 'pan', 'and', 'cook', 'until', 'tender', 'about', '5', 'minutes', 'add', 'the', 'balsamic', 'vinegar', 'brown', 'sugar', 'worcestershire', 'and', 'tomato', 'sauce', 'to', 'the', 'pan', 'season', 'with', 'salt', 'and', 'pepper', 'and', 'bring', 'up', 'to', 'a', 'bubble', 'reduce', 'the', 'heat', 'to', 'medium', 'and', 'simmer', 'the', 'sauce', 'until', 'lightly', 'thickened', '3-4', 'minutes', 'serve', 'the', 'steaks', 'with', 'a', 'hearty', 'pour', 'of', 'the', 'italian', 'bbq', 'sauce', 'and', 'a', 'fresh', 'green', 'salad', 'alongside']","['place', 'large', 'skillet', 'medium', 'high', 'heat', 'turns', 'pan', 'evoo', 'season', 'steaks', 'salt', 'pepper', 'sear', 'pan', 'working', 'batches', 'need', 'steaks', 'nice', 'crust', 'outside', 'per', 'side', 'remove', 'cooked', 'steaks', 'skillet', 'reserve', 'warm', 'plate', 'return', 'skillet', 'medium', 'high', 'heat', 'add', 'pancetta', 'bacon', 'using', 'cook', 'golden', 'brown', 'crispy', 'add', 'onion', 'garlic', 'pan', 'cook', 'tender', 'add', 'balsamic', 'vinegar', 'brown', 'sugar', 'worcestershire', 'tomato', 'sauce', 'pan', 'season', 'salt', 'pepper', 'bring', 'bubble', 'reduce', 'heat', 'medium', 'simmer', 'sauce', 'lightly', 'thickened', 'serve', 'steaks', 'hearty', 'pour', 'italian', 'bbq', 'sauce', 'fresh', 'green', 'salad', 'alongside']",Italian
5976,"['cook', 'pasta', 'according', 'to', 'directions', 'meanwhile', 'in', 'large', 'pot', 'heat', 'cream', 'and', 'add', 'garlic', 'onions', 'and', 'mushrooms', 'cook', 'for', 'three', 'minutes', 'while', 'constantly', 'stirring', 'mix', 'in', 'butter', 'capicolla', 'ham', 'and', 'basil', 'continue', 'to', 'stir', 'until', 'butter', 'melts', 'mix', 'in', 'hot', 'pasta', 'and', 'season', 'with', 'salt', 'and', 'pepper', 'add', 'pea', 'pods', 'to', 'pasta', 'and', 'sauce', 'mix', 'well', 'to', 'finish', 'pour', 'in', 'parmesan', 'cheese', 'and', 'mix', 'well', 'when', 'sauce', 'has', 'reached', 'a', 'medium-thin', 'consistency', 'service', 'immediately']","['cook', 'pasta', 'according', 'directions', 'meanwhile', 'large', 'pot', 'heat', 'cream', 'add', 'garlic', 'onions', 'mushrooms', 'cook', 'three', 'constantly', 'stirring', 'mix', 'butter', 'capicolla', 'ham', 'basil', 'continue', 'stir', 'butter', 'melts', 'mix', 'hot', 'pasta', 'season', 'salt', 'pepper', 'add', 'pea', 'pods', 'pasta', 'sauce', 'mix', 'well', 'finish', 'pour', 'parmesan', 'cheese', 'mix', 'well', 'sauce', 'reached', 'medium', 'thin', 'consistency', 'service', 'immediately']",Italian
4936,"['cook', 'pancetta', 'in', 'heavy', 'large', 'skillet', 'over', 'medium', 'heat', 'for', 'about', '6', 'minutes', 'transfer', 'to', 'plate', 'with', 'slotted', 'spoon', 'and', 'discard', 'fat', 'from', 'skillet', 'add', 'half', 'and', 'half', 'and', 'chicken', 'broth', 'to', 'same', 'skillet', 'and', 'bring', 'to', 'boil', 'over', 'medium', 'heat', 'gradually', 'add', 'parmesan', 'and', 'stir', 'until', 'cheese', 'melts', 'add', 'pepper', 'and', 'pancetta', 'reduce', 'heat', 'to', 'low', 'and', 'gradually', 'add', 'brie', 'stirring', 'until', 'cheese', 'melts', 'in', 'a', 'seperate', 'pot', 'boil', 'fettuccine', 'in', 'salted', 'water', 'drain', 'fettuccine', 'and', 'add', 'it', 'to', 'sauce', 'in', 'skillet', 'toss', 'until', 'coated', 'with', 'sauce']","['cook', 'pancetta', 'heavy', 'large', 'skillet', 'medium', 'heat', 'transfer', 'plate', 'slotted', 'spoon', 'discard', 'fat', 'skillet', 'add', 'half', 'half', 'chicken', 'broth', 'skillet', 'bring', 'boil', 'medium', 'heat', 'gradually', 'add', 'parmesan', 'stir', 'cheese', 'melts', 'add', 'pepper', 'pancetta', 'reduce', 'heat', 'low', 'gradually', 'add', 'brie', 'stirring', 'cheese', 'melts', 'seperate', 'pot', 'boil', 'fettuccine', 'salted', 'water', 'drain', 'fettuccine', 'add', 'sauce', 'skillet', 'toss', 'coated', 'sauce']",Italian
11662,"['blend', 'all', 'in', 'a', 'magic', 'bullet', 'or', 'blender', 'can', 'substitute', 'lemon', 'juice', 'for', 'key', 'lime', 'juice', 'can', 'add', 'dry', 'sherry', 'or', 'sake', 'or', 'mirin', 'can', 'leave', 'out', 'rice', 'vinegar', 'this', 'is', 'delicious', 'over', 'chicken', 'or', 'noodles', 'or', 'rice', 'or', 'anything']","['blend', 'magic', 'bullet', 'blender', 'substitute', 'lemon', 'juice', 'key', 'lime', 'juice', 'add', 'dry', 'sherry', 'sake', 'mirin', 'leave', 'rice', 'vinegar', 'delicious', 'chicken', 'noodles', 'rice', 'anything']",Indian
7964,"['prepare', 'a', 'small', 'pot', 'of', 'water', 'and', 'place', 'on', 'open', 'stove', 'cut', 'up', 'the', 'mangoes', 'into', 'pieces', 'and', 'discard', 'the', 'seeds', 'once', 'water', 'is', 'boiling', 'place', 'the', 'mango', 'pieces', 'into', 'the', 'pot', 'and', 'boil', 'for', '20', 'minutes', 'or', 'so', 'this', 'will', 'soften', 'the', 'fruit', 'a', 'tad', 'and', 'remove', 'some', 'of', 'the', 'acidity', 'as', 'well', 'remove', 'the', 'mangoes', 'from', 'the', 'water', 'and', 'keep', 'them', 'to', 'the', 'side', 'in', 'a', 'small', 'bowl', 'put', 'the', 'biriyani', 'seasoning', 'and', 'curry', 'and', 'just', 'a', 'enough', 'water', 'to', 'make', 'a', 'paste', 'equivalent', 'to', 'the', 'consistency', 'of', 'toothpaste', 'place', 'to', 'the', 'side', 'on', 'medium', 'fire', 'heat', 'up', 'the', 'oil', 'in', 'a', 'saucepan', 'add', 'the', 'onion', 'and', 'garlic', 'sauté', 'just', 'till', 'soft', 'add', 'the', 'seasoning', 'paste', 'and', 'sauté', 'for', 'around', '2', 'minutes', 'add', 'the', 'pieces', 'of', 'mangoes', 'and', 'mix', 'well', 'to', 'be', 'sure', 'that', 'they', 'are', 'well', 'covered', 'by', 'seasoning', 'and', 'oil', 'for', 'extra', 'spice', 'you', 'can', 'add', 'a', 'little', 'hot', 'pepper', 'sauce', 'you', 'may', 'also', 'want', 'to', 'add', 'a', 'little', 'sugar', 'to', 'sweeten', 'it', 'a', 'tad', 'add', 'a', 'little', 'water', 'perhaps', 'a', '1/4', 'cup', 'but', 'not', 'too', 'much', 'because', 'as', 'it', 'cooks', 'the', 'mango', 'will', 'release', 'water', 'of', 'its', 'own', 'cover', 'and', 'cook', 'for', 'approximately', '10', 'minutes', 'serve', 'as', 'a', 'side', 'to', 'any', 'indian', 'dish', 'or', 'eat', 'with', 'pita', 'bread', 'or', 'crackers', 'as', 'a', 'snack', 'can', 'be', 'eaten', 'hot', 'or', 'cold']","['prepare', 'small', 'pot', 'water', 'place', 'open', 'stove', 'cut', 'mangoes', 'pieces', 'discard', 'seeds', 'water', 'boiling', 'place', 'mango', 'pieces', 'pot', 'boil', 'soften', 'fruit', 'tad', 'remove', 'acidity', 'well', 'remove', 'mangoes', 'water', 'keep', 'side', 'small', 'bowl', 'put', 'biriyani', 'seasoning', 'curry', 'enough', 'water', 'make', 'paste', 'equivalent', 'consistency', 'toothpaste', 'place', 'side', 'medium', 'fire', 'heat', 'oil', 'saucepan', 'add', 'onion', 'garlic', 'sauté', 'till', 'soft', 'add', 'seasoning', 'paste', 'sauté', 'around', 'add', 'pieces', 'mangoes', 'mix', 'well', 'sure', 'well', 'covered', 'seasoning', 'oil', 'extra', 'spice', 'add', 'little', 'hot', 'pepper', 'sauce', 'may', 'also', 'want', 'add', 'little', 'sugar', 'sweeten', 'tad', 'add', 'little', 'water', 'perhaps', 'much', 'cooks', 'mango', 'release', 'water', 'cover', 'cook', 'approximately', 'serve', 'side', 'indian', 'dish', 'eat', 'pita', 'bread', 'crackers', 'snack', 'eaten', 'hot', 'cold']",Indian
12277,"['microwave', 'oil', 'and', 'ghee', 'mixture', 'on', 'high', 'for', '1', 'minute', 'uncovered', 'add', 'bay', 'leaf', 'cumin', 'seeds', 'and', 'onion', 'mix', 'and', 'microwaveon', 'high', 'for', '5', 'minutes', 'uncovered', 'add', 'the', 'ground', 'paste', 'turmeric', 'powder', 'and', 'tomato', 'mix', 'and', 'microwave', 'on', 'high', 'for', '2', 'minutes', 'uncovered', 'add', 'rice', 'mix', 'and', 'microwave', 'on', 'high', 'for', '2', 'minutes', 'uncovered', 'stir', 'in', 'the', 'low-fat', 'yogurt', 'milk', 'salt', 'and', 'hot', 'water', 'microwave', 'on', 'high', 'for', '6', 'minutes', 'uncovered', 'fluff', 'up', 'the', 'rice', 'add', 'sweet', 'corn', 'lemon', 'juice', 'and', 'sugar', 'mix', 'and', 'microwave', 'on', 'high', 'for', '6', 'minutes', 'uncovered', 'microwave', 'further', 'on', 'high', 'for', '3', 'minutes', 'covered', 'allow', 'standing', 'time', 'of', '2', 'minutes', 'serve', 'garnished', 'with', 'cashews', 'raisins', 'and', 'mint', 'leaves', 'serve', 'hot', 'with', 'onion-tomato', 'raita', 'notes', 'a', 'small', 'tip-', 'microwave', 'any', 'rice', 'preparation', 'for', 'a', 'minimum', 'of', '2', 'minutes', 'covered', 'for', 'a', 'finishing', 'touch']","['microwave', 'oil', 'ghee', 'mixture', 'high', 'uncovered', 'add', 'bay', 'leaf', 'cumin', 'seeds', 'onion', 'mix', 'microwaveon', 'high', 'uncovered', 'add', 'ground', 'paste', 'turmeric', 'powder', 'tomato', 'mix', 'microwave', 'high', 'uncovered', 'add', 'rice', 'mix', 'microwave', 'high', 'uncovered', 'stir', 'low', 'fat', 'yogurt', 'milk', 'salt', 'hot', 'water', 'microwave', 'high', 'uncovered', 'fluff', 'rice', 'add', 'sweet', 'corn', 'lemon', 'juice', 'sugar', 'mix', 'microwave', 'high', 'uncovered', 'microwave', 'high', 'covered', 'allow', 'standing', 'time', 'serve', 'garnished', 'cashews', 'raisins', 'mint', 'leaves', 'serve', 'hot', 'onion', 'tomato', 'raita', 'notes', 'small', 'tip', 'microwave', 'rice', 'preparation', 'minimum', 'covered', 'finishing', 'touch']",Indian
4599,"['preheat', 'the', 'oven', 'to', '375', 'degrees', 'f.', 'place', 'the', 'slices', 'of', 'ciabatta', 'on', 'a', 'parchment', 'lined', 'baking', 'sheet', 'bake', 'until', 'crisp', 'and', 'golden', 'around', 'the', 'edges', 'about', '8', 'minutes', 'remove', 'the', 'bread', 'from', 'the', 'oven', 'place', 'the', 'prosciutto', 'slices', 'and', 'mozzarella', 'on', 'the', 'crostini', 'toast', 'and', 'return', 'to', 'the', 'oven', 'to', 'melt', 'the', 'cheese', 'about', '8', 'more', 'minutes', 'remove', 'the', 'baking', 'sheet', 'from', 'the', 'oven', 'transfer', 'the', 'crostini', 'to', 'a', 'serving', 'plate', 'sprinkle', 'fresh', 'basil', 'over', 'and', 'serve', 'immediatley']","['preheat', 'oven', 'f.', 'place', 'slices', 'ciabatta', 'parchment', 'lined', 'baking', 'sheet', 'bake', 'crisp', 'golden', 'around', 'edges', 'remove', 'bread', 'oven', 'place', 'prosciutto', 'slices', 'mozzarella', 'crostini', 'toast', 'return', 'oven', 'melt', 'cheese', 'remove', 'baking', 'sheet', 'oven', 'transfer', 'crostini', 'serving', 'plate', 'sprinkle', 'fresh', 'basil', 'serve', 'immediatley']",Italian
449,"['bring', 'a', 'large', 'pot', 'of', 'water', 'to', 'boil', 'add', 'ziti', 'pasta', 'and', 'cook', 'until', 'al', 'dente', 'about', '8', 'minute', 'drain', 'brown', 'onion', 'hamburger', 'and', 'garlic', 'over', 'medium', 'heat', 'add', 'spaghetti', 'sauce', 'and', 'simmer', '15', 'minutes', 'preheat', 'oven', 'to', '350°f', 'butter', 'a', '9', 'x', '13', 'baking', 'dish', 'layer', 'as', 'follows', 'small', 'amt', 'of', 'sauce', 'on', 'bottom', 'of', 'pan', '1/2', 'the', 'ziti', 'provolone', 'cheese', 'sour', 'cream', '1/2', 'sauce', 'mixture', 'remaining', 'ziti', 'mozzarella', 'cheese', 'and', 'remaining', 'sauce', 'mixture', 'top', 'with', 'grated', 'parmesan', 'cheese', 'bake', 'for', '30', 'minutes', 'or', 'until', 'cheeses', 'are', 'melted']","['bring', 'large', 'pot', 'water', 'boil', 'add', 'ziti', 'pasta', 'cook', 'al', 'dente', 'drain', 'brown', 'onion', 'hamburger', 'garlic', 'medium', 'heat', 'add', 'spaghetti', 'sauce', 'simmer', 'preheat', 'oven', '350°f', 'butter', 'x', 'baking', 'dish', 'layer', 'follows', 'small', 'amt', 'sauce', 'bottom', 'pan', 'ziti', 'provolone', 'cheese', 'sour', 'cream', 'sauce', 'mixture', 'remaining', 'ziti', 'mozzarella', 'cheese', 'remaining', 'sauce', 'mixture', 'top', 'grated', 'parmesan', 'cheese', 'bake', 'cheeses', 'melted']",Italian
13057,"['grind', 'the', 'mustard', 'seeds', 'corsley', 'in', 'a', 'clean', 'coffee', 'grinder', 'or', 'spice', 'grinder', 'in', 'a', 'shallow', 'bowl', 'large', 'enough', 'to', 'hold', 'the', 'fish', 'combine', 'mustard', 'seeds', 'chilli', 'cumin', 'turmeric', 'salt', 'pepper', 'cayenne', 'tomatoes', 'and', 'mustard', 'oil', 'mix', 'well', 'add', 'the', 'water', 'and', 'the', 'fish', 'and', 'mix', 'gently', 'cover', 'with', 'a', 'plate', 'or', 'aluminium', 'foil', 'and', 'set', 'aside', 'for', '10', 'minutes', 'place', 'the', 'covered', 'bowl', 'in', 'the', 'steaming', 'utensil', 'cover', 'the', 'utensil', 'and', 'steam', 'genty', 'for', '10', 'minutes', 'remove', 'the', 'bowl', 'toss', 'its', 'contents', 'gently', 'to', 'mix', 'then', 'cover', 'bowl', 'and', 'put', 'back', 'in', 'the', 'utensil', 'cover', 'the', 'utensil', 'and', 'steam', 'for', '10-15', 'minutes', 'or', 'until', 'fish', 'pieces', 'are', 'opaque']","['grind', 'mustard', 'seeds', 'corsley', 'clean', 'coffee', 'grinder', 'spice', 'grinder', 'shallow', 'bowl', 'large', 'enough', 'hold', 'fish', 'combine', 'mustard', 'seeds', 'chilli', 'cumin', 'turmeric', 'salt', 'pepper', 'cayenne', 'tomatoes', 'mustard', 'oil', 'mix', 'well', 'add', 'water', 'fish', 'mix', 'gently', 'cover', 'plate', 'aluminium', 'foil', 'set', 'aside', 'place', 'covered', 'bowl', 'steaming', 'utensil', 'cover', 'utensil', 'steam', 'genty', 'remove', 'bowl', 'toss', 'contents', 'gently', 'mix', 'cover', 'bowl', 'put', 'back', 'utensil', 'cover', 'utensil', 'steam', 'fish', 'pieces', 'opaque']",Indian
7649,"['deshell', 'devein', 'wash', 'and', 'drain', 'prawns', 'thoroughly', 'add', 'half', 'the', 'chilli', 'powder', 'and', '1/2', 'tsp', 'of', 'salt', 'to', 'the', 'prawns', 'mix', 'well', 'and', 'set', 'aside', 'for', '15', 'minutes', 'in', 'a', 'wok', 'or', 'any', 'round', 'based', 'utensil', 'on', 'medium', 'flame', 'add', 'oil', 'and', 'heat', 'a', 'little', 'add', 'mustard', 'seeds', 'and', 'let', 'it', 'spatter', 'add', 'onions', 'ginger', 'and', 'garlic', 'paste', 'turmeric', 'powder', 'and', 'fry', 'till', 'onions', 'are', 'golden', 'brown', 'add', 'the', 'marinated', 'prawns', 'and', 'stir', 'add', 'the', 'remaining', 'chilli', 'powder', 'and', 'salt', 'stir', 'and', 'place', 'the', 'lid', 'on', 'utensil', 'reduce', 'flame', 'to', 'the', 'minimum', 'and', 'let', 'it', 'cook', 'approximately', '15', 'minutes', 'open', 'lid', 'and', 'stir', 'the', 'prawns', 'add', 'the', 'water', 'and', 'coriander', 'leaves', 'and', 'stir', 'again', 'check', 'salt', 'content', 'let', 'it', 'simmer', 'for', 'another', '10', 'minutes', 'open', 'lid', 'and', 'check', 'if', 'prawns', 'is', 'cooked', 'thoroughly', 'if', 'yes', 'then', 'increase', 'flame', 'to', 'medium', 'and', 'stir', 'till', 'all', 'the', 'water', 'is', 'gone', 'serve', 'with', 'rice', 'or', 'chappati']","['deshell', 'devein', 'wash', 'drain', 'prawns', 'thoroughly', 'add', 'half', 'chilli', 'powder', 'salt', 'prawns', 'mix', 'well', 'set', 'aside', 'wok', 'round', 'based', 'utensil', 'medium', 'flame', 'add', 'oil', 'heat', 'little', 'add', 'mustard', 'seeds', 'let', 'spatter', 'add', 'onions', 'ginger', 'garlic', 'paste', 'turmeric', 'powder', 'fry', 'till', 'onions', 'golden', 'brown', 'add', 'marinated', 'prawns', 'stir', 'add', 'remaining', 'chilli', 'powder', 'salt', 'stir', 'place', 'lid', 'utensil', 'reduce', 'flame', 'minimum', 'let', 'cook', 'approximately', 'open', 'lid', 'stir', 'prawns', 'add', 'water', 'coriander', 'leaves', 'stir', 'check', 'salt', 'content', 'let', 'simmer', 'another', 'open', 'lid', 'check', 'prawns', 'cooked', 'thoroughly', 'yes', 'increase', 'flame', 'medium', 'stir', 'till', 'water', 'gone', 'serve', 'rice', 'chappati']",Indian
495,"['grease', 'a', '13', 'x', '9-inch', 'baking', 'dish', 'cook', 'the', 'manicotti', 'shells', 'until', 'firm-tender', 'careful', 'not', 'to', 'overcook', 'leave', 'fairly', 'firm', 'drain', 'in', 'a', 'large', 'bowl', 'combine', 'the', 'ricotta', 'or', 'cottage', 'cheese', 'if', 'using', 'broccoli', '1', 'cup', 'of', 'mozza', 'cheese', '1/4', 'cup', 'parmesan', 'cheese', 'egg', 'parsley', 'onion', 'powder', 'salt', 'pepper', 'and', 'garlic', 'powder', 'mix', 'well', 'to', 'combine', 'and', 'set', 'aside', 'in', 'a', 'skillet', 'cook', 'the', 'crumbled', 'sausage', 'meat', 'over', 'medium', 'heat', 'until', 'no', 'longer', 'pink', 'drain', 'fat', 'add', 'in', 'the', 'pasta', 'sauce', 'and', 'minced', 'garlic', 'if', 'using', 'cook', 'over', 'medium', 'heat', 'for', 'about', '5-8', 'minutes', 'spread', 'about', '1-1/2', 'cups', 'of', 'the', 'pasta/sausage', 'mixture', 'in', 'the', 'bottom', 'of', 'prepared', 'baking', 'dish', 'stuff', 'the', 'manicotti', 'shells', 'with', 'the', 'broccoli', 'mixture', 'careful', 'not', 'to', 'overstuff', 'as', 'the', 'shells', 'will', 'tear', 'arrange', 'the', 'stuffed', 'shells', 'over', 'the', 'sauce', 'top', 'with', 'remaining', 'sauce', 'then', 'sprinkle', 'with', 'remaining', 'parmesan', 'cheese', 'then', 'top', 'with', 'remaining', 'mozza', 'cheese', 'set', 'oven', 'to', '350', 'degrees', 'bake', 'the', 'shells', 'for', 'about', '40-50', 'minutes', 'or', 'until', 'heated', 'through', 'delicious']","['grease', 'x', '9', 'inch', 'baking', 'dish', 'cook', 'manicotti', 'shells', 'firm', 'tender', 'careful', 'overcook', 'leave', 'fairly', 'firm', 'drain', 'large', 'bowl', 'combine', 'ricotta', 'cottage', 'cheese', 'using', 'broccoli', 'mozza', 'cheese', 'parmesan', 'cheese', 'egg', 'parsley', 'onion', 'powder', 'salt', 'pepper', 'garlic', 'powder', 'mix', 'well', 'combine', 'set', 'aside', 'skillet', 'cook', 'crumbled', 'sausage', 'meat', 'medium', 'heat', 'longer', 'pink', 'drain', 'fat', 'add', 'pasta', 'sauce', 'minced', 'garlic', 'using', 'cook', 'medium', 'heat', 'spread', 'pasta/sausage', 'mixture', 'bottom', 'prepared', 'baking', 'dish', 'stuff', 'manicotti', 'shells', 'broccoli', 'mixture', 'careful', 'overstuff', 'shells', 'tear', 'arrange', 'stuffed', 'shells', 'sauce', 'top', 'remaining', 'sauce', 'sprinkle', 'remaining', 'parmesan', 'cheese', 'top', 'remaining', 'mozza', 'cheese', 'set', 'oven', 'bake', 'shells', 'heated', 'delicious']",Italian
1507,"['combine', 'the', 'flour', 'salt', 'and', 'yeast', 'in', 'a', 'large', 'mixing', 'bowl', 'make', 'a', 'well', 'in', 'the', 'centre', 'and', 'pour', 'in', '50ml', 'of', 'the', 'olive', 'oil', 'along', 'with', 'the', 'water', 'mix', 'together', 'until', 'it', 'comes', 'together', 'in', 'a', 'smooth', 'dough', 'knead', 'in', 'the', 'crisp', 'bacon', 'lardons', 'turn', 'the', 'dough', 'out', 'onto', 'a', 'lightly', 'floured', 'surface', 'and', 'knead', 'well', 'for', '5', 'minutes', 'at', 'this', 'stage', 'the', 'dough', 'should', 'be', 'quite', 'sticky', 'return', 'the', 'dough', 'to', 'the', 'bowl', 'cover', 'loosley', 'with', 'plastic', 'wrap', 'and', 'leave', 'at', 'room', 'temperature', 'for', '2', 'hours', 'until', 'doubled', 'in', 'size', 'lightly', 'grease', 'a', 'baking', 'tray', 'and', 'pat', 'the', 'dough', 'out', 'to', 'an', 'even', 'thickness', 'of', '2.5cm', 'brush', 'the', 'top', 'with', 'olive', 'oil', 'and', 'make', 'indentations', 'in', 'the', 'top', 'with', 'your', 'fingers', 'leave', 'to', 'rise', 'for', 'a', 'further', 'hour', 'preheat', 'the', 'oven', 'to', '230c/gas', '9.', 'brush', 'the', 'top', 'of', 'the', 'dough', 'once', 'again', 'with', 'olive', 'oil', 'and', 'spread', 'with', 'the', 'mixed', 'peppers', 'bake', 'for', '10', 'minutes', 'before', 'covering', 'with', 'the', 'goat', 'cheese', 'return', 'to', 'the', 'oven', 'for', 'a', 'further', '15', 'minutes', 'and', 'bake', 'until', 'golden', 'transfer', 'to', 'a', 'wire', 'rack', 'to', 'cool', 'slightly', 'before', 'serving']","['combine', 'flour', 'salt', 'yeast', 'large', 'mixing', 'bowl', 'make', 'well', 'centre', 'pour', '50ml', 'olive', 'oil', 'along', 'water', 'mix', 'together', 'comes', 'together', 'smooth', 'dough', 'knead', 'crisp', 'bacon', 'lardons', 'turn', 'dough', 'onto', 'lightly', 'floured', 'surface', 'knead', 'well', 'stage', 'dough', 'quite', 'sticky', 'return', 'dough', 'bowl', 'cover', 'loosley', 'plastic', 'wrap', 'leave', 'room', 'temperature', 'doubled', 'size', 'lightly', 'grease', 'baking', 'tray', 'pat', 'dough', 'even', 'thickness', '2.5cm', 'brush', 'top', 'olive', 'oil', 'make', 'indentations', 'top', 'fingers', 'leave', 'rise', 'preheat', 'oven', '230c/gas', 'brush', 'top', 'dough', 'olive', 'oil', 'spread', 'mixed', 'peppers', 'bake', 'covering', 'goat', 'cheese', 'return', 'oven', 'bake', 'golden', 'transfer', 'wire', 'rack', 'cool', 'slightly', 'serving']",Italian
9400,"['mix', 'all', 'ingredients', 'mixture', 'will', 'be', 'thick', 'separate', 'into', 'two', '5x9', 'inch', 'loaf', 'pans', 'and', 'cook', 'at', '350', 'degrees', 'for', 'one', 'hour', 'or', 'until', 'done', 'serve', 'warm']","['mix', 'ingredients', 'mixture', 'thick', 'separate', 'two', '5x9', 'loaf', 'pans', 'cook', 'one', 'done', 'serve', 'warm']",Indian
6025,"['heat', 'olive', 'oil', 'over', 'medium-high', 'heat', 'in', 'a', 'nonstick', 'pan', 'season', 'both', 'sides', 'of', 'chicken', 'breasts', 'with', 'salt', 'and', 'pepper', 'add', 'chicken', 'to', 'pan', 'and', 'brown', 'about', '2', 'minutes', 'per', 'side', 'cut', '1/2', 'of', 'the', 'tomatoes', 'in', 'half', 'and', 'add', 'all', 'tomatoes', 'to', 'the', 'pan', 'cover', 'pan', 'turn', 'to', 'medium', 'and', 'cook', 'for', 'approximately', '3', 'minutes', 'per', 'side', 'remove', 'lid', 'and', 'add', 'basil', 'cook', 'until', 'chicken', 'has', 'reached', 'an', 'internal', 'temperature', 'of', '180°f', 'slide', 'chicken', 'and', 'tomato', 'mixture', 'into', 'an', 'oven', 'proof', 'dish', 'add', '1', 'slice', 'of', 'mozzarella', 'to', 'the', 'top', 'of', 'each', 'breast', 'place', 'under', 'broiler', 'and', 'heat', 'until', 'cheese', 'has', 'just', 'started', 'to', 'melt', 'the', 'time', 'really', 'depends', 'on', 'the', 'heat', 'of', 'your', 'broiler', 'remove', 'chicken', 'from', 'oven', 'and', 'drizzle', 'with', 'balsamic', 'vinegar']","['heat', 'olive', 'oil', 'medium', 'high', 'heat', 'nonstick', 'pan', 'season', 'sides', 'chicken', 'breasts', 'salt', 'pepper', 'add', 'chicken', 'pan', 'brown', 'per', 'side', 'cut', 'tomatoes', 'half', 'add', 'tomatoes', 'pan', 'cover', 'pan', 'turn', 'medium', 'cook', 'approximately', 'per', 'side', 'remove', 'lid', 'add', 'basil', 'cook', 'chicken', 'reached', 'internal', 'temperature', '180°f', 'slide', 'chicken', 'tomato', 'mixture', 'oven', 'proof', 'dish', 'add', 'slice', 'mozzarella', 'top', 'breast', 'place', 'broiler', 'heat', 'cheese', 'started', 'melt', 'time', 'really', 'depends', 'heat', 'broiler', 'remove', 'chicken', 'oven', 'drizzle', 'balsamic', 'vinegar']",Italian
2834,"['heat', 'the', 'oven', 'to', '375', 'degrees', 'f.', 'brown', 'the', 'turkey', 'meat', 'drain', 'and', 'rinse', 'and', 'season', 'with', 'desired', 'seasonings', 'i', 'find', 'italian', 'seasonings', 'and', 'garlic', 'work', 'best', 'simmer', 'the', 'spaghetti', 'sauce', 'on', 'low', 'heat', 'covered', 'stir', 'in', 'chopped', 'onions', 'scallions', 'and', 'bell', 'pepper', 'as', 'well', 'as', 'seasonings', 'basil', 'salt', 'pepper', 'stir', 'in', 'the', 'cooked', 'and', 'rinsed', 'turkey', 'meat', 'and', 'allow', 'to', 'simmer', 'until', 'bubbling', 'prepare', 'a', 'lasagna', 'pan', '14', 'by', '9', 'i', 'believe', 'by', 'placing', 'one', 'layer', 'of', '5', 'lasagna', 'noodles', 'a', 'layer', 'of', 'sauce', 'a', 'layer', 'of', 'cottage', 'cheese', 'and', 'then', 'a', 'layer', 'of', 'cheddar', 'cheese', 'repeat', 'for', 'a', 'second', 'layer', 'bake', 'in', 'the', 'oven', 'for', 'one', 'hour', 'removing', 'during', 'the', 'last', 'ten', 'minutes', 'to', 'sprinkle', 'more', 'cheddar', 'cheese', 'on', 'top', 'serve', 'with', 'garlic', 'bread', 'and', 'salad', 'and', 'enjoy']","['heat', 'oven', 'f.', 'brown', 'turkey', 'meat', 'drain', 'rinse', 'season', 'desired', 'seasonings', 'find', 'italian', 'seasonings', 'garlic', 'work', 'best', 'simmer', 'spaghetti', 'sauce', 'low', 'heat', 'covered', 'stir', 'chopped', 'onions', 'scallions', 'bell', 'pepper', 'well', 'seasonings', 'basil', 'salt', 'pepper', 'stir', 'cooked', 'rinsed', 'turkey', 'meat', 'allow', 'simmer', 'bubbling', 'prepare', 'lasagna', 'pan', 'believe', 'placing', 'one', 'layer', 'lasagna', 'noodles', 'layer', 'sauce', 'layer', 'cottage', 'cheese', 'layer', 'cheddar', 'cheese', 'repeat', 'second', 'layer', 'bake', 'oven', 'one', 'removing', 'last', 'ten', 'sprinkle', 'cheddar', 'cheese', 'top', 'serve', 'garlic', 'bread', 'salad', 'enjoy']",Italian
11462,"['place', 'the', 'jasmine', 'tea', 'in', 'a', 'tea', 'pot', 'pour', 'the', 'boiling', 'water', 'over', 'it', 'cover', 'the', 'tea', 'pot', 'with', 'its', 'lid', 'allow', 'it', 'to', 'brew', 'for', '5', 'minutes', 'pour', 'into', 'cups', 'and', 'serve', 'hot', 'serve', 'sugar', 'separately', 'enjoy', 'and', 'say', 'cheers']","['place', 'jasmine', 'tea', 'tea', 'pot', 'pour', 'boiling', 'water', 'cover', 'tea', 'pot', 'lid', 'allow', 'brew', 'pour', 'serve', 'hot', 'serve', 'sugar', 'separately', 'enjoy', 'say', 'cheers']",Indian
89,"['after', 'mincing', 'the', 'vegetables', 'combine', 'all', 'ingredients', 'mix', 'well', 'and', 'cover', 'store', 'in', 'the', 'refrigerator', 'at', 'least', '24-', '48', 'hours', 'before', 'serving', 'stir', 'a', 'few', 'times', 'during', 'this', 'period', 'store', 'in', 'the', 'refrigerator', 'up', 'to', 'a', 'week']","['mincing', 'vegetables', 'combine', 'ingredients', 'mix', 'well', 'cover', 'store', 'refrigerator', 'least', 'serving', 'stir', 'times', 'period', 'store', 'refrigerator', 'week']",Italian
12509,"['mix', 'all', 'the', 'dals', 'together', 'and', 'soak', 'for', 'at', 'least', '3-4', 'hours', 'peel', 'the', 'onion', 'and', 'chop', 'the', 'chillies', 'heat', 'the', 'oil', 'and', 'fry', 'the', 'onion', 'and', 'chillies', 'till', 'light', 'brown', 'add', 'the', 'dals', 'turmeric', 'powder', 'asafetida', 'cumin', 'seeds', 'and', 'salt', 'to', 'taste', 'continue', 'to', 'stir', 'and', 'cook', 'over', 'a', 'medium', 'flame', 'for', '5', 'minutes', 'add', '6', 'cups', 'of', 'water', 'and', 'cook', 'in', 'a', 'pressure', 'cooker', 'till', 'the', 'dals', 'are', 'cooked', 'and', 'soft', 'the', 'consistency', 'of', 'the', 'prepared', 'dal', 'will', 'not', 'be', 'too', 'thick', 'but', 'neither', 'too', 'thin', 'serve', 'hot', 'garnished', 'with', 'chopped', 'coriander']","['mix', 'dals', 'together', 'soak', 'least', 'peel', 'onion', 'chop', 'chillies', 'heat', 'oil', 'fry', 'onion', 'chillies', 'till', 'light', 'brown', 'add', 'dals', 'turmeric', 'powder', 'asafetida', 'cumin', 'seeds', 'salt', 'taste', 'continue', 'stir', 'cook', 'medium', 'flame', 'add', 'water', 'cook', 'pressure', 'cooker', 'till', 'dals', 'cooked', 'soft', 'consistency', 'prepared', 'dal', 'thick', 'neither', 'thin', 'serve', 'hot', 'garnished', 'chopped', 'coriander']",Indian
1434,"['press', 'a', '24-inch', 'long', 'piece', 'of', 'nonstick', 'aluminum', 'foil', 'into', 'an', 'oval', 'slow', 'cooker', 'bowl', 'with', 'nonstick', 'side', 'facing', 'up', 'so', 'that', 'it', 'is', 'flush', 'with', 'bowl', 'and', 'ends', 'hang', 'out', 'over', 'sides', 'in', 'a', 'large', 'bowl', 'gently', 'stir', 'together', 'turkey', 'onion', 'green', 'pepper', 'egg', 'garlic', '1/2', 'cup', 'tomato', 'sauce', 'bread', 'crumbs', '1/3', 'cup', 'cheese', '1', 'teaspoon', 'italian', 'seasoning', 'garlic', 'salt', 'and', 'black', 'pepper', 'place', 'meatloaf', 'mixture', 'in', 'slow', 'cooker', 'and', 'form', 'into', 'a', '9', 'x', '5-inch', 'log', 'cover', 'and', 'cook', 'on', 'high', '2-1/2', 'hours', 'or', 'on', 'low', '4-1/2', 'hours', 'or', 'until', 'internal', 'temperature', 'registers', '160°', 'on', 'an', 'instant', 'read', 'thermometer', 'about', '30', 'minutes', 'before', 'cooking', 'is', 'complete', 'place', 'remaining', '1/4', 'cup', 'tomato', 'sauce', 'in', 'a', 'small', 'bowl', 'and', 'stir', 'in', 'remaining', '2', 'tablespoons', 'parmean', 'cheese', 'and', '1', 'teaspoon', 'italian', 'seasoning', 'pour', 'tomato', 'sauce', 'mixture', 'over', 'meatloaf', 'cover', 'and', 'continue', 'to', 'cook', 'another', '30', 'minutes', 'carefully', 'lift', 'meatloaf', 'out', 'of', 'slow', 'cooker', 'using', 'foil', 'cradle', 'and', 'place', 'on', 'a', 'cutting', 'board', 'using', 'two', 'long', 'offset', 'spatulas', 'carefully', 'lift', 'meatloaf', 'off', 'of', 'foil', 'and', 'place', 'on', 'serving', 'dish', 'discard', 'foil', 'and', 'any', 'liquid', 'and', 'serve', 'immediately']","['press', '24', 'inch', 'long', 'piece', 'nonstick', 'aluminum', 'foil', 'oval', 'slow', 'cooker', 'bowl', 'nonstick', 'side', 'facing', 'flush', 'bowl', 'ends', 'hang', 'sides', 'large', 'bowl', 'gently', 'stir', 'together', 'turkey', 'onion', 'green', 'pepper', 'egg', 'garlic', 'tomato', 'sauce', 'bread', 'crumbs', 'cheese', 'italian', 'seasoning', 'garlic', 'salt', 'black', 'pepper', 'place', 'meatloaf', 'mixture', 'slow', 'cooker', 'form', 'x', '5', 'inch', 'log', 'cover', 'cook', 'high', 'low', 'internal', 'temperature', 'registers', '160°', 'instant', 'read', 'thermometer', 'cooking', 'complete', 'place', 'remaining', 'tomato', 'sauce', 'small', 'bowl', 'stir', 'remaining', 'parmean', 'cheese', 'italian', 'seasoning', 'pour', 'tomato', 'sauce', 'mixture', 'meatloaf', 'cover', 'continue', 'cook', 'another', 'carefully', 'lift', 'meatloaf', 'slow', 'cooker', 'using', 'foil', 'cradle', 'place', 'cutting', 'board', 'using', 'two', 'long', 'offset', 'spatulas', 'carefully', 'lift', 'meatloaf', 'foil', 'place', 'serving', 'dish', 'discard', 'foil', 'liquid', 'serve', 'immediately']",Italian
841,"['heat', 'chicken', 'broth', 'in', 'a', 'medium', 'sized', 'pot', 'over', 'low', 'heat', 'until', 'hot', 'leave', 'on', 'stove', 'top', 'on', 'lowest', 'heat', 'until', 'needed', 'clean', 'artichokes', 'by', 'slicing', '1/4', 'inch', 'off', 'the', 'top', 'and', 'bottom', 'remove', 'all', 'the', 'tough', 'outer', 'leaves', 'leaving', 'a', 'quarter', 'of', 'the', 'artichoke', 'remaining', 'cut', 'artichoke', 'in', 'half', 'lengthwise', 'and', 'remove', 'choke', 'cut', 'into', 'thin', 'slices', 'and', 'soak', 'in', 'a', 'bowl', 'of', 'water', 'with', 'lemon', 'juice', 'to', 'prevent', 'browning', 'heat', '2', 'tablespoons', 'olive', 'oil', 'in', 'a', 'large', 'skillet', 'over', 'medium', 'high', 'heat', 'add', 'garlic', 'and', 'drained', 'artichoke', 'slices', 'saute', '5-6', 'minutes', 'remove', 'from', 'pan', 'and', 'set', 'aside', 'in', 'same', 'skillet', 'add', 'pancetta', 'saute', 'pancetta', 'over', 'medium', 'high', 'heat', 'until', 'lightly', 'browned', 'remove', 'from', 'pan', 'and', 'set', 'aside', 'add', 'remaining', '2', 'tablespoons', 'olive', 'oil', 'to', 'skillet', 'add', 'onions', 'and', 'saute', 'for', '2-3', 'minutes', 'add', 'orzo', 'and', 'enough', 'hot', 'chicken', 'broth', 'to', 'cover', 'pasta', 'cook', 'continuously', 'adding', 'more', 'broth', 'as', 'needed', 'until', 'pasta', 'is', 'cooked', 'add', 'artichokes', 'a', 'few', 'minutes', 'before', 'the', 'end', 'of', 'cooking', 'when', 'pasta', 'is', 'a', 'smooth', 'consistency', 'and', 'excess', 'broth', 'is', 'evaporated', 'stir', 'in', 'cheese', 'pancetta', 'and', 'butter', 'transfer', 'to', 'a', 'serving', 'platter', 'or', 'bowl', 'and', 'serve', 'hot', 'serve', 'with', 'red', 'wine']","['heat', 'chicken', 'broth', 'medium', 'sized', 'pot', 'low', 'heat', 'hot', 'leave', 'stove', 'top', 'lowest', 'heat', 'needed', 'clean', 'artichokes', 'slicing', 'top', 'bottom', 'remove', 'tough', 'outer', 'leaves', 'leaving', 'quarter', 'artichoke', 'remaining', 'cut', 'artichoke', 'half', 'lengthwise', 'remove', 'choke', 'cut', 'thin', 'slices', 'soak', 'bowl', 'water', 'lemon', 'juice', 'prevent', 'browning', 'heat', 'olive', 'oil', 'large', 'skillet', 'medium', 'high', 'heat', 'add', 'garlic', 'drained', 'artichoke', 'slices', 'saute', 'remove', 'pan', 'set', 'aside', 'skillet', 'add', 'pancetta', 'saute', 'pancetta', 'medium', 'high', 'heat', 'lightly', 'browned', 'remove', 'pan', 'set', 'aside', 'add', 'remaining', 'olive', 'oil', 'skillet', 'add', 'onions', 'saute', 'add', 'orzo', 'enough', 'hot', 'chicken', 'broth', 'cover', 'pasta', 'cook', 'continuously', 'adding', 'broth', 'needed', 'pasta', 'cooked', 'add', 'artichokes', 'end', 'cooking', 'pasta', 'smooth', 'consistency', 'excess', 'broth', 'evaporated', 'stir', 'cheese', 'pancetta', 'butter', 'transfer', 'serving', 'platter', 'bowl', 'serve', 'hot', 'serve', 'red', 'wine']",Italian
5484,"['in', 'a', 'large', 'saucepan', 'melt', '3', 'tablespoons', 'of', 'the', 'butter', 'over', 'moderately', 'low', 'heat', 'add', 'the', 'onion', 'garlic', 'red', 'pepper', 'flakes', 'and', 'salt', 'and', 'cook', 'stirring', 'occasionally', 'until', 'the', 'onion', 'is', 'translucent', 'about', '5', 'minutes', 'add', 'the', 'tomatoes', 'and', 'bring', 'to', 'a', 'boil', 'reduce', 'the', 'heat', 'and', 'simmer', 'partially', 'covered', 'until', 'thick', 'about', '45', 'minutes', 'stir', 'occasionally', 'during', 'cooking', 'during', 'the', 'last', '10', 'minutes', 'of', 'cooking', 'put', 'a', 'large', 'pot', 'of', 'water', 'on', 'the', 'stove', 'and', 'bring', 'to', 'a', 'boil', 'getting', 'ready', 'for', 'the', 'pasta', 'mash', 'the', 'tomatoes', 'with', 'a', 'potato', 'masher', 'until', 'all', 'large', 'pieces', 'are', 'broken', 'up', 'original', 'recipe', 'says', 'to', 'run', 'through', 'a', 'food', 'mill', 'but', 'i', 'do', ""n't"", 'think', 'it', ""'s"", 'necessary', 'add', 'the', 'heavy', 'cream', 'and', 'bring', 'the', 'sauce', 'to', 'a', 'boil', 'over', 'moderate', 'heat', 'add', 'the', 'shrimp', 'and', 'basil', 'and', 'cook', 'just', 'until', 'the', 'shrimp', 'are', 'pink', 'about', '4', 'minutes', 'add', 'salt', 'to', 'the', 'pot', 'of', 'boiling', 'water', 'then', 'add', 'the', 'pasta', 'cook', 'until', 'the', 'pasta', 'is', 'just', 'done', 'about', '3', 'minutes', 'drain', 'toss', 'the', 'pasta', 'with', 'the', 'remaining', '1', 'tablespoon', 'butter', 'the', 'original', 'recipe', 'says', 'to', 'serve', 'the', 'pasta', 'topped', 'with', 'the', 'sauce', 'but', 'we', 'like', 'to', 'just', 'mix', 'it', 'all', 'together', 'in', 'the', 'pot', 'and', 'serve', 'already', 'coated', 'you', 'can', 'pass', 'freshly', 'grated', 'parmesan', 'at', 'the', 'table', 'if', 'desired']","['large', 'saucepan', 'melt', 'butter', 'moderately', 'low', 'heat', 'add', 'onion', 'garlic', 'red', 'pepper', 'flakes', 'salt', 'cook', 'stirring', 'occasionally', 'onion', 'translucent', 'add', 'tomatoes', 'bring', 'boil', 'reduce', 'heat', 'simmer', 'partially', 'covered', 'thick', 'stir', 'occasionally', 'cooking', 'last', 'cooking', 'put', 'large', 'pot', 'water', 'stove', 'bring', 'boil', 'getting', 'ready', 'pasta', 'mash', 'tomatoes', 'potato', 'masher', 'large', 'pieces', 'broken', 'original', 'recipe', 'says', 'run', 'food', 'mill', 'think', 'necessary', 'add', 'heavy', 'cream', 'bring', 'sauce', 'boil', 'moderate', 'heat', 'add', 'shrimp', 'basil', 'cook', 'shrimp', 'pink', 'add', 'salt', 'pot', 'boiling', 'water', 'add', 'pasta', 'cook', 'pasta', 'done', 'drain', 'toss', 'pasta', 'remaining', 'butter', 'original', 'recipe', 'says', 'serve', 'pasta', 'topped', 'sauce', 'like', 'mix', 'together', 'pot', 'serve', 'already', 'coated', 'pass', 'freshly', 'grated', 'parmesan', 'table', 'desired']",Italian
532,"['combine', 'all', 'ingredients', 'except', 'salt', 'pepper', 'and', 'sour', 'cream', 'in', 'slow', 'cooker', 'cover', 'and', 'cook', 'on', 'low', 'for', '6-8', 'hours', 'season', 'to', 'taste', 'with', 'salt', 'and', 'pepper', 'top', 'each', 'serving', 'with', 'a', 'dollop', 'of', 'sour', 'cream']","['combine', 'ingredients', 'except', 'salt', 'pepper', 'sour', 'cream', 'slow', 'cooker', 'cover', 'cook', 'low', 'season', 'taste', 'salt', 'pepper', 'top', 'serving', 'dollop', 'sour', 'cream']",Italian
12669,"['heat', 'half', 'the', 'oil', 'in', 'a', 'wok', 'and', 'stir', 'fry', 'chicken', 'in', 'batches', 'til', 'lightly', 'browned', 'remove', 'chicken', 'from', 'wok', 'heat', 'remaining', 'oil', 'and', 'stir', 'fry', 'onion', 'garlic', 'and', 'ginger', 'until', 'onion', 'softens', 'add', 'spices', 'and', 'stir', 'fry', 'briefly', 'til', 'fragrant', 'add', 'tomato', 'stir', 'fry', 'til', 'just', 'softened', 'return', 'chicken', 'to', 'wok', 'with', 'remaining', 'ingredients', 'and', 'stir', 'til', 'heated', 'through', 'serve', 'with', 'homemade', 'naan', 'or', 'chappatis']","['heat', 'half', 'oil', 'wok', 'stir', 'fry', 'chicken', 'batches', 'til', 'lightly', 'browned', 'remove', 'chicken', 'wok', 'heat', 'remaining', 'oil', 'stir', 'fry', 'onion', 'garlic', 'ginger', 'onion', 'softens', 'add', 'spices', 'stir', 'fry', 'briefly', 'til', 'fragrant', 'add', 'tomato', 'stir', 'fry', 'til', 'softened', 'return', 'chicken', 'wok', 'remaining', 'ingredients', 'stir', 'til', 'heated', 'serve', 'homemade', 'naan', 'chappatis']",Indian
2032,"['combine', 'ground', 'pork', 'ground', 'beef', 'in', 'a', 'bowl', 'add', 'ricotta', 'cheese', 'and', 'egg', 'mix', 'thoroughly', 'stir', 'in', 'flat', 'leaf', 'parsley', 'parmigiano-reggiano', 'nutmeg', 'and', 'salt', 'sprinkle', 'in', 'flour', 'form', 'meat', 'mixture', 'into', '1', ""''"", 'balls', 'sic', 'what', 'is', 'meant', 'is', 'to', 'form', 'the', 'meatballs', 'then', 'dust', 'them', 'in', 'flour', 'prior', 'to', 'frying.', 'warm', 'olive', 'oil', 'in', 'sauté', 'pan', 'over', 'medium-high', 'heat', 'fry', 'meatballs', 'until', 'golden', 'brown', 'remove', 'from', 'pan', 'set', 'aside', 'heat', 'more', 'olive', 'oil', 'in', 'sauté', 'pan', 'over', 'medium-high', 'heat', 'sweat', 'onions', 'and', 'garlic', 'cloves', 'in', 'olive', 'oil', 'until', 'translucent', '4-5', 'minutes', 'deglaze', 'pan', 'by', 'adding', 'red', 'wine', 'then', 'cook', 'until', 'liquid', 'is', 'reduced', 'by', 'half', 'add', 'tomatoes', 'and', 'chile', 'flakes', 'then', 'bring', 'to', 'a', 'simmer', 'add', 'salt', 'to', 'taste', 'add', 'meatballs', 'then', 'simmer', 'for', '30', 'minutes']","['combine', 'ground', 'pork', 'ground', 'beef', 'bowl', 'add', 'ricotta', 'cheese', 'egg', 'mix', 'thoroughly', 'stir', 'flat', 'leaf', 'parsley', 'parmigiano', 'reggiano', 'nutmeg', 'salt', 'sprinkle', 'flour', 'form', 'meat', 'mixture', ""''"", 'balls', 'sic', 'meant', 'form', 'meatballs', 'dust', 'flour', 'prior', 'frying.', 'warm', 'olive', 'oil', 'sauté', 'pan', 'medium', 'high', 'heat', 'fry', 'meatballs', 'golden', 'brown', 'remove', 'pan', 'set', 'aside', 'heat', 'olive', 'oil', 'sauté', 'pan', 'medium', 'high', 'heat', 'sweat', 'onions', 'garlic', 'cloves', 'olive', 'oil', 'translucent', 'deglaze', 'pan', 'adding', 'red', 'wine', 'cook', 'liquid', 'reduced', 'half', 'add', 'tomatoes', 'chile', 'flakes', 'bring', 'simmer', 'add', 'salt', 'taste', 'add', 'meatballs', 'simmer']",Italian
11275,"['first', 'grate', 'the', 'gourd', 'then', 'add', 'all', 'ingredients', 'except', 'the', '2', 'extra', 'tablespoons', 'of', 'oil', 'this', 'oil', 'is', 'used', 'to', 'coat', 'your', 'fingers', 'before', 'rolling', 'the', 'batter', 'into', 'long', 'pieces', 'to', 'steam', 'after', 'mixing', 'all', 'ingredients', 'to', 'make', 'a', 'thick', 'batter', 'shape', 'into', 'long', 'thin', 'rolls', 'with', 'your', 'fingers', 'using', 'the', 'oil', 'so', 'the', 'dough', 'does', 'not', 'stick', 'then', 'place', 'into', 'steamer', 'and', 'steam', 'for', '45', 'minutes', 'or', 'until', 'cooked', 'let', 'sit', 'for', 'a', 'few', 'hours', 'before', 'enjoying']","['first', 'grate', 'gourd', 'add', 'ingredients', 'except', 'extra', 'oil', 'oil', 'used', 'coat', 'fingers', 'rolling', 'batter', 'long', 'pieces', 'steam', 'mixing', 'ingredients', 'make', 'thick', 'batter', 'shape', 'long', 'thin', 'rolls', 'fingers', 'using', 'oil', 'dough', 'stick', 'place', 'steamer', 'steam', 'cooked', 'let', 'sit', 'enjoying']",Indian
9774,"['in', 'a', 'pan', 'melt', 'the', 'butter', 'and', 'add', 'the', 'ravo', 'in', 'it', 'and', 'fry', 'it', 'on', 'a', 'slow', 'fire', 'a', 'little', 'while', 'in', 'the', 'butter', 'add', 'the', 'milk', 'gradually', 't', 'it', 'stirring', 'all', 'the', 'time', 'add', 'the', 'sugar', 'and', 'keep', 'stirring', 'it', 'till', 'it', 'thickens', 'after', 'adding', 'all', 'the', 'milk', 'and', 'sugar', 'you', 'can', 'cook', 'it', 'on', 'high', 'but', 'keep', 'turning', 'it', 'or', 'it', 'will', 'become', 'lumpy', 'close', 'the', 'stove', 'and', 'add', 'essence', 'and', 'elchi-jaifal', 'or', 'only', 'take', '2', 'elci', 'and', 'crush', 'it', 'into', 'fine', 'powder', 'and', 'add', 'to', 'ravo', 'for', 'flavoring', 'or', 'just', 'put', 'milk', 'ravo', 'and', 'sugar', 'all', 'together', 'with', 'a', 'little', 'butter', 'or', 'ghee', 'in', 'a', 'pan', 'and', 'keep', 'stirring', 'it', 'on', 'the', 'flame', 'till', 'it', 'thickens', 'then', 'add', 'the', 'flavoring', 'i', 'wanted', 'rose', 'essence', '–', 'you', 'can', 'get', 'small', 'bottles', 'of', 'essence', 'rose', 'essence', 'is', 'quite', 'strong', 'so', 'put', 'just', 'a', 'little', 'bit', 'or', 'you', 'can', 'put', 'if', 'you', 'like', 'vanilla', 'essence', 'instead', 'that', 'also', 'a', 'little', 'only', 'if', 'you', 'can', 'not', 'get', 'rose', 'essence', 'this', 'is', 'just', 'for', 'giving', 'extra', 'flavor', 'optional', 'toast', 'some', 'sliced', 'almonds', 'and', 'raisins', 'and', 'sprinkle', 'on', 'top', 'for', 'extra', 'flavor', 'serve', 'with', 'boiled', 'eggs', 'cut', 'in', 'half']","['pan', 'melt', 'butter', 'add', 'ravo', 'fry', 'slow', 'fire', 'little', 'butter', 'add', 'milk', 'gradually', 'stirring', 'time', 'add', 'sugar', 'keep', 'stirring', 'till', 'thickens', 'adding', 'milk', 'sugar', 'cook', 'high', 'keep', 'turning', 'become', 'lumpy', 'close', 'stove', 'add', 'essence', 'elchi', 'jaifal', 'take', 'elci', 'crush', 'fine', 'powder', 'add', 'ravo', 'flavoring', 'put', 'milk', 'ravo', 'sugar', 'together', 'little', 'butter', 'ghee', 'pan', 'keep', 'stirring', 'flame', 'till', 'thickens', 'add', 'flavoring', 'wanted', 'rose', 'essence', '–', 'get', 'small', 'bottles', 'essence', 'rose', 'essence', 'quite', 'strong', 'put', 'little', 'bit', 'put', 'like', 'vanilla', 'essence', 'instead', 'also', 'little', 'get', 'rose', 'essence', 'giving', 'extra', 'flavor', 'optional', 'toast', 'sliced', 'almonds', 'raisins', 'sprinkle', 'top', 'extra', 'flavor', 'serve', 'boiled', 'eggs', 'cut', 'half']",Indian
11545,"['mix', 'the', 'sugar', 'salt', 'cumin', 'and', 'chilli', 'or', 'cayenne', 'into', 'the', 'yoghurt', 'and', 'adjust', 'seasoning', 'to', 'taste', 'grate', 'carrots', 'and', 'chill', 'just', 'before', 'serving', 'mix', 'the', 'yoghurt', 'and', 'the', 'grated', 'carrots', 'together', 'heat', 'the', 'oil', 'in', 'a', 'small', 'vessel', 'when', 'it', 'is', 'hot', 'add', 'the', 'mustard', 'seeds', 'as', 'soon', 'as', 'they', 'sizzle', 'add', 'the', 'oil', 'and', 'the', 'mustard', 'to', 'the', 'curd', 'and', 'carrots', 'serve', 'garnished', 'with', 'coriander', 'and', 'mint', 'note', 'you', 'can', 'sprinkle', 'the', 'cayenne', 'pepper', 'on', 'top', 'instead', 'of', 'using', 'it', 'in', 'the', 'curd', 'and', 'omit', 'the', 'garnish', 'with', 'the', 'green', 'leaves']","['mix', 'sugar', 'salt', 'cumin', 'chilli', 'cayenne', 'yoghurt', 'adjust', 'seasoning', 'taste', 'grate', 'carrots', 'chill', 'serving', 'mix', 'yoghurt', 'grated', 'carrots', 'together', 'heat', 'oil', 'small', 'vessel', 'hot', 'add', 'mustard', 'seeds', 'soon', 'sizzle', 'add', 'oil', 'mustard', 'curd', 'carrots', 'serve', 'garnished', 'coriander', 'mint', 'note', 'sprinkle', 'cayenne', 'pepper', 'top', 'instead', 'using', 'curd', 'omit', 'garnish', 'green', 'leaves']",Indian
3020,"['combine', 'all', 'the', 'ingredients', 'in', 'a', 'large', 'bowl', 'add', 'the', 'vinaigrette', 'and', 'fold', 'in', 'with', 'a', 'large', 'spoon', 'store', 'covered', 'in', 'the', 'refrigerator', 'up', 'to', '3', 'days', 'vinaigrette', 'whisk', 'all', 'ingredients', 'except', 'for', 'oil', 'until', 'well', 'combined', 'slowly', 'drizzle', 'in', 'the', 'oil', 'whisking', 'constantly', 'until', 'the', 'mixture', 'is', 'combined']","['combine', 'ingredients', 'large', 'bowl', 'add', 'vinaigrette', 'fold', 'large', 'spoon', 'store', 'covered', 'refrigerator', 'days', 'vinaigrette', 'whisk', 'ingredients', 'except', 'oil', 'well', 'combined', 'slowly', 'drizzle', 'oil', 'whisking', 'constantly', 'mixture', 'combined']",Italian
7075,"['mix', 'the', 'first', 'four', 'ingredients', 'mentioned', 'under', ""''"", 'dough', ""''"", 'nicely', 'in', 'a', 'bowl', 'add', 'water', 'gradually', 'and', 'continue', 'to', 'mix', 'to', 'make', 'a', 'soft', 'dough', 'keep', 'it', 'covered', 'for', 'an', 'hour', 'in', 'a', 'pan', 'mix', 'potatoes', 'chilli', 'powder', 'salt', 'green', 'chilli', 'corriander', 'leaves', 'and', '2', 'tbsps', 'oil', 'cook', 'on', 'medium', 'flame', 'for', '5', 'minutes', 'till', 'it', 'has', 'all', 'combined', 'about', '5', 'minutes', 'make', 'small', 'balls', 'out', 'of', 'the', 'dough', 'flatten', 'them', 'and', 'keep', 'a', 'little', 'of', 'the', 'filling', 'in', 'the', 'middle', 'close', 'in', 'semi-circular', 'fashion', 'flatten', 'the', 'edges', 'when', 'all', 'the', 'balls', 'are', 'done', 'fry', 'them', 'till', 'golden', 'brown', 'on', 'medium', 'flame', 'serve', 'hot', 'with', 'tamarind', 'chutney', 'or', 'ketchup', 'you', 'may', 'also', 'fill', 'the', 'dough', 'with', 'cheese', 'cubes', 'if', 'desired']","['mix', 'first', 'four', 'ingredients', 'mentioned', ""''"", 'dough', ""''"", 'nicely', 'bowl', 'add', 'water', 'gradually', 'continue', 'mix', 'make', 'soft', 'dough', 'keep', 'covered', 'pan', 'mix', 'potatoes', 'chilli', 'powder', 'salt', 'green', 'chilli', 'corriander', 'leaves', 'tbsps', 'oil', 'cook', 'medium', 'flame', 'till', 'combined', 'make', 'small', 'balls', 'dough', 'flatten', 'keep', 'little', 'filling', 'middle', 'close', 'semi', 'circular', 'fashion', 'flatten', 'edges', 'balls', 'done', 'fry', 'till', 'golden', 'brown', 'medium', 'flame', 'serve', 'hot', 'tamarind', 'chutney', 'ketchup', 'may', 'also', 'fill', 'dough', 'cheese', 'cubes', 'desired']",Indian
4271,"['in', 'a', 'saucepan', 'heat', 'olive', 'oil', 'and', 'add', 'onions', 'cooking', 'until', 'translucent', 'add', 'red', 'pepper', 'fennel', 'basil', 'oregano', 'garlic', 'tomato', 'sauce', 'and', 'splenda', 'stirring', 'well', 'simmer', 'sauce', 'over', 'low', 'heat', 'covered', 'for', 'about', '30', 'minutes', 'preheat', 'oven', 'to', '350°f', 'in', 'a', 'small', 'bowl', 'mix', 'egg', 'together', 'with', 'ricotta', 'cheese', 'and', 'parmesan', 'until', 'smooth', 'set', 'aside', 'slice', 'eggplant', 'zucchini', 'and', 'mushrooms', 'spread', 'approx', '1/3', 'of', 'the', 'sauce', 'mixture', 'evenly', 'into', 'the', 'bottom', 'of', 'a', 'large', 'rectangular', 'casserole', 'dish', 'or', 'lasagna', 'pan', 'add', 'eggplant', 'slices', 'in', 'an', 'even', 'layer', 'top', 'eggplant', 'with', 'the', 'ricotta', 'cheese', 'mixture', 'sprinkle', 'with', 'sliced', 'mushrooms', 'then', 'add', 'another', 'third', 'of', 'the', 'sauce', 'sprinkle', 'with', '8', 'ounces', 'of', 'the', 'mozzarella', 'cheese', 'layer', 'the', 'sliced', 'zucchini', 'evenly', 'over', 'the', 'cheese', 'pat', 'mixture', 'down', 'add', 'the', 'remaining', 'sauce', 'the', 'remaining', '8', 'ounces', 'mozzarella', 'and', 'the', 'remaining', '1/4', 'cup', 'parmesan', 'cheese', 'pat', 'mixture', 'down', 'again', 'cover', 'pan', 'with', 'foil', 'and', 'bake', 'at', '350°f', 'for', '50', 'minutes', 'remove', 'foil', 'from', 'pan', 'and', 'bake', 'for', '30-40', 'minutes', 'more', 'or', 'until', 'cheese', 'is', 'golden', 'and', 'vegetables', 'are', 'tender', 'allow', 'to', 'sit', 'undisturbed', 'for', '20', 'minutes', 'before', 'slicing', 'and', 'serving']","['saucepan', 'heat', 'olive', 'oil', 'add', 'onions', 'cooking', 'translucent', 'add', 'red', 'pepper', 'fennel', 'basil', 'oregano', 'garlic', 'tomato', 'sauce', 'splenda', 'stirring', 'well', 'simmer', 'sauce', 'low', 'heat', 'covered', 'preheat', 'oven', '350°f', 'small', 'bowl', 'mix', 'egg', 'together', 'ricotta', 'cheese', 'parmesan', 'smooth', 'set', 'aside', 'slice', 'eggplant', 'zucchini', 'mushrooms', 'spread', 'approx', 'sauce', 'mixture', 'evenly', 'bottom', 'large', 'rectangular', 'casserole', 'dish', 'lasagna', 'pan', 'add', 'eggplant', 'slices', 'even', 'layer', 'top', 'eggplant', 'ricotta', 'cheese', 'mixture', 'sprinkle', 'sliced', 'mushrooms', 'add', 'another', 'third', 'sauce', 'sprinkle', 'mozzarella', 'cheese', 'layer', 'sliced', 'zucchini', 'evenly', 'cheese', 'pat', 'mixture', 'add', 'remaining', 'sauce', 'remaining', 'mozzarella', 'remaining', 'parmesan', 'cheese', 'pat', 'mixture', 'cover', 'pan', 'foil', 'bake', '350°f', 'remove', 'foil', 'pan', 'bake', 'cheese', 'golden', 'vegetables', 'tender', 'allow', 'sit', 'undisturbed', 'slicing', 'serving']",Italian
11266,"['heat', 'the', 'oil', 'in', 'a', 'frying', 'pan', 'over', 'a', 'medium', 'heat', 'and', 'add', 'the', 'onion', 'cook', 'for', '3–4', 'minutes', 'until', 'beginning', 'to', 'soften', 'add', 'the', 'carrots', 'cauliflower', 'chili', 'garlic', 'ginger', 'and', 'spices', 'and', 'cook', 'for', '3', 'minutes', 'further', 'pour', 'in', 'the', 'stock', 'cover', 'and', 'cook', 'for', '6–7', 'minutes', 'until', 'almost', 'tender', 'add', 'the', 'peas', 'and', 'cook', 'for', 'a', 'further', '2–3', 'minutes', 'until', 'all', 'the', 'vegetables', 'are', 'tender', 'take', 'off', 'the', 'heat', 'and', 'stir', 'in', 'the', 'yoghurt', 'until', 'it', 'has', 'thickened', 'serve', 'with', 'white', 'rice']","['heat', 'oil', 'frying', 'pan', 'medium', 'heat', 'add', 'onion', 'cook', '3–4', 'beginning', 'soften', 'add', 'carrots', 'cauliflower', 'chili', 'garlic', 'ginger', 'spices', 'cook', 'pour', 'stock', 'cover', 'cook', '6–7', 'almost', 'tender', 'add', 'peas', 'cook', '2–3', 'vegetables', 'tender', 'take', 'heat', 'stir', 'yoghurt', 'thickened', 'serve', 'white', 'rice']",Indian
3537,"['clean', 'the', 'chicken', 'livers', 'by', 'removing', 'the', 'membranes', 'and', 'connective', 'tissue', 'cut', 'into', 'large', 'dice', 'in', 'a', 'heavy', 'pan', 'over', 'medium', 'heat', 'and', 'the', 'oil', 'and', 'once', 'it', 'is', 'hot', 'add', 'the', 'onions', 'cook', 'until', 'they', 'are', 'soft', 'and', 'translucent', 'next', 'add', 'the', 'garlic', 'and', 'stir', 'add', 'the', 'chicken', 'livers', 'and', 'stir', 'to', 'mix', 'cook', 'until', 'they', 'lose', 'their', 'pink', 'color', 'add', 'the', 'vin', 'santo', 'wine', 'here', 'we', 'added', 'brandy', 'season', 'with', 'salt', 'and', 'pepper', 'and', 'cook', 'until', 'the', 'liquid', 'reduces', 'and', 'the', 'livers', 'become', 'lightly', 'browned', 'add', 'a', 'little', 'chicken', 'broth', 'if', 'needed', 'to', 'accomplish', 'this', 'this', 'will', 'take', '10-15', 'minutes', 'remove', 'from', 'heat', 'and', 'place', 'mixture', 'ina', 'food', 'processor', 'pulse', 'until', 'coarsely', 'blended', 'add', 'the', 'butter', 'capers', 'and', 'pulse', 'until', 'it', 'becomes', 'a', 'smooth', 'paste', 'if', 'it', 'seems', 'a', 'bit', 'dry', 'add', 'a', 'little', 'chicken', 'broth', 'to', 'moisten', 'taste', 'and', 'season', 'with', 'additional', 'salt', 'and', 'pepper', 'if', 'needed', 'slice', 'the', 'baguette', 'into', 'thin', 'slices', 'and', 'toast', 'in', 'the', 'oven', 'or', 'grill', 'until', 'lightly', 'browned', 'on', 'each', 'side', 'cut', 'the', 'figs', 'in', 'half', 'then', 'brush', 'with', 'chestnut', 'honey', 'place', 'under', 'the', 'broiler', 'and', 'cook', 'until', 'lightly', 'brown', 'and', 'bbubbly', 'spread', 'the', 'pate', 'generously', 'on', 'the', 'bread', 'slices', 'top', 'wth', 'a', 'fig', 'half', 'and', 'serve', 'buon', 'appetito']","['clean', 'chicken', 'livers', 'removing', 'membranes', 'connective', 'tissue', 'cut', 'large', 'dice', 'heavy', 'pan', 'medium', 'heat', 'oil', 'hot', 'add', 'onions', 'cook', 'soft', 'translucent', 'next', 'add', 'garlic', 'stir', 'add', 'chicken', 'livers', 'stir', 'mix', 'cook', 'lose', 'pink', 'color', 'add', 'vin', 'santo', 'wine', 'added', 'brandy', 'season', 'salt', 'pepper', 'cook', 'liquid', 'reduces', 'livers', 'become', 'lightly', 'browned', 'add', 'little', 'chicken', 'broth', 'needed', 'accomplish', 'take', 'remove', 'heat', 'place', 'mixture', 'ina', 'food', 'processor', 'pulse', 'coarsely', 'blended', 'add', 'butter', 'capers', 'pulse', 'becomes', 'smooth', 'paste', 'seems', 'bit', 'dry', 'add', 'little', 'chicken', 'broth', 'moisten', 'taste', 'season', 'additional', 'salt', 'pepper', 'needed', 'slice', 'baguette', 'thin', 'slices', 'toast', 'oven', 'grill', 'lightly', 'browned', 'side', 'cut', 'figs', 'half', 'brush', 'chestnut', 'honey', 'place', 'broiler', 'cook', 'lightly', 'brown', 'bbubbly', 'spread', 'pate', 'generously', 'bread', 'slices', 'top', 'wth', 'fig', 'half', 'serve', 'buon', 'appetito']",Italian
9071,"['cook', 'orzo', 'according', 'to', 'package', 'drain', 'instead', 'of', 'using', 'water', 'use', 'chicken', 'broth', 'drain', 'apricot', 'halves', 'reserving', '1/2', 'cup', 'syrup', 'meanwhile', 'sprinkle', 'chicken', 'with', 'salt', 'pepper', 'and', '1/2', 'teaspoon', 'curry', 'powder', 'heat', 'oil', 'in', 'large', 'skillet', 'over', 'medium', 'heat', 'with', 'crushed', 'red', 'pepper', 'flakes', 'add', 'chicken', 'cook', 'for', '8', 'minutes', 'or', 'until', 'no', 'longer', 'pink', '170', 'degrees', 'f', 'turning', 'once', 'add', 'apricots', 'the', 'last', '2', 'minutes', 'transfer', 'to', 'plates', 'cut', 'green', 'tops', 'of', '2', 'onions', 'into', 'diagonal', 'slices', 'set', 'aside', 'chop', 'remaining', 'onions', 'add', 'chopped', 'onion', 'and', 'remaining', 'curry', 'powder', 'to', 'skillet', 'cook', '1', 'minute', 'stir', 'in', 'reserved', 'syrup', 'and', 'orzo', 'add', 'to', 'plates', 'sprinkle', 'onion', 'tops']","['cook', 'orzo', 'according', 'package', 'drain', 'instead', 'using', 'water', 'use', 'chicken', 'broth', 'drain', 'apricot', 'halves', 'reserving', 'syrup', 'meanwhile', 'sprinkle', 'chicken', 'salt', 'pepper', 'curry', 'powder', 'heat', 'oil', 'large', 'skillet', 'medium', 'heat', 'crushed', 'red', 'pepper', 'flakes', 'add', 'chicken', 'cook', 'longer', 'pink', 'f', 'turning', 'add', 'apricots', 'last', 'transfer', 'plates', 'cut', 'green', 'tops', 'onions', 'diagonal', 'slices', 'set', 'aside', 'chop', 'remaining', 'onions', 'add', 'chopped', 'onion', 'remaining', 'curry', 'powder', 'skillet', 'cook', 'stir', 'reserved', 'syrup', 'orzo', 'add', 'plates', 'sprinkle', 'onion', 'tops']",Indian
6632,"['first', 'you', 'will', 'need', 'to', 'grill', 'or', 'roast', 'your', 'eggplant', 'remove', 'the', 'skin', 'and', 'then', 'mash', 'the', 'eggplant', 'and', 'set', 'aside', 'keep', 'warm', 'sometimes', 'i', 'keep', 'my', 'oven', 'relatively', 'warm', 'and', 'put', 'the', 'eggplant', 'in', 'there', 'to', 'keep', 'it', 'warm', 'heat', 'your', 'oil', 'and', 'add', 'the', 'black', 'gram', 'dhal', 'mustard', 'seeds', 'chiles', 'and', 'asafoetida', 'one', 'at', 'a', 'time', 'and', 'allow', 'to', 'splutter', 'once', 'this', 'occurs', 'pour', 'seasoning', 'over', 'mashed', 'eggplant', 'and', 'season', 'with', 'salt', 'and', 'sugar', 'add', 'grated', 'coconut', 'and', 'chopped', 'onion', 'and', 'mix', 'together', 'serve', 'enjoy']","['first', 'need', 'grill', 'roast', 'eggplant', 'remove', 'skin', 'mash', 'eggplant', 'set', 'aside', 'keep', 'warm', 'sometimes', 'keep', 'oven', 'relatively', 'warm', 'put', 'eggplant', 'keep', 'warm', 'heat', 'oil', 'add', 'black', 'gram', 'dhal', 'mustard', 'seeds', 'chiles', 'asafoetida', 'one', 'time', 'allow', 'splutter', 'occurs', 'pour', 'seasoning', 'mashed', 'eggplant', 'season', 'salt', 'sugar', 'add', 'grated', 'coconut', 'chopped', 'onion', 'mix', 'together', 'serve', 'enjoy']",Indian
11701,"['heat', 'the', 'sunflower', 'oil', 'in', 'a', 'wok', 'add', 'the', 'bay', 'leaf', 'cloves', 'and', 'peppercorns', 'and', 'fry', 'briefly', 'stirring', 'in', 'the', 'ginger', 'and', 'garlic', 'pastes', 'after', '30', 'seconds', 'add', 'the', 'chicken', 'and', 'mix', 'well', 'add', 'the', 'turmeric', 'chilli', 'powder', 'and', 'salt', 'and', 'allow', 'the', 'chicken', 'to', 'cook', 'in', 'its', 'juices', 'meanwhile', 'place', 'the', 'tomatoes', 'in', 'a', 'serving', 'dish', 'season', 'with', 'a', 'sprinkling', 'of', 'salt', 'and', 'lemon', 'juice', 'sprinkle', 'with', 'coriander', 'leaves', 'stir', 'the', 'yoghurt', 'into', 'the', 'chicken', 'mixing', 'well', 'heat', 'the', 'chicken', 'curry', 'through', 'check', 'the', 'seasoning', 'and', 'serve', 'with', 'boiled', 'rice', 'and', 'the', 'tomato', 'salad']","['heat', 'sunflower', 'oil', 'wok', 'add', 'bay', 'leaf', 'cloves', 'peppercorns', 'fry', 'briefly', 'stirring', 'ginger', 'garlic', 'pastes', 'seconds', 'add', 'chicken', 'mix', 'well', 'add', 'turmeric', 'chilli', 'powder', 'salt', 'allow', 'chicken', 'cook', 'juices', 'meanwhile', 'place', 'tomatoes', 'serving', 'dish', 'season', 'sprinkling', 'salt', 'lemon', 'juice', 'sprinkle', 'coriander', 'leaves', 'stir', 'yoghurt', 'chicken', 'mixing', 'well', 'heat', 'chicken', 'curry', 'check', 'seasoning', 'serve', 'boiled', 'rice', 'tomato', 'salad']",Indian
5587,"['heat', 'the', 'milk', 'to', 'boiling', 'reduce', 'heat', 'and', 'whisk', 'in', 'chocolate', 'and', 'sugar', 'heat', 'mixture', 'to', 'boiling', 'while', 'stirring', 'continuously', 'remove', 'from', 'heat', 'and', 'whisk', 'in', 'coffee', 'and', 'creamer', 'if', 'using', 'skim', 'milk', 'it', 'thickens', 'the', 'drink', 'a', 'bit', 'serve', 'immediately']","['heat', 'milk', 'boiling', 'reduce', 'heat', 'whisk', 'chocolate', 'sugar', 'heat', 'mixture', 'boiling', 'stirring', 'continuously', 'remove', 'heat', 'whisk', 'coffee', 'creamer', 'using', 'skim', 'milk', 'thickens', 'drink', 'bit', 'serve', 'immediately']",Italian
5078,"['prepare', 'your', 'favorite', 'spaghetti', 'noodles', 'and', 'set', 'aside', 'in', 'a', 'large', 'or', 'deep', 'frying', 'pan', 'add', 'the', 'olive', 'oil', 'crushed', 'garlic', 'clove', 'and', 'bread', 'crumbs', 'and', 'fry', 'until', 'golden', 'brown', 'next', 'add', 'the', 'cooked', 'pasta', 'into', 'your', 'frying', 'pan', 'warm', 'and', 'toss', 'contents', 'until', 'well', 'coated', 'plate', 'and', 'sprinkle', 'with', 'parmesan', 'cheese']","['prepare', 'favorite', 'spaghetti', 'noodles', 'set', 'aside', 'large', 'deep', 'frying', 'pan', 'add', 'olive', 'oil', 'crushed', 'garlic', 'clove', 'bread', 'crumbs', 'fry', 'golden', 'brown', 'next', 'add', 'cooked', 'pasta', 'frying', 'pan', 'warm', 'toss', 'contents', 'well', 'coated', 'plate', 'sprinkle', 'parmesan', 'cheese']",Italian
7520,"['instruction', 'for', 'the', 'balls', 'peel', 'the', 'skin', 'of', 'the', 'bottle', 'gourd', 'and', 'grate', 'it', 'let', 'it', 'drain', 'for', 'at', 'least', '1', 'hour', 'press', 'nicely', 'to', 'take', 'away', 'all', 'the', 'water', 'that', 'comes', 'out', 'trace', 'of', 'very', 'little', 'water', 'is', 'fine', 'but', 'remove', 'as', 'much', 'as', 'you', 'can', 'meanwhile', 'chop', 'the', 'onion', 'finely', 'in', 'a', 'bowl', 'mix', 'all', 'the', 'ingredients', 'for', 'the', 'balls', 'except', 'the', 'oil', 'make', 'balls', 'with', 'it', 'and', 'fry', 'it', 'until', 'dark', 'brown', 'keep', 'the', 'ball', 'aside', 'instruction', 'for', 'the', 'sauce', 'take', 'half', 'of', 'the', 'chopped', 'onion', 'garlic', 'and', 'ginger', 'and', 'make', 'into', 'a', 'coarse', 'paste', 'without', 'adding', 'any', 'water', 'then', 'blend', 'the', 'cashews', 'and', 'tomatoes', 'again', 'without', 'adding', 'any', 'water', 'heat', 'a', 'pan', 'add', 'two', 'teaspoon', 'oil', 'when', 'it', 'is', 'hot', 'enough', 'add', 'the', 'cinnamon', 'stick', 'cloves', 'and', 'cardamom', 'stir', 'for', 'about', '10', 'seconds', 'now', 'add', 'the', 'chopped', 'onions', 'when', 'it', 'turn', 'golden', 'brown', 'add', 'the', 'onion', 'ginger', 'and', 'garlic', 'pasted', 'stir', 'continuously', 'when', 'the', 'onion', 'smell', 'goes', 'and', 'a', 'nice', 'aroma', 'comes', 'add', 'the', 'spice', 'powders', 'and', 'salt', 'stir', 'for', 'a', 'minute', 'and', 'then', 'add', 'the', 'blended', 'tomato', 'cashew', 'let', 'it', 'come', 'to', 'a', 'boil', 'and', 'then', 'keep', 'it', 'on', 'a', 'medium', 'heat', 'for', 'another', '10', 'minutes', 'finishing', 'touches', 'now', 'add', 'the', 'fried', 'balls', 'to', 'the', 'sauce', 'garnish', 'with', 'coriander', 'serve', 'with', 'rice', 'indian', 'bread', 'or', 'anything', 'of', 'your', 'choice']","['instruction', 'balls', 'peel', 'skin', 'bottle', 'gourd', 'grate', 'let', 'drain', 'least', 'press', 'nicely', 'take', 'away', 'water', 'comes', 'trace', 'little', 'water', 'fine', 'remove', 'much', 'meanwhile', 'chop', 'onion', 'finely', 'bowl', 'mix', 'ingredients', 'balls', 'except', 'oil', 'make', 'balls', 'fry', 'dark', 'brown', 'keep', 'ball', 'aside', 'instruction', 'sauce', 'take', 'half', 'chopped', 'onion', 'garlic', 'ginger', 'make', 'coarse', 'paste', 'without', 'adding', 'water', 'blend', 'cashews', 'tomatoes', 'without', 'adding', 'water', 'heat', 'pan', 'add', 'two', 'oil', 'hot', 'enough', 'add', 'cinnamon', 'stick', 'cloves', 'cardamom', 'stir', 'seconds', 'add', 'chopped', 'onions', 'turn', 'golden', 'brown', 'add', 'onion', 'ginger', 'garlic', 'pasted', 'stir', 'continuously', 'onion', 'smell', 'goes', 'nice', 'aroma', 'comes', 'add', 'spice', 'powders', 'salt', 'stir', 'add', 'blended', 'tomato', 'cashew', 'let', 'come', 'boil', 'keep', 'medium', 'heat', 'another', 'finishing', 'touches', 'add', 'fried', 'balls', 'sauce', 'garnish', 'coriander', 'serve', 'rice', 'indian', 'bread', 'anything', 'choice']",Indian
4063,"['preheat', 'oven', 'to', '375°f', 'in', 'a', 'saucepan', 'bring', 'water', 'to', 'a', 'boil', 'add', 'rice', 'and', 'stir', 'reduce', 'heat', 'cover', 'and', 'simmer', 'for', '20', 'minutes', 'or', 'until', 'tender', 'and', 'fluffy', 'set', 'aside', 'heat', '1', 'tablespoon', 'of', 'oil', 'in', 'a', 'large', 'skillet', 'over', 'medium', 'high', 'heat', 'sauté', 'carrots', 'and', 'onion', 'until', 'tender', '3-5', 'minutes', 'add', 'garlic', 'and', 'sauté', 'until', 'fragrant', 'about', '1', 'minute', 'add', 'pancetta', 'or', 'bacon', 'and', 'sauté', 'until', 'crispy', 'add', 'ground', 'beef', 'and', 'sauté', 'until', 'browned', 'drain', 'off', 'any', 'excess', 'liquid', 'and', 'return', 'to', 'heat', 'add', 'marinara', 'sauce', 'wine', 'and', 'red', 'pepper', 'flakes', 'and', 'simmer', 'for', '10', 'minutes', 'stir', 'in', 'cream', 'half', 'of', 'the', 'parmesan', 'cheese', 'and', 'rice', 'simmer', '5', 'minutes', 'more', 'or', 'until', 'most', 'of', 'the', 'liquid', 'has', 'been', 'absorbed', 'place', 'peppers', 'in', 'a', 'shallow', 'baking', 'dish', 'and', 'fill', 'with', 'beef', 'mixture', 'drizzle', 'with', 'remaining', 'olive', 'oil', 'and', 'top', 'with', 'remaining', 'parmesan', 'cheese', 'bake', 'uncovered', 'for', '30', 'minutes', 'in', 'the', 'preheated', 'oven', 'serve', 'hot']","['preheat', 'oven', '375°f', 'saucepan', 'bring', 'water', 'boil', 'add', 'rice', 'stir', 'reduce', 'heat', 'cover', 'simmer', 'tender', 'fluffy', 'set', 'aside', 'heat', 'oil', 'large', 'skillet', 'medium', 'high', 'heat', 'sauté', 'carrots', 'onion', 'tender', 'add', 'garlic', 'sauté', 'fragrant', 'add', 'pancetta', 'bacon', 'sauté', 'crispy', 'add', 'ground', 'beef', 'sauté', 'browned', 'drain', 'excess', 'liquid', 'return', 'heat', 'add', 'marinara', 'sauce', 'wine', 'red', 'pepper', 'flakes', 'simmer', 'stir', 'cream', 'half', 'parmesan', 'cheese', 'rice', 'simmer', 'liquid', 'absorbed', 'place', 'peppers', 'shallow', 'baking', 'dish', 'fill', 'beef', 'mixture', 'drizzle', 'remaining', 'olive', 'oil', 'top', 'remaining', 'parmesan', 'cheese', 'bake', 'uncovered', 'preheated', 'oven', 'serve', 'hot']",Italian
8038,"['rinse', 'and', 'pat', 'the', 'chicken', 'dry', 'set', 'aside', 'heat', 'the', 'oil', 'over', 'medium', 'heat', 'in', 'a', 'saucepan', 'add', 'the', 'next', 'five', 'ingredients', 'and', 'saute', 'briefly', 'until', 'fragrant', 'about', '40', 'seconds', 'add', 'the', 'onion', 'and', 'saute', 'until', 'translucent', 'about', '10', 'to', '12', 'minutes', 'add', 'the', 'minced', 'ginger', 'and', 'green', 'chilies', 'saute', '2', 'minutes', 'add', 'the', 'fennel', 'turmeric', 'and', 'salt', 'and', 'stir', 'into', 'the', 'mixture', 'push', 'the', 'mixture', 'to', 'the', 'side', 'and', 'add', 'chicken', 'folding', 'each', 'piece', 'in', 'half', 'spoon', 'the', 'mixture', 'on', 'top', 'and', 'brown', 'for', 'about', 'five', 'minutes', 'flip', 'the', 'chicken', 'to', 'brown', 'other', 'side', 'and', 'continue', 'cooking', 'for', 'about', 'five', 'minutes', 'stir', 'the', 'chicken', 'to', 'mix', 'well', 'with', 'the', 'masala', 'add', '1', 'cup', 'water', 'and', 'bring', 'to', 'the', 'boiling', 'point', 'reduce', 'heat', 'cover', 'and', 'simmer', 'until', 'chicken', 'is', 'partially', 'cooked', 'about', '15', 'minutes', 'add', 'the', 'potatoes', 'beans', 'carrots', 'curry', 'leaves', 'julienned', 'ginger', 'and', 'garlic', 'bring', 'back', 'to', 'the', 'boil', 'reduce', 'heat', 'to', 'medium-low', 'cover', 'and', 'simmer', 'for', '10', 'minutes', 'add', 'the', 'coconut', 'milk', 'and', 'peas', 'continue', 'to', 'cook', 'at', 'a', 'simmer', 'until', 'vegetables', 'are', 'tender', 'serve', 'hot', 'over', 'rice']","['rinse', 'pat', 'chicken', 'dry', 'set', 'aside', 'heat', 'oil', 'medium', 'heat', 'saucepan', 'add', 'next', 'five', 'ingredients', 'saute', 'briefly', 'fragrant', 'seconds', 'add', 'onion', 'saute', 'translucent', 'add', 'minced', 'ginger', 'green', 'chilies', 'saute', 'add', 'fennel', 'turmeric', 'salt', 'stir', 'mixture', 'push', 'mixture', 'side', 'add', 'chicken', 'folding', 'piece', 'half', 'spoon', 'mixture', 'top', 'brown', 'five', 'flip', 'chicken', 'brown', 'side', 'continue', 'cooking', 'five', 'stir', 'chicken', 'mix', 'well', 'masala', 'add', 'water', 'bring', 'boiling', 'point', 'reduce', 'heat', 'cover', 'simmer', 'chicken', 'partially', 'cooked', 'add', 'potatoes', 'beans', 'carrots', 'curry', 'leaves', 'julienned', 'ginger', 'garlic', 'bring', 'back', 'boil', 'reduce', 'heat', 'medium', 'low', 'cover', 'simmer', 'add', 'coconut', 'milk', 'peas', 'continue', 'cook', 'simmer', 'vegetables', 'tender', 'serve', 'hot', 'rice']",Indian
11980,"['heat', '1', 'tbsp', 'vegetable', 'oil', 'in', 'a', 'large', 'pan', 'add', 'diced', 'chicken', 'and', 'stir', 'fry', 'until', 'meat', 'is', 'sealed', 'and', 'browned', 'approx', '5', 'mins', 'while', 'the', 'chicken', 'is', 'cooking', 'steam', 'the', 'vegetable', 'medley', 'in', 'the', 'bag', 'for', '1', '1/2', 'minutes', 'in', 'the', 'microwave', 'pour', 'over', 'the', 'jar', 'of', 'patak', ""'s"", 'vindaloo', 'sauce', 'and', 'simmer', 'for', '15', 'minutes', 'stirring', 'occasionally', 'time', 'it', 'so', 'this', 'step', 'corresponds', 'to', 'when', 'the', 'rice', 'has', 'come', 'to', 'a', 'boil', 'alternatively', 'use', 'prawns', 'mixed', 'vegetables', 'lamb', 'or', 'beef', 'adjust', 'simmer', 'time', 'accordingly', 'cook', 'the', 'rice', 'add', 'rice', 'to', 'water', 'in', 'saucepan', 'and', 'bring', 'to', 'a', 'boil', 'then', 'turn', 'down', 'to', 'low', 'and', 'cook', 'covered', 'for', '20', 'minutes', 'until', 'the', 'burner', 'actually', 'achieves', 'low', 'heat', 'you', 'will', 'need', 'to', 'manage', 'its', 'desire', 'to', 'boil', 'over', 'and', 'make', 'a', 'mess', 'of', 'your', 'stove']","['heat', 'vegetable', 'oil', 'large', 'pan', 'add', 'diced', 'chicken', 'stir', 'fry', 'meat', 'sealed', 'browned', 'approx', 'mins', 'chicken', 'cooking', 'steam', 'vegetable', 'medley', 'bag', 'microwave', 'pour', 'jar', 'patak', 'vindaloo', 'sauce', 'simmer', 'stirring', 'occasionally', 'time', 'step', 'corresponds', 'rice', 'come', 'boil', 'alternatively', 'use', 'prawns', 'mixed', 'vegetables', 'lamb', 'beef', 'adjust', 'simmer', 'time', 'accordingly', 'cook', 'rice', 'add', 'rice', 'water', 'saucepan', 'bring', 'boil', 'turn', 'low', 'cook', 'covered', 'burner', 'actually', 'achieves', 'low', 'heat', 'need', 'manage', 'desire', 'boil', 'make', 'mess', 'stove']",Indian
5578,"['heat', '1', 'teaspoons', 'of', 'the', 'oil', 'in', 'a', 'small', 'saute', 'pan', 'over', 'medium', 'high', 'heat', 'add', 'the', 'capers', 'and', 'cook', 'until', 'crisp', '1-2', 'minutes', 'remove', 'to', 'a', 'paper', 'towel', 'to', 'drain', 'place', 'the', 'tomatoes', 'in', 'a', 'large', 'bowl', 'drizzle', 'with', 'the', 'remaining', '1/4', 'cup', 'olive', 'oil', 'add', 'the', 'basil', 'season', 'with', 'salt', 'and', 'pepper', 'to', 'taste', 'gently', 'toss', 'to', 'coat', 'sprinkle', 'the', 'capers', 'on', 'the', 'salads', 'after', 'they', ""'re"", 'plated', 'so', 'they', 'stay', 'crisp', 'enjoy']","['heat', 'oil', 'small', 'saute', 'pan', 'medium', 'high', 'heat', 'add', 'capers', 'cook', 'crisp', 'remove', 'paper', 'towel', 'drain', 'place', 'tomatoes', 'large', 'bowl', 'drizzle', 'remaining', 'olive', 'oil', 'add', 'basil', 'season', 'salt', 'pepper', 'taste', 'gently', 'toss', 'coat', 'sprinkle', 'capers', 'salads', 'plated', 'stay', 'crisp', 'enjoy']",Italian
2768,"['preheat', 'oven', 'to', '350.', 'in', 'a', 'small', 'bowl', 'combine', 'the', 'garlic', 'and', 'oil', 'and', 'mix', 'well', 'in', 'a', 'small', 'bowl', 'combine', 'parsley', 'thyme', 'marjoram', 'and', 'paprika', 'add', 'parmesan', 'mix', 'well', 'cut', 'each', 'loaf', 'lengthwise', 'note', 'if', 'you', 'prefer', 'extra', 'garlic', 'flavor', 'take', 'the', 'halved', 'clove', 'and', 'rub', 'the', 'clove', ""'s"", 'cut', 'side', 'on', 'the', 'cut', 'side', 'of', 'bread', 'brush', 'with', 'garlic', 'oil', 'sprinkle', 'herb', 'mix', 'on', 'top', 'of', 'garlic', 'oil', 'wrap', 'loosely', 'do', 'not', 'let', 'foil', 'touch', 'oil/herb', 'mixture', 'in', 'foil', 'and', 'place', 'on', 'baking', 'sheet', 'bake', 'until', 'heated', 'through', 'about', '10-15', 'minutes', 'unwrap', 'and', 'slice']","['preheat', 'oven', 'small', 'bowl', 'combine', 'garlic', 'oil', 'mix', 'well', 'small', 'bowl', 'combine', 'parsley', 'thyme', 'marjoram', 'paprika', 'add', 'parmesan', 'mix', 'well', 'cut', 'loaf', 'lengthwise', 'note', 'prefer', 'extra', 'garlic', 'flavor', 'take', 'halved', 'clove', 'rub', 'clove', 'cut', 'side', 'cut', 'side', 'bread', 'brush', 'garlic', 'oil', 'sprinkle', 'herb', 'mix', 'top', 'garlic', 'oil', 'wrap', 'loosely', 'let', 'foil', 'touch', 'oil/herb', 'mixture', 'foil', 'place', 'baking', 'sheet', 'bake', 'heated', 'unwrap', 'slice']",Italian
1905,"['combine', 'all', 'ingredients', 'except', 'the', 'whole', 'garlic', 'clove', 'and', 'whole', 'onion', 'and', 'blend', 'thoroughly', 'test', 'a', 'sample', 'and', 'adjust', 'or', 'add', 'seasonings', 'to', 'taste', 'place', 'the', 'clove', 'and', 'onion', 'in', 'the', 'cruet', 'or', 'container', 'that', 'you', 'plan', 'to', 'keep', 'this', 'dressing', 'in', 'refrigerate', 'and', 'shake', 'well', 'before', 'serving']","['combine', 'ingredients', 'except', 'whole', 'garlic', 'clove', 'whole', 'onion', 'blend', 'thoroughly', 'test', 'sample', 'adjust', 'add', 'seasonings', 'taste', 'place', 'clove', 'onion', 'cruet', 'container', 'plan', 'keep', 'dressing', 'refrigerate', 'shake', 'well', 'serving']",Italian
975,"['begin', 'to', 'cook', 'orecchiette', 'in', 'plenty', 'of', 'boiling', 'salted', 'water', 'in', 'a', 'seperate', 'pot', 'heat', 'the', 'wine', 'and', 'the', 'lemon', 'rind', 'saute', 'for', '10', 'minutes', 'add', 'the', 'cream', 'and', 'lemon', 'juice', 'and', 'mix', 'well', 'drain', 'the', 'pasta', 'which', 'should', 'now', 'be', ""'al"", 'dente', 'and', 'return', 'to', 'the', 'pot', 'add', 'the', 'lemon', 'cream', 'sauce', 'and', 'mix', 'well', 'if', 'the', 'pasta', 'is', 'a', 'little', 'too', 'dry', 'add', 'the', 'milk', 'and', 'mix', 'well', 'serve', 'on', 'warm', 'dishes', 'and', 'serve', 'with', 'the', 'provolone', 'cheese', 'and', 'decorate', 'with', 'a', 'sage', 'leaf', 'enjoy']","['begin', 'cook', 'orecchiette', 'plenty', 'boiling', 'salted', 'water', 'seperate', 'pot', 'heat', 'wine', 'lemon', 'rind', 'saute', 'add', 'cream', 'lemon', 'juice', 'mix', 'well', 'drain', 'pasta', ""'al"", 'dente', 'return', 'pot', 'add', 'lemon', 'cream', 'sauce', 'mix', 'well', 'pasta', 'little', 'dry', 'add', 'milk', 'mix', 'well', 'serve', 'warm', 'dishes', 'serve', 'provolone', 'cheese', 'decorate', 'sage', 'leaf', 'enjoy']",Italian
9192,"['preheat', 'a', 'small', 'skillet', 'over', 'medium-high', 'heat', 'add', 'the', 'cumin', 'and', 'cinnamon', 'toast', 'shaking', 'the', 'skillet', 'every', 'few', 'seconds', 'until', 'the', 'cumin', 'seeds', 'turn', 'reddish', 'brown', 'the', 'cinnamon', 'sticks', 'appear', 'brittle', 'and', 'the', 'mixture', 'is', 'highly', 'fragrant', '1-2', 'minutes', 'immediately', 'transfer', 'the', 'nutty-smelling', 'spices', 'to', 'a', 'plate', 'to', 'cool', 'once', 'they', 'are', 'cool', 'to', 'the', 'touch', 'place', 'them', 'in', 'a', 'spice', 'grinder', 'add', 'all', 'the', 'remaining', 'spices', 'and', 'grind', 'until', 'the', 'texture', 'resembles', 'that', 'of', 'finely', 'ground', 'black', 'pepper', 'store', 'the', 'spice', 'blend', 'in', 'a', 'tightly', 'sealed', 'container', 'away', 'from', 'excess', 'light', 'heat', 'and', 'humidity', 'for', 'up', 'to', '2', 'months']","['preheat', 'small', 'skillet', 'medium', 'high', 'heat', 'add', 'cumin', 'cinnamon', 'toast', 'shaking', 'skillet', 'every', 'seconds', 'cumin', 'seeds', 'turn', 'reddish', 'brown', 'cinnamon', 'sticks', 'appear', 'brittle', 'mixture', 'highly', 'fragrant', 'immediately', 'transfer', 'nutty', 'smelling', 'spices', 'plate', 'cool', 'cool', 'touch', 'place', 'spice', 'grinder', 'add', 'remaining', 'spices', 'grind', 'texture', 'resembles', 'finely', 'ground', 'black', 'pepper', 'store', 'spice', 'blend', 'tightly', 'sealed', 'container', 'away', 'excess', 'light', 'heat', 'humidity', 'months']",Indian
4513,"['in', 'a', 'bowl', 'whisk', 'together', 'the', 'egg', 'and', 'the', 'milk', 'and', 'transfer', 'the', 'mixture', 'to', 'a', 'pie', 'pan', 'put', 'the', 'bread', 'crumbs', 'into', 'another', 'pie', 'pan', 'spread', 'the', 'bread', 'slices', 'with', '1', '1/2', 'tsp', 'of', 'the', 'anchovy', 'paste', 'put', '1', 'slice', 'of', 'the', 'mozzarella', 'on', 'each', 'of', '4', 'bread', 'slices', 'and', 'top', 'the', 'mozzarella', 'with', 'the', 'remaining', '4', 'slices', 'of', 'bread', 'forming', 'sandwiches', 'working', 'with', '1', 'sandwich', 'at', 'a', 'time', 'dip', 'the', 'sandwiches', 'into', 'the', 'egg', 'mixture', 'on', 'each', 'side', 'letting', 'the', 'excess', 'drip', 'off', 'then', 'coat', 'each', 'sandwiches', 'with', 'the', 'bread', 'crumbs', 'on', 'each', 'side', 'in', 'a', 'large', 'skillet', 'over', 'moderately', 'high', 'heat', 'heat', 'the', 'olive', 'oil', 'and', 'the', 'butter', 'until', 'hot', 'but', 'not', 'smoking', 'saute', 'the', 'sandwiches', 'turning', 'them', 'and', 'gently', 'flattening', 'them', 'with', 'a', 'spatula', 'for', 'approximately', '6', 'minutes', 'or', 'until', 'the', 'cheese', 'is', 'melted', 'and', 'the', 'bread', 'is', 'golden', 'divide', 'the', 'sandwiches', 'between', 'two', 'heated', 'plates', 'and', 'keep', 'them', 'warm', 'to', 'the', 'skillet', 'add', 'the', 'lemon', 'juice', 'the', 'minced', 'tomato', 'the', 'green', 'peppercorns', 'and', 'the', 'remaining', '1/4', 'teaspoons', 'anchovy', 'paste', 'salt', 'and', 'pepper', 'to', 'taste', 'cook', 'the', 'mixture', 'over', 'high', 'heat', 'whisking', 'until', 'it', 'is', 'heated', 'through', 'spoon', 'the', 'sauce', 'over', 'the', 'sandwiches', 'garnish', 'with', 'the', 'chopped', 'fresh', 'parsley']","['bowl', 'whisk', 'together', 'egg', 'milk', 'transfer', 'mixture', 'pie', 'pan', 'put', 'bread', 'crumbs', 'another', 'pie', 'pan', 'spread', 'bread', 'slices', 'anchovy', 'paste', 'put', 'slice', 'mozzarella', 'bread', 'slices', 'top', 'mozzarella', 'remaining', 'slices', 'bread', 'forming', 'sandwiches', 'working', 'sandwich', 'time', 'dip', 'sandwiches', 'egg', 'mixture', 'side', 'letting', 'excess', 'drip', 'coat', 'sandwiches', 'bread', 'crumbs', 'side', 'large', 'skillet', 'moderately', 'high', 'heat', 'heat', 'olive', 'oil', 'butter', 'hot', 'smoking', 'saute', 'sandwiches', 'turning', 'gently', 'flattening', 'spatula', 'approximately', 'cheese', 'melted', 'bread', 'golden', 'divide', 'sandwiches', 'two', 'heated', 'plates', 'keep', 'warm', 'skillet', 'add', 'lemon', 'juice', 'minced', 'tomato', 'green', 'peppercorns', 'remaining', 'anchovy', 'paste', 'salt', 'pepper', 'taste', 'cook', 'mixture', 'high', 'heat', 'whisking', 'heated', 'spoon', 'sauce', 'sandwiches', 'garnish', 'chopped', 'fresh', 'parsley']",Italian
4787,"['preheat', 'oven', 'to', '425', 'degrees', 'f.', 'heat', 'oil', 'on', 'medium', 'high', 'heat', 'season', 'the', 'chicken', 'breast', 'with', 'salt', 'and', 'lightly', 'dust', 'with', 'flour', 'saute', 'the', 'chicken', 'breast', 'until', 'browned', 'turn', 'over', 'and', 'brown', 'the', 'other', 'side', 'as', 'well', 'remove', 'the', 'chicken', 'breast', 'from', 'the', 'pan', 'and', 'pour', 'off', 'all', 'oil', 'add', 'wine', 'to', 'the', 'pan', 'and', 'return', 'the', 'chicken', 'breasts', 'to', 'the', 'pan', 'as', 'well', 'cover', 'and', 'cook', 'the', 'chicken', 'breasts', 'in', 'the', 'pan', 'turning', 'once', 'until', 'an', 'internal', 'temperature', 'of', '165', 'degrees', 'is', 'met', 'transfer', 'the', 'chicken', 'breasts', 'to', 'a', 'pan', 'and', 'hold', 'add', 'the', 'garlic', 'crushed', 'red', 'pepper', 'and', 'the', 'alfredo', 'sauce', 'to', 'the', 'wine', 'left', 'in', 'the', 'pan', 'bring', 'the', 'sauce', 'to', 'a', 'boil', 'but', 'do', 'not', 'reduce', 'remove', 'from', 'the', 'flame', 'and', 'add', 'the', 'sundried', 'tomatoes', 'place', 'about', '2/3', 'of', 'the', 'sauce', 'in', 'the', 'baking', 'dish', 'reserving', 'about', 'half', 'of', 'the', 'sundried', 'tomatoes', 'place', 'the', 'chicken', 'breasts', 'in', 'the', 'baking', 'dish', 'top', 'the', 'chicken', 'breasts', 'with', 'mozzarella', 'drizzle', 'the', 'remaining', 'sauce', 'with', 'the', 'sundried', 'tomatoes', 'over', 'the', 'top', 'bake', 'in', 'a', '425-degree', 'oven', 'until', 'the', 'sauce', 'becomes', 'bubbly', 'and', 'begins', 'to', 'brown', 'garnish', 'with', 'parsley', 'and', 'serve']","['preheat', 'oven', 'f.', 'heat', 'oil', 'medium', 'high', 'heat', 'season', 'chicken', 'breast', 'salt', 'lightly', 'dust', 'flour', 'saute', 'chicken', 'breast', 'browned', 'turn', 'brown', 'side', 'well', 'remove', 'chicken', 'breast', 'pan', 'pour', 'oil', 'add', 'wine', 'pan', 'return', 'chicken', 'breasts', 'pan', 'well', 'cover', 'cook', 'chicken', 'breasts', 'pan', 'turning', 'internal', 'temperature', 'met', 'transfer', 'chicken', 'breasts', 'pan', 'hold', 'add', 'garlic', 'crushed', 'red', 'pepper', 'alfredo', 'sauce', 'wine', 'left', 'pan', 'bring', 'sauce', 'boil', 'reduce', 'remove', 'flame', 'add', 'sundried', 'tomatoes', 'place', 'sauce', 'baking', 'dish', 'reserving', 'half', 'sundried', 'tomatoes', 'place', 'chicken', 'breasts', 'baking', 'dish', 'top', 'chicken', 'breasts', 'mozzarella', 'drizzle', 'remaining', 'sauce', 'sundried', 'tomatoes', 'top', 'bake', '425', 'degree', 'oven', 'sauce', 'becomes', 'bubbly', 'begins', 'brown', 'garnish', 'parsley', 'serve']",Italian
11119,"['heat', 'oil', 'in', 'large', 'sauce', 'pan', 'saute', 'onion', 'curry', 'and', 'tomato', 'paste', 'together', 'once', 'onion', 'has', 'softened', 'add', 'in', 'cubed', 'meat', 'and', 'cook', '2', 'minutes', 'at', 'this', 'point', 'in', 'my', 'multi', 'cooker', 'i', 'put', 'it', 'on', 'high', 'pressure', 'for', '20-25', 'mins', 'add', 'remaining', 'vegetables', 'hot', 'water', 'if', 'you', 'want', 'tender', 'meat', 'make', 'sure', 'it', ""'s"", 'hot', 'and', 'a', 'tablespoon', 'of', 'the', 'chopped', 'coriander', 'or', 'parsley', 'simmer', 'for', '20-30', 'minutes', 'veggies', 'tender', 'and', 'potato', 'well', 'cooked', 'in', 'my', 'multi', 'cooker', 'i', 'set', 'it', 'too', 'cook', 'high', 'pressure', 'for', '10-15mins', 'stir', 'in', 'coconut', 'milk', 'do', 'not', 'put', 'all', 'in', 'at', 'once', 'you', 'may', 'not', 'want', 'it', 'all', 'just', 'depends', 'on', 'how', 'much', 'paste', 'you', 'used', 'and', 'how', 'much', 'liquid', 'is', 'still', 'left', 'bring', 'back', 'to', 'a', 'simmer', 'for', 'just', 'a', 'minute', 'serve', 'over', 'basmati', 'rice', 'and', 'garnish', 'with', 'coriander/parsley']","['heat', 'oil', 'large', 'sauce', 'pan', 'saute', 'onion', 'curry', 'tomato', 'paste', 'together', 'onion', 'softened', 'add', 'cubed', 'meat', 'cook', 'point', 'multi', 'cooker', 'put', 'high', 'pressure', 'mins', 'add', 'remaining', 'vegetables', 'hot', 'water', 'want', 'tender', 'meat', 'make', 'sure', 'hot', 'chopped', 'coriander', 'parsley', 'simmer', 'veggies', 'tender', 'potato', 'well', 'cooked', 'multi', 'cooker', 'set', 'cook', 'high', 'pressure', '10', '15mins', 'stir', 'coconut', 'milk', 'put', 'may', 'want', 'depends', 'much', 'paste', 'used', 'much', 'liquid', 'still', 'left', 'bring', 'back', 'simmer', 'serve', 'basmati', 'rice', 'garnish', 'coriander/parsley']",Indian
3917,"['preheat', 'the', 'oven', 'to', '400', 'degrees', 'f.', 'heat', 'the', 'olive', 'oil', 'in', 'a', 'large', 'skillet', 'add', 'the', 'onion', 'and', 'cook', 'for', '5', 'minutes', 'over', 'medium-low', 'heat', 'until', 'translucent', 'add', 'the', 'garlic', 'and', 'cook', 'for', '1', 'more', 'minute', 'add', 'the', 'sausage', 'and', 'cook', 'over', 'medium-low', 'heat', 'breaking', 'it', 'up', 'with', 'a', 'fork', 'for', '8', 'to', '10', 'minutes', 'or', 'until', 'no', 'longer', 'pink', 'add', 'the', 'tomatoes', 'tomato', 'paste', '2', 'tablespoons', 'of', 'the', 'parsley', 'the', 'basil', '1', '1/2', 'teaspoons', 'of', 'the', 'salt', 'and', '1/2', 'teaspoon', 'pepper', 'simmer', 'uncovered', 'over', 'medium-low', 'heat', 'for', '15', 'to', '20', 'minutes', 'until', 'thickened', 'meanwhile', 'fill', 'a', 'large', 'bowl', 'with', 'the', 'hottest', 'tap', 'water', 'add', 'the', 'noodles', 'and', 'allow', 'them', 'to', 'sit', 'in', 'the', 'water', 'for', '20', 'minutes', 'drain', 'in', 'a', 'medium', 'bowl', 'combine', 'the', 'ricotta', 'goat', 'cheese', '1', 'cup', 'of', 'parmesan', 'the', 'egg', 'the', 'remaining', '2', 'tablespoons', 'of', 'parsley', 'remaining', '1/2', 'teaspoon', 'salt', 'and', '1/4', 'teaspoon', 'pepper', 'set', 'aside', 'ladle', '1/3', 'of', 'the', 'sauce', 'into', 'a', '9', 'by', '13-inch', 'baking', 'dish', 'spreading', 'the', 'sauce', 'over', 'the', 'bottom', 'of', 'the', 'dish', 'then', 'add', 'the', 'layers', 'as', 'follows', 'half', 'the', 'pasta', 'half', 'the', 'mozzarella', 'half', 'the', 'ricotta', 'and', 'one', '1/3', 'of', 'the', 'sauce', 'add', 'the', 'rest', 'of', 'the', 'pasta', 'mozzarella', 'ricotta', 'and', 'finally', 'sauce', 'sprinkle', 'with', '1/4', 'cup', 'of', 'parmesan', 'bake', 'for', '30-45', 'minutes', 'until', 'the', 'sauce', 'is', 'bubbling']","['preheat', 'oven', 'f.', 'heat', 'olive', 'oil', 'large', 'skillet', 'add', 'onion', 'cook', 'medium', 'low', 'heat', 'translucent', 'add', 'garlic', 'cook', 'add', 'sausage', 'cook', 'medium', 'low', 'heat', 'breaking', 'fork', 'longer', 'pink', 'add', 'tomatoes', 'tomato', 'paste', 'parsley', 'basil', 'salt', 'pepper', 'simmer', 'uncovered', 'medium', 'low', 'heat', 'thickened', 'meanwhile', 'fill', 'large', 'bowl', 'hottest', 'tap', 'water', 'add', 'noodles', 'allow', 'sit', 'water', 'drain', 'medium', 'bowl', 'combine', 'ricotta', 'goat', 'cheese', 'parmesan', 'egg', 'remaining', 'parsley', 'remaining', 'salt', 'pepper', 'set', 'aside', 'ladle', 'sauce', '13', 'inch', 'baking', 'dish', 'spreading', 'sauce', 'bottom', 'dish', 'add', 'layers', 'follows', 'half', 'pasta', 'half', 'mozzarella', 'half', 'ricotta', 'one', 'sauce', 'add', 'rest', 'pasta', 'mozzarella', 'ricotta', 'finally', 'sauce', 'sprinkle', 'parmesan', 'bake', 'sauce', 'bubbling']",Italian
8412,"['mix', 'all', 'the', 'ingredients', 'listed', 'under', ""'for"", 'the', 'sauce', 'to', 'prepare', 'the', 'sauce', 'knead', 'together', 'the', 'ingredients', 'listed', 'under', ""'for"", 'the', 'dough', 'to', 'prepare', 'the', 'dough', 'then', 'make', 'mounds', 'of', 'dough', 'each', 'weighing', '225gms', 'flatted', 'the', 'balls', 'of', 'dough', 'in', 'a', 'round', 'shape', 'spread', 'on', 'the', 'sauce', 'evenly', 'on', 'each', 'mound', 'add', 'home-made', 'or', 'mozzarella', 'cheese', 'and', 'finely', 'chopped', 'veggies', 'cook', 'for', '12', 'to', '15', 'minutes', 'in', 'an', 'oven', 'at', '275°c', 'garnish', 'with', 'chopped', 'basil', 'and', 'serve', 'hot']","['mix', 'ingredients', 'listed', ""'for"", 'sauce', 'prepare', 'sauce', 'knead', 'together', 'ingredients', 'listed', ""'for"", 'dough', 'prepare', 'dough', 'make', 'mounds', 'dough', 'weighing', '225gms', 'flatted', 'balls', 'dough', 'round', 'shape', 'spread', 'sauce', 'evenly', 'mound', 'add', 'home', 'made', 'mozzarella', 'cheese', 'finely', 'chopped', 'veggies', 'cook', 'oven', '275°c', 'garnish', 'chopped', 'basil', 'serve', 'hot']",Indian
186,"['heat', 'the', 'oil', 'in', 'a', 'large', 'saute', 'pan', 'add', 'the', 'onions', '1/2', 'teaspoons', 'salt', 'and', 'a', 'few', 'grinds', 'of', 'black', 'pepper.saute', 'over', 'medium', 'heat', 'gently', 'scraping', 'the', 'pan', 'with', 'a', 'wooden', 'spoon', 'to', 'keep', 'the', 'onions', 'from', 'sticking', 'as', 'they', 'caramelize', 'after', 'about', '35', 'minutes', 'the', 'onions', 'should', 'be', 'a', 'rich', 'golden', 'color', 'and', 'very', 'sweet', 'add', 'the', 'garlic', 'and', 'saute', 'for', '5', 'minutes', 'add', 'the', 'wine', 'and', 'deglaze', 'the', 'pan', 'with', 'it', 'set', 'the', 'confit', 'aside', 'to', 'cool', 'preheat', 'the', 'oven', 'to', '500', 'f.', 'roll', 'out', 'the', 'dough', 'and', 'place', 'it', 'on', 'a', 'lightly', 'oiled', 'pizza', 'pan', 'brush', 'with', 'olive', 'oil', 'spread', 'the', 'confit', 'on', 'the', 'dough', 'and', 'sprinkle', 'on', 'the', 'walnuts', 'follow', 'with', 'the', 'gorgonzola', 'cheese', 'then', 'the', 'mozzarella', 'bake', 'the', 'pizza', 'for', 'about', '8-12', 'minutes', 'until', 'the', 'crust', 'is', 'golden', 'and', 'crisp', 'remove', 'it', 'from', 'the', 'oven', 'and', 'sprinkle', 'with', 'the', 'parmesan', 'cheese', 'and', 'sage']","['heat', 'oil', 'large', 'saute', 'pan', 'add', 'onions', 'salt', 'grinds', 'black', 'pepper.saute', 'medium', 'heat', 'gently', 'scraping', 'pan', 'wooden', 'spoon', 'keep', 'onions', 'sticking', 'caramelize', 'onions', 'rich', 'golden', 'color', 'sweet', 'add', 'garlic', 'saute', 'add', 'wine', 'deglaze', 'pan', 'set', 'confit', 'aside', 'cool', 'preheat', 'oven', 'f.', 'roll', 'dough', 'place', 'lightly', 'oiled', 'pizza', 'pan', 'brush', 'olive', 'oil', 'spread', 'confit', 'dough', 'sprinkle', 'walnuts', 'follow', 'gorgonzola', 'cheese', 'mozzarella', 'bake', 'pizza', 'crust', 'golden', 'crisp', 'remove', 'oven', 'sprinkle', 'parmesan', 'cheese', 'sage']",Italian
12138,"['put', 'the', 'water', 'into', 'a', 'large', 'pot', 'and', 'bring', 'it', 'to', 'a', 'boil', 'add', 'the', 'ground', 'ginger', 'cook', 'over', 'medium', 'heat', 'for', '3', 'or', '4', 'minutes', 'add', 'the', 'honey', 'lime', 'juice', 'pepper', 'and', 'cooked', 'rice', 'stir', 'well', 'heat', 'again', 'serve', 'hot', 'garnishing', 'the', 'bowls', 'with', 'the', 'lime', 'slices']","['put', 'water', 'large', 'pot', 'bring', 'boil', 'add', 'ground', 'ginger', 'cook', 'medium', 'heat', 'add', 'honey', 'lime', 'juice', 'pepper', 'cooked', 'rice', 'stir', 'well', 'heat', 'serve', 'hot', 'garnishing', 'bowls', 'lime', 'slices']",Indian
3781,"['brown', 'ground', 'beef', 'until', 'no', 'longer', 'pink', 'drain', 'and', 'set', 'aside', 'saute', 'peppers', 'onions', 'and', 'garlic', 'in', 'olive', 'oil', 'until', 'soft', 'and', 'aromatic', 'add', 'ground', 'beef', 'to', 'vegetable', 'mixture', 'mix', 'in', 'the', 'next', '5', 'ingredients', 'transfer', 'to', '2-quart', 'casserole', 'dish', 'and', 'top', 'with', 'shredded', 'mozzarella', 'bake', 'uncovered', 'in', 'preheated', '350°f', 'oven', 'until', 'thoroughly', 'heated', 'serve', 'with', 'additional', 'tomato', 'sauce', 'goes', 'well', 'with', 'a', 'nice', 'crusty', 'loaf', 'of', 'italian', 'bread', 'or', 'better', 'yet', 'garlic', 'bread']","['brown', 'ground', 'beef', 'longer', 'pink', 'drain', 'set', 'aside', 'saute', 'peppers', 'onions', 'garlic', 'olive', 'oil', 'soft', 'aromatic', 'add', 'ground', 'beef', 'vegetable', 'mixture', 'mix', 'next', 'ingredients', 'transfer', '2', 'quart', 'casserole', 'dish', 'top', 'shredded', 'mozzarella', 'bake', 'uncovered', 'preheated', '350°f', 'oven', 'thoroughly', 'heated', 'serve', 'additional', 'tomato', 'sauce', 'goes', 'well', 'nice', 'crusty', 'loaf', 'italian', 'bread', 'better', 'yet', 'garlic', 'bread']",Italian
2483,"['brown', 'ground', 'meat', 'in', 'skillet', 'and', 'drain', 'combine', 'spinach', 'ground', 'meat', 'ricotta', 'cheese', 'egg', 'parmesan', 'cheese', 'and', 'garlic', 'powder', 'spoon', 'this', 'mixture', 'into', 'manicotti', 'shells', 'and', 'place', 'in', '13', 'x', '9', 'inch', 'dish', 'sprayed', 'with', 'pam', 'pour', 'emeril', ""'s"", 'sauce', 'over', 'the', 'stuffed', 'manicotti', 'shells', 'and', 'sprinkle', 'with', 'mozzarella', 'cheese', 'bake', 'uncovered', 'in', 'preheated', '350', 'oven', 'for', '30', 'minute', 'or', 'until', 'heated', 'through']","['brown', 'ground', 'meat', 'skillet', 'drain', 'combine', 'spinach', 'ground', 'meat', 'ricotta', 'cheese', 'egg', 'parmesan', 'cheese', 'garlic', 'powder', 'spoon', 'mixture', 'manicotti', 'shells', 'place', 'x', 'dish', 'sprayed', 'pam', 'pour', 'emeril', 'sauce', 'stuffed', 'manicotti', 'shells', 'sprinkle', 'mozzarella', 'cheese', 'bake', 'uncovered', 'preheated', 'oven', 'heated']",Italian
8952,"['mix', 'all', 'dry', 'ingredients', 'together', 'and', 'make', 'a', 'well', 'whisk', 'eggs', 'lightly', 'and', 'add', 'to', 'milk', 'and', 'butter', 'mix', 'into', 'flour', 'mixture', 'dont', 'overmix', 'pour', 'into', '2', 'greased', 'loaf', 'tins', 'bake', 'in', 'preheated', '180', 'degrees', 'c', 'oven', 'for', '45', 'minutes']","['mix', 'dry', 'ingredients', 'together', 'make', 'well', 'whisk', 'eggs', 'lightly', 'add', 'milk', 'butter', 'mix', 'flour', 'mixture', 'dont', 'overmix', 'pour', 'greased', 'loaf', 'tins', 'bake', 'preheated', 'c', 'oven']",Indian
8874,"['heat', 'oil', 'in', 'a', 'heavy', 'bottom', 'wok', 'when', 'oil', 'heats', 'up', 'add', 'the', 'mustard', 'seeds', 'and', 'let', 'them', 'splutter', 'when', 'the', 'spluttering', 'stops', 'add', 'the', 'onions', 'green', 'chillies', 'ginger', 'pieces', 'and', 'curry', 'leaves', 'and', 'saute', 'till', 'transparent', 'add', 'your', 'vegetables', 'now', 'add', 'salt', 'and', '2', 'cups', 'of', 'water', 'and', 'wait', 'till', 'the', 'water', 'starts', 'boiling', 'for', 'every', 'cup', 'of', 'semolina', '2', 'cups', 'of', 'water', 'is', 'required', 'when', 'the', 'water', 'is', 'boiling', 'add', 'your', 'semolina', 'in', 'a', 'steady', 'stream', 'while', 'continuously', 'stirring', 'utmost', 'care', 'has', 'to', 'be', 'taken', 'at', 'this', 'point', 'or', 'else', 'the', 'umpa', 'will', 'be', 'full', 'of', 'uncooked', 'semolina', 'in', 'the', 'form', 'of', 'balls', 'reduce', 'the', 'flame', 'once', 'all', 'of', 'the', 'semolina', 'i', ""'s"", 'incorporated', 'and', 'cover', 'with', 'a', 'lid', 'for', 'a', 'minute', 'and', 'then', 'switch', 'off', 'the', 'flame', 'and', 'do', 'not', 'remove', 'the', 'lid', 'for', 'another', '5', 'minutes', 'serve', 'piping', 'hot', 'with', 'any', 'chutney', 'of', 'your', 'choice']","['heat', 'oil', 'heavy', 'bottom', 'wok', 'oil', 'heats', 'add', 'mustard', 'seeds', 'let', 'splutter', 'spluttering', 'stops', 'add', 'onions', 'green', 'chillies', 'ginger', 'pieces', 'curry', 'leaves', 'saute', 'till', 'transparent', 'add', 'vegetables', 'add', 'salt', 'water', 'wait', 'till', 'water', 'starts', 'boiling', 'every', 'semolina', 'water', 'required', 'water', 'boiling', 'add', 'semolina', 'steady', 'stream', 'continuously', 'stirring', 'utmost', 'care', 'taken', 'point', 'else', 'umpa', 'full', 'uncooked', 'semolina', 'form', 'balls', 'reduce', 'flame', 'semolina', 'incorporated', 'cover', 'lid', 'switch', 'flame', 'remove', 'lid', 'another', 'serve', 'piping', 'hot', 'chutney', 'choice']",Indian
7980,"['mix', 'the', 'chicken', 'in', 'the', 'marinade', 'n', 'leave', 'for', '1', 'hr', 'if', 'you', 'dont', 'have', 'the', 'time', 'then', 'go', 'ahead', 'to', 'the', 'next', 'step', 'put', 'in', 'the', 'egg', 'n', 'corn', 'flour', 'n', 'mix', 'to', 'coat', 'well', 'n', 'make', 'the', 'marinade', 'to', 'stick', 'to', 'the', 'chicken', 'pieces', 'heat', 'oil', 'for', 'frying', 'n', 'fry', 'the', 'chicken', 'pieces', 'till', 'light', 'golden', 'brown', 'make', 'the', 'yougurt', 'mix', 'n', 'put', 'in', 'a', 'bowl', 'nearby', 'while', 'frying', 'as', 'you', 'take', 'out', 'the', 'chicken', 'pieces', 'just', 'dip', 'them', 'directly', 'into', 'the', 'yougurt', 'mix', 'when', 'done', 'with', 'the', 'chicken', 'take', 'another', 'pan', 'heat', 'the', 'oil', 'for', 'tempering', 'add', 'the', 'green', 'chillies', 'you', 'can', 'slit', 'them', 'in', 'the', 'middle', 'if', 'you', 'want', 'an', 'even', 'spicier', 'curry', 'curry', 'leaves', 'cover', 'immidiately', 'with', 'a', 'lid', 'because', 'the', 'oil', 'will', 'splutter', 'alot', 'fry', 'till', 'charred', 'or', 'blackened', 'be', 'careful', 'at', 'this', 'stage', 'n', 'lower', 'the', 'heat', 'before', 'opening', 'the', 'lid', 'take', 'this', 'pan', 'away', 'from', 'the', 'heat', 'and', 'add', 'the', 'chicken', 'n', 'yougurt', 'mix', 'put', 'it', 'back', 'on', 'the', 'heat', 'lower', 'the', 'heat', 'n', 'cook', 'till', 'the', 'liquid', 'from', 'the', 'yougurt', 'dries', 'up', 'a', 'dry', 'curry', 'is', 'left', 'serve']","['mix', 'chicken', 'marinade', 'n', 'leave', 'hr', 'dont', 'time', 'go', 'ahead', 'next', 'step', 'put', 'egg', 'n', 'corn', 'flour', 'n', 'mix', 'coat', 'well', 'n', 'make', 'marinade', 'stick', 'chicken', 'pieces', 'heat', 'oil', 'frying', 'n', 'fry', 'chicken', 'pieces', 'till', 'light', 'golden', 'brown', 'make', 'yougurt', 'mix', 'n', 'put', 'bowl', 'nearby', 'frying', 'take', 'chicken', 'pieces', 'dip', 'directly', 'yougurt', 'mix', 'done', 'chicken', 'take', 'another', 'pan', 'heat', 'oil', 'tempering', 'add', 'green', 'chillies', 'slit', 'middle', 'want', 'even', 'spicier', 'curry', 'curry', 'leaves', 'cover', 'immidiately', 'lid', 'oil', 'splutter', 'alot', 'fry', 'till', 'charred', 'blackened', 'careful', 'stage', 'n', 'lower', 'heat', 'opening', 'lid', 'take', 'pan', 'away', 'heat', 'add', 'chicken', 'n', 'yougurt', 'mix', 'put', 'back', 'heat', 'lower', 'heat', 'n', 'cook', 'till', 'liquid', 'yougurt', 'dries', 'dry', 'curry', 'left', 'serve']",Indian
5666,"['heat', 'oil', 'in', 'heavy', 'large', 'pot', 'over', 'medium', 'heat', 'add', 'onion', 'garlic', 'chili', 'and', 'oregano', 'to', 'skillet', 'saute', 'until', 'onion', 'is', 'tender', 'about', '6', 'minutes', 'add', 'clams', 'with', 'their', 'juices', 'and', 'cream', 'simmer', 'until', 'sauce', 'thickens', 'slightly', 'about', '4', 'minutes', 'add', 'pasta', 'and', '4', 'tablespoons', 'basil', 'toss', 'until', 'sauce', 'coats', 'pasta', 'about', '2', 'minutes', 'season', 'with', 'salt', 'and', 'pepper', 'transfer', 'pasta', 'to', 'large', 'bowl', 'sprinkle', 'with', 'remaining', 'basil']","['heat', 'oil', 'heavy', 'large', 'pot', 'medium', 'heat', 'add', 'onion', 'garlic', 'chili', 'oregano', 'skillet', 'saute', 'onion', 'tender', 'add', 'clams', 'juices', 'cream', 'simmer', 'sauce', 'thickens', 'slightly', 'add', 'pasta', 'basil', 'toss', 'sauce', 'coats', 'pasta', 'season', 'salt', 'pepper', 'transfer', 'pasta', 'large', 'bowl', 'sprinkle', 'remaining', 'basil']",Italian
12715,"['preheat', 'oven', 'to', '325', 'degrees', 'f.', 'saute', 'shallots', 'and', 'curry', 'in', 'butter', 'and', 'blend', 'in', 'the', 'flour', 'add', 'chicken', 'broth', 'half', 'and', 'half', 'salt', 'and', 'pepper', 'stirring', 'until', 'smooth', 'simmer', 'to', 'reduce', 'slightly', 'mix', 'in', 'the', 'seafood', 'place', 'in', 'buttered', 'casserole', 'dish', 'and', 'bake', 'for', '45', 'minutes']","['preheat', 'oven', 'f.', 'saute', 'shallots', 'curry', 'butter', 'blend', 'flour', 'add', 'chicken', 'broth', 'half', 'half', 'salt', 'pepper', 'stirring', 'smooth', 'simmer', 'reduce', 'slightly', 'mix', 'seafood', 'place', 'buttered', 'casserole', 'dish', 'bake']",Indian
4325,"['preheat', 'oven', 'to', '400', 'degrees', 'heat', 'oil', 'and', 'butter', 'in', 'pan', 'add', 'garlic', 'to', 'cook', 'for', '2', 'minutes', 'add', 'herbs', 'salt', 'pepper', 'and', 'pepper', 'flakes', 'remove', 'from', 'heat', 'and', 'toss', 'in', 'bread', 'cubes', 'to', 'coat', 'sprinkle', 'on', 'cheese', 'toss', 'to', 'coat', 'coat', 'a', 'cookie', 'sheet', 'pan', 'with', 'cooking', 'spray', 'spread', 'cubes', 'on', 'pan', 'in', 'a', 'single', 'layer', 'bake', 'at', '400°', 'for', '10', 'minutes', 'or', 'until', 'golden', 'check', 'frequently', 'to', 'prevent', 'burning', 'cool']","['preheat', 'oven', 'heat', 'oil', 'butter', 'pan', 'add', 'garlic', 'cook', 'add', 'herbs', 'salt', 'pepper', 'pepper', 'flakes', 'remove', 'heat', 'toss', 'bread', 'cubes', 'coat', 'sprinkle', 'cheese', 'toss', 'coat', 'coat', 'cookie', 'sheet', 'pan', 'cooking', 'spray', 'spread', 'cubes', 'pan', 'single', 'layer', 'bake', '400°', 'golden', 'check', 'frequently', 'prevent', 'burning', 'cool']",Italian
7455,"['wash', 'rice', 'and', 'soak', 'in', 'water', 'for', 'around', '1/2', 'an', 'hour', 'drain', 'and', 'set', 'aside', 'heat', 'ghee', 'in', 'a', 'vessel', 'and', 'add', 'the', 'onions', 'fry', 'till', 'they', 'are', 'translucent', 'and', 'add', 'the', 'whole', 'spices', 'and', 'bay', 'leaves', 'fry', 'now', 'till', 'onions', 'are', 'golden', 'brown', 'now', 'add', 'the', 'cumin', 'and', 'sugar', 'and', 'let', 'the', 'sugar', 'caramalise', 'be', 'careful', 'not', 'to', 'burn', 'the', 'sugar', 'add', 'the', 'drained', 'rice', 'and', 'mix', 'well', 'till', 'the', 'rice', 'is', 'well', 'coated', 'then', 'add', '5', 'cups', 'of', 'boiling', 'hot', 'water', 'and', 'salt', 'lower', 'heat', 'and', 'cover', 'pan', 'and', 'cook', 'till', 'water', 'is', 'absorbed', 'and', 'rice', 'cooked']","['wash', 'rice', 'soak', 'water', 'around', 'drain', 'set', 'aside', 'heat', 'ghee', 'vessel', 'add', 'onions', 'fry', 'till', 'translucent', 'add', 'whole', 'spices', 'bay', 'leaves', 'fry', 'till', 'onions', 'golden', 'brown', 'add', 'cumin', 'sugar', 'let', 'sugar', 'caramalise', 'careful', 'burn', 'sugar', 'add', 'drained', 'rice', 'mix', 'well', 'till', 'rice', 'well', 'coated', 'add', 'boiling', 'hot', 'water', 'salt', 'lower', 'heat', 'cover', 'pan', 'cook', 'till', 'water', 'absorbed', 'rice', 'cooked']",Indian
6534,"['bring', 'a', 'large', 'pot', 'of', 'water', 'to', 'a', 'boil', 'for', 'the', 'pasta', 'meanwhile', 'in', 'a', 'high', 'sided', 'skillet', 'heat', 'the', 'oil', 'over', 'medium', 'heat', 'when', 'the', 'oil', 'ripples', 'add', 'the', 'mushrooms', 'allspice', 'bay', 'leaf', 'oregano', 'and', 'black', 'pepper', 'and', 'cook', 'until', 'the', 'mushrooms', 'darken', 'and', 'become', 'tender', '6-7', 'minutes', 'add', 'the', 'carrots', 'celery', 'onions', 'garlic', 'and', 'cubanelle', 'and', 'bell', 'peppers', 'and', 'season', 'with', 'salt', 'cook', 'for', '6-7', 'minutes', 'more', 'then', 'stir', 'in', 'tomato', 'paste', 'and', 'cook', '1', 'minute', 'add', 'the', 'wine', 'and', 'stir', 'with', 'a', 'wooden', 'spoon', 'to', 'scrape', 'up', 'any', 'brown', 'bits', 'from', 'the', 'bottom', 'of', 'the', 'pan', 'cook', 'for', '1', 'minute', 'to', 'reduce', 'the', 'wine', 'then', 'stir', 'in', 'the', 'stock', 'and', 'tomatoes', 'bring', 'the', 'sauce', 'to', 'a', 'boil', 'then', 'reduce', 'the', 'heat', 'to', 'a', 'simmer', 'season', 'with', 'worcestershire', 'and', 'salt', 'and', 'pepper', 'to', 'taste', 'simmer', 'for', '10', 'minutes', 'more', 'then', 'discard', 'the', 'bay', 'leaf', 'while', 'the', 'ragout', 'is', 'cooking', 'salt', 'the', 'boiling', 'water', 'and', 'cook', 'the', 'penne', 'to', 'al', 'dente', 'when', 'the', 'pasta', 'is', 'done', 'drain', 'it', 'and', 'return', 'it', 'to', 'the', 'hot', 'pot', 'toss', 'with', 'half', 'the', 'sauce', 'the', 'basil', 'and', 'the', '1/2', 'cup', 'of', 'grated', 'cheese', 'top', 'bowlfuls', 'of', 'pasta', 'with', 'the', 'remaining', 'sauce', 'and', 'pass', 'more', 'grated', 'cheese', 'at', 'the', 'table', 'enjoy']","['bring', 'large', 'pot', 'water', 'boil', 'pasta', 'meanwhile', 'high', 'sided', 'skillet', 'heat', 'oil', 'medium', 'heat', 'oil', 'ripples', 'add', 'mushrooms', 'allspice', 'bay', 'leaf', 'oregano', 'black', 'pepper', 'cook', 'mushrooms', 'darken', 'become', 'tender', 'add', 'carrots', 'celery', 'onions', 'garlic', 'cubanelle', 'bell', 'peppers', 'season', 'salt', 'cook', 'stir', 'tomato', 'paste', 'cook', 'add', 'wine', 'stir', 'wooden', 'spoon', 'scrape', 'brown', 'bits', 'bottom', 'pan', 'cook', 'reduce', 'wine', 'stir', 'stock', 'tomatoes', 'bring', 'sauce', 'boil', 'reduce', 'heat', 'simmer', 'season', 'worcestershire', 'salt', 'pepper', 'taste', 'simmer', 'discard', 'bay', 'leaf', 'ragout', 'cooking', 'salt', 'boiling', 'water', 'cook', 'penne', 'al', 'dente', 'pasta', 'done', 'drain', 'return', 'hot', 'pot', 'toss', 'half', 'sauce', 'basil', 'grated', 'cheese', 'top', 'bowlfuls', 'pasta', 'remaining', 'sauce', 'pass', 'grated', 'cheese', 'table', 'enjoy']",Italian
6440,"['in', 'a', 'small', 'saucepan', 'combine', 'all', 'ingredients', 'cook', 'and', 'stir', 'over', 'medium', 'heat', 'for', '2', 'minutes']","['small', 'saucepan', 'combine', 'ingredients', 'cook', 'stir', 'medium', 'heat']",Italian
8708,"['mix', 'ricotta', 'cheese', '4oz', 'condensed', 'milk', 'dry', 'milk', 'honey', 'dark', 'chocolate', 'chunks', '1/2', 'cup', 'slivered', 'almonds', 'and', '1tsp', 'cardamom', 'powder', 'cover', 'a', 'small', 'baking', 'pan', 'with', 'reynolds', 'wrap', 'use', 'a', 'medium', 'ice', 'cream', 'scoop', 'to', 'scoop', 'out', 'ball', 'of', 'ricotta', 'mix', 'and', 'put', 'them', 'in', 'the', 'baking', 'pan', 'bake', 'it', 'at', '350f', 'for', '20-25', 'minutes', 'in', 'the', 'oven', 'until', 'firm', 'don', '’', 't', 'let', 'it', 'turn', 'brown', 'keep', 'it', 'aside', 'and', 'let', 'it', 'cool', 'down', 'for', '10', 'minutes', 'in', 'a', 'pan', 'boil', 'heavy', 'cream', 'with', '1tsp', 'cardamom', 'powder,1/2', 'cup', 'slivered', 'almonds', 'and', '10oz', 'condensed', 'milk', 'for', '10', 'minutes', 'add', 'baked', 'ricotta', 'ball', 'in', 'it', 'don', '’', 't', 'stir', 'it', 'let', 'it', 'boil', 'on', 'medium', 'heat', 'for', '2-3', 'minutes', 'take', 'it', 'out', 'in', 'a', 'serving', 'dish', 'sprinkle', 'chopped', 'or', 'powdered', 'unsalted', 'pistachios', 'on', 'it', 'and', 'let', 'it', 'chill', 'serve', 'it', 'as', 'it', 'is', 'or', 'with', 'a', 'scoop', 'of', 'ice', 'cream']","['mix', 'ricotta', 'cheese', '4oz', 'condensed', 'milk', 'dry', 'milk', 'honey', 'dark', 'chocolate', 'chunks', 'slivered', 'almonds', '1tsp', 'cardamom', 'powder', 'cover', 'small', 'baking', 'pan', 'reynolds', 'wrap', 'use', 'medium', 'ice', 'cream', 'scoop', 'scoop', 'ball', 'ricotta', 'mix', 'put', 'baking', 'pan', 'bake', '350f', 'oven', 'firm', '’', 'let', 'turn', 'brown', 'keep', 'aside', 'let', 'cool', 'pan', 'boil', 'heavy', 'cream', '1tsp', 'cardamom', 'powder,1/2', 'slivered', 'almonds', '10oz', 'condensed', 'milk', 'add', 'baked', 'ricotta', 'ball', '’', 'stir', 'let', 'boil', 'medium', 'heat', 'take', 'serving', 'dish', 'sprinkle', 'chopped', 'powdered', 'unsalted', 'pistachios', 'let', 'chill', 'serve', 'scoop', 'ice', 'cream']",Indian
11268,"['in', 'a', 'pressure', 'cooker', 'put', 'the', 'lentils', 'tomatoes', 'and', '4', 'cups', 'of', 'water', 'with', 'a', 'pinch', 'of', 'turmeric', 'powder', 'pressure', 'cook', 'until', 'the', 'lentils', 'are', 'tender', 'heat', '1', 'tablespoons', 'of', 'oil', 'in', 'a', 'pot', 'once', 'its', 'hot', 'add', 'mustard', 'and', 'cumin', 'seeds', 'allow', 'to', 'splutter', 'once', 'they', 'stop', 'spluttering', 'add', 'corriander', 'seeds', 'asafoetida', 'powder', 'curry', 'leaves', 'and', 'green', 'chillies', 'stir-fry', 'for', '5', 'minutes', 'add', 'onions', 'and', 'stir-fry', 'till', 'they', 'become', 'golden', 'brown', 'in', 'colour', 'remove', 'from', 'heat', 'open', 'the', 'pressure', 'cooker', 'add', 'this', 'mixture', 'to', 'the', 'cooked', 'dal', 'stir', 'well', 'add', 'tamarind', 'pulp', 'and', 'salt', 'to', 'taste', 'mix', 'well', 'and', 'bring', 'to', 'a', 'boil', 'remove', 'from', 'heat', 'garnish', 'with', 'corriander', 'leaves', 'and', 'serve', 'hot', 'over', 'rice', 'alongwith', 'some', 'plain', 'yogurt', 'on', 'the', 'side', 'or', 'with', 'dosas', 'and', 'chutney', 'enjoy']","['pressure', 'cooker', 'put', 'lentils', 'tomatoes', 'water', 'pinch', 'turmeric', 'powder', 'pressure', 'cook', 'lentils', 'tender', 'heat', 'oil', 'pot', 'hot', 'add', 'mustard', 'cumin', 'seeds', 'allow', 'splutter', 'stop', 'spluttering', 'add', 'corriander', 'seeds', 'asafoetida', 'powder', 'curry', 'leaves', 'green', 'chillies', 'stir', 'fry', 'add', 'onions', 'stir', 'fry', 'till', 'become', 'golden', 'brown', 'colour', 'remove', 'heat', 'open', 'pressure', 'cooker', 'add', 'mixture', 'cooked', 'dal', 'stir', 'well', 'add', 'tamarind', 'pulp', 'salt', 'taste', 'mix', 'well', 'bring', 'boil', 'remove', 'heat', 'garnish', 'corriander', 'leaves', 'serve', 'hot', 'rice', 'alongwith', 'plain', 'yogurt', 'side', 'dosas', 'chutney', 'enjoy']",Indian
12466,"['mix', 'all', 'the', 'three', 'flours', 'and', 'salt', 'with', 'water', 'in', 'a', 'mixing', 'bowl', 'to', 'obtain', 'a', 'thin', 'batter', 'keep', 'aside', 'on', 'the', 'kitchen', 'countertop', 'for', '30', 'minutes', 'when', 'ready', 'to', 'prepare', 'dosas', 'sprinkle', 'the', 'fruit', 'salt', 'on', 'the', 'batter', 'mix', 'gently', 'heat', 'a', 'non-stick', 'pan', 'grease', 'it', 'lightly', 'with', 'oil', 'when', 'it', 'is', 'hot', 'pour', 'one', 'quarter', 'of', 'the', 'batter', 'on', 'the', 'pan', 'spread', 'it', 'out', 'in', 'a', 'circular', 'motion', 'to', 'make', 'a', 'thin', 'dosa', 'cook', 'on', 'one', 'side', 'then', 'pour', 'a', 'little', 'oil', 'along', 'the', 'edges', 'so', 'that', 'it', 'turns', 'crisp', 'fold', 'over', 'and', 'serve', 'repeat', 'with', 'the', 'remaining', 'batter', 'to', 'make', '3', 'more', 'dosas', 'serve', 'with', 'low', 'cal', 'green', 'chutney', 'enjoy']","['mix', 'three', 'flours', 'salt', 'water', 'mixing', 'bowl', 'obtain', 'thin', 'batter', 'keep', 'aside', 'kitchen', 'countertop', 'ready', 'prepare', 'dosas', 'sprinkle', 'fruit', 'salt', 'batter', 'mix', 'gently', 'heat', 'non', 'stick', 'pan', 'grease', 'lightly', 'oil', 'hot', 'pour', 'one', 'quarter', 'batter', 'pan', 'spread', 'circular', 'motion', 'make', 'thin', 'dosa', 'cook', 'one', 'side', 'pour', 'little', 'oil', 'along', 'edges', 'turns', 'crisp', 'fold', 'serve', 'repeat', 'remaining', 'batter', 'make', 'dosas', 'serve', 'low', 'cal', 'green', 'chutney', 'enjoy']",Indian
2921,"['make', 'the', 'crespelle', 'in', 'a', 'medium', 'bowl', 'whisk', 'the', 'flour', 'with', 'the', 'salt', 'in', 'a', 'small', 'bowl', 'whisk', 'the', 'eggs', 'with', 'the', 'milk', 'whisk', 'the', 'egg', 'mixture', 'into', 'the', 'flour', 'mixture', 'until', 'smooth', 'whisk', 'in', 'the', 'melted', 'butter', 'until', 'just', 'blended', 'cover', 'the', 'batter', 'and', 'refrigerate', 'for', '1', 'hour', 'heat', 'a', '10-inch', 'nonstick', 'skillet', 'over', 'moderately', 'high', 'heat', 'with', 'a', 'paper', 'towel', 'rub', 'the', 'skillet', 'with', 'olive', 'oil', 'pour', 'in', '1/4', 'cup', 'of', 'the', 'crespelle', 'batter', 'and', 'tilt', 'the', 'skillet', 'to', 'distribute', 'the', 'batter', 'cook', 'the', 'crespella', 'until', 'golden', 'brown', 'on', 'the', 'bottom', '2', 'minutes', 'flip', 'and', 'cook', 'until', 'browned', 'in', 'spots', '1', 'minute', 'longer', 'invert', 'the', 'crespella', 'onto', 'a', 'baking', 'sheet', 'repeat', 'with', 'the', 'remaining', 'batter', 'rubbing', 'the', 'pan', 'with', 'oil', 'as', 'needed', 'you', 'should', 'have', '8', 'crespelle', 'make', 'the', 'filling', 'preheat', 'the', 'oven', 'to', '375°', 'in', 'a', 'medium', 'bowl', 'blend', 'the', 'ricotta', 'with', 'the', 'chopped', 'parsley', 'and', '1/3', 'cup', 'of', 'the', 'parmigiano-reggiano', 'cheese', 'season', 'the', 'filling', 'with', 'salt', 'and', 'pepper', 'lay', 'the', '8', 'crespelle', 'on', 'a', 'work', 'surface', 'spread', '2', 'rounded', 'tablespoons', 'of', 'the', 'ricotta', 'filling', 'over', 'half', 'of', 'each', 'crespella', 'fold', 'the', 'crespelle', 'over', 'the', 'filling', 'then', 'fold', 'them', 'in', 'half', 'again', 'to', 'form', 'quarters', 'spread', 'half', 'of', 'the', 'marinara', 'sauce', 'in', 'the', 'bottom', 'of', 'a', '9-by-13-inch', 'baking', 'dish', 'arrange', 'the', 'filled', 'crespelle', 'in', 'the', 'dish', 'in', 'a', 'single', 'layer', 'overlapping', 'them', 'slightly', 'top', 'with', 'the', 'remaining', 'marinara', 'sauce', 'and', 'sprinkle', 'with', 'the', 'remaining', '1/3', 'cup', 'of', 'parmigiano-reggiano', 'cheese', 'bake', 'for', 'about', '25', 'minutes', 'until', 'golden', 'brown', 'and', 'bubbling', 'serve']","['make', 'crespelle', 'medium', 'bowl', 'whisk', 'flour', 'salt', 'small', 'bowl', 'whisk', 'eggs', 'milk', 'whisk', 'egg', 'mixture', 'flour', 'mixture', 'smooth', 'whisk', 'melted', 'butter', 'blended', 'cover', 'batter', 'refrigerate', 'heat', '10', 'inch', 'nonstick', 'skillet', 'moderately', 'high', 'heat', 'paper', 'towel', 'rub', 'skillet', 'olive', 'oil', 'pour', 'crespelle', 'batter', 'tilt', 'skillet', 'distribute', 'batter', 'cook', 'crespella', 'golden', 'brown', 'bottom', 'flip', 'cook', 'browned', 'spots', 'longer', 'invert', 'crespella', 'onto', 'baking', 'sheet', 'repeat', 'remaining', 'batter', 'rubbing', 'pan', 'oil', 'needed', 'crespelle', 'make', 'filling', 'preheat', 'oven', '375°', 'medium', 'bowl', 'blend', 'ricotta', 'chopped', 'parsley', 'parmigiano', 'reggiano', 'cheese', 'season', 'filling', 'salt', 'pepper', 'lay', 'crespelle', 'work', 'surface', 'spread', 'rounded', 'ricotta', 'filling', 'half', 'crespella', 'fold', 'crespelle', 'filling', 'fold', 'half', 'form', 'quarters', 'spread', 'half', 'marinara', 'sauce', 'bottom', '9', '13', 'inch', 'baking', 'dish', 'arrange', 'filled', 'crespelle', 'dish', 'single', 'layer', 'overlapping', 'slightly', 'top', 'remaining', 'marinara', 'sauce', 'sprinkle', 'remaining', 'parmigiano', 'reggiano', 'cheese', 'bake', 'golden', 'brown', 'bubbling', 'serve']",Italian
11568,"['rinse', 'lentils', 'thoroughly', 'and', 'place', 'in', 'a', 'medium', 'saucepan', 'along', 'with', 'ginger', 'turmeric', 'salt', 'and', 'cayenne', 'pepper', 'cover', 'with', 'about', '1', 'inch', 'of', 'water', 'and', 'bring', 'to', 'a', 'boil', 'skim', 'off', 'any', 'foam', 'that', 'forms', 'on', 'top', 'of', 'the', 'lentils', 'reduce', 'heat', 'and', 'simmer', 'stirring', 'occasionally', 'until', 'beans', 'are', 'tender', 'and', 'soupy', 'meanwhile', 'in', 'a', 'microwave', 'safe', 'dish', 'combine', 'oil', 'dried', 'onion', 'and', 'cumin', 'seeds', 'microwave', 'on', 'high', 'for', '45', 'seconds', 'to', '1', 'minute', 'be', 'sure', 'to', 'brown', 'but', 'not', 'burn', 'onions', 'stir', 'into', 'lentil', 'mixture']","['rinse', 'lentils', 'thoroughly', 'place', 'medium', 'saucepan', 'along', 'ginger', 'turmeric', 'salt', 'cayenne', 'pepper', 'cover', 'water', 'bring', 'boil', 'skim', 'foam', 'forms', 'top', 'lentils', 'reduce', 'heat', 'simmer', 'stirring', 'occasionally', 'beans', 'tender', 'soupy', 'meanwhile', 'microwave', 'safe', 'dish', 'combine', 'oil', 'dried', 'onion', 'cumin', 'seeds', 'microwave', 'high', 'seconds', 'sure', 'brown', 'burn', 'onions', 'stir', 'lentil', 'mixture']",Indian
1398,"['preheat', 'the', 'oven', 'to', '350f/175°c', 'spread', 'the', 'almonds', 'on', 'a', 'baking', 'sheet', 'and', 'toast', 'until', 'golden', 'and', 'fragrant', 'about', '10-12', 'minutes', 'cool', 'completely', 'grease', 'a', '9-inch/23cm', 'springform', 'pan', 'and', 'set', 'aside', 'in', 'a', 'food', 'processor', 'or', 'clean', 'coffee', 'grinder', 'grind', 'the', 'almonds', 'as', 'finely', 'as', 'possible', 'with', '1/4', 'cup', '50g', 'of', 'the', 'sugar', 'in', 'a', 'medium', 'bowl', 'stir', 'together', 'the', 'ground', 'almonds', 'buckwheat', 'flour', 'salt', 'cinnamon', 'lemon', 'zest', 'and', 'baking', 'powder', 'in', 'another', 'bowl', 'beat', 'the', 'butter', 'and', '1', 'cup', '200g', 'of', 'the', 'sugar', 'until', 'fluffy', 'add', 'the', 'egg', 'yolks', 'one', 'at', 'a', 'time', 'beating', 'well', 'after', 'each', 'addition', 'beat', 'in', 'the', 'dry', 'mixture', 'alternately', 'with', 'the', 'milk', 'until', 'everything', 'is', 'well', 'combined', 'in', 'a', 'clean', 'mixing', 'bowl', 'and', 'using', 'spotlessly', 'clean', 'beaters', 'whip', 'the', 'egg', 'whites', 'with', 'the', 'remaining', '1/4', 'cup', '50g', 'sugar', 'until', 'they', 'form', 'stiff', 'glossy', 'peaks', 'stir', 'one-quarter', 'of', 'the', 'whites', 'into', 'the', 'cake', 'batter', 'to', 'lighten', 'it', 'then', 'gently', 'fold', 'in', 'the', 'rest', 'scrape', 'the', 'batter', 'into', 'the', 'greased', 'pan', 'smoothing', 'the', 'top', 'bake', 'the', 'cake', 'in', 'the', 'preheated', 'oven', 'for', '45-55', 'minutes', 'or', 'until', 'a', 'toothpick', 'inserted', 'in', 'the', 'center', 'comes', 'out', 'clean', 'covering', 'the', 'top', 'loosely', 'with', 'foil', 'if', 'it', 'begins', 'to', 'darken', 'too', 'much', 'cool', 'the', 'cake', 'for', 'ten', 'minutes', 'on', 'a', 'rack', 'then', 'carefully', 'remote', 'the', 'outer', 'ring', 'and', 'cool', 'completely', 'store', 'covered', 'at', 'room', 'temperature', 'for', 'up', 'to', '3-4', 'days', 'dust', 'with', 'a', 'little', 'powdered', 'sugar', 'before', 'serving', 'if', 'you', 'like']","['preheat', 'oven', '350f/175°c', 'spread', 'almonds', 'baking', 'sheet', 'toast', 'golden', 'fragrant', 'cool', 'completely', 'grease', '9', 'inch/23cm', 'springform', 'pan', 'set', 'aside', 'food', 'processor', 'clean', 'coffee', 'grinder', 'grind', 'almonds', 'finely', 'possible', '50g', 'sugar', 'medium', 'bowl', 'stir', 'together', 'ground', 'almonds', 'buckwheat', 'flour', 'salt', 'cinnamon', 'lemon', 'zest', 'baking', 'powder', 'another', 'bowl', 'beat', 'butter', '200g', 'sugar', 'fluffy', 'add', 'egg', 'yolks', 'one', 'time', 'beating', 'well', 'addition', 'beat', 'dry', 'mixture', 'alternately', 'milk', 'everything', 'well', 'combined', 'clean', 'mixing', 'bowl', 'using', 'spotlessly', 'clean', 'beaters', 'whip', 'egg', 'whites', 'remaining', '50g', 'sugar', 'form', 'stiff', 'glossy', 'peaks', 'stir', 'one', 'quarter', 'whites', 'cake', 'batter', 'lighten', 'gently', 'fold', 'rest', 'scrape', 'batter', 'greased', 'pan', 'smoothing', 'top', 'bake', 'cake', 'preheated', 'oven', 'toothpick', 'inserted', 'center', 'comes', 'clean', 'covering', 'top', 'loosely', 'foil', 'begins', 'darken', 'much', 'cool', 'cake', 'ten', 'rack', 'carefully', 'remote', 'outer', 'ring', 'cool', 'completely', 'store', 'covered', 'room', 'temperature', 'days', 'dust', 'little', 'powdered', 'sugar', 'serving', 'like']",Italian
12519,"['put', 'the', 'first', 'eight', 'ingredients', 'in', 'a', 'large', 'saucepan', 'or', 'a', 'small', 'dutch', 'oven', 'in', 'the', 'summer', 'you', 'may', 'use', 'fresh', 'tomatoes', 'bring', 'mixture', 'to', 'a', 'boil', 'reduce', 'heat', 'and', 'simmer', 'until', 'the', 'onions', 'are', 'very', 'tender', 'and', 'most', 'of', 'the', 'liquid', 'has', 'evaporated', 'add', 'more', 'water', 'if', 'needed', 'stir', 'in', 'salt', 'in', 'a', 'small', 'frying', 'pan', 'put', 'the', 'oil', 'chana', 'dal', 'black', 'mustard', 'seeds', 'urad', 'dal', 'cumin', 'seeds', 'and', 'methi', 'fenugreek', 'seeds', 'and', 'heat', 'over', 'high', 'heat', 'once', 'the', 'mustard', 'seeds', 'have', 'started', 'popping', 'and', 'the', 'dals', 'are', 'light', 'brown', 'quickly', 'stir', 'in', 'the', 'hing', 'ginger', 'powder', 'and', 'curry', 'leaves', 'immediately', 'add', 'the', 'spices', 'to', 'the', 'spinach', 'and', 'stir', 'to', 'blend', 'serve', 'with', 'plain', 'boiled', 'rice']","['put', 'first', 'eight', 'ingredients', 'large', 'saucepan', 'small', 'dutch', 'oven', 'summer', 'may', 'use', 'fresh', 'tomatoes', 'bring', 'mixture', 'boil', 'reduce', 'heat', 'simmer', 'onions', 'tender', 'liquid', 'evaporated', 'add', 'water', 'needed', 'stir', 'salt', 'small', 'frying', 'pan', 'put', 'oil', 'chana', 'dal', 'black', 'mustard', 'seeds', 'urad', 'dal', 'cumin', 'seeds', 'methi', 'fenugreek', 'seeds', 'heat', 'high', 'heat', 'mustard', 'seeds', 'started', 'popping', 'dals', 'light', 'brown', 'quickly', 'stir', 'hing', 'ginger', 'powder', 'curry', 'leaves', 'immediately', 'add', 'spices', 'spinach', 'stir', 'blend', 'serve', 'plain', 'boiled', 'rice']",Indian
3301,"['bring', 'a', 'pot', 'of', 'water', 'to', 'boil', 'cook', 'green', 'beans', '8', 'to', '10', 'minutes', 'until', 'beans', 'are', 'crisp-tender', 'remove', 'from', 'water', 'and', 'pat', 'dry', 'set', 'aside', 'cook', 'linguini', 'according', 'to', 'package', 'directions', 'until', 'al', 'dente', 'toss', 'cooked', 'pasta', 'with', 'pesto', 'green', 'beans', 'and', 'sun-dried', 'tomatoes', 'season', 'with', 'salt', 'and', 'pepper', 'divide', 'among', 'individual', 'serving', 'bowls', 'serve', 'with', 'grated', 'cheese']","['bring', 'pot', 'water', 'boil', 'cook', 'green', 'beans', 'beans', 'crisp', 'tender', 'remove', 'water', 'pat', 'dry', 'set', 'aside', 'cook', 'linguini', 'according', 'package', 'directions', 'al', 'dente', 'toss', 'cooked', 'pasta', 'pesto', 'green', 'beans', 'sun', 'dried', 'tomatoes', 'season', 'salt', 'pepper', 'divide', 'among', 'individual', 'serving', 'bowls', 'serve', 'grated', 'cheese']",Italian
6477,"['combine', 'all', 'ingredients', 'except', 'for', 'the', 'starch', 'cheese', 'and', 'water', 'put', 'into', 'a', 'sauce', 'pan', 'and', 'bring', 'to', 'a', 'boil', 'blend', 'together', 'the', 'arrowroot', 'and', 'cold', 'water', 'add', 'slowly', 'to', 'the', 'sauce', 'stirring', 'constantly', 'let', 'sauce', 'simmer', 'for', '2', 'minutes', 'remove', 'from', 'heat', 'slowly', 'add', 'and', 'blend', 'in', 'the', 'cheese', 'season', 'to', 'taste']","['combine', 'ingredients', 'except', 'starch', 'cheese', 'water', 'put', 'sauce', 'pan', 'bring', 'boil', 'blend', 'together', 'arrowroot', 'cold', 'water', 'add', 'slowly', 'sauce', 'stirring', 'constantly', 'let', 'sauce', 'simmer', 'remove', 'heat', 'slowly', 'add', 'blend', 'cheese', 'season', 'taste']",Italian
9395,"['combine', 'first', '7', 'ingredients', 'in', 'a', 'small', 'bowl', 'add', '1/4', 'teaspoon', 'of', 'black', 'pepper', 'stirring', 'until', 'well', 'blended', 'heat', 'oil', 'in', 'a', 'large', 'nonstick', 'skillet', 'over', 'medium', 'heat', 'add', 'onion', 'cook', '3', 'minutes', 'stirring', 'occasionally', 'add', 'ginger', 'mixture', 'cook', '1', 'minute', 'stirring', 'frequently', 'add', 'broth', 'bring', 'to', 'a', 'boil', 'reduce', 'heat', 'and', 'simmer', '5', 'minutes', 'add', 'coconut', 'milk', 'and', 'juice', 'simmer', '2', 'minutes', 'sprinkle', 'fish', 'with', 'remaining', '1/4', 'teaspoon', 'black', 'pepper', 'and', 'salt', 'add', 'fish', 'to', 'pan', 'cook', '8', 'minutes', 'or', 'until', 'fish', 'flakes', 'easily', 'when', 'tested', 'with', 'a', 'fork', 'or', 'until', 'the', 'desired', 'degree', 'of', 'doneness', 'garnish', 'with', 'the', 'chopped', 'fresh', 'parsley', 'if', 'desired']","['combine', 'first', 'ingredients', 'small', 'bowl', 'add', 'black', 'pepper', 'stirring', 'well', 'blended', 'heat', 'oil', 'large', 'nonstick', 'skillet', 'medium', 'heat', 'add', 'onion', 'cook', 'stirring', 'occasionally', 'add', 'ginger', 'mixture', 'cook', 'stirring', 'frequently', 'add', 'broth', 'bring', 'boil', 'reduce', 'heat', 'simmer', 'add', 'coconut', 'milk', 'juice', 'simmer', 'sprinkle', 'fish', 'remaining', 'black', 'pepper', 'salt', 'add', 'fish', 'pan', 'cook', 'fish', 'flakes', 'easily', 'tested', 'fork', 'desired', 'doneness', 'garnish', 'chopped', 'fresh', 'parsley', 'desired']",Indian
6080,"['preheat', 'oven', 'to', '450', 'degrees', 'spread', 'the', 'vegetables', 'on', 'pan', 'drizzle', 'with', 'oil', 'and', 'sprinkle', 'with', 'salt', 'and', 'pepper', 'roast', 'the', 'vegetables', 'for', '45', 'minutes', 'stirring', 'occasionally', 'pierce', 'each', 'sausage', 'with', 'a', 'fork', 'a', 'couple', 'of', 'times', 'put', 'sausages', 'on', 'top', 'of', 'vegetables', 'scatter', 'the', 'crushed', 'garlic', 'here', 'and', 'there', 'on', 'the', 'vegetables', 'bake', 'up', 'to', '30', 'minutes', 'or', 'until', 'everything', 'is', 'thoroughly', 'cooked', 'serve', 'hot']","['preheat', 'oven', 'spread', 'vegetables', 'pan', 'drizzle', 'oil', 'sprinkle', 'salt', 'pepper', 'roast', 'vegetables', 'stirring', 'occasionally', 'pierce', 'sausage', 'fork', 'couple', 'times', 'put', 'sausages', 'top', 'vegetables', 'scatter', 'crushed', 'garlic', 'vegetables', 'bake', 'everything', 'thoroughly', 'cooked', 'serve', 'hot']",Italian
8755,"['mix', 'papaya', 'yogurt', 'lime', 'juice', 'orange', 'juice', 'honey', 'and', 'salt', 'in', 'blender', 'until', 'smooth', 'add', 'ice', 'to', 'blender', 'and', 'blend', 'until', 'smooth', 'lassi', 'should', 'be', 'thick', 'pour', 'into', '2', 'glasses', 'and', 'enjoy']","['mix', 'papaya', 'yogurt', 'lime', 'juice', 'orange', 'juice', 'honey', 'salt', 'blender', 'smooth', 'add', 'ice', 'blender', 'blend', 'smooth', 'lassi', 'thick', 'pour', 'glasses', 'enjoy']",Indian
12155,"['in', 'a', 'large', 'frying', 'pan', 'heat', 'the', 'oil', 'then', 'saute', 'the', 'garlic', 'for', '1', 'minute', 'then', 'add', 'the', 'chili', 'powder', 'fennel', 'potatoes', 'and', 'chilis', 'and', 'cook', 'for', 'a', 'further', '4-5', 'minutes', 'season', 'with', 'freshly', 'ground', 'black', 'pepper', 'then', 'serve', 'immediately', 'alongside', 'other', 'indian', 'style', 'dishes']","['large', 'frying', 'pan', 'heat', 'oil', 'saute', 'garlic', 'add', 'chili', 'powder', 'fennel', 'potatoes', 'chilis', 'cook', 'season', 'freshly', 'ground', 'black', 'pepper', 'serve', 'immediately', 'alongside', 'indian', 'style', 'dishes']",Indian
10376,"['heat', 'oil', 'and', 'add', 'salt', 'red', 'chilli', 'powder', 'onions', 'celery', 'and', 'tomatoes', 'saute', 'on', 'medium', 'heat', 'for', '3', 'minutes', 'add', 'tofu', 'and', 'cook', 'on', 'low', 'heat', 'for', '8', 'minutes', 'stir', 'very', 'gently', 'serve', 'with', 'rice', 'pasta', 'or', 'pita/indian', 'breads', 'optional', 'you', 'can', 'sprinkle', 'one', 'tsp', 'of', 'garam', 'masala', 'in', 'the', 'end', 'to', 'make', 'it', 'more', 'aromatic']","['heat', 'oil', 'add', 'salt', 'red', 'chilli', 'powder', 'onions', 'celery', 'tomatoes', 'saute', 'medium', 'heat', 'add', 'tofu', 'cook', 'low', 'heat', 'stir', 'gently', 'serve', 'rice', 'pasta', 'pita/indian', 'breads', 'optional', 'sprinkle', 'one', 'garam', 'masala', 'end', 'make', 'aromatic']",Indian
11477,"['in', 'a', 'large', 'bowl', 'combine', 'the', 'first', '8', 'ingredients', 'you', 'can', 'do', 'this', 'a', 'day', 'or', 'two', 'in', 'advance', 'to', 'allow', 'flavors', 'to', 'meld', 'but', 'it', ""'s"", 'not', 'necessary', 'combine', 'water', 'and', 'butter', 'in', 'a', 'saucepan', 'bring', 'to', 'a', 'boil', 'add', '2', 'cups', 'rice', 'mix', 'reduce', 'heat', 'and', 'simmer', 'for', '20', 'minutes', 'or', 'until', 'liquid', 'is', 'absorbed', 'note', 'i', 'make', 'this', 'a', 'complete', 'meal', 'by', 'adding', 'cooked', 'chicken', 'thighs', 'you', 'can', 'store', 'this', 'rice', 'mix', 'in', 'an', 'airtight', 'container', 'for', 'up', 'to', '3', 'months']","['large', 'bowl', 'combine', 'first', 'ingredients', 'day', 'two', 'advance', 'allow', 'flavors', 'meld', 'necessary', 'combine', 'water', 'butter', 'saucepan', 'bring', 'boil', 'add', 'rice', 'mix', 'reduce', 'heat', 'simmer', 'liquid', 'absorbed', 'note', 'make', 'complete', 'meal', 'adding', 'cooked', 'chicken', 'thighs', 'store', 'rice', 'mix', 'airtight', 'container', 'months']",Indian
12327,"['to', 'make', 'sauce', 'put', 'tomato', 'puree', 'in', 'bowl', 'add', 'salt', 'sugar', 'garam', 'masala', 'ground', 'roasted', 'cumin', 'seeds', 'chili', 'powder', 'coriander', 'leaves', 'green', 'chili', 'lemon', 'juice', 'and', '1', 'tablespoon', 'water', 'mix', 'well', 'slowly', 'add', 'coconut', 'milk', 'or', 'cream', 'mix', 'set', 'aside', 'to', 'stir-fry', 'prawns', 'put', 'oil', 'in', 'wok', 'and', 'set', 'over', 'med-high', 'heat', 'when', 'hot', 'put', 'in', 'mustard', 'seeds', 'as', 'soon', 'as', 'seeds', 'pop', 'after', 'a', 'few', 'seconds', 'add', 'garlic', 'and', 'curry', 'leaves', 'stir', 'until', 'garlic', 'turns', 'medium', 'brown', 'and', 'put', 'in', 'prawns', 'stir', 'until', 'prawns', 'turn', 'opaque', 'most', 'of', 'the', 'way', 'through', 'and', 'put', 'in', 'sauce', 'turn', 'heat', 'to', 'medium', 'and', 'just', 'heat', 'sauce', 'through', 'until', 'it', 'begins', 'to', 'simmer', 'by', 'then', 'prawns', 'should', 'be', 'cooked', 'through', 'turn', 'of', 'heat', 'serve', 'with', 'rice']","['make', 'sauce', 'put', 'tomato', 'puree', 'bowl', 'add', 'salt', 'sugar', 'garam', 'masala', 'ground', 'roasted', 'cumin', 'seeds', 'chili', 'powder', 'coriander', 'leaves', 'green', 'chili', 'lemon', 'juice', 'water', 'mix', 'well', 'slowly', 'add', 'coconut', 'milk', 'cream', 'mix', 'set', 'aside', 'stir', 'fry', 'prawns', 'put', 'oil', 'wok', 'set', 'med', 'high', 'heat', 'hot', 'put', 'mustard', 'seeds', 'soon', 'seeds', 'pop', 'seconds', 'add', 'garlic', 'curry', 'leaves', 'stir', 'garlic', 'turns', 'medium', 'brown', 'put', 'prawns', 'stir', 'prawns', 'turn', 'opaque', 'way', 'put', 'sauce', 'turn', 'heat', 'medium', 'heat', 'sauce', 'begins', 'simmer', 'prawns', 'cooked', 'turn', 'heat', 'serve', 'rice']",Indian
3331,"['place', 'sausage', 'in', 'a', 'large', 'skillet', 'over', 'medium', 'heat', 'and', 'using', 'a', 'wooden', 'spoon', 'cook', 'until', 'brown', 'and', 'crumbly', 'meanwhile', 'bring', 'at', 'least', '4', 'quarts', 'of', 'lightly', 'salted', 'water', 'to', 'boil', 'and', 'add', 'broccoli', 'rabe', 'and', 'cavatelli', 'cook', 'until', 'pasta', 'is', 'done', 'approximately', '11', 'minutes', 'before', 'draining', 'reserve', 'approximately', '2', 'cups', 'of', 'pasta', 'cooking', 'water', 'when', 'sausage', 'is', 'done', 'remove', 'from', 'skillet', 'with', 'a', 'slotted', 'spoon', 'add', 'extra', 'virgin', 'olive', 'oil', 'to', 'skillet', 'drippings', 'and', 'cook', 'over', 'medium', 'heat', 'until', 'warm', 'add', 'sliced', 'garlic', 'and', 'red', 'pepper', 'flakes', 'and', 'cook', 'until', 'lightly', 'golden', 'about', '1', 'minute', 'add', 'about', '1', 'cup', 'of', 'pasta', 'cooking', 'water', 'to', 'skillet', 'and', 'cook', 'for', '1', 'minute', 'more', 'then', 'add', 'drained', 'pasta', 'and', 'broccoli', 'rabe', 'to', 'skillet', 'stir', 'to', 'combine', 'and', 'add', 'reserved', 'sausage', 'add', 'salt', 'pepper', 'and', 'cheese', 'to', 'taste', 'stir', 'to', 'combine', 'again', 'simmer', 'for', '2', 'minutes', 'or', 'so', 'if', 'too', 'thick', 'add', 'more', 'of', 'the', 'reserved', 'pasta', 'cooking', 'water', 'until', 'desired', 'consistency', 'add', 'more', 'cheese', 'before', 'serving', 'and', 'enjoy']","['place', 'sausage', 'large', 'skillet', 'medium', 'heat', 'using', 'wooden', 'spoon', 'cook', 'brown', 'crumbly', 'meanwhile', 'bring', 'least', 'lightly', 'salted', 'water', 'boil', 'add', 'broccoli', 'rabe', 'cavatelli', 'cook', 'pasta', 'done', 'approximately', 'draining', 'reserve', 'approximately', 'pasta', 'cooking', 'water', 'sausage', 'done', 'remove', 'skillet', 'slotted', 'spoon', 'add', 'extra', 'virgin', 'olive', 'oil', 'skillet', 'drippings', 'cook', 'medium', 'heat', 'warm', 'add', 'sliced', 'garlic', 'red', 'pepper', 'flakes', 'cook', 'lightly', 'golden', 'add', 'pasta', 'cooking', 'water', 'skillet', 'cook', 'add', 'drained', 'pasta', 'broccoli', 'rabe', 'skillet', 'stir', 'combine', 'add', 'reserved', 'sausage', 'add', 'salt', 'pepper', 'cheese', 'taste', 'stir', 'combine', 'simmer', 'thick', 'add', 'reserved', 'pasta', 'cooking', 'water', 'desired', 'consistency', 'add', 'cheese', 'serving', 'enjoy']",Italian
7127,"['boil', 'potatoes', 'in', 'salted', 'water', 'to', 'cover', 'until', 'tender', 'while', 'potatoes', 'cook', 'mix', 'the', 'flours', 'cumin', 'and', '1', 'teaspoon', 'of', 'salt', 'add', '2', 'tablespoons', 'of', 'oil', 'then', 'water', 'mix', 'until', 'this', 'becomes', 'a', 'defined', 'albeit', 'sticky', 'ball', 'of', 'dough', 'remove', 'and', 'knead', 'until', 'smooth', 'adding', 'flour', 'or', 'water', 'as', 'necessary', 'cover', 'dough', 'with', 'plastic', 'wrap', 'and', 'set', 'aside', 'while', 'preparing', 'potatoes', 'when', 'potatoes', 'are', 'finished', 'tender', 'remove', 'drain', 'and', 'mash', 'them', 'with', 'cayenne', 'salt', 'pepper', 'citrus', 'juice', 'olives', 'and', '1', 'tablespoon', 'of', 'oil', 'taste', 'and', 'adjust', 'seasonings', 'as', 'necessary', 'on', 'a', 'lightly', 'floured', 'surface', 'roll', 'dough', 'into', '12-inch', 'long', 'snake', 'and', 'cut', 'into', '12', 'pieces', 'roll', 'each', 'piece', 'into', 'about', '4-inch', 'round', 'spoon', '1-2', 'tablespoon', 'of', 'potato', 'mixture', 'into', 'round', 'then', 'fold', 'over', 'edges', 'to', 'enclose', 'completely', 'pinch', 'dough', 'closed', 'and', 'press', 'down', 'to', 'distribute', 'filling', 'evenly', 'heat', 'a', 'large', 'cast', 'iron', 'pan', 'over', 'medium-high', 'heat', 'for', '2-3', 'minutes', 'add', 'another', 'tablespoon', 'of', 'oil', 'to', 'skillet', 'then', 'pour', 'out', 'you', 'just', 'want', 'a', 'thin', 'film', 'of', 'oil', 'on', 'pan', 'cook', 'each', 'bread', 'for', 'about', '3', 'minutes', 'per', 'side', 'until', 'brown', 'spots', 'appear', 'repeat', 'until', 'all', 'are', 'done', 'serve', 'hot', 'or', 'room', 'temperature']","['boil', 'potatoes', 'salted', 'water', 'cover', 'tender', 'potatoes', 'cook', 'mix', 'flours', 'cumin', 'salt', 'add', 'oil', 'water', 'mix', 'becomes', 'defined', 'albeit', 'sticky', 'ball', 'dough', 'remove', 'knead', 'smooth', 'adding', 'flour', 'water', 'necessary', 'cover', 'dough', 'plastic', 'wrap', 'set', 'aside', 'preparing', 'potatoes', 'potatoes', 'finished', 'tender', 'remove', 'drain', 'mash', 'cayenne', 'salt', 'pepper', 'citrus', 'juice', 'olives', 'oil', 'taste', 'adjust', 'seasonings', 'necessary', 'lightly', 'floured', 'surface', 'roll', 'dough', '12', 'inch', 'long', 'snake', 'cut', 'pieces', 'roll', 'piece', '4', 'inch', 'round', 'spoon', 'potato', 'mixture', 'round', 'fold', 'edges', 'enclose', 'completely', 'pinch', 'dough', 'closed', 'press', 'distribute', 'filling', 'evenly', 'heat', 'large', 'cast', 'iron', 'pan', 'medium', 'high', 'heat', 'add', 'another', 'oil', 'skillet', 'pour', 'want', 'thin', 'film', 'oil', 'pan', 'cook', 'bread', 'per', 'side', 'brown', 'spots', 'appear', 'repeat', 'done', 'serve', 'hot', 'room', 'temperature']",Indian
5082,"['preheat', 'oven', 'to', '350', 'degrees', 'mix', 'all', 'ingredients', 'together', 'spray', 'bottom', 'of', '9', ""''"", 'x', '13', ""''"", 'glass', 'dish', 'with', 'cooking', 'spray', 'bake', 'for', '35', 'to', '40', 'minutes', 'or', 'until', 'set', 'and', 'golden', 'brown', 'chill', 'for', '8', 'hours', 'cut', 'into', '2', ""''"", 'x', '2', ""''"", 'pieces', 'makes', 'about', '24']","['preheat', 'oven', 'mix', 'ingredients', 'together', 'spray', 'bottom', ""''"", 'x', ""''"", 'glass', 'dish', 'cooking', 'spray', 'bake', 'set', 'golden', 'brown', 'chill', 'cut', ""''"", 'x', ""''"", 'pieces', 'makes']",Italian
11557,"['step', '1', 'mix', 'all', 'the', 'marinate', 'mix', 'in', 'a', 'bowl', 'and', 'keep', 'aside', 'the', 'texture', 'should', 'be', 'similar', 'to', 'pancake/idli', 'mixture', 'thick', 'but', 'still', 'fluid', 'step', '2', 'boil', 'the', 'chicken', 'till', 'cooked', 'step', '3', 'add', 'a', 'bit', 'of', 'tumeric', 'and', 'salt', 'for', 'some', 'colour', 'and', 'taste', 'remember', 'to', 'scoop', 'out', 'all', 'the', 'dirt', 'that', 'floats', 'out', 'step', '4', 'remove', 'from', 'heat', 'drain', 'out', 'and', 'cut', 'the', 'wings', 'along', 'the', 'joints', 'into', 'wingettes', 'and', 'drummettes', 'step', '5', 'place', 'the', 'wings', 'in', 'the', 'marinate', 'mix', 'and', 'kept', 'aside', 'for', '5', 'mins', 'or', 'so', 'meanwhile', 'keep', 'a', 'plate', 'of', 'semolina', 'nearby', 'and', 'heat', 'up', 'the', 'oil', 'in', 'the', 'wok/pot', 'step', '6', 'once', 'the', 'oil', 'heats', 'up', 'coat', 'the', 'wings', 'with', 'suji', 'and', 'fry', 'it']","['step', 'mix', 'marinate', 'mix', 'bowl', 'keep', 'aside', 'texture', 'similar', 'pancake/idli', 'mixture', 'thick', 'still', 'fluid', 'step', 'boil', 'chicken', 'till', 'cooked', 'step', 'add', 'bit', 'tumeric', 'salt', 'colour', 'taste', 'remember', 'scoop', 'dirt', 'floats', 'step', 'remove', 'heat', 'drain', 'cut', 'wings', 'along', 'joints', 'wingettes', 'drummettes', 'step', 'place', 'wings', 'marinate', 'mix', 'kept', 'aside', 'mins', 'meanwhile', 'keep', 'plate', 'semolina', 'nearby', 'heat', 'oil', 'wok/pot', 'step', 'oil', 'heats', 'coat', 'wings', 'suji', 'fry']",Indian
8780,"['place', 'all', 'of', 'the', 'ingredients', 'in', 'a', 'medium', 'sized', 'about', '4', 'qt', 'thick-bottomed', 'pot', 'bring', 'to', 'a', 'boil', 'and', 'reduce', 'to', 'a', 'simmer', 'cover', 'and', 'cook', 'for', '45', 'minutes', 'stirring', 'occasionally', 'remove', 'lid', 'and', 'simmer', 'uncovered', 'for', 'an', 'additional', '15', 'minutes', 'to', 'thicken', 'note', 'if', 'desired', 'this', 'recipe', 'can', 'be', 'canned', 'by', 'processing', 'filled', 'sterilized', 'jars', 'in', 'a', 'boiling', 'water', 'bath', 'for', '15', 'minutes', 'recipe', 'will', 'fill', 'six', '8-oz', 'jars', 'or', 'three', '16-oz', 'jars', 'otherwise', 'chutney', 'will', 'keep', 'in', 'the', 'refrigerator', 'for', 'a', 'few', 'months']","['place', 'ingredients', 'medium', 'sized', 'thick', 'bottomed', 'pot', 'bring', 'boil', 'reduce', 'simmer', 'cover', 'cook', 'stirring', 'occasionally', 'remove', 'lid', 'simmer', 'uncovered', 'additional', 'thicken', 'note', 'desired', 'recipe', 'canned', 'processing', 'filled', 'sterilized', 'jars', 'boiling', 'water', 'bath', 'recipe', 'fill', 'six', '8', 'oz', 'jars', 'three', '16', 'oz', 'jars', 'otherwise', 'chutney', 'keep', 'refrigerator', 'months']",Indian
7205,"['peel', 'the', 'potatoes', 'chop', 'at', 'least', 'into', 'quarters', 'and', 'boil', 'until', 'just', 'tender', 'drain', 'and', 'leave', 'to', 'cool', 'meanwhile', 'heat', 'half', 'of', 'the', 'butter', 'in', 'a', 'spacious', 'frying', 'pan', 'and', 'fry', 'the', 'onion', 'and', 'chillies', 'for', 'about', 'five', 'minutes', 'mix', 'the', 'spices', 'and', 'water', 'together', 'and', 'then', 'add', 'to', 'the', 'frying', 'pan', 'along', 'with', 'the', 'carrots', 'and', 'broccoli', 'and', 'the', 'rest', 'of', 'the', 'butter', 'let', 'cook', 'for', 'about', 'ten', 'minutes', 'or', 'until', 'broccoli', 'starts', 'to', 'become', 'tender', 'dice', 'the', 'cooled', 'potatoes', 'into', 'bite-sized', 'pieces', 'add', 'in', 'the', 'peas', 'potatoes', 'and', 'tomatoes', 'and', 'cook', 'for', 'another', 'five', 'to', 'seven', 'minutes', 'taste', 'and', 'adjust', 'seasoning', 'with', 'salt', 'pepper', 'and', 'a', 'bit', 'of', 'lime', 'or', 'lemon', 'juice', 'just', 'before', 'the', 'dish', 'is', 'done', 'cut', 'rolls', 'in', 'half', 'and', 'brush', 'with', 'olive', 'oil', 'grill', 'until', 'toasted', 'if', 'you', 'are', 'using', 'the', 'tortillas', 'just', 'fill', 'and', 'roll']","['peel', 'potatoes', 'chop', 'least', 'quarters', 'boil', 'tender', 'drain', 'leave', 'cool', 'meanwhile', 'heat', 'half', 'butter', 'spacious', 'frying', 'pan', 'fry', 'onion', 'chillies', 'five', 'mix', 'spices', 'water', 'together', 'add', 'frying', 'pan', 'along', 'carrots', 'broccoli', 'rest', 'butter', 'let', 'cook', 'ten', 'broccoli', 'starts', 'become', 'tender', 'dice', 'cooled', 'potatoes', 'bite', 'sized', 'pieces', 'add', 'peas', 'potatoes', 'tomatoes', 'cook', 'another', 'five', 'seven', 'taste', 'adjust', 'seasoning', 'salt', 'pepper', 'bit', 'lime', 'lemon', 'juice', 'dish', 'done', 'cut', 'rolls', 'half', 'brush', 'olive', 'oil', 'grill', 'toasted', 'using', 'tortillas', 'fill', 'roll']",Indian
11346,"['put', 'the', 'dal', 'in', 'a', 'pressure', 'cooker', 'add', '2', 'cups', 'water', 'turmeric', 'powder', 'and', 'garlic', 'bring', 'to', 'a', 'boil', 'when', 'the', 'dal', 'is', 'half', 'done', 'add', 'spinach', 'and', 'salt', 'cook', 'well', 'when', 'all', 'the', 'water', 'has', 'evaporated', 'mash', 'the', 'dal', 'and', 'add', 'coconut', 'milk', 'cook', 'for', '2-3', 'minutes', 'keep', 'aside', 'heat', 'oil', 'in', 'a', 'pan', 'add', 'mustard', 'seeds', 'curry', 'leaves', 'onions', 'and', 'dried', 'chilli', 'balls', 'when', 'the', 'mustard', 'seeds', 'splutter', 'and', 'the', 'onions', 'turn', 'golden', 'brown', 'in', 'colour', 'add', 'the', 'chilli', 'powder', 'put', 'this', 'mixture', 'into', 'the', 'dal', 'stir', 'serve', 'immediately']","['put', 'dal', 'pressure', 'cooker', 'add', 'water', 'turmeric', 'powder', 'garlic', 'bring', 'boil', 'dal', 'half', 'done', 'add', 'spinach', 'salt', 'cook', 'well', 'water', 'evaporated', 'mash', 'dal', 'add', 'coconut', 'milk', 'cook', 'keep', 'aside', 'heat', 'oil', 'pan', 'add', 'mustard', 'seeds', 'curry', 'leaves', 'onions', 'dried', 'chilli', 'balls', 'mustard', 'seeds', 'splutter', 'onions', 'turn', 'golden', 'brown', 'colour', 'add', 'chilli', 'powder', 'put', 'mixture', 'dal', 'stir', 'serve', 'immediately']",Indian
12242,"['boil', 'the', 'rice', 'in', 'lots', 'of', 'water', 'till', 'it', 'is', 'cooked', 'but', 'slightly', 'underdone', 'drain', 'and', 'rinse', 'to', 'stop', 'the', 'cooking', 'process', 'you', 'can', 'add', 'a', 'tblsp', 'of', 'oil', 'so', 'that', 'the', 'grains', 'do', 'not', 'stick', 'together', 'optional', 'chop', 'onions', 'cut', 'tomatoes', 'into', 'large', 'pieces', 'deseed', 'and', 'cut', 'the', 'green', 'peppers', 'into', 'chunks', 'roast', 'the', 'chillies', 'in', 'a', 'fry', 'pan', 'for', 'the', 'few', 'minutes', 'and', 'pound', 'coarsely', 'with', 'the', 'garlic', 'heat', '1', 'tblsp', 'oil', 'in', 'a', 'vessel', 'and', 'add', 'the', 'onions', 'and', 'fry', 'till', 'translucent', 'add', 'the', 'garlic-', 'chilli', 'paste', 'and', 'saute', 'for', '3', 'minutes', 'more', 'add', 'the', 'green', 'pepper', 'tomatoes', 'and', 'cover', 'and', 'cook', 'till', 'the', 'capsicum', 'softens', 'add', 'the', 'rice', 'and', 'salt', 'and', 'garam', 'masala', 'and', 'mix', 'gently', 'simmer', 'for', '3', 'more', 'minutes', 'till', 'the', 'rice', 'is', 'heated', 'through', 'garnish', 'with', 'cilantro', 'if', 'you', 'wish']","['boil', 'rice', 'lots', 'water', 'till', 'cooked', 'slightly', 'underdone', 'drain', 'rinse', 'stop', 'cooking', 'process', 'add', 'tblsp', 'oil', 'grains', 'stick', 'together', 'optional', 'chop', 'onions', 'cut', 'tomatoes', 'large', 'pieces', 'deseed', 'cut', 'green', 'peppers', 'chunks', 'roast', 'chillies', 'fry', 'pan', 'coarsely', 'garlic', 'heat', 'tblsp', 'oil', 'vessel', 'add', 'onions', 'fry', 'till', 'translucent', 'add', 'garlic', 'chilli', 'paste', 'saute', 'add', 'green', 'pepper', 'tomatoes', 'cover', 'cook', 'till', 'capsicum', 'softens', 'add', 'rice', 'salt', 'garam', 'masala', 'mix', 'gently', 'simmer', 'till', 'rice', 'heated', 'garnish', 'cilantro', 'wish']",Indian
8291,"['heat', 'deep', 'heavy', 'bottom', 'wok', 'add', 'cumin', 'seeds', 'cardamom', 'bay', 'leaf', 'cinnamon', 'and', 'roast', 'for', '3', 'minutes', 'add', 'ghee/oil', 'add', 'chopped', 'onion', 'and', 'fry', 'till', 'brown', 'add', 'chopped', 'green', 'chillies', 'chopped', 'garlic', 'ginger', 'and', 'fry', 'fry', 'till', 'the', 'mixture', 'becomes', 'dark', 'brown', 'and', 'ghee/oil', 'seperates', 'add', 'garam', 'masala', 'red', 'chilly', 'powder', 'coriander', 'powder', 'and', 'cumin', 'powder', 'and', 'fry', 'for', '5', 'to', '6', 'minutes', 'add', 'the', 'cashews', 'and', 'fry', 'for', '5', 'minutes', 'add', 'tomato', 'and', 'fry', 'till', 'the', 'masala', 'becomes', 'consistent', 'add', 'salt', 'and', 'fry', 'for', '3', 'minutes', 'drain', 'the', 'peas', 'and', 'add', 'to', 'the', 'masala', 'stirring', 'till', 'the', 'masala', 'coats', 'the', 'peas', 'add', 'paneer', 'and', 'mix', 'again', 'so', 'that', 'the', 'masala', 'coats', 'the', 'paneer', 'add', 'salt', 'water', 'amount', 'of', 'water', 'depends', 'upon', 'the', 'consistency', 'of', 'the', 'gravy', 'once', 'the', 'water', 'and', 'the', 'masala', 'mixes', 'and', 'comes', 'to', 'a', 'boil', 'add', 'the', 'cream', 'and', 'bring', 'the', 'mixture', 'to', 'a', 'boil']","['heat', 'deep', 'heavy', 'bottom', 'wok', 'add', 'cumin', 'seeds', 'cardamom', 'bay', 'leaf', 'cinnamon', 'roast', 'add', 'ghee/oil', 'add', 'chopped', 'onion', 'fry', 'till', 'brown', 'add', 'chopped', 'green', 'chillies', 'chopped', 'garlic', 'ginger', 'fry', 'fry', 'till', 'mixture', 'becomes', 'dark', 'brown', 'ghee/oil', 'seperates', 'add', 'garam', 'masala', 'red', 'chilly', 'powder', 'coriander', 'powder', 'cumin', 'powder', 'fry', 'add', 'cashews', 'fry', 'add', 'tomato', 'fry', 'till', 'masala', 'becomes', 'consistent', 'add', 'salt', 'fry', 'drain', 'peas', 'add', 'masala', 'stirring', 'till', 'masala', 'coats', 'peas', 'add', 'paneer', 'mix', 'masala', 'coats', 'paneer', 'add', 'salt', 'water', 'amount', 'water', 'depends', 'upon', 'consistency', 'gravy', 'water', 'masala', 'mixes', 'comes', 'boil', 'add', 'cream', 'bring', 'mixture', 'boil']",Indian
10080,"['in', 'a', 'clean', 'bowl', 'mix', 'together', 'the', 'mashed', 'potatoes', 'salt', 'and', 'arrowroot', 'powder', 'the', 'arrowroot', 'powder', 'is', 'used', 'as', 'a', 'binding', 'agent', 'and', 'it', 'helps', 'by', 'making', 'the', 'kachori', 'crisp', 'divide', 'the', 'mixture', 'into', '10', 'equal', 'parts', 'in', 'another', 'bowl', 'mix', 'the', 'coconut', 'chillies', 'lemon', 'juice', 'and', 'sugar', 'divide', 'the', 'mixture', 'into', '10', 'equal', 'parts', 'flatten', 'each', 'portion', 'of', 'the', 'mashed', 'potato', 'mixture', 'with', 'the', 'palm', 'of', 'your', 'hand', 'put', 'the', 'coconut', 'filling', 'in', 'the', 'centre', 'seal', 'the', 'kachoris', 'properly', 'by', 'extending', 'the', 'edges', 'of', 'the', 'potato', 'paste', 'then', 'neatly', 'round', 'out', 'the', 'kachori', 'heat', 'oil', 'in', 'a', 'wok', 'on', 'medium', 'flame', 'when', 'its', 'hot', 'add', 'the', 'kachoris', 'gently', 'and', 'deep-fry', 'them', 'until', 'they', 'are', 'golden', 'brown', 'in', 'colour', 'drain', 'on', 'clean', 'kitchen', 'paper', 'towels', 'serve', 'hot']","['clean', 'bowl', 'mix', 'together', 'mashed', 'potatoes', 'salt', 'arrowroot', 'powder', 'arrowroot', 'powder', 'used', 'binding', 'agent', 'helps', 'making', 'kachori', 'crisp', 'divide', 'mixture', 'equal', 'parts', 'another', 'bowl', 'mix', 'coconut', 'chillies', 'lemon', 'juice', 'sugar', 'divide', 'mixture', 'equal', 'parts', 'flatten', 'portion', 'mashed', 'potato', 'mixture', 'palm', 'hand', 'put', 'coconut', 'filling', 'centre', 'seal', 'kachoris', 'properly', 'extending', 'edges', 'potato', 'paste', 'neatly', 'round', 'kachori', 'heat', 'oil', 'wok', 'medium', 'flame', 'hot', 'add', 'kachoris', 'gently', 'deep', 'fry', 'golden', 'brown', 'colour', 'drain', 'clean', 'kitchen', 'paper', 'towels', 'serve', 'hot']",Indian
7427,"['boil', 'together', 'the', 'sugar', 'and', 'water', 'to', 'obtain', 'a', 'syrup', 'consistency', 'keep', 'aside', 'mix', 'the', 'condensed', 'milk', 'and', 'the', 'milk', 'boil', 'well', 'stirring', 'continuously', 'when', 'it', 'comes', 'to', 'a', 'boil', 'add', 'the', 'cornflour', 'paste', 'and', 'keep', 'stirring', 'till', 'it', 'thickens', 'remove', 'from', 'flame', 'and', 'keep', 'aside', 'cut', 'the', 'bread', 'into', 'rounds', 'deep', 'fry', 'in', 'hot', 'ghee', 'or', 'oil', 'until', 'golden', 'in', 'colour', 'as', 'soon', 'as', 'you', 'remove', 'the', 'bread', 'rounds', 'from', 'the', 'hot', 'ghee', 'or', 'oil', 'dip', 'them', 'into', 'the', 'sugar', 'syrup', 'for', 'a', 'minute', 'remove', 'into', 'the', 'serving', 'dish', 'spread', '1', 'tbsp', 'of', 'the', 'condensed', 'milk', 'mixture', 'on', 'each', 'bread', 'round', 'turn', 'the', 'peach-half', 'upside', 'down', 'place', 'it', 'onto', 'the', 'bread', 'round', 'chill', 'prepare', 'the', 'melba', 'sauce', 'by', 'boiling', 'together', 'the', 'raspberry', 'or', 'strawberry', 'jam', 'with', '1/2', 'cup', 'of', 'water', 'and', 'straining', 'it', 'after', 'that', 'just', 'before', 'serving', 'pour', '1-2', 'tbsps', 'of', 'the', 'melba', 'sauce', 'over', 'each', 'peach', 'garnish', 'with', 'a', 'mint', 'leaf', 'and', 'serve', 'chilled']","['boil', 'together', 'sugar', 'water', 'obtain', 'syrup', 'consistency', 'keep', 'aside', 'mix', 'condensed', 'milk', 'milk', 'boil', 'well', 'stirring', 'continuously', 'comes', 'boil', 'add', 'cornflour', 'paste', 'keep', 'stirring', 'till', 'thickens', 'remove', 'flame', 'keep', 'aside', 'cut', 'bread', 'rounds', 'deep', 'fry', 'hot', 'ghee', 'oil', 'golden', 'colour', 'soon', 'remove', 'bread', 'rounds', 'hot', 'ghee', 'oil', 'dip', 'sugar', 'syrup', 'remove', 'serving', 'dish', 'spread', 'condensed', 'milk', 'mixture', 'bread', 'round', 'turn', 'peach', 'half', 'upside', 'place', 'onto', 'bread', 'round', 'chill', 'prepare', 'melba', 'sauce', 'boiling', 'together', 'raspberry', 'strawberry', 'jam', 'water', 'straining', 'serving', 'pour', 'tbsps', 'melba', 'sauce', 'peach', 'garnish', 'mint', 'leaf', 'serve', 'chilled']",Indian
6769,"['heat', 'oil', 'in', 'large', 'pan', 'add', 'onion', 'garlic', 'ginger', 'chillies', 'and', 'ground', 'spices', 'cook', 'stirring', 'for', 'about', '5', 'minutes', 'or', 'until', 'the', 'onion', 'is', 'soft', 'add', 'lentils', 'stock', 'potato', 'and', 'apple', 'simmer', 'covered', 'about', '20', 'minutes', 'or', 'until', 'the', 'potato', 'is', 'tender', 'and', 'the', 'lentils', 'are', 'cooked', 'process', 'until', 'smooth', 'return', 'to', 'pan', 'add', 'coconut', 'milk', 'juice', 'and', 'coriander', 'leaves', 'serve', 'can', 'be', 'made', 'a', 'day', 'ahead']","['heat', 'oil', 'large', 'pan', 'add', 'onion', 'garlic', 'ginger', 'chillies', 'ground', 'spices', 'cook', 'stirring', 'onion', 'soft', 'add', 'lentils', 'stock', 'potato', 'apple', 'simmer', 'covered', 'potato', 'tender', 'lentils', 'cooked', 'process', 'smooth', 'return', 'pan', 'add', 'coconut', 'milk', 'juice', 'coriander', 'leaves', 'serve', 'made', 'day', 'ahead']",Indian
5357,"['in', 'a', 'mixing', 'bowl', 'cream', 'butter', 'and', 'sugar', 'beat', 'in', 'egg', 'and', 'vanilla', 'gradually', 'add', 'flour', 'and', 'mix', 'well', 'divide', 'dough', 'into', 'three', 'portions', 'stir', 'chocolate', 'into', 'one', 'portion', 'mix', 'well', 'add', 'pecans', 'and', 'green', 'food', 'coloring', 'to', 'the', 'second', 'portion', 'add', 'cherries', 'almond', 'extract', 'and', 'red', 'food', 'coloring', 'to', 'the', 'third', 'roll', 'each', 'portion', 'between', 'two', 'pieces', 'of', 'waxed', 'paper', 'into', 'and', '8x6-inch', 'rectangle', 'remove', 'waxed', 'paper', 'place', 'chocolate', 'rectangle', 'on', 'a', 'piece', 'of', 'plastic', 'wrap', 'top', 'with', 'the', 'green', 'and', 'pink', 'rectangles', 'press', 'together', 'lightly', 'wrap', 'with', 'plastic', 'wrap', 'and', 'chill', 'overnight', 'cut', 'chilled', 'dough', 'in', 'half', 'lengthwise', 'return', 'one', 'rectangle', 'to', 'the', 'refrigerator', 'cut', 'remaining', 'rectangle', 'into', '1/8', 'inch', 'slices', 'place', '1', 'inch', 'apart', 'on', 'ungreased', 'baking', 'sheets', 'bake', 'at', '375', 'for', '5-7', 'minutes', 'or', 'until', 'set', 'cool', 'for', '2', 'minutes', 'before', 'removing', 'to', 'wire', 'racks', 'repeat', 'with', 'remaining', 'dough', 'note', 'for', 'another', 'good', 'and', 'highly', 'reviewed', 'neapolitan', 'cookie', 'recipe', 'take', 'a', 'look', 'at', 'recipe', 'number', '47503']","['mixing', 'bowl', 'cream', 'butter', 'sugar', 'beat', 'egg', 'vanilla', 'gradually', 'add', 'flour', 'mix', 'well', 'divide', 'dough', 'three', 'portions', 'stir', 'chocolate', 'one', 'portion', 'mix', 'well', 'add', 'pecans', 'green', 'food', 'coloring', 'second', 'portion', 'add', 'cherries', 'almond', 'extract', 'red', 'food', 'coloring', 'third', 'roll', 'portion', 'two', 'pieces', 'waxed', 'paper', '8x6', 'inch', 'rectangle', 'remove', 'waxed', 'paper', 'place', 'chocolate', 'rectangle', 'piece', 'plastic', 'wrap', 'top', 'green', 'pink', 'rectangles', 'press', 'together', 'lightly', 'wrap', 'plastic', 'wrap', 'chill', 'overnight', 'cut', 'chilled', 'dough', 'half', 'lengthwise', 'return', 'one', 'rectangle', 'refrigerator', 'cut', 'remaining', 'rectangle', 'slices', 'place', 'apart', 'ungreased', 'baking', 'sheets', 'bake', 'set', 'cool', 'removing', 'wire', 'racks', 'repeat', 'remaining', 'dough', 'note', 'another', 'good', 'highly', 'reviewed', 'neapolitan', 'cookie', 'recipe', 'take', 'look', 'recipe', 'number']",Italian
2697,"['combine', 'the', 'milk', 'and', 'cream', 'in', 'a', 'pot', 'over', 'medium', 'high', 'heat', 'using', 'an', 'instant-read', 'thermometer', 'warm', 'the', 'milk', 'until', 'it', 'reaches', '185', 'degrees', 'the', 'surface', 'will', 'become', 'foamy', 'do', 'not', 'let', 'the', 'milk', 'boil', 'remove', 'the', 'pot', 'from', 'the', 'heat', 'and', 'add', 'the', 'vinegar', 'stir', 'gently', 'for', '30', 'seconds', 'the', 'mixture', 'will', 'curdle', 'almost', 'immediately', 'add', 'salt', 'and', 'stir', 'another', '30', 'seconds', 'cover', 'the', 'pot', 'with', 'a', 'towel', 'and', 'let', 'stand', 'at', 'room', 'temp', 'for', 'about', '2', 'hours', 'line', 'a', 'large', 'colander', 'with', 'a', 'few', 'layers', 'of', 'cheesecloth', 'allow', 'for', 'some', 'overhang', 'set', 'the', 'colander', 'over', 'a', 'large', 'bowl', 'or', 'over', 'the', 'sink', 'transfer', 'the', 'curds', 'to', 'the', 'colander', 'with', 'a', 'slotted', 'spoon', 'gather', 'up', 'the', 'corners', 'of', 'the', 'cheesecloth', 'and', 'secure', 'with', 'twine', 'or', 'a', 'rubber', 'band', 'let', 'the', 'ricotta', 'stand', 'for', 'about', '30', 'minutes', 'occasionally', 'gently', 'pressing', 'and', 'squeezing', 'the', 'whey', 'out', 'of', 'the', 'cheesecloth', 'transfer', 'the', 'ricotta', 'to', 'a', 'bowl', 'or', 'use', 'immediately']","['combine', 'milk', 'cream', 'pot', 'medium', 'high', 'heat', 'using', 'instant', 'read', 'thermometer', 'warm', 'milk', 'reaches', 'surface', 'become', 'foamy', 'let', 'milk', 'boil', 'remove', 'pot', 'heat', 'add', 'vinegar', 'stir', 'gently', 'seconds', 'mixture', 'curdle', 'almost', 'immediately', 'add', 'salt', 'stir', 'another', 'seconds', 'cover', 'pot', 'towel', 'let', 'stand', 'room', 'temp', 'line', 'large', 'colander', 'layers', 'cheesecloth', 'allow', 'overhang', 'set', 'colander', 'large', 'bowl', 'sink', 'transfer', 'curds', 'colander', 'slotted', 'spoon', 'gather', 'corners', 'cheesecloth', 'secure', 'twine', 'rubber', 'band', 'let', 'ricotta', 'stand', 'occasionally', 'gently', 'pressing', 'squeezing', 'whey', 'cheesecloth', 'transfer', 'ricotta', 'bowl', 'use', 'immediately']",Italian
2656,"['in', 'a', 'bowl', 'whisk', 'together', 'the', 'flour', 'sugar', 'salt', 'and', 'zest', 'cut', 'in', 'the', 'butter', 'until', 'it', 'resembles', 'coarse', 'meal', 'add', 'the', 'egg', 'and', 'the', 'vanilla', 'and', 'toss', 'the', 'mixture', 'until', 'incorporated', 'turn', 'out', 'onto', 'a', 'lightly', 'floured', 'surface', 'and', 'knead', 'very', 'lightly', 'forming', 'into', 'a', 'disk', 'chill', 'wrapped', 'in', 'plastic', 'at', 'least', '1', 'hour', 'or', 'overnight', 'let', 'the', 'dough', 'stand', 'at', 'room', 'temperature', 'until', 'softened', 'but', 'still', 'firm', 'enough', 'to', 'roll', 'out']","['bowl', 'whisk', 'together', 'flour', 'sugar', 'salt', 'zest', 'cut', 'butter', 'resembles', 'coarse', 'meal', 'add', 'egg', 'vanilla', 'toss', 'mixture', 'incorporated', 'turn', 'onto', 'lightly', 'floured', 'surface', 'knead', 'lightly', 'forming', 'disk', 'chill', 'wrapped', 'plastic', 'least', 'overnight', 'let', 'dough', 'stand', 'room', 'temperature', 'softened', 'still', 'firm', 'enough', 'roll']",Italian
6129,"['combine', 'egg', 'yolks', 'and', 'water', 'in', 'heavy', 'saucepan', 'cook', 'over', 'very', 'low', 'heat', 'whisking', 'constantly', 'until', 'mixture', 'reaches', '160', 'degrees', 'about', '15', 'minutes', 'cool', 'quickly', 'in', 'cold', 'water', 'bath', 'or', 'in', 'freezer', 'stir', 'mascarpone', 'into', 'yolks', 'combine', '4', 'egg', 'whites', 'sugar', 'and', 'salt', 'in', 'top', 'of', 'double', 'boiler', 'cook', 'over', 'very', 'low', 'heat', 'beating', 'with', 'hand-held', 'mixer', 'on', 'medium', 'speed', 'or', 'with', 'whisk', 'until', 'whites', 'hold', 'soft', 'peaks', 'and', 'temperature', 'reaches', '160', 'degrees', 'about', '20', 'minutes', 'stir', '1/4', 'of', 'whites', 'into', 'egg', 'yolk', 'mixture', 'fold', 'in', 'remaining', 'whites', 'to', 'assemble', 'arrange', 'ladyfingers', 'in', 'single', 'layer', 'on', 'piece', 'of', 'heavy-duty', 'foil', 'slightly', 'turn', 'up', 'foil', 'edges', 'to', 'make', 'a', 'tray', 'you', 'also', 'can', 'do', 'this', 'on', 'a', 'large', 'platter', 'combine', 'coffee', 'and', 'cognac', 'drizzle', 'evenly', 'over', 'ladyfingers', 'arrange', 'half', 'of', 'ladyfingers', 'in', 'single', 'layer', 'in', 'glass', 'or', 'souffle', 'dish', 'about', '6', '1/2', 'inches', 'in', 'diameter', 'and', '3', 'to', '4', 'inches', 'deep', 'fill', 'in', 'any', 'spaces', 'with', 'parts', 'of', 'ladyfingers', 'cover', 'ladyfinger', 'layer', 'with', 'half', 'of', 'mascarpone', 'mixture', 'top', 'with', 'remaining', 'ladyfingers', 'and', 'remaining', 'mascarpone', 'mixture', 'cover', 'with', 'plastic', 'wrap', 'refrigerate', 'overnight', 'or', 'up', 'to', '2', 'days', 'sprinkle', 'cocoa', 'through', 'fine', 'sieve', 'over', 'surface', 'serve', 'chilled']","['combine', 'egg', 'yolks', 'water', 'heavy', 'saucepan', 'cook', 'low', 'heat', 'whisking', 'constantly', 'mixture', 'reaches', 'cool', 'quickly', 'cold', 'water', 'bath', 'freezer', 'stir', 'mascarpone', 'yolks', 'combine', 'egg', 'whites', 'sugar', 'salt', 'top', 'double', 'boiler', 'cook', 'low', 'heat', 'beating', 'hand', 'held', 'mixer', 'medium', 'speed', 'whisk', 'whites', 'hold', 'soft', 'peaks', 'temperature', 'reaches', 'stir', 'whites', 'egg', 'yolk', 'mixture', 'fold', 'remaining', 'whites', 'assemble', 'arrange', 'ladyfingers', 'single', 'layer', 'piece', 'heavy', 'duty', 'foil', 'slightly', 'turn', 'foil', 'edges', 'make', 'tray', 'also', 'large', 'platter', 'combine', 'coffee', 'cognac', 'drizzle', 'evenly', 'ladyfingers', 'arrange', 'half', 'ladyfingers', 'single', 'layer', 'glass', 'souffle', 'dish', 'diameter', 'deep', 'fill', 'spaces', 'parts', 'ladyfingers', 'cover', 'ladyfinger', 'layer', 'half', 'mascarpone', 'mixture', 'top', 'remaining', 'ladyfingers', 'remaining', 'mascarpone', 'mixture', 'cover', 'plastic', 'wrap', 'refrigerate', 'overnight', 'days', 'sprinkle', 'cocoa', 'fine', 'sieve', 'surface', 'serve', 'chilled']",Italian
4996,"['boil', 'the', 'pasta', 'in', 'salted', 'water', 'for', '8', 'mins', 'then', 'add', 'the', 'peas', 'return', 'the', 'water', 'to', 'the', 'boil', 'and', 'cook', 'for', '2', 'more', 'mins', 'until', 'the', 'pasta', 'and', 'peas', 'are', 'tender', 'tip', 'into', 'a', 'colander', 'over', 'the', 'sink', 'cook', 'the', 'pasta', 'and', 'peas', 'under', 'cold', 'water', 'and', 'drain', 'very', 'well', 'while', 'the', 'pasta', 'is', 'boiling', 'roughly', 'chop', 'the', 'tomato', 'and', 'put', 'into', 'a', 'food', 'processor', 'with', 'half', 'the', 'sundried', 'tomatoes', 'olive', 'oil', 'vinegar', 'garlic', 'and', '8', 'basil', 'leaves', 'season', 'with', 'plenty', 'of', 'salt', 'and', 'black', 'pepper', 'and', 'whizz', 'until', 'smooth', 'tip', 'into', 'a', 'large', 'salad', 'bowl', 'add', 'the', 'pasta', 'and', 'peas', 'to', 'the', 'dressing', 'roughly', 'slice', 'the', 'rest', 'of', 'the', 'sundried', 'tomatoes', 'and', 'add', 'to', 'the', 'pasta', 'with', 'the', 'remaining', 'basil', 'leaves', 'tear', 'in', 'the', 'prosciutto', 'or', 'salami', 'and', 'toss', 'everything', 'together']","['boil', 'pasta', 'salted', 'water', 'mins', 'add', 'peas', 'return', 'water', 'boil', 'cook', 'mins', 'pasta', 'peas', 'tender', 'tip', 'colander', 'sink', 'cook', 'pasta', 'peas', 'cold', 'water', 'drain', 'well', 'pasta', 'boiling', 'roughly', 'chop', 'tomato', 'put', 'food', 'processor', 'half', 'sundried', 'tomatoes', 'olive', 'oil', 'vinegar', 'garlic', 'basil', 'leaves', 'season', 'plenty', 'salt', 'black', 'pepper', 'whizz', 'smooth', 'tip', 'large', 'salad', 'bowl', 'add', 'pasta', 'peas', 'dressing', 'roughly', 'slice', 'rest', 'sundried', 'tomatoes', 'add', 'pasta', 'remaining', 'basil', 'leaves', 'tear', 'prosciutto', 'salami', 'toss', 'everything', 'together']",Italian
6844,"['mash', 'the', 'potato', 'and', 'add', 'the', 'rest', 'of', 'the', 'ingredients', 'mix', 'well', 'divide', 'the', 'mixture', 'into', 'patties', 'in', 'a', 'non', 'stick', 'pan', 'heat', 'the', 'oil', 'and', 'fry', 'the', 'patties', 'till', 'golden', 'turn', 'them', 'over', 'and', 'fry', 'the', 'other', 'side', 'eat', 'while', 'still', 'hot']","['mash', 'potato', 'add', 'rest', 'ingredients', 'mix', 'well', 'divide', 'mixture', 'patties', 'non', 'stick', 'pan', 'heat', 'oil', 'fry', 'patties', 'till', 'golden', 'turn', 'fry', 'side', 'eat', 'still', 'hot']",Indian
5088,"['in', 'a', 'large', 'sauce', 'pan', 'using', 'about', 'a', 'tbsp', 'of', 'evoo', 'combine', 'the', 'diced', 'garlic', 'pinch', 'of', 'salt/', 'pepper', 'ground', 'beef', 'and', 'italian', 'sausage', 'until', 'cooked', 'through', 'and', 'browned', 'add', 'spaghetti', 'sauce', 'oregano', 'and', 'basil', 'pinch', 'of', 'fennel', 'simmer', 'in', 'a', 'large', 'pot', 'bring', 'salted', 'water', 'to', 'a', 'boil', 'and', 'cook', 'shells', 'just', 'under', 'suggested', 'cooking', 'time', 'you', 'want', 'them', 'to', 'be', 'slightly', 'undercooked', 'drain', 'and', 'set', 'aside', 'in', 'a', 'mixing', 'large', 'bowl', 'combine', 'ricotta', 'mozarella', 'and', 'spinach', 'salt', 'to', 'taste', 'set', 'aside', 'spread', 'a', 'light', 'layer', 'of', 'meat', 'sauce', 'on', 'the', 'bottom', 'of', 'a', 'large', 'deep', 'baking', 'dish', 'using', 'a', 'narrow', 'spoon', 'fill', 'each', 'tubular', 'shell', 'with', 'cheese', 'mixture', 'and', 'place', 'side', 'by', 'side', 'into', 'the', 'prepared', 'baking', 'dish', 'cover', 'with', 'remaining', 'sauce', 'and', 'sprinkle', 'parmesan', 'on', 'top', 'bake', 'in', 'oven', 'covered', 'with', 'foil', 'at', '400', 'f', 'for', '40', 'minutes', 'remove', 'the', 'foil', 'and', 'bake', 'for', 'another', '5-7', 'mins', 'to', 'brown', 'the', 'cheese', 'on', 'top', 'let', 'cool', 'before', 'serving']","['large', 'sauce', 'pan', 'using', 'evoo', 'combine', 'diced', 'garlic', 'pinch', 'salt/', 'pepper', 'ground', 'beef', 'italian', 'sausage', 'cooked', 'browned', 'add', 'spaghetti', 'sauce', 'oregano', 'basil', 'pinch', 'fennel', 'simmer', 'large', 'pot', 'bring', 'salted', 'water', 'boil', 'cook', 'shells', 'suggested', 'cooking', 'time', 'want', 'slightly', 'undercooked', 'drain', 'set', 'aside', 'mixing', 'large', 'bowl', 'combine', 'ricotta', 'mozarella', 'spinach', 'salt', 'taste', 'set', 'aside', 'spread', 'light', 'layer', 'meat', 'sauce', 'bottom', 'large', 'deep', 'baking', 'dish', 'using', 'narrow', 'spoon', 'fill', 'tubular', 'shell', 'cheese', 'mixture', 'place', 'side', 'side', 'prepared', 'baking', 'dish', 'cover', 'remaining', 'sauce', 'sprinkle', 'parmesan', 'top', 'bake', 'oven', 'covered', 'foil', 'f', 'remove', 'foil', 'bake', 'another', 'mins', 'brown', 'cheese', 'top', 'let', 'cool', 'serving']",Italian
5083,"['bring', '4', 'to', '6', 'quarts', 'of', 'lightly', 'salted', 'water', 'to', 'a', 'boil', 'add', 'pasta', 'to', 'water', 'and', 'stir', 'gently', 'cook', 'past', 'according', 'to', 'directions', 'drain', 'and', 'set', 'aside', 'place', 'pesto', 'sauce', 'ingredients', 'in', 'a', 'food', 'processor', 'except', 'for', 'olive', 'oil', 'process', 'until', 'creamy', 'slowly', 'add', 'olive', 'oil', 'mix', 'pesto', 'sauce', 'with', 'the', 'hot', 'pasta', 'add', 'tomatoes', 'parmesan', 'cheese', 'serve']","['bring', 'lightly', 'salted', 'water', 'boil', 'add', 'pasta', 'water', 'stir', 'gently', 'cook', 'past', 'according', 'directions', 'drain', 'set', 'aside', 'place', 'pesto', 'sauce', 'ingredients', 'food', 'processor', 'except', 'olive', 'oil', 'process', 'creamy', 'slowly', 'add', 'olive', 'oil', 'mix', 'pesto', 'sauce', 'hot', 'pasta', 'add', 'tomatoes', 'parmesan', 'cheese', 'serve']",Italian
456,"['cut', 'breasts', 'in', 'half', 'and', 'remove', 'skin', 'melt', 'margarine', 'in', 'saucepan', 'add', 'dressing', 'mix', 'and', 'stir', 'dip', 'chicken', 'in', 'melted', 'butter', 'then', 'roll', 'in', 'bread', 'crumbs', 'bake', 'at', '375', 'for', '45-60', 'minutes']","['cut', 'breasts', 'half', 'remove', 'skin', 'melt', 'margarine', 'saucepan', 'add', 'dressing', 'mix', 'stir', 'dip', 'chicken', 'melted', 'butter', 'roll', 'bread', 'crumbs', 'bake']",Italian
6787,"['cut', 'rice', 'bag', 'open', 'i', 'use', 'a', 'microwave', 'rice', 'steamer', 'e-mail', 'me', 'for', 'more', 'info', 'but', 'a', 'microwave', 'bowl', 'would', 'work', 'fine', 'mix', 'all', 'ingredients', 'into', 'bowl', 'or', 'cooker', 'microwave', 'for', '12', 'minutes', 'or', 'until', 'rice', 'is', 'cooked', 'and', 'mixture', 'thickens']","['cut', 'rice', 'bag', 'open', 'use', 'microwave', 'rice', 'steamer', 'e', 'mail', 'info', 'microwave', 'bowl', 'would', 'work', 'fine', 'mix', 'ingredients', 'bowl', 'cooker', 'microwave', 'rice', 'cooked', 'mixture', 'thickens']",Indian
6482,"['in', 'a', 'medium', 'mixing', 'bowl', 'add', 'the', 'tomatoes', 'garlic', 'basil', 'vinegar', 'olive', 'oil', 'cheese', 'salt', 'and', 'pepper', 'mix', 'thoroughly', 'and', 'let', 'sit', 'for', 'at', 'least', '15', 'minutes', 'at', 'room', 'temperature', 'to', 'let', 'the', 'flavors', 'marinate', 'slice', 'the', 'bread', 'into', 'individual', 'pieces', 'and', 'spoon', 'the', 'mixture', 'on', 'top']","['medium', 'mixing', 'bowl', 'add', 'tomatoes', 'garlic', 'basil', 'vinegar', 'olive', 'oil', 'cheese', 'salt', 'pepper', 'mix', 'thoroughly', 'let', 'sit', 'least', 'room', 'temperature', 'let', 'flavors', 'marinate', 'slice', 'bread', 'individual', 'pieces', 'spoon', 'mixture', 'top']",Italian
6188,"['peel', 'and', 'dice', 'the', 'leek', 'whites', 'the', 'green', 'parts', 'will', 'not', 'be', 'used', 'chop', 'the', 'garlic', 'finely', 'peel', 'the', 'carrots', 'cut', 'into', 'peaces', 'if', 'large', 'simmer', 'the', 'wine', 'leek', 'garlic', 'and', 'half', 'a', 'cup', 'of', 'water', 'for', 'circa', '6', 'minutes', 'add', 'the', 'other', 'ingredients', 'and', 'simmer', 'for', 'another', '4', 'mins', 'or', 'so', 'or', 'until', 'the', 'veggies', 'are', 'just', 'cooked', 'but', 'still', 'slightly', 'crunchy', 'add', 'salt', 'and', 'pepper', 'to', 'taste', 'serve', 'in', 'bowls', 'with', 'the', 'broth']","['peel', 'dice', 'leek', 'whites', 'green', 'parts', 'used', 'chop', 'garlic', 'finely', 'peel', 'carrots', 'cut', 'peaces', 'large', 'simmer', 'wine', 'leek', 'garlic', 'half', 'water', 'circa', 'add', 'ingredients', 'simmer', 'another', 'mins', 'veggies', 'cooked', 'still', 'slightly', 'crunchy', 'add', 'salt', 'pepper', 'taste', 'serve', 'bowls', 'broth']",Italian
9427,"['wash', 'and', 'peel', 'or', 'scrub', 'the', 'potatoes', 'cut', 'into', 'long', 'half', 'inch', 'thick', 'pieces', 'microwave', 'for', '6', 'to', '8', 'minutes', 'covered', 'for', 'faster', 'cooking', 'heat', 'the', 'oil', 'in', 'a', 'wide', 'skillet', 'on', 'high', 'heat', 'add', 'mustard', 'seeds', 'and', 'cover', 'as', 'soon', 'as', 'the', 'seeds', 'start', 'popping', 'reduce', 'the', 'heat', 'and', 'add', 'cumin', 'seeds', 'as', 'they', 'change', 'color', 'add', 'garlic', 'add', 'the', 'half', 'cooked', 'potatoes', 'cauliflower', 'pieces', 'and', 'remaining', 'seasonings', 'except', 'garam', 'masala', 'and', 'mango', 'powder', 'cook', 'covered', 'until', 'ready', 'about', '15', 'minutes', 'stir', 'and', 'sprinkle', 'water', 'if', 'needed', 'lower', 'the', 'heat', 'to', 'prevent', 'burning', 'mix', 'in', 'garam', 'masala', 'mango', 'powder', 'and', 'chopped', 'red', 'onion', 'serve', 'hot', 'garnished', 'with', 'green', 'coriander']","['wash', 'peel', 'scrub', 'potatoes', 'cut', 'long', 'half', 'thick', 'pieces', 'microwave', 'covered', 'faster', 'cooking', 'heat', 'oil', 'wide', 'skillet', 'high', 'heat', 'add', 'mustard', 'seeds', 'cover', 'soon', 'seeds', 'start', 'popping', 'reduce', 'heat', 'add', 'cumin', 'seeds', 'change', 'color', 'add', 'garlic', 'add', 'half', 'cooked', 'potatoes', 'cauliflower', 'pieces', 'remaining', 'seasonings', 'except', 'garam', 'masala', 'mango', 'powder', 'cook', 'covered', 'ready', 'stir', 'sprinkle', 'water', 'needed', 'lower', 'heat', 'prevent', 'burning', 'mix', 'garam', 'masala', 'mango', 'powder', 'chopped', 'red', 'onion', 'serve', 'hot', 'garnished', 'green', 'coriander']",Indian
11910,"['in', 'a', 'bowl', 'rinse', 'the', 'lentils', 'and', 'mung', 'beans', 'well', 'and', 'pick', 'out', 'discolored', 'beans', 'drain', 'in', 'a', 'sieve', 'and', 'put', 'into', 'a', 'heavy', 'pot', 'with', 'the', 'salt', 'and', 'cold', 'water', 'stir', 'and', 'bring', 'to', 'a', 'boil', 'reduce', 'heat', 'to', 'low', 'and', 'simmer', 'for', '25', 'minutes', 'stirring', 'occasionally', 'to', 'prevent', 'sticking', 'when', 'lentils', 'are', 'tender', 'remove', 'from', 'heat', 'heat', 'oil', 'in', 'a', 'small', 'skillet', 'over', 'medium-high', 'heat', 'add', 'asafetida', 'and', 'panch', 'phoran', 'stir', 'and', 'allow', 'spices', 'to', 'sizzle', 'about', '30', 'seconds', 'add', 'tomato', 'and', 'turmeric', 'work', 'mixture', 'with', 'wooden', 'spoon', 'into', 'a', 'puree', 'cook', 'about', '3', 'minutes', 'add', 'tomato', 'mixture', 'to', 'the', 'cooked', 'lentil', 'mixture', 'and', 'simmer', 'about', '5', 'minutes', 'serve']","['bowl', 'rinse', 'lentils', 'mung', 'beans', 'well', 'pick', 'discolored', 'beans', 'drain', 'sieve', 'put', 'heavy', 'pot', 'salt', 'cold', 'water', 'stir', 'bring', 'boil', 'reduce', 'heat', 'low', 'simmer', 'stirring', 'occasionally', 'prevent', 'sticking', 'lentils', 'tender', 'remove', 'heat', 'heat', 'oil', 'small', 'skillet', 'medium', 'high', 'heat', 'add', 'asafetida', 'panch', 'phoran', 'stir', 'allow', 'spices', 'sizzle', 'seconds', 'add', 'tomato', 'turmeric', 'work', 'mixture', 'wooden', 'spoon', 'puree', 'cook', 'add', 'tomato', 'mixture', 'cooked', 'lentil', 'mixture', 'simmer', 'serve']",Indian
10747,"['saute', 'garlic', 'in', 'butter', 'cook', 'chicken', 'in', 'garlic/butter', 'over', 'medium', 'heat', 'turn', 'after', '7-8', 'minutes', 'pour', 'cocunut', 'milk', 'into', 'bowl', 'stir', 'in', 'curry', 'powder', 'sugar', 'and', 'pepper', 'dissolved', 'and', 'a', '``', 'mustard', ""''"", 'color', 'is', 'achieved', 'add', 'coconut/curry', 'mixture', 'to', 'pan', 'stir', 'simmer', 'and', 'cover', 'for', '8-10', 'minutes', 'add', 'potatoes', 'and', 'carrots', 'taste', 'sauce', 'season', 'to', 'preference', 'simmer', 'and', 'cover', 'for', '7-8', 'minutes', 'add', 'cauliflower', 'and', 'mushrooms', 'simmer', 'and', 'cover', 'for', '5', 'minutes', 'add', '2', 'tbsps', 'cornstarch', 'stir', 'to', 'dissolve', 'spice', 'up', 'with', 'half', 'tsp.of', 'salt', 'and', '1', 'teaspoons', 'red', 'pepper', 'flakes', 'if', 'desired', 'garnish', 'with', 'sliced', 'green', 'onions', 'and', 'eat', 'over', 'steamed', 'white', 'rice']","['saute', 'garlic', 'butter', 'cook', 'chicken', 'garlic/butter', 'medium', 'heat', 'turn', 'pour', 'cocunut', 'milk', 'bowl', 'stir', 'curry', 'powder', 'sugar', 'pepper', 'dissolved', '``', 'mustard', ""''"", 'color', 'achieved', 'add', 'coconut/curry', 'mixture', 'pan', 'stir', 'simmer', 'cover', 'add', 'potatoes', 'carrots', 'taste', 'sauce', 'season', 'preference', 'simmer', 'cover', 'add', 'cauliflower', 'mushrooms', 'simmer', 'cover', 'add', 'tbsps', 'cornstarch', 'stir', 'dissolve', 'spice', 'half', 'tsp.of', 'salt', 'red', 'pepper', 'flakes', 'desired', 'garnish', 'sliced', 'green', 'onions', 'eat', 'steamed', 'white', 'rice']",Indian
2325,"['cut', 'each', 'mozzarella', 'stick', 'in', 'half', 'lengthwise', 'then', 'cut', 'each', 'piece', 'horizontally', 'into', '4', 'pieces', 'you', 'should', 'have', 'small', '16', 'pieces', 'add', 'the', 'ground', 'chicken', '1/2', 'teaspoon', 'italian', 'seasoning', '1/2', 'teaspoon', 'salt', 'and', '1/4', 'teaspoon', 'pepper', 'to', 'a', 'bowl', 'mix', 'to', 'combine', 'thoroughly', 'flatten', 'about', '1', '1/2', 'tablespoons', 'of', 'the', 'ground', 'chicken', 'mixture', 'into', 'the', 'palm', 'of', 'your', 'hand', 'add', 'a', 'piece', 'of', 'mozzarella', 'in', 'the', 'center', 'seal', 'and', 'cover', 'the', 'cheese', 'rolling', 'into', 'a', 'ball', 'and', 'place', 'onto', 'a', 'parchment-lined', 'baking', 'sheet', 'freeze', 'until', 'solid', 'about', '4-6', 'hours', 'add', 'about', '3', 'inches', 'of', 'oil', 'to', 'a', 'dutch', 'oven', 'and', 'heat', 'to', '350', 'deg', 'f.', 'add', 'the', 'panko', 'parmesan', 'and', 'garlic', 'powder', 'to', 'a', 'large', 'bowl', 'and', 'whisk', 'to', 'combine', 'add', 'the', 'flour', 'italian', 'seasoning', '2', 'teaspoons', 'of', 'salt', 'and', '1/2', 'teaspoon', 'pepper', 'to', 'a', 'separate', 'large', 'bowl', 'and', 'whisk', 'to', 'combine', 'add', 'eggs', 'and', 'about', '2', 'tablespoons', 'of', 'water', 'to', 'a', 'separate', 'bowl', 'and', 'whisk', 'to', 'combine', 'dredge', 'the', 'frozen', 'chicken', 'in', 'the', 'flour', 'then', 'coat', 'in', 'the', 'egg', 'wash', 'then', 'cover', 'in', 'the', 'panko', 'mixture', 'place', 'on', 'a', 'sheet', 'pan', 'while', 'you', 'finish', 'the', 'rest', 'fry', 'nuggets', 'until', 'cooked', 'and', 'the', 'cheese', 'is', 'melted', 'about', '5-7', 'minutes', 'let', 'drain', 'on', 'a', 'paper', 'towel', 'lined', 'sheet', 'tray', 'serve', 'with', 'marinara', 'sauce']","['cut', 'mozzarella', 'stick', 'half', 'lengthwise', 'cut', 'piece', 'horizontally', 'pieces', 'small', 'pieces', 'add', 'ground', 'chicken', 'italian', 'seasoning', 'salt', 'pepper', 'bowl', 'mix', 'combine', 'thoroughly', 'flatten', 'ground', 'chicken', 'mixture', 'palm', 'hand', 'add', 'piece', 'mozzarella', 'center', 'seal', 'cover', 'cheese', 'rolling', 'ball', 'place', 'onto', 'parchment', 'lined', 'baking', 'sheet', 'freeze', 'solid', 'add', 'oil', 'dutch', 'oven', 'heat', 'deg', 'f.', 'add', 'panko', 'parmesan', 'garlic', 'powder', 'large', 'bowl', 'whisk', 'combine', 'add', 'flour', 'italian', 'seasoning', 'salt', 'pepper', 'separate', 'large', 'bowl', 'whisk', 'combine', 'add', 'eggs', 'water', 'separate', 'bowl', 'whisk', 'combine', 'dredge', 'frozen', 'chicken', 'flour', 'coat', 'egg', 'wash', 'cover', 'panko', 'mixture', 'place', 'sheet', 'pan', 'finish', 'rest', 'fry', 'nuggets', 'cooked', 'cheese', 'melted', 'let', 'drain', 'paper', 'towel', 'lined', 'sheet', 'tray', 'serve', 'marinara', 'sauce']",Italian
7170,"['heat', 'a', 'frying', 'pan', 'and', 'fry', 'the', 'coriander', 'cumin', 'and', 'peppercorns', 'for', '1-2', 'minutes', 'stirring', 'constantly', 'add', 'the', 'mustard', 'seeds', 'and', 'toss', 'constantly', 'until', 'they', 'start', 'to', 'pop', 'do', 'not', 'let', 'the', 'spices', 'get', 'too', 'dark', 'cool', 'the', 'spices', 'and', 'then', 'grind', 'the', 'mixture', 'to', 'a', 'fine', 'powder', 'add', 'the', 'turmeric', 'chili', 'powder', 'and', 'salt', 'stir', 'in', 'the', 'garlic', 'ginger', 'and', 'enough', 'of', 'the', 'vinegar', 'to', 'make', 'a', 'paste', 'heat', 'the', 'oil', 'in', 'a', 'frying', 'pan', 'and', 'add', 'the', 'paste', 'stirring', 'constantly', 'until', 'the', 'oil', 'begins', 'to', 'separate', 'from', 'the', 'mixture', 'spoon', 'the', 'masala', 'into', 'a', 'clean', 'jar', 'or', 'tub', 'make', 'sure', 'that', 'there', 'is', 'a', 'layer', 'of', 'oil', 'floating', 'on', 'top', 'covering', 'the', 'mixture', 'for', 'an', 'airtight', 'seal', 'store', 'in', 'fridge', 'and', 'use', 'within', '2-3', 'weeks']","['heat', 'frying', 'pan', 'fry', 'coriander', 'cumin', 'peppercorns', 'stirring', 'constantly', 'add', 'mustard', 'seeds', 'toss', 'constantly', 'start', 'pop', 'let', 'spices', 'get', 'dark', 'cool', 'spices', 'grind', 'mixture', 'fine', 'powder', 'add', 'turmeric', 'chili', 'powder', 'salt', 'stir', 'garlic', 'ginger', 'enough', 'vinegar', 'make', 'paste', 'heat', 'oil', 'frying', 'pan', 'add', 'paste', 'stirring', 'constantly', 'oil', 'begins', 'separate', 'mixture', 'spoon', 'masala', 'clean', 'jar', 'tub', 'make', 'sure', 'layer', 'oil', 'floating', 'top', 'covering', 'mixture', 'airtight', 'seal', 'store', 'fridge', 'use', 'within', 'weeks']",Indian
2891,"['beat', 'the', 'egg', 'together', 'with', 'the', 'paprika', 'mix', 'the', 'lemon', 'zest', 'and', 'the', 'parsley', 'together', 'with', 'the', 'breadcrumbs', 'dip', 'the', 'tilapia', 'fillets', 'first', 'in', 'the', 'egg', 'mixture', 'and', 'then', 'dredge', 'in', 'the', 'breadcrumbs', 'heat', 'a', 'skillet', 'over', 'medium', 'high', 'heat', 'fry', 'the', 'fish', 'in', 'the', 'oil', 'or', 'butter', 'for', 'about', '4', 'minutes', 'per', 'side', 'or', 'until', 'cooked', 'through', 'i', 'like', 'my', 'fish', 'more', 'well', 'done', 'than', 'most', 'people', 'remove', 'from', 'the', 'pan', 'and', 'keep', 'warm', 'dip', 'the', 'portobello', 'mushrooms', 'in', 'the', 'egg', 'and', 'then', 'dredge', 'with', 'the', 'breadcrumbs', 'fry', 'the', 'mushrooms', 'as', 'you', 'did', 'the', 'fish', 'about', '3', 'minutes', 'per', 'side', 'remove', 'from', 'the', 'pan', 'and', 'keep', 'warm', 'peel', 'and', 'cube', 'the', 'potatoes', 'boil', 'for', 'about', '15', 'minutes', 'drain', 'the', 'potatoes', 'and', 'mash', 'them', 'together', 'with', 'the', 'butter', 'and', 'cream', 'add', 'salt', 'and', 'pepper', 'to', 'taste', 'heat', 'the', 'thawed', 'spinach', 'in', 'either', 'a', 'saucepan', 'or', 'in', 'the', 'microwave', 'mix', 'the', 'spinach', 'in', 'with', 'the', 'potatoes', 'taste', 'to', 'see', 'if', 'you', 'need', 'more', 'salt', 'and', 'pepper', 'divide', 'the', 'potatoes', 'into', '4', 'portions', 'and', 'make', 'a', 'bed', 'of', 'mashed', 'potatoes', 'on', 'each', 'plate', 'top', 'each', 'bed', 'with', 'a', 'portobello', 'mushroom', 'top', 'each', 'mushroom', 'with', 'a', 'piece', 'of', 'tilapia', 'dust', 'with', 'additional', 'lemon', 'zest', 'and', 'parsley', 'if', 'desired']","['beat', 'egg', 'together', 'paprika', 'mix', 'lemon', 'zest', 'parsley', 'together', 'breadcrumbs', 'dip', 'tilapia', 'fillets', 'first', 'egg', 'mixture', 'dredge', 'breadcrumbs', 'heat', 'skillet', 'medium', 'high', 'heat', 'fry', 'fish', 'oil', 'butter', 'per', 'side', 'cooked', 'like', 'fish', 'well', 'done', 'people', 'remove', 'pan', 'keep', 'warm', 'dip', 'portobello', 'mushrooms', 'egg', 'dredge', 'breadcrumbs', 'fry', 'mushrooms', 'fish', 'per', 'side', 'remove', 'pan', 'keep', 'warm', 'peel', 'cube', 'potatoes', 'boil', 'drain', 'potatoes', 'mash', 'together', 'butter', 'cream', 'add', 'salt', 'pepper', 'taste', 'heat', 'thawed', 'spinach', 'either', 'saucepan', 'microwave', 'mix', 'spinach', 'potatoes', 'taste', 'see', 'need', 'salt', 'pepper', 'divide', 'potatoes', 'portions', 'make', 'bed', 'mashed', 'potatoes', 'plate', 'top', 'bed', 'portobello', 'mushroom', 'top', 'mushroom', 'piece', 'tilapia', 'dust', 'additional', 'lemon', 'zest', 'parsley', 'desired']",Italian
7461,"['mix', 'wheat/maize', 'rice', 'rava', 'suji', 'curd', 'baking', 'soda', 'and', 'salt', 'add', 'water', 'to', 'it', 'and', 'make', 'dough', 'of', 'pouring', 'consistency', 'heat', 'oil', 'in', 'kadai', 'and', 'add', 'the', 'mustard', 'seeds', 'after', 'the', 'mustard', 'seeds', 'splutter', 'add', 'the', 'cumin', 'seeds', 'asafoetida', 'green', 'chilles', 'ginger', 'pepper', 'corns', 'optional', 'and', 'curry', 'leaves', 'heat', 'till', 'the', 'cumin', 'seeds', 'get', 'golden', 'add', 'the', 'seasoning', 'to', 'the', 'batter', 'leave', 'it', 'for', '3-5', 'mins', 'or', 'even', 'upto', 'an', 'hour', 'important', 'making', 'a', 'rava', 'dosa', 'is', 'different', 'from', 'making', 'a', 'normal', 'dosa', 'the', 'consistency', 'of', 'the', 'dough', 'has', 'to', 'be', 'more', 'watery', 'you', 'need', 'to', 'pour', 'the', 'batter', 'all', 'over', 'the', 'fry', 'pan', 'starting', 'from', 'the', 'outer', 'circle', 'and', 'fill', 'it', 'towards', 'the', 'center', 'swirl', 'the', 'pab', 'around', 'so', 'that', 'there', 'are', 'no', 'gaps', 'in', 'the', 'dosa', 'and', 'the', 'batter', 'spreads', 'fine', 'all', 'round', 'as', 'it', 'cooks', 'tiny', 'holes', 'like', 'dots', 'will', 'appear', 'on', 'the', 'dosa', '3', 'to', '5', 'mins', 'cover', 'the', 'fry', 'pan', 'after', 'spreading', 'the', 'batter', 'turn', 'to', 'cook', 'the', 'other', 'side', 'if', 'needed', 'i', 'do', 'so', 'as', 'we', 'like', 'the', 'dosas', 'crisp', 'for', 'a', 'minute', 'or', 'so', 'uncovered', 'accompaniments', 'sambar', 'chutney', 'or', 'a', 'potato', 'vegetable']","['mix', 'wheat/maize', 'rice', 'rava', 'suji', 'curd', 'baking', 'soda', 'salt', 'add', 'water', 'make', 'dough', 'pouring', 'consistency', 'heat', 'oil', 'kadai', 'add', 'mustard', 'seeds', 'mustard', 'seeds', 'splutter', 'add', 'cumin', 'seeds', 'asafoetida', 'green', 'chilles', 'ginger', 'pepper', 'corns', 'optional', 'curry', 'leaves', 'heat', 'till', 'cumin', 'seeds', 'get', 'golden', 'add', 'seasoning', 'batter', 'leave', 'mins', 'even', 'upto', 'important', 'making', 'rava', 'dosa', 'different', 'making', 'normal', 'dosa', 'consistency', 'dough', 'watery', 'need', 'pour', 'batter', 'fry', 'pan', 'starting', 'outer', 'circle', 'fill', 'towards', 'center', 'swirl', 'pab', 'around', 'gaps', 'dosa', 'batter', 'spreads', 'fine', 'round', 'cooks', 'tiny', 'holes', 'like', 'dots', 'appear', 'dosa', 'mins', 'cover', 'fry', 'pan', 'spreading', 'batter', 'turn', 'cook', 'side', 'needed', 'like', 'dosas', 'crisp', 'uncovered', 'accompaniments', 'sambar', 'chutney', 'potato', 'vegetable']",Indian
6326,"['for', 'salsa', 'de', 'pomodori', 'heat', 'oil', 'in', 'a', 'large', 'pot', 'add', 'onion', 'and', 'cook', '7-8', 'minutes', 'or', 'until', 'soft', 'all', 'all', 'remaining', 'ingredients', 'for', 'sauce', 'cover', 'and', 'cook', 'over', 'low', 'heat', 'for', '40', 'minutes', 'press', 'through', 'a', 'sieve', 'set', 'aside', 'for', 'filling', 'heat', 'oil', 'in', 'large', 'frying', 'pan', 'add', 'onion', 'and', 'garlic', 'cook', 'until', 'soft', 'stir', 'in', 'spinach', 'cook', '3-4', 'minutes', 'or', 'until', 'all', 'moisture', 'is', 'boiled', 'away', 'and', 'mixture', 'begins', 'to', 'stick', 'move', 'mixture', 'to', 'a', 'large', 'bowl', 'melt', '1', 't', 'butter', 'and', 'cook', 'livers', '3-4', 'minutes', 'until', 'firm', 'and', 'lightly', 'browned', 'but', 'pink', 'inside', 'chop', 'coarsly', 'and', 'add', 'to', 'spinach', 'mixture', 'note', 'as', 'i', 'said', 'i', 'always', 'leave', 'this', 'step', 'out', 'melt', 'remaining', 'butter', 'and', 'brown', 'beef', 'add', 'to', 'spinach', 'mixture', 'add', 'cheese', 'cream', 'eggs', 'and', 'oregano', 'to', 'mixture', 'mix', 'and', 'season', 'to', 'taste', 'for', 'besciamella', 'melt', 'butter', 'in', 'large', 'saucepan', 'over', 'high', 'heat', 'reduct', 'heat', 'to', 'medium', 'and', 'add', 'flour', 'stir', 'constantly', 'to', 'form', 'a', 'roux', 'stir', 'for', '1', 'minute', 'pour', 'in', 'milk', 'and', 'cream', 'stirring', 'constantly', 'return', 'to', 'high', 'heat', 'and', 'cook', 'stirring', 'constantly', 'when', 'sauce', 'boils', 'reduce', 'heat', 'and', 'cook', '2-3', 'minutes', 'until', 'sauce', 'is', 'thick', 'season', 'to', 'taste', 'to', 'assemble', 'place', 'one', 'cup', 'of', 'salsa', 'di', 'pomodori', 'in', 'bottom', 'of', 'a', 'sprayed', '9x13', 'baking', 'dish', 'stuff', 'each', 'shell', 'with', '2-4', 'tablespoons', 'of', 'filling', 'place', 'in', 'pan', 'cover', 'with', 'remaining', 'salsa', 'de', 'pomodori', 'pour', 'evenly', 'besciamella', 'over', 'the', 'red', 'sauce', 'bake', 'at', 'covered', 'with', 'foil', 'in', 'a', '350', 'oven', 'for', '45', 'minutes', 'or', 'until', 'bubbly']","['salsa', 'de', 'pomodori', 'heat', 'oil', 'large', 'pot', 'add', 'onion', 'cook', 'soft', 'remaining', 'ingredients', 'sauce', 'cover', 'cook', 'low', 'heat', 'press', 'sieve', 'set', 'aside', 'filling', 'heat', 'oil', 'large', 'frying', 'pan', 'add', 'onion', 'garlic', 'cook', 'soft', 'stir', 'spinach', 'cook', 'moisture', 'boiled', 'away', 'mixture', 'begins', 'stick', 'move', 'mixture', 'large', 'bowl', 'melt', 'butter', 'cook', 'livers', 'firm', 'lightly', 'browned', 'pink', 'inside', 'chop', 'coarsly', 'add', 'spinach', 'mixture', 'note', 'said', 'always', 'leave', 'step', 'melt', 'remaining', 'butter', 'brown', 'beef', 'add', 'spinach', 'mixture', 'add', 'cheese', 'cream', 'eggs', 'oregano', 'mixture', 'mix', 'season', 'taste', 'besciamella', 'melt', 'butter', 'large', 'saucepan', 'high', 'heat', 'reduct', 'heat', 'medium', 'add', 'flour', 'stir', 'constantly', 'form', 'roux', 'stir', 'pour', 'milk', 'cream', 'stirring', 'constantly', 'return', 'high', 'heat', 'cook', 'stirring', 'constantly', 'sauce', 'boils', 'reduce', 'heat', 'cook', 'sauce', 'thick', 'season', 'taste', 'assemble', 'place', 'one', 'salsa', 'di', 'pomodori', 'bottom', 'sprayed', '9x13', 'baking', 'dish', 'stuff', 'shell', 'filling', 'place', 'pan', 'cover', 'remaining', 'salsa', 'de', 'pomodori', 'pour', 'evenly', 'besciamella', 'red', 'sauce', 'bake', 'covered', 'foil', 'oven', 'bubbly']",Italian
3749,"['special', 'equipment', 'a', 'pastry', 'bag', 'and', 'a', 'plain', 'tip', 'with', 'a', '1/4', 'inch', 'opening', 'in', 'small', 'bowl', 'combine', 'cheeses', 'thyme', 'and', 'lemon', 'zest', 'i', 'chose', 'to', 'run', 'this', 'through', 'my', 'processor', 'to', 'make', 'it', 'smoother', 'and', 'easy', 'to', 'use', 'with', 'the', 'tip', 'but', 'not', 'needed', 'as', 'per', 'the', 'recipe', 'place', 'cheese', 'mixture', 'in', 'pastry', 'bag', 'pipe', 'cheese', 'mixture', 'into', 'each', 'olive', 'place', 'flour', 'in', 'a', 'small', 'bowl', 'pour', 'beaten', 'egg', 'in', 'another', 'small', 'bowl', 'bread', 'crumbs', 'in', 'a', 'third', 'small', 'bowl', 'dredge', 'olives', 'in', 'flour', 'then', 'egg', 'followed', 'by', 'bread', 'crumbs', 'coating', 'olives', 'completly', 'in', 'large', 'heavy', 'bottomed', 'saucepan', 'or', 'deep', 'fryer', 'pour', 'enough', 'oil', 'to', 'fill', 'at', 'least', '1/3', 'of', 'the', 'way', 'heat', 'over', 'medium', 'heat', 'until', 'a', 'deep', 'frying', 'thermometer', 'inserted', 'in', 'oil', 'reaches', '350', 'if', 'you', 'do', ""n't"", 'have', 'a', 'thermometer', 'a', 'cube', 'of', 'bread', 'will', 'brown', 'in', 'a', 'couple', 'of', 'minutes', 'fry', 'olives', 'in', 'batches', 'for', '30', 'to', '45', 'seconds', 'until', 'golden', 'brown', 'drain', 'fried', 'olives', 'on', 'paper', 'towels', 'and', 'cool', 'for', '5', 'minutes']","['special', 'equipment', 'pastry', 'bag', 'plain', 'tip', 'opening', 'small', 'bowl', 'combine', 'cheeses', 'thyme', 'lemon', 'zest', 'chose', 'run', 'processor', 'make', 'smoother', 'easy', 'use', 'tip', 'needed', 'per', 'recipe', 'place', 'cheese', 'mixture', 'pastry', 'bag', 'pipe', 'cheese', 'mixture', 'olive', 'place', 'flour', 'small', 'bowl', 'pour', 'beaten', 'egg', 'another', 'small', 'bowl', 'bread', 'crumbs', 'third', 'small', 'bowl', 'dredge', 'olives', 'flour', 'egg', 'followed', 'bread', 'crumbs', 'coating', 'olives', 'completly', 'large', 'heavy', 'bottomed', 'saucepan', 'deep', 'fryer', 'pour', 'enough', 'oil', 'fill', 'least', 'way', 'heat', 'medium', 'heat', 'deep', 'frying', 'thermometer', 'inserted', 'oil', 'reaches', 'thermometer', 'cube', 'bread', 'brown', 'couple', 'fry', 'olives', 'batches', 'seconds', 'golden', 'brown', 'drain', 'fried', 'olives', 'paper', 'towels', 'cool']",Italian
6848,"['place', 'onions', 'in', 'a', 'pan', 'add', 'a', 'cup', 'of', 'water', 'and', 'boil', 'till', 'soft', 'drain', 'and', 'cool', 'grind', 'into', 'a', 'smooth', 'paste', 'soak', 'the', 'cashewnuts', 'in', 'half', 'cup', 'of', 'warm', 'water', 'for', 'half', 'an', 'hour', 'and', 'grind', 'to', 'a', 'smooth', 'paste', 'heat', 'oil', 'in', 'a', 'handi', 'and', 'add', 'boiled', 'onion', 'paste', 'stir', 'and', 'add', 'garlic', 'paste', 'ginger', 'paste', 'green', 'cardamoms', 'slit', 'green', 'chillies', 'stir', 'and', 'add', 'grated', 'mawa', 'and', 'cashewnut', 'paste', 'stir', 'add', 'half', 'cup', 'of', 'water', 'and', 'mix', 'cook', 'on', 'low', 'heat', 'for', 'five', 'to', 'ten', 'minutes', 'add', 'whisked', 'yogurt', 'salt', 'and', 'white', 'pepper', 'powder', 'stir', 'and', 'cook', 'for', 'a', 'minute.cool']","['place', 'onions', 'pan', 'add', 'water', 'boil', 'till', 'soft', 'drain', 'cool', 'grind', 'smooth', 'paste', 'soak', 'cashewnuts', 'half', 'warm', 'water', 'half', 'grind', 'smooth', 'paste', 'heat', 'oil', 'handi', 'add', 'boiled', 'onion', 'paste', 'stir', 'add', 'garlic', 'paste', 'ginger', 'paste', 'green', 'cardamoms', 'slit', 'green', 'chillies', 'stir', 'add', 'grated', 'mawa', 'cashewnut', 'paste', 'stir', 'add', 'half', 'water', 'mix', 'cook', 'low', 'heat', 'five', 'ten', 'add', 'whisked', 'yogurt', 'salt', 'white', 'pepper', 'powder', 'stir', 'cook', 'minute.cool']",Indian
10835,"['in', 'a', 'plastic', 'bag', 'mix', 'flour', 'salt', 'and', 'pepper', 'add', 'cubes', 'of', 'beef', 'and', 'shake', 'until', 'meat', 'is', 'well', 'covered', 'saute', 'beef', 'with', 'oil', 'in', 'a', 'large', 'pan', 'put', 'meat', 'in', 'slow', 'cooker', 'saute', 'sliced', 'onion', 'in', 'the', 'pan', 'until', 'slightly', 'colored', 'add', 'crushed', 'garlic', 'and', 'spices', 'and', 'cook', 'for', '3', 'minutes', 'put', 'in', 'slow', 'cooker', 'add', 'yogurt', 'and', 'water', 'and', 'mix', 'well', 'cook', 'on', 'low', 'for', '6', 'to', '8', 'hours', 'add', 'cooked', 'rice', 'green', 'peas', 'and', 'saffron', 'cook', 'for', '30', 'minutes', 'garnish', 'with', 'chopped', 'cilantro', 'and', 'serve']","['plastic', 'bag', 'mix', 'flour', 'salt', 'pepper', 'add', 'cubes', 'beef', 'shake', 'meat', 'well', 'covered', 'saute', 'beef', 'oil', 'large', 'pan', 'put', 'meat', 'slow', 'cooker', 'saute', 'sliced', 'onion', 'pan', 'slightly', 'colored', 'add', 'crushed', 'garlic', 'spices', 'cook', 'put', 'slow', 'cooker', 'add', 'yogurt', 'water', 'mix', 'well', 'cook', 'low', 'add', 'cooked', 'rice', 'green', 'peas', 'saffron', 'cook', 'garnish', 'chopped', 'cilantro', 'serve']",Indian
12824,"['peel', 'and', 'wash', 'the', 'potatoes', 'then', 'boil', 'in', 'water', 'till', 'they', 'are', 'cooked', 'but', 'still', 'firm', 'usually', 'this', 'takes', 'around', '12-16', 'minutes', 'heat', 'the', 'oil', 'in', 'a', 'pan', 'and', 'fry', 'the', 'spices', 'for', 'a', 'few', 'minutes', 'add', 'the', 'butter', 'then', 'the', 'potatoes', 'and', 'green', 'beans', 'making', 'sure', 'they', 'are', 'completely', 'coated', 'in', 'the', 'spicy', 'mixture', 'cook', 'for', 'about', '10-15', 'mins', 'then', 'stir', 'in', 'the', 'coriander']","['peel', 'wash', 'potatoes', 'boil', 'water', 'till', 'cooked', 'still', 'firm', 'usually', 'takes', 'around', 'heat', 'oil', 'pan', 'fry', 'spices', 'add', 'butter', 'potatoes', 'green', 'beans', 'making', 'sure', 'completely', 'coated', 'spicy', 'mixture', 'cook', 'mins', 'stir', 'coriander']",Indian
8935,"['wash', 'peel', 'and', 'cut', 'the', 'potatoes', 'wash', 'trim', 'and', 'chop', 'or', 'grate', 'the', 'cauliflower', 'and', 'carrots', 'in', 'small', 'pieces', 'rinse', 'and', 'drain', 'dal', 'and', 'put', 'in', 'a', '2-quart', 'pot', 'to', 'boil', 'in', '2', 'cups', 'water', 'when', 'little', 'cooked', 'after', '10', 'minutes', 'add', 'the', 'potatoes', 'and', 'salt', 'cook', 'until', 'the', 'potatoes', 'are', 'done', 'mash', 'them', 'along', 'with', 'dal', 'add', 'the', 'chopped', 'or', 'grated', 'cauliflower', 'carrots', 'and', 'green', 'peas', 'to', 'the', 'dal', 'mix', 'cook', 'for', 'another', '15', 'minutes', 'until', 'the', 'carrots', 'are', 'tender', 'add', 'water', 'as', 'needed', 'heat', '2', 'tablespoons', 'oil', 'on', 'medium', 'heat', 'in', 'a', 'skillet', 'sauté', 'the', 'mustard', 'seeds', 'in', 'hot', 'oil', 'add', 'the', 'whole', 'red', 'chilies', 'can', 'be', 'removed', 'before', 'serving', 'add', 'the', 'onions', 'stir', 'until', 'translucent', 'add', 'the', 'cooked', 'mixture', 'cook', 'for', 'about', '5', 'minutes', 'it', 'should', 'be', 'like', 'a', 'wet', 'mixture', 'stir', 'in', 'red', 'chili', 'powder', 'and', 'pao', 'bhaji', 'masala', 'to', 'taste', 'separate', 'the', 'rolls', 'toast', 'them', 'in', 'a', 'hot', 'skillet', 'using', 'little', 'bit', 'of', 'oil', 'for', 'each', 'roll', 'put', 'the', 'prepared', 'filling', 'and', 'a', 'slice', 'of', 'tomato', 'between', 'two', 'halves', 'serve', 'hot']","['wash', 'peel', 'cut', 'potatoes', 'wash', 'trim', 'chop', 'grate', 'cauliflower', 'carrots', 'small', 'pieces', 'rinse', 'drain', 'dal', 'put', '2', 'quart', 'pot', 'boil', 'water', 'little', 'cooked', 'add', 'potatoes', 'salt', 'cook', 'potatoes', 'done', 'mash', 'along', 'dal', 'add', 'chopped', 'grated', 'cauliflower', 'carrots', 'green', 'peas', 'dal', 'mix', 'cook', 'another', 'carrots', 'tender', 'add', 'water', 'needed', 'heat', 'oil', 'medium', 'heat', 'skillet', 'sauté', 'mustard', 'seeds', 'hot', 'oil', 'add', 'whole', 'red', 'chilies', 'removed', 'serving', 'add', 'onions', 'stir', 'translucent', 'add', 'cooked', 'mixture', 'cook', 'like', 'wet', 'mixture', 'stir', 'red', 'chili', 'powder', 'pao', 'bhaji', 'masala', 'taste', 'separate', 'rolls', 'toast', 'hot', 'skillet', 'using', 'little', 'bit', 'oil', 'roll', 'put', 'prepared', 'filling', 'slice', 'tomato', 'two', 'halves', 'serve', 'hot']",Indian
11680,"['combine', 'all', 'the', 'ingredients', 'in', 'a', 'large', 'bowl', 'mix', 'well', 'add', 'just', 'enough', 'batter', 'to', 'form', 'a', 'batter', 'of', 'pouring', 'consistency', 'prepare', 'dosas', 'crepes', 'follow', 'recipe', 'for', ""''"", 'plain', 'dosa', ""''"", 'posted', 'separately', 'serve', 'hot', 'with', 'chutney']","['combine', 'ingredients', 'large', 'bowl', 'mix', 'well', 'add', 'enough', 'batter', 'form', 'batter', 'pouring', 'consistency', 'prepare', 'dosas', 'crepes', 'follow', 'recipe', ""''"", 'plain', 'dosa', ""''"", 'posted', 'separately', 'serve', 'hot', 'chutney']",Indian
10884,"['saute', 'onions', 'with', 'garlic', 'curry', 'powder', 'and', 'black', 'mustard', 'seeds', 'after', 'cooked', 'add', 'lentils', 'and', 'half', 'fill', 'pot', 'with', 'water', 'add', 'tumeric', 'and', 'salt', 'to', 'taste', 'stir', 'cook', 'until', 'water', 'nearly', 'evaporated', 'simmer', 'with', 'milk/', 'coconut', 'milk', 'i', 'use', 'coconut', 'milk']","['saute', 'onions', 'garlic', 'curry', 'powder', 'black', 'mustard', 'seeds', 'cooked', 'add', 'lentils', 'half', 'fill', 'pot', 'water', 'add', 'tumeric', 'salt', 'taste', 'stir', 'cook', 'water', 'nearly', 'evaporated', 'simmer', 'milk/', 'coconut', 'milk', 'use', 'coconut', 'milk']",Indian
7544,"['drain', 'and', 'flake', 'the', 'tuna', 'mix', 'together', 'the', 'ground', 'cumin', 'coriander', 'turmeric', 'and', 'chile', 'powder', 'heat', 'a', 'tablespoon', 'of', 'oil', 'in', 'a', 'skillet', 'and', 'fry', 'the', 'fish', 'for', 'about', '5', 'minutes', 'along', 'with', 'one', 'teaspoon', 'of', 'the', 'blended', 'spices', 'until', 'no', 'liquid', 'remains', 'remove', 'fish', 'and', 'place', 'in', 'a', 'medium', 'sized', 'bowl', 'add', 'a', 'little', 'more', 'oil', 'to', 'the', 'skillet', 'and', 'then', 'saute', 'the', 'onions', 'till', 'golden', 'brown', 'add', 'the', 'ginger', 'and', 'garlic', 'and', 'saute', 'a', 'couple', 'of', 'minutes', 'more', 'add', 'the', 'rest', 'of', 'the', 'spice', 'mix', 'and', 'saute', 'a', 'little', 'longer', 'then', 'add', 'the', 'tomato', 'paste', 'cilantro', 'green', 'chiles', 'and', 'garam', 'masala', 'and', 'heat', 'through', 'add', 'this', 'spicy', 'onion', 'mixture', 'along', 'with', 'the', 'mashed', 'potatoes', 'and', 'cooked', 'green', 'peas', 'to', 'the', 'fish', 'in', 'the', 'bowl', 'and', 'mix', 'well', 'do', 'not', 'add', 'too', 'much', 'potato', 'just', 'enough', 'to', 'bind', 'the', 'fish', 'shape', 'into', 'patties', 'then', 'dip', 'into', 'the', 'beaten', 'eggs', 'then', 'in', 'the', 'bread', 'crumbs', 'placed', 'in', 'a', 'shallow', 'bowl', 'into', 'the', 'egg', 'once', 'again', 'followed', 'again', 'by', 'the', 'bread', 'crumbs', 'you', 'can', 'do', 'the', 'egg-bread', 'crumbling', 'procedure', 'just', 'once', 'but', 'doing', 'it', 'twice', 'makes', 'for', 'crunchier', 'patties', 'saute', 'patties', 'in', 'hot', 'coconut', 'oil', 'until', 'brown', 'on', 'all', 'sides', 'drain', 'on', 'paper', 'towels', 'and', 'serve']","['drain', 'flake', 'tuna', 'mix', 'together', 'ground', 'cumin', 'coriander', 'turmeric', 'chile', 'powder', 'heat', 'oil', 'skillet', 'fry', 'fish', 'along', 'one', 'blended', 'spices', 'liquid', 'remains', 'remove', 'fish', 'place', 'medium', 'sized', 'bowl', 'add', 'little', 'oil', 'skillet', 'saute', 'onions', 'till', 'golden', 'brown', 'add', 'ginger', 'garlic', 'saute', 'couple', 'add', 'rest', 'spice', 'mix', 'saute', 'little', 'longer', 'add', 'tomato', 'paste', 'cilantro', 'green', 'chiles', 'garam', 'masala', 'heat', 'add', 'spicy', 'onion', 'mixture', 'along', 'mashed', 'potatoes', 'cooked', 'green', 'peas', 'fish', 'bowl', 'mix', 'well', 'add', 'much', 'potato', 'enough', 'bind', 'fish', 'shape', 'patties', 'dip', 'beaten', 'eggs', 'bread', 'crumbs', 'placed', 'shallow', 'bowl', 'egg', 'followed', 'bread', 'crumbs', 'egg', 'bread', 'crumbling', 'procedure', 'twice', 'makes', 'crunchier', 'patties', 'saute', 'patties', 'hot', 'coconut', 'oil', 'brown', 'sides', 'drain', 'paper', 'towels', 'serve']",Indian
10848,"['spray', 'a', '4-quart', 'slow', 'cooker', 'with', 'cooking', 'spray', 'set', 'aside', 'in', 'a', 'large', 'mixing', 'bowl', 'whisk', 'together', 'pudding', 'mix', 'corn', 'muffin', 'mix', 'and', '3', 'cups', 'of', 'milk', 'until', 'thickened', 'about', '2', 'to', '3', 'minutes', 'set', 'aside', 'in', 'a', 'medium', 'mixing', 'bowl', 'whisk', 'together', 'remaining', 'ingredients', 'stir', 'into', 'pudding', 'mixture', 'until', 'well', 'combined', 'transfer', 'to', 'slow', 'cooker', 'cover', 'and', 'cook', 'on', 'high', 'for', '1', 'hour', 'turn', 'slow', 'cooker', 'to', 'low', 'and', 'stir', 'cover', 'and', 'continue', 'cooking', 'for', '1', 'more', 'hour', 'stir', 'cover', 'and', 'cook', 'for', '1', 'hour', 'more']","['spray', '4', 'quart', 'slow', 'cooker', 'cooking', 'spray', 'set', 'aside', 'large', 'mixing', 'bowl', 'whisk', 'together', 'pudding', 'mix', 'corn', 'muffin', 'mix', 'milk', 'thickened', 'set', 'aside', 'medium', 'mixing', 'bowl', 'whisk', 'together', 'remaining', 'ingredients', 'stir', 'pudding', 'mixture', 'well', 'combined', 'transfer', 'slow', 'cooker', 'cover', 'cook', 'high', 'turn', 'slow', 'cooker', 'low', 'stir', 'cover', 'continue', 'cooking', 'stir', 'cover', 'cook']",Indian
150,"['mix', 'all', 'the', 'ingredients', 'except', 'the', 'cheese', 'together', 'in', 'a', 'small', 'bowl', 'stir', 'to', 'mix', 'thoroughly', 'pour', 'into', 'several', 'dipping', 'dishes', 'and', 'top', 'with', 'the', 'cheese', 'slivers', 'serve', 'with', 'a', 'loaf', 'or', 'two', 'of', 'good', 'crusty', 'italian', 'bread', 'sliced', 'for', 'dipping']","['mix', 'ingredients', 'except', 'cheese', 'together', 'small', 'bowl', 'stir', 'mix', 'thoroughly', 'pour', 'several', 'dipping', 'dishes', 'top', 'cheese', 'slivers', 'serve', 'loaf', 'two', 'good', 'crusty', 'italian', 'bread', 'sliced', 'dipping']",Italian
12975,"['preheat', 'grill', 'combine', 'first', '7', 'ingredients', 'through', 'onion', 'in', 'a', 'large', 'bowl', 'toss', 'well', 'thread', 'squash', 'and', 'onion', 'alternately', 'onto', 'each', 'of', '8', '10', 'inch', 'skewers', 'place', 'skewers', 'on', 'grill', 'rack', 'coated', 'with', 'cooking', 'spray', 'grill', '10', 'minutes', 'or', 'until', 'tender', 'turning', 'frequently', 'drizzle', 'with', 'juice', 'sprinkle', 'with', 'mint']","['preheat', 'grill', 'combine', 'first', 'ingredients', 'onion', 'large', 'bowl', 'toss', 'well', 'thread', 'squash', 'onion', 'alternately', 'onto', 'skewers', 'place', 'skewers', 'grill', 'rack', 'coated', 'cooking', 'spray', 'grill', 'tender', 'turning', 'frequently', 'drizzle', 'juice', 'sprinkle', 'mint']",Indian
9323,"['mix', 'all', 'ingredients', 'except', 'sugar', 'and', 'tea', 'bring', 'to', 'a', 'boil', 'then', 'turn', 'down', 'to', 'a', 'simmer', 'simmer', 'mixture', 'for', '12', 'minutes', 'add', 'tea', 'bag', 'simmer', '3', 'more', 'minutes', 'strain', 'into', 'a', 'large', 'mug', 'add', 'sugar', 'or', 'honey', 'to', 'taste', 'enjoy']","['mix', 'ingredients', 'except', 'sugar', 'tea', 'bring', 'boil', 'turn', 'simmer', 'simmer', 'mixture', 'add', 'tea', 'bag', 'simmer', 'strain', 'large', 'mug', 'add', 'sugar', 'honey', 'taste', 'enjoy']",Indian
6489,"['boil', 'water', 'and', 'make', 'the', 'pasta', 'according', 'to', 'package', 'directions', 'cook', 'with', 'salt', 'and', 'olive', 'oil', 'to', 'prevent', 'sticking', 'when', 'done', 'rinse', 'with', 'cold', 'water', 'and', 'lay', 'in', 'separate', 'strips', 'on', 'foil', 'or', 'plates', 'preheat', 'oven', '350', 'degrees', 'saute', 'garlic', 'crumbled', 'vegan', 'sausage', 'and', 'mushrooms', 'in', 'olive', 'oil', 'add', 'tomato', 'sauce', 'to', 'the', 'mushrooms', 'sausage', 'simmer', 'on', 'low', 'add', 'up', 'to', '1/2', 'cup', 'water', 'and', 'wine', 'to', 'taste', 'to', 'make', 'this', 'more', 'liquidy', 'in', 'a', 'separate', 'medium', 'mixing', 'bowl', 'combine', 'ricotta', 'cheese', 'and', 'chopped', 'green', 'onion', 'layer', 'a', '9x13x2', 'pan', 'with', '1/3', 'of', 'sauce', 'mixture', 'lay', '3', 'strips', 'pasta', 'on', 'top', 'spread', '1/2', 'ricotta', 'mixture', 'over', 'this', 'repeat', 'sauce', 'pasta', 'cheese', 'layers', 'until', 'you', 'run', 'out', 'top', 'it', 'off', 'with', 'pasta', 'add', 'any', 'sauce', 'that', ""'s"", 'left', 'add', 'shredded', 'mozzarella', 'cheese', 'cover', 'with', 'foil', 'bake', 'at', '350', 'degrees', 'for', '40', 'minutes', 'let', 'stand', '10', 'minutes', 'before', 'serving']","['boil', 'water', 'make', 'pasta', 'according', 'package', 'directions', 'cook', 'salt', 'olive', 'oil', 'prevent', 'sticking', 'done', 'rinse', 'cold', 'water', 'lay', 'separate', 'strips', 'foil', 'plates', 'preheat', 'oven', 'saute', 'garlic', 'crumbled', 'vegan', 'sausage', 'mushrooms', 'olive', 'oil', 'add', 'tomato', 'sauce', 'mushrooms', 'sausage', 'simmer', 'low', 'add', 'water', 'wine', 'taste', 'make', 'liquidy', 'separate', 'medium', 'mixing', 'bowl', 'combine', 'ricotta', 'cheese', 'chopped', 'green', 'onion', 'layer', '9x13x2', 'pan', 'sauce', 'mixture', 'lay', 'strips', 'pasta', 'top', 'spread', 'ricotta', 'mixture', 'repeat', 'sauce', 'pasta', 'cheese', 'layers', 'run', 'top', 'pasta', 'add', 'sauce', 'left', 'add', 'shredded', 'mozzarella', 'cheese', 'cover', 'foil', 'bake', 'let', 'stand', 'serving']",Italian
2063,"['chop', 'onion', 'and', 'fry', 'in', 'olive', 'oil', 'until', 'brown', 'when', 'onion', 'brown', 'add', 'thyme', 'oregano', 'rosemary', 'marjoram', 'and', 'bay', 'leaf', 'add', 'peeled', 'tomatoes', 'and', '3/4', 'of', 'the', 'can', 'of', 'tomato', 'paste', 'simmer', 'for', '20', 'minutes', 'add', 'tuna', 'and', 'simmer', 'for', 'another', '10', 'minutes', 'meanwhile', 'boil', 'pasta', 'when', 'pasta', 'is', 'al', 'dente', 'throw', 'it', 'in', 'a', 'collander', 'and', 'pour', 'some', 'milk', 'over', 'it', 'this', 'will', 'not', 'only', 'stop', 'the', 'cooking', 'but', 'also', 'remove', 'some', 'of', 'the', 'starch', 'throw', 'the', 'drained', 'pasta', 'back', 'into', 'the', 'empty', 'pot', 'where', 'it', 'was', 'cooked', 'along', 'with', '2', 'tbs', 'of', 'butter', 'the', 'remaining', 'heat', 'of', 'the', 'pot', 'is', 'sufficient', 'to', 'melt', 'the', 'butter', 'add', 'the', 'cheese', 'stir', 'and', 'then', 'add', 'the', 'sauce', 'on', 'top', 'of', 'the', 'pasta', 'stir', 'again', 'pasta', 'is', 'now', 'ready', 'to', 'be', 'served']","['chop', 'onion', 'fry', 'olive', 'oil', 'brown', 'onion', 'brown', 'add', 'thyme', 'oregano', 'rosemary', 'marjoram', 'bay', 'leaf', 'add', 'peeled', 'tomatoes', 'tomato', 'paste', 'simmer', 'add', 'tuna', 'simmer', 'another', 'meanwhile', 'boil', 'pasta', 'pasta', 'al', 'dente', 'throw', 'collander', 'pour', 'milk', 'stop', 'cooking', 'also', 'remove', 'starch', 'throw', 'drained', 'pasta', 'back', 'empty', 'pot', 'cooked', 'along', 'tbs', 'butter', 'remaining', 'heat', 'pot', 'sufficient', 'melt', 'butter', 'add', 'cheese', 'stir', 'add', 'sauce', 'top', 'pasta', 'stir', 'pasta', 'ready', 'served']",Italian
1269,"['blend', 'butter', 'anchovies', 'garlic', 'half', 'half', 'and', 'mushroom', 'soup', 'in', 'a', 'blender', 'or', 'food', 'processor', 'pour', 'in', 'a', 'heavy', 'saucepan', 'or', 'fondue', 'pot', 'and', 'heat', 'until', 'warm', 'do', 'not', 'boil', 'serve', 'in', 'a', 'fondue', 'pot', 'or', 'small', 'slow', 'cooker', 'dip', 'bread', 'cubes', 'or', 'veges', 'in', 'warm', 'sauce']","['blend', 'butter', 'anchovies', 'garlic', 'half', 'half', 'mushroom', 'soup', 'blender', 'food', 'processor', 'pour', 'heavy', 'saucepan', 'fondue', 'pot', 'heat', 'warm', 'boil', 'serve', 'fondue', 'pot', 'small', 'slow', 'cooker', 'dip', 'bread', 'cubes', 'veges', 'warm', 'sauce']",Italian
8320,"['use', 'the', 'refrigerated', 'pre-mixed', 'dough', 'for', 'no-knead', 'flatbreads', 'recipe', '387518', 'or', 'recipe', '309834.', 'remove', 'the', 'selected', 'dough', 'from', 'the', 'refrigerator', 'lighly', 'dust', 'the', 'surface', 'with', 'flour', 'and', 'cut', 'off', 'a', '1/4', 'pound', 'peach', 'size', 'piece', 'with', 'lightly', 'floured', 'hands', 'quickly', 'shape', 'dough', 'into', 'a', 'ball', 'by', 'streching', 'the', 'surface', 'of', 'the', 'dough', 'around', 'to', 'the', 'bottom', 'on', 'all', 'four', 'sides', 'rotating', 'the', 'ball', 'a', 'quarter', 'turn', 'as', 'you', 'go', 'using', 'your', 'hands', 'and', 'a', 'rolling', 'pin', 'andd', 'minimal', 'flour', 'roll', 'to', 'a', 'uniform', 'thickness', 'of', '1/8', 'inch', 'throughout', 'about', '8', 'inch', 'diameter', 'heat', 'a', 'heavy', 'cast-iron', 'skillet', 'over', 'high', 'heat', 'on', 'the', 'stovetop', 'it', ""'s"", 'ready', 'when', 'water', 'droplets', 'flicked', 'into', 'the', 'pan', 'skitter', 'across', 'the', 'surface', 'and', 'quickly', 'evaporate', 'add', 'the', 'ghee', 'or', 'oil', 'to', 'the', 'hot', 'pan', 'drop', 'the', 'rolled', 'dough', 'round', 'into', 'the', 'skillet', 'decrease', 'the', 'heat', 'to', 'medium', 'and', 'cover', 'the', 'skillet', 'to', 'trap', 'the', 'steam', 'and', 'heat', 'using', 'a', 'spatula', 'check', 'for', 'doness', 'at', 'about', '3', 'minutes', 'or', 'sooner', 'if', 'deemed', 'necessary', 'watch', 'cafrefully', 'and', 'adjust', 'heat', 'as', 'needed', 'flip', 'the', 'naan', 'when', 'the', 'underside', 'is', 'richly', 'browned', 'continue', 'cooking', 'another', '2', 'to', '6', 'minutes', 'or', 'until', 'it', 'feels', 'firm', 'and', 'the', 'second', 'side', 'has', 'browned', 'remove', 'from', 'the', 'pan', 'and', 'brush', 'with', 'butter', 'if', 'the', 'dough', 'was', 'cooked', 'in', 'oil', 'serve', 'warm']","['use', 'refrigerated', 'pre', 'mixed', 'dough', 'knead', 'flatbreads', 'recipe', 'recipe', 'remove', 'selected', 'dough', 'refrigerator', 'lighly', 'dust', 'surface', 'flour', 'cut', 'peach', 'size', 'piece', 'lightly', 'floured', 'hands', 'quickly', 'shape', 'dough', 'ball', 'streching', 'surface', 'dough', 'around', 'bottom', 'four', 'sides', 'rotating', 'ball', 'quarter', 'turn', 'go', 'using', 'hands', 'rolling', 'pin', 'andd', 'minimal', 'flour', 'roll', 'uniform', 'thickness', 'throughout', 'diameter', 'heat', 'heavy', 'cast', 'iron', 'skillet', 'high', 'heat', 'stovetop', 'ready', 'water', 'droplets', 'flicked', 'pan', 'skitter', 'across', 'surface', 'quickly', 'evaporate', 'add', 'ghee', 'oil', 'hot', 'pan', 'drop', 'rolled', 'dough', 'round', 'skillet', 'decrease', 'heat', 'medium', 'cover', 'skillet', 'trap', 'steam', 'heat', 'using', 'spatula', 'check', 'doness', 'sooner', 'deemed', 'necessary', 'watch', 'cafrefully', 'adjust', 'heat', 'needed', 'flip', 'naan', 'underside', 'richly', 'browned', 'continue', 'cooking', 'another', 'feels', 'firm', 'second', 'side', 'browned', 'remove', 'pan', 'brush', 'butter', 'dough', 'cooked', 'oil', 'serve', 'warm']",Indian
6795,"['cook', 'chicken', 'onion', 'celery', 'and', 'apple', 'in', 'melted', 'butter', 'in', 'a', 'large', 'saucepan', 'or', 'dutch', 'oven', 'until', 'lightly', 'browned', 'stir', 'in', 'flour', 'and', 'curry', 'powder', 'gradually', 'add', 'chicken', 'broth', 'stirring', 'constantly', 'stir', 'in', 'remaining', 'ingredients', 'cook', 'covered', 'over', 'low', 'heat', 'until', 'chicken', 'is', 'tender', 'remove', 'and', 'reserve', 'chicken', 'strain', 'soup', 'discarding', 'cloves', 'puree', 'vegetables', 'in', 'an', 'electric', 'blender', 'or', 'food', 'processor', 'return', 'soup', 'and', 'vegetable', 'puree', 'to', 'saucepan', 'mix', 'in', 'chicken', 'and', 'heat', 'to', 'serving', 'temperature', 'mix', 'in', 'hot', 'cooked', 'rice', 'and', 'serve']","['cook', 'chicken', 'onion', 'celery', 'apple', 'melted', 'butter', 'large', 'saucepan', 'dutch', 'oven', 'lightly', 'browned', 'stir', 'flour', 'curry', 'powder', 'gradually', 'add', 'chicken', 'broth', 'stirring', 'constantly', 'stir', 'remaining', 'ingredients', 'cook', 'covered', 'low', 'heat', 'chicken', 'tender', 'remove', 'reserve', 'chicken', 'strain', 'soup', 'discarding', 'cloves', 'puree', 'vegetables', 'electric', 'blender', 'food', 'processor', 'return', 'soup', 'vegetable', 'puree', 'saucepan', 'mix', 'chicken', 'heat', 'serving', 'temperature', 'mix', 'hot', 'cooked', 'rice', 'serve']",Indian
8478,"['wash', 'potatoes', 'and', 'peel', 'cut', 'potatoes', 'into', '1', 'inch', 'pieces', 'fry', 'the', 'potatoes', 'to', 'a', 'deep', 'golden', 'brown', 'and', 'keep', 'aside', 'grind', 'cashews', 'yogurt', 'ginger', 'and', 'garlic', 'to', 'a', 'paste', 'in', 'a', 'small', 'coffee', 'or', 'spice', 'grinder', 'keep', 'cashew', 'paste', 'aside', 'heat', '4', 'tbsp', 'oil', 'note', 'second', 'amount', 'of', 'oil', 'in', 'a', 'heavy', 'based', 'wok/pan', 'add', 'black', 'cumin', 'and', 'bay', 'leaf', 'wait', 'for', '30', 'seconds', 'until', 'cumin', 'stops', 'sputtering', 'add', 'onions', 'and', 'cook', 'on', 'low', 'heat', 'until', 'onions', 'turn', 'light', 'brown', 'add', 'tumeric', 'and', 'garam', 'masala', 'stir', 'to', 'mix', 'well', 'add', 'cashew-yogurt', 'paste', 'stir', 'for', '1', 'minute', 'cook', 'till', 'dry', 'add', 'cilantro', 'coriander', 'mix', 'well', 'for', 'a', 'minute', 'add', 'water', 'to', 'get', 'a', 'gravy', 'boil', 'and', 'simmer', 'for', '2-3', 'minutes', 'add', 'the', 'fried', 'potatoes', 'to', 'the', 'gravy', 'and', 'simmer', 'on', 'low', 'heat', 'cook', 'on', 'low', 'heat', 'till', 'the', 'gravy', 'gets', 'thick', 'and', 'coats', 'the', 'potatoes', 'reduce', 'heat', 'add', 'milk', 'mix', 'well', 'and', 'remove', 'fromheat', 'serve', 'with', 'rotis', 'or', 'paranthas']","['wash', 'potatoes', 'peel', 'cut', 'potatoes', 'pieces', 'fry', 'potatoes', 'deep', 'golden', 'brown', 'keep', 'aside', 'grind', 'cashews', 'yogurt', 'ginger', 'garlic', 'paste', 'small', 'coffee', 'spice', 'grinder', 'keep', 'cashew', 'paste', 'aside', 'heat', 'oil', 'note', 'second', 'amount', 'oil', 'heavy', 'based', 'wok/pan', 'add', 'black', 'cumin', 'bay', 'leaf', 'wait', 'seconds', 'cumin', 'stops', 'sputtering', 'add', 'onions', 'cook', 'low', 'heat', 'onions', 'turn', 'light', 'brown', 'add', 'tumeric', 'garam', 'masala', 'stir', 'mix', 'well', 'add', 'cashew', 'yogurt', 'paste', 'stir', 'cook', 'till', 'dry', 'add', 'cilantro', 'coriander', 'mix', 'well', 'add', 'water', 'get', 'gravy', 'boil', 'simmer', 'add', 'fried', 'potatoes', 'gravy', 'simmer', 'low', 'heat', 'cook', 'low', 'heat', 'till', 'gravy', 'gets', 'thick', 'coats', 'potatoes', 'reduce', 'heat', 'add', 'milk', 'mix', 'well', 'remove', 'fromheat', 'serve', 'rotis', 'paranthas']",Indian
10013,"['dice', 'potatoes', 'and', 'boil', 'them', 'until', 'almost', 'done', 'remove', 'from', 'water', 'and', 'if', 'possible', 'cool', 'overnight', 'if', 'not', 'just', 'strain', 'and', 'proceed', 'in', 'a', 'bowl', 'toss', 'potatoes', 'salt', 'sambar', 'powder', 'and', 'rice', 'flour', 'heat', 'oil', 'in', 'frying', 'pan', 'put', 'potatoes', 'into', 'pan', 'and', 'fry', 'when', 'the', 'bottom', 'becomes', 'crispy', 'turn', 'when', 'the', 'bottom', 'becomes', 'crispy', 'turn', 'again', 'repeat', 'until', 'done', 'to', 'your', 'liking']","['dice', 'potatoes', 'boil', 'almost', 'done', 'remove', 'water', 'possible', 'cool', 'overnight', 'strain', 'proceed', 'bowl', 'toss', 'potatoes', 'salt', 'sambar', 'powder', 'rice', 'flour', 'heat', 'oil', 'frying', 'pan', 'put', 'potatoes', 'pan', 'fry', 'bottom', 'becomes', 'crispy', 'turn', 'bottom', 'becomes', 'crispy', 'turn', 'repeat', 'done', 'liking']",Indian
6171,"['saute', 'onions', 'garlic', 'black', 'pepper', 'and', 'red', 'pepper', 'flakes', 'in', 'oil', 'until', 'onion', 'is', 'translucent', 'about', '3', 'minutes', 'add', 'remaining', 'ingredients', 'and', 'simmer', 'for', '25-30', 'minutes', 'uncovered', 'serve', 'over', 'your', 'favorite', 'pasta', 'chicken', 'parmigiana', 'stuffed', 'pasta', 'shells', 'etc']","['saute', 'onions', 'garlic', 'black', 'pepper', 'red', 'pepper', 'flakes', 'oil', 'onion', 'translucent', 'add', 'remaining', 'ingredients', 'simmer', 'uncovered', 'serve', 'favorite', 'pasta', 'chicken', 'parmigiana', 'stuffed', 'pasta', 'shells', 'etc']",Italian
5834,"['combine', 'the', 'garlic', 'and', 'herbs', 'in', 'a', 'small', 'bowl', 'toss', 'to', 'cover', 'garlic', 'with', 'herbs', 'use', 'a', 'sharp', 'narrow-bladed', 'knife', 'and', 'make', 'shot', 'openings', 'into', 'the', 'meat', 'at', 'regular', 'intervals', 'insert', 'the', 'herb', 'coated', 'garlic', 'slivers', 'into', 'the', 'openings', 'sprinkle', 'the', 'roast', 'with', 'salt', 'and', 'pepper', 'cook', 'in', 'rotisserie', 'at', '375', 'degrees', 'fahrenheit', 'for', '1', '1/2', 'hours', 'or', 'longer', 'until', 'cooked', 'through']","['combine', 'garlic', 'herbs', 'small', 'bowl', 'toss', 'cover', 'garlic', 'herbs', 'use', 'sharp', 'narrow', 'bladed', 'knife', 'make', 'shot', 'openings', 'meat', 'regular', 'intervals', 'insert', 'herb', 'coated', 'garlic', 'slivers', 'openings', 'sprinkle', 'roast', 'salt', 'pepper', 'cook', 'rotisserie', 'fahrenheit', 'longer', 'cooked']",Italian
5446,"['cook', 'pasta', 'in', 'boiling', 'salted', 'water', 'in', 'a', 'large', 'dutch', 'oven', 'according', 'to', 'package', 'directions', 'drain', 'and', 'return', 'to', 'pan', 'meanwhile', 'brown', 'sausage', 'onion', 'bell', 'pepper', 'and', 'garlic', 'in', 'oil', 'in', 'a', 'large', 'nonstick', 'skillet', 'over', 'medium-high', 'heat', 'stirring', 'often', '8', 'to', '10', 'minutes', 'or', 'until', 'meat', 'crumbles', 'and', 'is', 'no', 'longer', 'pink', 'drain', 'stir', 'meat', 'mixture', 'pasta', 'sauce', 'and', 'cheddar', 'cheese', 'into', 'pasta', 'spoon', 'half', 'of', 'pasta', 'mixture', 'into', 'a', 'lightly', 'greased', '5-qt', 'slow', 'cooker', 'coated', 'with', 'cooking', 'spray', 'combine', 'mozzarella', 'cheese', 'and', 'fontina', 'cheese', 'sprinkle', 'half', 'of', 'mozzarella', 'mixture', 'over', 'pasta', 'mixture', 'in', 'slow', 'cooker', 'top', 'with', 'remaining', 'pasta', 'mixture', 'remaining', 'mozzarella', 'mixture', 'and', 'parmesan', 'cheese', 'cover', 'and', 'cook', 'on', 'low', '3', 'hours', 'let', 'stand', 'covered', '10', 'minutes', 'before', 'serving']","['cook', 'pasta', 'boiling', 'salted', 'water', 'large', 'dutch', 'oven', 'according', 'package', 'directions', 'drain', 'return', 'pan', 'meanwhile', 'brown', 'sausage', 'onion', 'bell', 'pepper', 'garlic', 'oil', 'large', 'nonstick', 'skillet', 'medium', 'high', 'heat', 'stirring', 'often', 'meat', 'crumbles', 'longer', 'pink', 'drain', 'stir', 'meat', 'mixture', 'pasta', 'sauce', 'cheddar', 'cheese', 'pasta', 'spoon', 'half', 'pasta', 'mixture', 'lightly', 'greased', '5', 'qt', 'slow', 'cooker', 'coated', 'cooking', 'spray', 'combine', 'mozzarella', 'cheese', 'fontina', 'cheese', 'sprinkle', 'half', 'mozzarella', 'mixture', 'pasta', 'mixture', 'slow', 'cooker', 'top', 'remaining', 'pasta', 'mixture', 'remaining', 'mozzarella', 'mixture', 'parmesan', 'cheese', 'cover', 'cook', 'low', 'let', 'stand', 'covered', 'serving']",Italian
8231,"['heat', 'oil', 'over', 'high', 'heat', 'in', 'a', 'large', 'wok', 'karahi', 'or', 'deep', 'nonstick', 'pan', 'add', 'onions', 'and', 'cumin', 'seeds', 'and', 'cook', 'until', 'onion', 'are', 'translucent', 'add', 'minced', 'garlic', 'minced', 'ginger', 'and', 'chili', 'pepper', 'saute', 'for', '2', 'minutes', 'stirring', 'frequently', 'add', 'all', 'remaining', 'spices', 'including', 'salt', 'stir', 'well', 'immediately', 'add', 'potatoes', 'and', 'stir', 'until', 'coated', 'in', 'oil', 'and', 'spices', 'turn', 'heat', 'down', 'to', 'medium', 'and', 'saute', 'for', '3', 'to', '5', 'minutes', 'stirring', 'frequently', 'add', 'stock', 'then', 'put', 'lid', 'on', 'pan', 'lower', 'heat', 'to', 'medium-low', 'and', 'simmer', 'for', 'about', '15', 'minutes', 'add', 'the', 'cauliflower', 'florets', 'grated', 'ginger', 'and', 'lemon', 'juice', 'stir', 'well', 'replace', 'lid', 'turn', 'heat', 'to', 'low', 'and', 'let', 'simmer', 'for', 'about', '10', 'minutes', 'if', 'the', 'ingredients', 'are', 'sticking', 'to', 'the', 'pan', 'you', 'can', 'add', 'a', 'bit', 'more', 'stock', 'or', '1/4', 'cup', 'of', 'water', 'add', 'frozen', 'peas', 'to', 'pan', 'and', 'stir', 'ingredients', 'cover', 'and', 'simmer', '10', 'minutes', 'turn', 'off', 'heat', 'add', 'half', 'of', 'the', 'fresh', 'cilantro', 'and', 'mix', 'thoroughly', 'replace', 'the', 'lid', 'and', 'allow', 'to', 'rest', 'for', '10', 'minutes', 'before', 'adjusting', 'salt', 'to', 'taste', 'garnish', 'with', 'remaining', 'fresh', 'cilantro']","['heat', 'oil', 'high', 'heat', 'large', 'wok', 'karahi', 'deep', 'nonstick', 'pan', 'add', 'onions', 'cumin', 'seeds', 'cook', 'onion', 'translucent', 'add', 'minced', 'garlic', 'minced', 'ginger', 'chili', 'pepper', 'saute', 'stirring', 'frequently', 'add', 'remaining', 'spices', 'including', 'salt', 'stir', 'well', 'immediately', 'add', 'potatoes', 'stir', 'coated', 'oil', 'spices', 'turn', 'heat', 'medium', 'saute', 'stirring', 'frequently', 'add', 'stock', 'put', 'lid', 'pan', 'lower', 'heat', 'medium', 'low', 'simmer', 'add', 'cauliflower', 'florets', 'grated', 'ginger', 'lemon', 'juice', 'stir', 'well', 'replace', 'lid', 'turn', 'heat', 'low', 'let', 'simmer', 'ingredients', 'sticking', 'pan', 'add', 'bit', 'stock', 'water', 'add', 'frozen', 'peas', 'pan', 'stir', 'ingredients', 'cover', 'simmer', 'turn', 'heat', 'add', 'half', 'fresh', 'cilantro', 'mix', 'thoroughly', 'replace', 'lid', 'allow', 'rest', 'adjusting', 'salt', 'taste', 'garnish', 'remaining', 'fresh', 'cilantro']",Indian
2373,"['place', 'all', 'ingredients', 'except', 'spaghetti', 'in', 'a', 'slow', 'cooker', 'cover', 'and', 'cook', 'on', 'low', 'heat', 'for', '4', 'hours', 'or', 'until', 'vegetables', 'are', 'tender', 'turn', 'setting', 'to', 'high', 'heat', 'stir', 'in', 'spaghetti', 'and', 'cover', 'stir', 'again', 'after', '10', 'minutes', 'cover', 'and', 'cook', 'until', 'pasta', 'is', 'tender', 'about', '20', 'minutes', 'more', 'yields', 'about', '1', '1/2', 'cups', 'per', 'serving']","['place', 'ingredients', 'except', 'spaghetti', 'slow', 'cooker', 'cover', 'cook', 'low', 'heat', 'vegetables', 'tender', 'turn', 'setting', 'high', 'heat', 'stir', 'spaghetti', 'cover', 'stir', 'cover', 'cook', 'pasta', 'tender', 'yields', 'per', 'serving']",Italian
3622,"['rinse', 'chicken', 'breast', 'and', 'let', 'drain', 'whisk', 'together', 'egg', 'milk', 'salt', 'and', 'pepper', 'for', 'dipping', 'pour', 'breadcrumb', 'in', 'bowl', 'dip', 'each', 'chicken', 'breast', 'into', 'egg', 'mixture', 'and', 'then', 'coat', 'with', 'breadcrumb', 'pre-heat', 'frying', 'pan', 'with', 'oil', 'on', 'medium', 'high', 'temperature', 'on', 'stove', 'once', 'oil', 'is', 'hot', 'cook', 'chicken', 'breast', 'for', '5', 'minutes', 'each', 'side', 'place', 'chicken', 'on', 'dish', 'and', 'pour', 'heated', 'tomato', 'sauce', 'on', 'top', 'each', 'fillet', 'grate', 'mozzarella', 'cheese', 'on', 'top', 'of', 'each', 'fillet', 'turn', 'oven', 'on', 'broil', 'and', 'place', 'chicken', 'under', 'broiler', 'until', 'mozzarella', 'is', 'melted', 'and', 'golden', 'brown', 'remove', 'and', 'serve', 'using', 'that', 'plate', 'or', 'dish', 'onto', 'a', 'cool', 'plate', 'recommend', 'with', 'spaghetti', 'and', 'tomato', 'sauce']","['rinse', 'chicken', 'breast', 'let', 'drain', 'whisk', 'together', 'egg', 'milk', 'salt', 'pepper', 'dipping', 'pour', 'breadcrumb', 'bowl', 'dip', 'chicken', 'breast', 'egg', 'mixture', 'coat', 'breadcrumb', 'pre', 'heat', 'frying', 'pan', 'oil', 'medium', 'high', 'temperature', 'stove', 'oil', 'hot', 'cook', 'chicken', 'breast', 'side', 'place', 'chicken', 'dish', 'pour', 'heated', 'tomato', 'sauce', 'top', 'fillet', 'grate', 'mozzarella', 'cheese', 'top', 'fillet', 'turn', 'oven', 'broil', 'place', 'chicken', 'broiler', 'mozzarella', 'melted', 'golden', 'brown', 'remove', 'serve', 'using', 'plate', 'dish', 'onto', 'cool', 'plate', 'recommend', 'spaghetti', 'tomato', 'sauce']",Italian
5881,"['in', 'a', 'large', 'bowl', 'combine', 'beef', 'breadcrumbs', 'eggs', 'milk', 'cheese', 'salt', 'pepper', 'and', 'garlic', 'form', 'into', '2', 'inch', 'balls', 'place', 'meatballs', 'in', 'bottom', 'of', 'crock', 'pot', 'combine', 'tomato', 'paste', 'broth', 'seasoned', 'salt', 'oregano', 'and', 'basil', 'pour', 'mixture', 'over', 'meat', 'cover', 'cook', 'low', '4', '1/2', 'to', '5', 'hours', 'stir', 'in', 'cooked', 'vegetables', 'cover', 'and', 'cook', 'on', 'high', '10-15', 'mins', 'til', 'mixture', 'is', 'hot']","['large', 'bowl', 'combine', 'beef', 'breadcrumbs', 'eggs', 'milk', 'cheese', 'salt', 'pepper', 'garlic', 'form', 'balls', 'place', 'meatballs', 'bottom', 'crock', 'pot', 'combine', 'tomato', 'paste', 'broth', 'seasoned', 'salt', 'oregano', 'basil', 'pour', 'mixture', 'meat', 'cover', 'cook', 'low', 'stir', 'cooked', 'vegetables', 'cover', 'cook', 'high', 'mins', 'til', 'mixture', 'hot']",Italian
5905,"['in', 'a', 'food', 'processor', 'or', 'mixer', 'beat', 'the', 'egg', 'yolks', 'until', 'light', 'and', 'fluffy', 'about', 'two', 'minutes', 'gradually', 'pour', 'the', 'hot', 'almond', 'milk', 'into', 'whipped', 'egg', 'yolk', 'mixture', 'making', 'sure', 'you', 'keep', 'whisking', 'constantly', 'so', 'the', 'eggs', 'do', ""n't"", 'curdle', 'place', 'the', 'bowl', 'over', 'a', 'saucepan', 'of', 'simmering', 'water', 'and', 'stirring', 'constantly', 'with', 'a', 'wooden', 'spoon', 'cook', 'until', 'the', 'custard', 'thickens', 'enough', 'that', 'it', 'coats', 'the', 'back', 'of', 'a', 'spoon', '170', 'degrees', 'f', '77', 'degrees', 'c', 'microwaving', 'is', 'fine', 'to', 'as', 'long', 'as', 'you', 'watch', 'it.', 'immediately', 'remove', 'the', 'custard', 'from', 'the', 'heat', 'and', 'continue', 'to', 'stir', 'the', 'custard', 'for', 'a', 'few', 'minutes', 'so', 'it', 'does', 'not', 'overcook', 'at', 'this', 'point', 'stir', 'in', 'the', 'chocolate', 'till', 'melted', 'vanilla', 'extract', 'and', 'the', 'amaretto', 'cover', 'and', 'let', 'cool', 'to', 'room', 'temperature', 'and', 'then', 'refrigerate', 'the', 'custard', 'until', 'it', 'is', 'completely', 'cold', 'several', 'hours', 'or', 'overnight', 'transfer', 'the', 'cold', 'custard', 'to', 'the', 'container', 'of', 'your', 'ice', 'cream', 'machine', 'and', 'process', 'according', 'to', 'the', 'manufacturer', ""'s"", 'instructions', 'just', 'before', 'removing', 'ice', 'cream', 'add', 'toasted', 'nut', 'to', 'mix', 'inches', 'then', 'transfer', 'the', 'ice', 'cream', 'to', 'a', 'chilled', 'container', 'and', 'store', 'in', 'the', 'freezer', 'if', 'the', 'ice', 'cream', 'becomes', 'too', 'hard', 'place', 'in', 'the', 'refrigerator', 'for', 'about', '30', 'minutes', 'before', 'serving', 'so', 'it', 'can', 'soften', 'garnish', 'with', 'chocolate', 'covered', 'almonds']","['food', 'processor', 'mixer', 'beat', 'egg', 'yolks', 'light', 'fluffy', 'two', 'gradually', 'pour', 'hot', 'almond', 'milk', 'whipped', 'egg', 'yolk', 'mixture', 'making', 'sure', 'keep', 'whisking', 'constantly', 'eggs', 'curdle', 'place', 'bowl', 'saucepan', 'simmering', 'water', 'stirring', 'constantly', 'wooden', 'spoon', 'cook', 'custard', 'thickens', 'enough', 'coats', 'back', 'spoon', 'f', 'c', 'microwaving', 'fine', 'long', 'watch', 'it.', 'immediately', 'remove', 'custard', 'heat', 'continue', 'stir', 'custard', 'overcook', 'point', 'stir', 'chocolate', 'till', 'melted', 'vanilla', 'extract', 'amaretto', 'cover', 'let', 'cool', 'room', 'temperature', 'refrigerate', 'custard', 'completely', 'cold', 'several', 'overnight', 'transfer', 'cold', 'custard', 'container', 'ice', 'cream', 'machine', 'process', 'according', 'manufacturer', 'instructions', 'removing', 'ice', 'cream', 'add', 'toasted', 'nut', 'mix', 'transfer', 'ice', 'cream', 'chilled', 'container', 'store', 'freezer', 'ice', 'cream', 'becomes', 'hard', 'place', 'refrigerator', 'serving', 'soften', 'garnish', 'chocolate', 'covered', 'almonds']",Italian
11342,"['spread', '1', 'tablespoon', 'cream', 'cheese', 'over', 'each', 'tortilla', 'top', 'each', 'with', 'a', 'lettuce', 'leaf', 'divide', 'sprouts', 'and', 'remaining', 'ingredients', 'evenly', 'among', 'tortillas', 'roll', 'up', 'cut', 'each', 'rolled', 'wrap', 'in', 'half', 'diagonally']","['spread', 'cream', 'cheese', 'tortilla', 'top', 'lettuce', 'leaf', 'divide', 'sprouts', 'remaining', 'ingredients', 'evenly', 'among', 'tortillas', 'roll', 'cut', 'rolled', 'wrap', 'half', 'diagonally']",Indian
1412,"['combine', 'crushed', 'cookies', 'and', 'melted', 'margarine', 'and', 'press', 'in', '9x13', 'dish', 'chill', '1', 'hour', 'in', 'refrigerator', 'in', 'a', 'saucepan', 'over', 'medium', 'heat', 'combine', 'confectioners', 'sugar', 'evaporated', 'milk', 'chocolate', 'chips', 'and', '1/2', 'cup', 'of', 'margarine', 'bring', 'to', 'a', 'boil', 'and', 'stir', 'constantly', 'for', '8', 'minute', 'remove', 'from', 'heat', 'and', 'stir', 'with', 'vanilla', 'set', 'aside', 'to', 'cool', 'slice', 'ice', 'cream', 'into', '3/4', 'inch', 'slices', 'and', 'place', 'them', 'in', 'a', 'single', 'layer', 'on', 'top', 'of', 'the', 'crust', 'sprinkle', 'the', 'peanut', 'butter', 'chips', 'on', 'the', 'slices', 'place', 'in', 'fridge', 'for', '8', 'hours', 'or', 'overnight']","['combine', 'crushed', 'cookies', 'melted', 'margarine', 'press', '9x13', 'dish', 'chill', 'refrigerator', 'saucepan', 'medium', 'heat', 'combine', 'confectioners', 'sugar', 'evaporated', 'milk', 'chocolate', 'chips', 'margarine', 'bring', 'boil', 'stir', 'constantly', 'remove', 'heat', 'stir', 'vanilla', 'set', 'aside', 'cool', 'slice', 'ice', 'cream', 'slices', 'place', 'single', 'layer', 'top', 'crust', 'sprinkle', 'peanut', 'butter', 'chips', 'slices', 'place', 'fridge', 'overnight']",Italian
11767,"['mix', 'up', 'the', 'sauce', 'all', 'the', 'listed', 'ingredients', 'except', 'the', 'chicken', 'grill', 'marinade', 'chicken', 'at', 'least', '2', 'hours', 'grill', 'over', 'medium', 'heat', 'turning', 'and', 'basting', 'every', '10', 'minutes', 'til', 'done', 'about', '3', 'turns', 'oven', 'spray', 'baking', 'pan', 'put', 'in', 'chicken', 'and', 'cover', 'with', 'sauce', 'bake', 'at', '375', 'turning', 'and', 'basting', 'chicken', 'every', '15', 'minutes', 'takes', 'about', '30-', '45', 'minutes', 'stove', 'top', 'put', 'chicken', 'in', 'pan', 'cover', 'with', 'sauce', 'cook', 'covered', 'over', 'med-low', 'heat', 'turning', 'and', 'basting', 'chicken', 'every', '15', 'minutes', 'remove', 'the', 'lid', 'for', 'the', 'last', '15', 'minutes', 'to', 'thicken', 'up', 'the', 'sauce.takes', '30-45', 'minutes', 'slow', 'cooker', 'put', 'chicken', 'in', 'cooker', 'cover', 'with', 'sauce', 'since', 'there', 'is', 'honey', 'in', 'this', 'i', 'only', 'cook', 'on', 'low', 'i', ""'ve"", 'found', 'that', 'cooking', 'on', 'high', 'can', 'burn', 'the', 'honey', 'cook', 'on', 'low', '4-6', 'hours']","['mix', 'sauce', 'listed', 'ingredients', 'except', 'chicken', 'grill', 'marinade', 'chicken', 'least', 'grill', 'medium', 'heat', 'turning', 'basting', 'every', 'til', 'done', 'turns', 'oven', 'spray', 'baking', 'pan', 'put', 'chicken', 'cover', 'sauce', 'bake', 'turning', 'basting', 'chicken', 'every', 'takes', 'stove', 'top', 'put', 'chicken', 'pan', 'cover', 'sauce', 'cook', 'covered', 'med', 'low', 'heat', 'turning', 'basting', 'chicken', 'every', 'remove', 'lid', 'last', 'thicken', 'sauce.takes', 'slow', 'cooker', 'put', 'chicken', 'cooker', 'cover', 'sauce', 'since', 'honey', 'cook', 'low', 'found', 'cooking', 'high', 'burn', 'honey', 'cook', 'low']",Indian
6491,"['prepare', 'tomatoes', 'and', 'place', 'in', 'medium', 'bowl', 'sprinkle', 'lightly', 'with', 'salt', 'meanwhile', 'boil', '1', 'quarts', 'of', 'water', 'with', 'some', 'salt', 'to', 'cook', 'the', 'pasta', 'cook', 'partly', 'covered', 'until', 'tender', 'drain', 'and', 'then', 'return', 'pasta', 'to', 'pot', 'add', 'tuna', 'with', 'the', 'oil', 'garlic', 'oregano', 'capers', 'feta', 'and', 'basil', 'or', 'parsley', 'to', 'tomatoes', 'toss', 'to', 'coat', 'add', 'tomato', 'mixture', 'to', 'pasta', 'toss', 'to', 'coat', 'again', 'serve', 'with', 'extra', 'feta', 'cheese', 'sprinkled', 'on', 'top']","['prepare', 'tomatoes', 'place', 'medium', 'bowl', 'sprinkle', 'lightly', 'salt', 'meanwhile', 'boil', 'water', 'salt', 'cook', 'pasta', 'cook', 'partly', 'covered', 'tender', 'drain', 'return', 'pasta', 'pot', 'add', 'tuna', 'oil', 'garlic', 'oregano', 'capers', 'feta', 'basil', 'parsley', 'tomatoes', 'toss', 'coat', 'add', 'tomato', 'mixture', 'pasta', 'toss', 'coat', 'serve', 'extra', 'feta', 'cheese', 'sprinkled', 'top']",Italian
10175,"['peel', 'and', 'halve', 'the', 'potatoes', 'using', 'a', 'spoon', 'scoop', 'out', 'the', 'centres', 'of', 'each', 'half', 'leaving', 'a', 'shell', 'heat', 'sufficient', 'oil', 'in', 'a', 'kadai', 'and', 'deep', 'fry', 'the', 'shells', 'till', 'light', 'golden', 'drain', 'and', 'set', 'aside', 'on', 'an', 'absorbent', 'paper', 'take', 'cottage', 'cheese', 'in', 'a', 'bowl', 'add', 'green', 'chillies', 'raisins', 'salt', 'ginger', 'dry', 'ginger', 'powder', 'and', 'mix', 'stuff', 'this', 'mixture', 'into', 'the', 'fried', 'potato', 'shells', 'and', 'press', 'firmly', 'preheat', 'oven', 'to', '200°c', 'baked', 'these', 'potatoes', 'in', 'the', 'preheated', 'oven', 'for', 'ten', 'minutes']","['peel', 'halve', 'potatoes', 'using', 'spoon', 'scoop', 'centres', 'half', 'leaving', 'shell', 'heat', 'sufficient', 'oil', 'kadai', 'deep', 'fry', 'shells', 'till', 'light', 'golden', 'drain', 'set', 'aside', 'absorbent', 'paper', 'take', 'cottage', 'cheese', 'bowl', 'add', 'green', 'chillies', 'raisins', 'salt', 'ginger', 'dry', 'ginger', 'powder', 'mix', 'stuff', 'mixture', 'fried', 'potato', 'shells', 'press', 'firmly', 'preheat', 'oven', '200°c', 'baked', 'potatoes', 'preheated', 'oven', 'ten']",Indian
11282,"['fry', 'garlic', 'in', 'oil', 'add', 'onions', 'and', 'fry', 'till', 'golden', 'add', 'ginger', 'tomatoes', 'and', 'peppers', 'and', 'fry', 'for', '2-3', 'minutes', 'add', 'paneer', 'fenugreek', 'and', 'toss', 'pour', 'in', 'cream', 'and', 'simmer', 'for', 'a', 'few', 'minutes', 'serve', 'hot', 'with', 'roti', 'or', 'basmati', 'rice']","['fry', 'garlic', 'oil', 'add', 'onions', 'fry', 'till', 'golden', 'add', 'ginger', 'tomatoes', 'peppers', 'fry', 'add', 'paneer', 'fenugreek', 'toss', 'pour', 'cream', 'simmer', 'serve', 'hot', 'roti', 'basmati', 'rice']",Indian
2741,"['arrange', 'bread', 'cubes', 'in', 'single', 'layer', 'on', 'rimmed', 'baking', 'sheet', 'let', 'stand', 'at', 'room', 'temperature', 'to', 'dry', 'overnight', 'butter', '13x9x2-inch', 'glass', 'baking', 'dish', 'transfer', 'bread', 'cubes', 'to', 'prepared', 'dish', 'mix', 'dates', 'and', 'almonds', 'in', 'medium', 'bowl', 'sprinkle', 'date', 'mixture', 'over', 'bread', 'and', 'toss', 'to', 'distribute', 'evenly', 'using', 'electric', 'mixer', 'beat', 'eggs', 'and', 'egg', 'yolks', 'in', 'large', 'bowl', 'until', 'frothy', 'add', '1', 'cup', 'sugar', 'and', 'beat', 'until', 'mixture', 'thickens', 'and', 'is', 'pale', 'yellow', 'about', '5', 'minutes', 'add', 'half', 'and', 'half', 'vanilla', 'and', 'nutmeg', 'beat', 'just', 'until', 'blended', 'bread', 'mixture', 'and', 'custard', 'can', 'be', 'prepared', '2', 'hours', 'ahead', 'let', 'bread', 'mixture', 'stand', 'uncovered', 'at', 'room', 'temperature', 'chill', 'custard', 'rewhisk', 'before', 'continuing.', 'preheat', 'oven', 'to', '375°f', 'pour', 'custard', 'over', 'bread', 'mixture', 'then', 'press', 'lightly', 'on', 'bread', 'with', 'rubber', 'spatula', 'to', 'submerge', 'let', 'stand', '15', 'minutes', 'occasionally', 'pressing', 'lightly', 'on', 'bread', 'to', 'submerge', 'bake', 'bread', 'pudding', '25', 'minutes', 'using', 'large', 'spoon', 'press', 'bread', 'down', 'allowing', 'custard', 'in', 'dish', 'to', 'rise', 'to', 'surface', 'spoon', 'custard', 'evenly', 'over', 'bread', 'mixture', 'continue', 'to', 'bake', 'pudding', 'until', 'knife', 'inserted', 'into', 'center', 'of', 'custard', 'comes', 'out', 'clean', 'about', '20', 'minutes', 'longer', 'whisk', 'egg', 'yolks', 'amaretto', 'and', 'sugar', 'in', 'medium', 'metal', 'bowl', 'to', 'blend', 'set', 'bowl', 'over', 'saucepan', 'of', 'simmering', 'water', 'whisk', 'mixture', 'constantly', 'and', 'vigorously', 'until', 'thickened', 'and', 'instant-read', 'thermometer', 'inserted', 'into', 'mixture', 'registers', '140°f', 'for', '3', 'minutes', 'about', '5', 'minutes', 'total', 'remove', 'mixture', 'from', 'over', 'water', 'add', 'cream', 'and', 'whisk', 'until', 'incorporated', 'serve', 'warm', 'or', 'chilled']","['arrange', 'bread', 'cubes', 'single', 'layer', 'rimmed', 'baking', 'sheet', 'let', 'stand', 'room', 'temperature', 'dry', 'overnight', 'butter', '13x9x2', 'inch', 'glass', 'baking', 'dish', 'transfer', 'bread', 'cubes', 'prepared', 'dish', 'mix', 'dates', 'almonds', 'medium', 'bowl', 'sprinkle', 'date', 'mixture', 'bread', 'toss', 'distribute', 'evenly', 'using', 'electric', 'mixer', 'beat', 'eggs', 'egg', 'yolks', 'large', 'bowl', 'frothy', 'add', 'sugar', 'beat', 'mixture', 'thickens', 'pale', 'yellow', 'add', 'half', 'half', 'vanilla', 'nutmeg', 'beat', 'blended', 'bread', 'mixture', 'custard', 'prepared', 'ahead', 'let', 'bread', 'mixture', 'stand', 'uncovered', 'room', 'temperature', 'chill', 'custard', 'rewhisk', 'continuing.', 'preheat', 'oven', '375°f', 'pour', 'custard', 'bread', 'mixture', 'press', 'lightly', 'bread', 'rubber', 'spatula', 'submerge', 'let', 'stand', 'occasionally', 'pressing', 'lightly', 'bread', 'submerge', 'bake', 'bread', 'pudding', 'using', 'large', 'spoon', 'press', 'bread', 'allowing', 'custard', 'dish', 'rise', 'surface', 'spoon', 'custard', 'evenly', 'bread', 'mixture', 'continue', 'bake', 'pudding', 'knife', 'inserted', 'center', 'custard', 'comes', 'clean', 'longer', 'whisk', 'egg', 'yolks', 'amaretto', 'sugar', 'medium', 'metal', 'bowl', 'blend', 'set', 'bowl', 'saucepan', 'simmering', 'water', 'whisk', 'mixture', 'constantly', 'vigorously', 'thickened', 'instant', 'read', 'thermometer', 'inserted', 'mixture', 'registers', '140°f', 'total', 'remove', 'mixture', 'water', 'add', 'cream', 'whisk', 'incorporated', 'serve', 'warm', 'chilled']",Italian
4828,"['in', 'base', 'of', 'steamer', 'add', 'lemon', 'juice', 'garlic', 'and', 'basil', 'leaves', 'put', 'the', 'middle', 'piece', 'on', 'top', 'and', 'put', 'broccoli', 'on', 'it', 'put', 'lid', 'on', 'steamer', 'microwave', 'on', 'high', 'for', '1', 'minute', 'let', 'it', 'stand', 'for', '1', 'minute', 'check', 'for', 'color', 'and', 'tenderness', 'if', 'still', 'too', 'raw', 'microwave', 'for', 'another', '30', 'seconds']","['base', 'steamer', 'add', 'lemon', 'juice', 'garlic', 'basil', 'leaves', 'put', 'middle', 'piece', 'top', 'put', 'broccoli', 'put', 'lid', 'steamer', 'microwave', 'high', 'let', 'stand', 'check', 'color', 'tenderness', 'still', 'raw', 'microwave', 'another', 'seconds']",Italian
4558,"['heat', 'oil', 'over', 'medium', 'heat', 'in', 'a', 'large', 'skillet', 'add', 'minced', 'garlic', 'and', 'lightly', 'saute', 'just', 'until', 'fragrant', 'stir', 'in', 'the', 'flour', 'and', 'stir', 'for', 'about', 'one', 'minute', 'this', 'will', 'be', 'thick', 'slowly', 'pour', 'in', 'the', 'milk', 'add', 'salt', 'pepper', 'oregano', 'and', 'nutmeg.stir', 'until', 'creamy', 'and', 'thick', 'turn', 'off', 'the', 'heat', 'and', 'stir', 'in', 'nutritional', 'yeast', 'serve', 'over', 'your', 'choice', 'of', 'pasta']","['heat', 'oil', 'medium', 'heat', 'large', 'skillet', 'add', 'minced', 'garlic', 'lightly', 'saute', 'fragrant', 'stir', 'flour', 'stir', 'one', 'thick', 'slowly', 'pour', 'milk', 'add', 'salt', 'pepper', 'oregano', 'nutmeg.stir', 'creamy', 'thick', 'turn', 'heat', 'stir', 'nutritional', 'yeast', 'serve', 'choice', 'pasta']",Italian
4025,"['cook', 'pasta', 'as', 'specified', 'on', 'the', 'box', 'cool', 'off', 'pasta', 'before', 'using', 'by', 'running', 'it', 'under', 'cold', 'water', 'combine', 'all', 'ingredients', 'in', 'large', 'bowl', 'making', 'sure', 'to', 'coat', 'well', 'with', 'oil', 'vinegar', 'oregano', 'and', 'salt', 'and', 'pepper', 'put', 'in', 'fridge', 'it', 'tastes', 'better', 'the', 'longer', 'the', 'ingredients', 'soak', 'together', 'but', 'it', 'can', 'be', 'eaten', 'right', 'away']","['cook', 'pasta', 'specified', 'box', 'cool', 'pasta', 'using', 'running', 'cold', 'water', 'combine', 'ingredients', 'large', 'bowl', 'making', 'sure', 'coat', 'well', 'oil', 'vinegar', 'oregano', 'salt', 'pepper', 'put', 'fridge', 'tastes', 'better', 'longer', 'ingredients', 'soak', 'together', 'eaten', 'right', 'away']",Italian
6595,"['in', 'a', 'large', 'skillet', 'heat', 'cumin', 'caraway', 'cuminseed', 'ground', 'coriander', 'in', 'the', 'oil', 'only', 'until', 'fragrant', 'swirling', 'the', 'pan', 'add', 'the', 'onion', 'and', 'cook', '1', 'minute', 'add', 'the', 'garlic', 'hot', 'chile', 'and', 'ginger', 'and', 'cook', 'until', 'the', 'onion', 'is', 'tender', 'add', 'the', 'turmeric', 'and', 'cayenne', 'to', 'the', 'pan', 'and', 'mix', 'into', 'the', 'onion', 'mixture', 'before', 'adding', 'the', 'potatoes', 'and', 'lime', 'juice', 'season', 'with', 'salt', 'and', 'pepper', 'warm', 'the', 'dish', 'through', 'until', 'hot', 'and', 'garnish', 'with', 'the', 'cilantro', 'and', 'mint', 'leaves', 'serve', 'hot']","['large', 'skillet', 'heat', 'cumin', 'caraway', 'cuminseed', 'ground', 'coriander', 'oil', 'fragrant', 'swirling', 'pan', 'add', 'onion', 'cook', 'add', 'garlic', 'hot', 'chile', 'ginger', 'cook', 'onion', 'tender', 'add', 'turmeric', 'cayenne', 'pan', 'mix', 'onion', 'mixture', 'adding', 'potatoes', 'lime', 'juice', 'season', 'salt', 'pepper', 'warm', 'dish', 'hot', 'garnish', 'cilantro', 'mint', 'leaves', 'serve', 'hot']",Indian
4172,"['preheat', 'oven', 'to', '450', 'degrees', 'add', 'olive', 'oil', 'and', 'butter', 'to', 'a', '10-', 'or', '11-inch', 'skillet', 'and', 'set', 'heat', 'to', 'medium-high', 'when', 'butter', 'melts', 'add', 'mushrooms', 'onion', 'tomatoes', 'and', 'olives', 'saute', 'for', '5', 'to', '6', 'minutes', 'until', 'mushrooms', 'are', 'softened', 'remove', 'from', 'heat', 'stir', 'in', 'the', 'cheese', 'and', 'dried', 'oregano', 'until', 'well', 'combined', 'butterfly', 'each', 'tenderloin', 'by', 'slitting', 'lengthwise', 'cutting', 'to', 'but', 'not', 'through', 'the', 'other', 'side', 'place', 'each', 'between', '2', 'sheets', 'of', 'heavy-duty', 'plastic', 'wrap', 'pound', 'with', 'a', 'meat', 'mallet', 'or', 'a', 'small', 'heavy', 'skillet', 'thickness', 'should', 'be', 'approximately', '1/4-', 'to', '1/2-inch', 'sprinkle', 'with', 'salt', 'and', 'pepper', 'spread', 'mushroom', 'mixture', 'on', 'one', 'side', 'of', 'each', 'tenderloin', 'leaving', 'about', 'a', '1/2-inch', 'border', 'roll', 'up', 'tenderloin', 'enclosing', 'the', 'filling', 'inside', 'place', 'with', 'the', 'seams', 'facing', 'down', 'in', 'a', 'roasting', 'pan', 'bake', 'uncovered', 'for', '15', 'minutes', 'reduce', 'heat', 'to', '400', 'degrees', 'and', 'bake', 'an', 'additional', '15', 'to', '20', 'minutes', 'or', 'until', 'meat', 'reaches', 'at', 'least', '160', 'degrees', 'on', 'an', 'instant-read', 'thermometer', 'remove', 'tenderloins', 'from', 'oven', 'and', 'allow', 'to', 'cool', 'for', '5', 'minutes', 'before', 'slicing']","['preheat', 'oven', 'add', 'olive', 'oil', 'butter', '11', 'inch', 'skillet', 'set', 'heat', 'medium', 'high', 'butter', 'melts', 'add', 'mushrooms', 'onion', 'tomatoes', 'olives', 'saute', 'mushrooms', 'softened', 'remove', 'heat', 'stir', 'cheese', 'dried', 'oregano', 'well', 'combined', 'butterfly', 'tenderloin', 'slitting', 'lengthwise', 'cutting', 'side', 'place', 'sheets', 'heavy', 'duty', 'plastic', 'wrap', 'meat', 'mallet', 'small', 'heavy', 'skillet', 'thickness', 'approximately', '1/2', 'inch', 'sprinkle', 'salt', 'pepper', 'spread', 'mushroom', 'mixture', 'one', 'side', 'tenderloin', 'leaving', '1/2', 'inch', 'border', 'roll', 'tenderloin', 'enclosing', 'filling', 'inside', 'place', 'seams', 'facing', 'roasting', 'pan', 'bake', 'uncovered', 'reduce', 'heat', 'bake', 'additional', 'meat', 'reaches', 'least', 'instant', 'read', 'thermometer', 'remove', 'tenderloins', 'oven', 'allow', 'cool', 'slicing']",Italian
9041,"['heat', 'oil', 'in', 'a', 'wok', 'add', 'mustard', 'seeds', 'cover', 'to', 'avoid', 'splatter', 'after', 'seeds', 'crackle', 'add', 'potatoes', 'and', 'hing', 'cook', '1', 'minute', 'add', 'chili', 'powder', 'coriander', 'powder', 'turmeric', 'salt', 'and', 'fenugreek', 'seeds', 'stir', 'well', 'reduce', 'heat', 'to', 'medium', 'cook', 'stirring', 'occasionally', 'until', 'potatoes', 'are', 'crispy', 'and', 'tender', 'stir', 'in', 'cilantro']","['heat', 'oil', 'wok', 'add', 'mustard', 'seeds', 'cover', 'avoid', 'splatter', 'seeds', 'crackle', 'add', 'potatoes', 'hing', 'cook', 'add', 'chili', 'powder', 'coriander', 'powder', 'turmeric', 'salt', 'fenugreek', 'seeds', 'stir', 'well', 'reduce', 'heat', 'medium', 'cook', 'stirring', 'occasionally', 'potatoes', 'crispy', 'tender', 'stir', 'cilantro']",Indian
4823,"['heat', 'olive', 'oil', 'in', 'large', 'skillet', 'over', 'medium-high', 'heat', 'add', 'broccoli', 'celery', 'onion', 'garlic', 'and', 'basil', 'cook', 'stirring', 'occasionally', 'for', '5', 'minutes', 'or', 'until', 'vegetables', 'are', 'tender', 'stir', 'in', 'evaporated', 'milk', 'cheese', 'and', 'pepper', 'bring', 'just', 'to', 'a', 'boil', 'reduce', 'heat', 'to', 'low', 'cook', 'covered', 'for', '5', 'minutes', 'combine', 'cornstarch', 'and', 'small', 'amount', 'of', 'broth', 'in', 'small', 'bowl', 'add', 'to', 'skillet', 'gradually', 'stir', 'in', 'remaining', 'broth', 'bell', 'pepper', 'and', 'peas', 'cook', 'over', 'medium', 'heat', 'stirring', 'constantly', 'until', 'sauce', 'is', 'thickened', 'and', 'vegetables', 'are', 'tender', 'do', 'not', 'boil', 'serve', 'over', 'pasta', 'sprinkle', 'with', 'cheese']","['heat', 'olive', 'oil', 'large', 'skillet', 'medium', 'high', 'heat', 'add', 'broccoli', 'celery', 'onion', 'garlic', 'basil', 'cook', 'stirring', 'occasionally', 'vegetables', 'tender', 'stir', 'evaporated', 'milk', 'cheese', 'pepper', 'bring', 'boil', 'reduce', 'heat', 'low', 'cook', 'covered', 'combine', 'cornstarch', 'small', 'amount', 'broth', 'small', 'bowl', 'add', 'skillet', 'gradually', 'stir', 'remaining', 'broth', 'bell', 'pepper', 'peas', 'cook', 'medium', 'heat', 'stirring', 'constantly', 'sauce', 'thickened', 'vegetables', 'tender', 'boil', 'serve', 'pasta', 'sprinkle', 'cheese']",Italian
10969,"['put', 'the', 'ice', 'cubes', 'in', 'a', 'tall', 'glass', 'add', 'rose', 'syrup', 'add', 'water', 'mix', 'well', 'serve', 'immediately', 'or', 'refrigerate', 'until', 'when', 'it', ""'s"", 'time', 'to', 'serve', 'enjoy']","['put', 'ice', 'cubes', 'tall', 'glass', 'add', 'rose', 'syrup', 'add', 'water', 'mix', 'well', 'serve', 'immediately', 'refrigerate', 'time', 'serve', 'enjoy']",Indian
7770,"['combine', 'all', 'the', 'ingredients', 'except', 'for', 'yoghurt', 'in', 'a', 'bowl', 'and', 'mix', 'well', 'keep', 'aside', 'for', '15', 'minutes', 'add', 'yoghurt', 'and', 'mix', 'well', 'refrigerate', 'and', 'serve', 'chilled']","['combine', 'ingredients', 'except', 'yoghurt', 'bowl', 'mix', 'well', 'keep', 'aside', 'add', 'yoghurt', 'mix', 'well', 'refrigerate', 'serve', 'chilled']",Indian
11285,"['add', 'the', 'oil', 'to', 'a', 'medium', 'sized', 'frying', 'pan', 'heat', 'oil', 'on', 'medium-high', 'heat', 'stir', 'in', 'the', 'spices', 'chili', 'paste', 'and', 'cashew', 'nut', 'paste', 'stir', 'frequently', 'for', 'about', '1', 'minute', 'just', 'to', 'allow', 'spices', 'to', 'become', 'fragrant', 'add', 'the', 'onions', 'continue', 'stirring', 'occasionally', 'for', 'about', '5', 'minutes', 'add', 'the', 'chicken', 'pieces', 'stir', 'to', 'coat', 'pieces', 'with', 'spice', 'mixture', 'add', 'the', '2', 'cups', 'of', 'water', 'bring', 'to', 'a', 'boil', 'and', 'reduce', 'to', 'simmer', 'after', '15', 'minutes', 'add', 'the', 'cut', 'potatoes', 'and', 'quartered', 'tomatoes', 'simmer', 'for', 'another', '10', 'minutes', 'check', 'the', 'seasonings', 'add', 'salt', 'and', 'sugar', 'add', 'the', 'coconut', 'milk', 'simmer', 'for', 'another', '10', 'minutes', 'serve', 'over', 'cooked', 'basmati', 'rice']","['add', 'oil', 'medium', 'sized', 'frying', 'pan', 'heat', 'oil', 'medium', 'high', 'heat', 'stir', 'spices', 'chili', 'paste', 'cashew', 'nut', 'paste', 'stir', 'frequently', 'allow', 'spices', 'become', 'fragrant', 'add', 'onions', 'continue', 'stirring', 'occasionally', 'add', 'chicken', 'pieces', 'stir', 'coat', 'pieces', 'spice', 'mixture', 'add', 'water', 'bring', 'boil', 'reduce', 'simmer', 'add', 'cut', 'potatoes', 'quartered', 'tomatoes', 'simmer', 'another', 'check', 'seasonings', 'add', 'salt', 'sugar', 'add', 'coconut', 'milk', 'simmer', 'another', 'serve', 'cooked', 'basmati', 'rice']",Indian
1818,"['put', 'butter', 'in', 'a', 'bowl', 'and', 'add', 'garlic', 'mix', 'well', 'add', 'more', 'garlic', 'if', 'you', 'wish', 'add', 'remaining', 'ingredients', 'and', 'mix', 'well', 'mixture', 'should', 'be', 'thick', 'and', 'chunky', 'if', 'you', 'like', 'the', 'taste', 'of', 'any', 'of', 'the', 'ingredients', 'like', 'parmesan', 'feel', 'free', 'to', 'add', 'more', 'of', 'it', 'as', 'desired', 'let', 'the', 'mixture', 'sit', 'for', '30', 'minutes', 'or', 'more', 'to', 'absorb', 'flavors', 'cut', 'french', 'loaf', 'into', 'slices', 'for', 'these', 'measurements', 'it', 'covers', 'about', '6', 'or', '7', 'slices', 'spread', 'garlic', 'butter', 'mix', 'generously', 'on', 'each', 'slice', 'put', 'slices', 'on', 'cookie', 'sheet', 'or', 'cooking', 'stone', 'i', 'use', 'the', 'latter', 'as', 'it', 'cooks', 'more', 'evenly', 'preheat', 'broiler', 'and', 'place', 'oven', 'rack', 'in', 'middle', 'of', 'oven', 'i', 'use', 'the', 'low', 'broiler', 'setting', 'my', 'oven', 'has', 'choice', 'of', 'high/low', 'broil', '5', 'minutes', 'keeping', 'an', 'eye', 'on', 'the', 'bread', 'as', 'each', 'oven', 'is', 'different', 'bread', 'should', 'be', 'toasted', 'around', 'the', 'crust', 'and', 'the', 'garlic', 'butter', 'mixture', 'bubbly', 'with', 'cheese', 'melted', 'i', 'have', 'never', 'tried', 'it', 'but', 'i', ""'m"", 'sure', 'you', 'can', 'slice', 'the', 'loaf', 'in', 'half', 'spread', 'the', 'mixture', 'broil', 'and', 'slice', 'after', 'if', 'your', 'broiler', 'is', 'too', 'hot', 'to', 'prevent', 'the', 'bread', 'from', 'burning', 'cover', 'loosely', 'with', 'foil', 'for', '5', 'minutes', 'remove', 'foil', 'and', 'broil', 'an', 'additional', '2', 'or', '3', 'minutes', 'so', 'the', 'butter', 'mix', 'has', 'time', 'to', 'cook', 'while', 'not', 'burning', 'the', 'bread', 'keep', 'an', 'eye', 'on', 'them', 'as', 'they', 'broil', 'to', 'prevent', 'burning', 'serve', 'with', 'pasta', 'and', 'enjoy']","['put', 'butter', 'bowl', 'add', 'garlic', 'mix', 'well', 'add', 'garlic', 'wish', 'add', 'remaining', 'ingredients', 'mix', 'well', 'mixture', 'thick', 'chunky', 'like', 'taste', 'ingredients', 'like', 'parmesan', 'feel', 'free', 'add', 'desired', 'let', 'mixture', 'sit', 'absorb', 'flavors', 'cut', 'french', 'loaf', 'slices', 'measurements', 'covers', 'slices', 'spread', 'garlic', 'butter', 'mix', 'generously', 'slice', 'put', 'slices', 'cookie', 'sheet', 'cooking', 'stone', 'use', 'latter', 'cooks', 'evenly', 'preheat', 'broiler', 'place', 'oven', 'rack', 'middle', 'oven', 'use', 'low', 'broiler', 'setting', 'oven', 'choice', 'high/low', 'broil', 'keeping', 'eye', 'bread', 'oven', 'different', 'bread', 'toasted', 'around', 'crust', 'garlic', 'butter', 'mixture', 'bubbly', 'cheese', 'melted', 'never', 'tried', 'sure', 'slice', 'loaf', 'half', 'spread', 'mixture', 'broil', 'slice', 'broiler', 'hot', 'prevent', 'bread', 'burning', 'cover', 'loosely', 'foil', 'remove', 'foil', 'broil', 'additional', 'butter', 'mix', 'time', 'cook', 'burning', 'bread', 'keep', 'eye', 'broil', 'prevent', 'burning', 'serve', 'pasta', 'enjoy']",Italian
9378,"['in', 'a', 'large', 'pot', 'melt', 'the', 'butter', 'add', 'the', 'rice', 'and', 'stir', 'to', 'coat', 'the', 'rice', 'with', 'the', 'butter', 'do', 'not', 'fry', 'the', 'rice', 'add', 'the', 'water', 'stock', 'cube', 'and', 'salt', 'bring', 'to', 'the', 'boil', 'reduce', 'the', 'heat', 'to', 'minimum', 'cover', 'the', 'pot', 'and', 'cook', 'for', '10', 'minutes', 'or', 'until', 'all', 'of', 'the', 'water', 'has', 'been', 'absorbed', 'by', 'the', 'rice', 'let', 'the', 'rice', 'stand', 'covered', 'for', '10', 'minutes', 'in', 'the', 'mean', 'time', 'remove', 'the', 'seeds', 'from', 'the', 'pomegranate', 'stir', 'the', 'almonds', 'and', 'pomegranate', 'seeds', 'into', 'the', 'rice', 'and', 'serve']","['large', 'pot', 'melt', 'butter', 'add', 'rice', 'stir', 'coat', 'rice', 'butter', 'fry', 'rice', 'add', 'water', 'stock', 'cube', 'salt', 'bring', 'boil', 'reduce', 'heat', 'minimum', 'cover', 'pot', 'cook', 'water', 'absorbed', 'rice', 'let', 'rice', 'stand', 'covered', 'mean', 'time', 'remove', 'seeds', 'pomegranate', 'stir', 'almonds', 'pomegranate', 'seeds', 'rice', 'serve']",Indian
12724,"['spray', 'saucepan', 'over', 'medium-high', 'heat', 'add', 'onion', 'and', 'stir', 'fry', 'for', '1-2', 'minutes', 'till', 'golden', 'brown', 'stir', 'in', 'tomatoes', 'salt', 'ground', 'pepper', 'and', 'turmeric', 'stir', 'fry', 'for', '1-2', 'minutes', 'till', 'tomatoes', 'are', 'tender', 'stir', 'in', 'remaining', 'ingredients', 'except', 'the', 'garam', 'masaala', 'boil', 'then', 'reduce', 'to', 'medium-low', 'cover', 'and', 'simmer', '5', 'minutes', 'uncover', 'and', 'cook', 'for', '5', 'minutes', 'until', 'sauce', 'is', 'thick', 'add', 'garam', 'masaala']","['spray', 'saucepan', 'medium', 'high', 'heat', 'add', 'onion', 'stir', 'fry', 'till', 'golden', 'brown', 'stir', 'tomatoes', 'salt', 'ground', 'pepper', 'turmeric', 'stir', 'fry', 'till', 'tomatoes', 'tender', 'stir', 'remaining', 'ingredients', 'except', 'garam', 'masaala', 'boil', 'reduce', 'medium', 'low', 'cover', 'simmer', 'uncover', 'cook', 'sauce', 'thick', 'add', 'garam', 'masaala']",Indian
4096,"['cook', 'shells', 'in', 'plenty', 'of', 'boiling', 'water', 'according', 'to', 'package', 'directions', 'being', 'careful', 'not', 'to', 'overcook', 'them', 'rinse', 'in', 'cold', 'water', 'set', 'aside', 'for', 'advance', 'prep', 'tip', 'see', 'note', 'at', 'end', 'chop', 'all', 'salad', 'ingredients', 'making', 'sure', 'you', 'have', 'all', 'the', 'pieces', 'quite', 'small', 'so', 'that', 'you', 'can', 'easily', 'stuff', 'the', 'salad', 'into', 'the', 'shells', 'make', 'dressing', 'pour', 'over', 'salad', 'and', 'toss', 'lightly', 'add', 'salt', 'and', 'pepper', 'if', 'desired', 'stuff', 'salad', 'into', 'cooled', 'shells', 'now', 'you', 'will', 'understand', 'why', 'you', 'chopped', 'the', 'ingredients', 'into', 'small', 'pieces', 'refrigerate', 'up', 'to', '4', 'hours', 'before', 'serving', 'advance', 'preparation', 'tip', 'from', 'a', 'reviewer', '``', 'the', 'day', 'before', 'i', 'cooked', 'the', 'shells', 'to', 'al-dente', 'rinsed', 'them', 'in', 'cool', 'water', 'separated', 'them', 'and', 'let', 'them', 'cool', 'then', 'i', 'put', 'them', 'in', 'a', 'ziplock', 'i', 'chopped', 'everything', 'for', 'the', 'salad', 'part', 'and', 'put', 'it', 'in', 'a', 'ziplock', 'without', 'the', 'dressingl', 'the', 'next', 'day', 'i', 'mixed', 'the', 'dressing', 'into', 'the', 'salad', 'and', 'stuffed', 'the', 'shells', 'worked', 'like', 'a', 'dream', '``']","['cook', 'shells', 'plenty', 'boiling', 'water', 'according', 'package', 'directions', 'careful', 'overcook', 'rinse', 'cold', 'water', 'set', 'aside', 'advance', 'prep', 'tip', 'see', 'note', 'end', 'chop', 'salad', 'ingredients', 'making', 'sure', 'pieces', 'quite', 'small', 'easily', 'stuff', 'salad', 'shells', 'make', 'dressing', 'pour', 'salad', 'toss', 'lightly', 'add', 'salt', 'pepper', 'desired', 'stuff', 'salad', 'cooled', 'shells', 'understand', 'chopped', 'ingredients', 'small', 'pieces', 'refrigerate', 'serving', 'advance', 'preparation', 'tip', 'reviewer', '``', 'day', 'cooked', 'shells', 'al', 'dente', 'rinsed', 'cool', 'water', 'separated', 'let', 'cool', 'put', 'ziplock', 'chopped', 'everything', 'salad', 'part', 'put', 'ziplock', 'without', 'dressingl', 'next', 'day', 'mixed', 'dressing', 'salad', 'stuffed', 'shells', 'worked', 'like', 'dream', '``']",Italian
9090,"['mix', 'the', 'sugar', 'pepper', 'chili', 'powder', 'salt', 'and', 'yogurt', 'together', 'add', 'the', 'bananas', 'and', 'oranges', 'and', 'mix', 'for', '2', 'minutes', 'dissolve', 'the', 'saffron', 'in', 'one', 'tsp', 'of', 'water', 'and', 'sprinkle', 'it', 'over', 'the', 'dish', 'before', 'serving']","['mix', 'sugar', 'pepper', 'chili', 'powder', 'salt', 'yogurt', 'together', 'add', 'bananas', 'oranges', 'mix', 'dissolve', 'saffron', 'one', 'water', 'sprinkle', 'dish', 'serving']",Indian
1214,"['grind', 'up', 'the', 'nuts', 'in', 'a', 'food', 'processor', 'completely', 'add', 'the', 'butter', 'and', 'olive', 'oil', 'and', 'pulse', 'a', 'few', 'times', 'until', 'a', 'nice', 'paste', 'forms', 'add', 'the', 'cheese', 'and', 'pulse', '2-3', 'times', 'add', 'the', 'cream', 'gradually', 'and', 'keep', 'it', 'on', 'a', 'continual', 'blend', 'until', 'smooth', 'put', 'the', 'cooked', 'ravioli', 'onto', 'plates', 'and', 'pour', 'equal', 'amounts', 'of', 'the', 'sauce', 'over', 'it', 'the', 'hot', 'ravioli', 'will', 'heat', 'up', 'the', 'sauce', 'on', 'its', 'own', 'after', 'a', 'few', 'minutes']","['grind', 'nuts', 'food', 'processor', 'completely', 'add', 'butter', 'olive', 'oil', 'pulse', 'times', 'nice', 'paste', 'forms', 'add', 'cheese', 'pulse', 'times', 'add', 'cream', 'gradually', 'keep', 'continual', 'blend', 'smooth', 'put', 'cooked', 'ravioli', 'onto', 'plates', 'pour', 'equal', 'amounts', 'sauce', 'hot', 'ravioli', 'heat', 'sauce']",Italian
3294,"['toast', 'bread', 'in', '350°f', 'oven', 'until', 'golden', 'brown', 'about', '5', 'minutes', 'rub', 'lightly', 'with', 'garlic', 'clove', 'while', 'still', 'warm', 'coarsely', 'chop', 'the', 'mushrooms', 'in', 'a', 'large', 'skillet', 'heat', '2', 'tablespoons', 'oil', 'over', 'moderate', 'heat', 'until', 'hot', 'but', 'not', 'smoking', 'and', 'cook', 'mushrooms', 'until', 'softened', 'then', 'add', 'shallots', 'and', 'garlic', 'stirring', 'until', 'all', 'liquid', 'mushrooms', 'give', 'off', 'is', 'evaporated', 'about', '5', 'minutes', 'season', 'with', 'salt', 'and', 'pepper', 'remove', 'skillet', 'from', 'heat', 'keep', 'mushrooms', 'warm', 'covered', 'this', 'can', 'be', 'made', 'ahead', 'refrigerated', 'and', 'reheated', 'at', 'serving', 'time', 'tomato', 'relish', 'quarter', 'tomatoes', 'combine', 'with', 'red', 'onion', 'basil', 'vinegar', 'olive', 'oil', 'season', 'to', 'taste', 'and', 'let', 'marinate', 'for', '15', 'minutes', 'top', 'toasted', 'bread', 'with', 'sauteed', 'mushrooms', 'tomato', 'relish', 'shaved', 'parmesan', 'garnish', 'with', 'basil']","['toast', 'bread', '350°f', 'oven', 'golden', 'brown', 'rub', 'lightly', 'garlic', 'clove', 'still', 'warm', 'coarsely', 'chop', 'mushrooms', 'large', 'skillet', 'heat', 'oil', 'moderate', 'heat', 'hot', 'smoking', 'cook', 'mushrooms', 'softened', 'add', 'shallots', 'garlic', 'stirring', 'liquid', 'mushrooms', 'give', 'evaporated', 'season', 'salt', 'pepper', 'remove', 'skillet', 'heat', 'keep', 'mushrooms', 'warm', 'covered', 'made', 'ahead', 'refrigerated', 'reheated', 'serving', 'time', 'tomato', 'relish', 'quarter', 'tomatoes', 'combine', 'red', 'onion', 'basil', 'vinegar', 'olive', 'oil', 'season', 'taste', 'let', 'marinate', 'top', 'toasted', 'bread', 'sauteed', 'mushrooms', 'tomato', 'relish', 'shaved', 'parmesan', 'garnish', 'basil']",Italian
5999,"['preheat', 'oven', 'to', '375°f', 'in', 'a', 'large', 'pan', 'heat', 'olive', 'oil', 'over', 'medium-high', 'flame', 'sauté', 'onions', 'and', 'rosemary', 'until', 'the', 'onions', 'begin', 'to', 'brown', 'add', 'garlic', 'and', 'carrots', 'sauté', 'until', 'garlic', 'fragrances', 'the', 'oil', 'about', '2', 'minutes', 'add', 'kale', 'and', 'sauté', 'until', 'tender', 'then', 'remove', 'pan', 'from', 'heat', 'grease', 'the', 'bottom', 'and', 'sides', 'of', 'a', '8x8-inch', 'baking', 'dish', 'cut', 'polenta', 'into', 'slices', 'no', 'thicker', 'than', '1/4', 'inch', 'line', 'the', 'bottom', 'of', 'the', 'pan', 'with', '1/2', 'of', 'the', 'polenta', 'slices', 'overlapping', 'them', 'slightly', 'to', 'cover', 'the', 'whole', 'bottom', 'of', 'the', 'pan', 'pour', '1/2', 'cup', 'of', 'the', 'marinara', 'sauce', 'over', 'the', 'polenta', 'and', 'spread', 'it', 'evenly', 'distribute', 'mashed', 'feta', 'cheese', 'over', 'the', 'marinara', 'sauce', 'scatter', 'olives', 'over', 'the', 'feta', 'then', 'top', 'with', 'an', 'even', 'layer', 'of', 'the', 'kale', 'mixture', 'place', 'the', 'remaining', 'polenta', 'slices', 'in', 'a', 'layer', 'overlapping', 'slightly', 'spread', 'remaining', '1/2', 'cup', 'of', 'marinara', 'sauce', 'sprinkle', 'shredded', 'pecorino', 'evenly', 'across', 'the', 'top', 'bake', 'for', '25', 'minutes', 'or', 'until', 'the', 'top', 'layer', 'of', 'cheese', 'is', 'beginning', 'to', 'brown', 'around', 'the', 'edges', 'allow', 'to', 'sit', 'for', '5-10', 'minutes', 'before', 'slicing', 'and', 'serving', 'use', 'a', 'spatula']","['preheat', 'oven', '375°f', 'large', 'pan', 'heat', 'olive', 'oil', 'medium', 'high', 'flame', 'sauté', 'onions', 'rosemary', 'onions', 'begin', 'brown', 'add', 'garlic', 'carrots', 'sauté', 'garlic', 'fragrances', 'oil', 'add', 'kale', 'sauté', 'tender', 'remove', 'pan', 'heat', 'grease', 'bottom', 'sides', '8x8', 'inch', 'baking', 'dish', 'cut', 'polenta', 'slices', 'thicker', 'line', 'bottom', 'pan', 'polenta', 'slices', 'overlapping', 'slightly', 'cover', 'whole', 'bottom', 'pan', 'pour', 'marinara', 'sauce', 'polenta', 'spread', 'evenly', 'distribute', 'mashed', 'feta', 'cheese', 'marinara', 'sauce', 'scatter', 'olives', 'feta', 'top', 'even', 'layer', 'kale', 'mixture', 'place', 'remaining', 'polenta', 'slices', 'layer', 'overlapping', 'slightly', 'spread', 'remaining', 'marinara', 'sauce', 'sprinkle', 'shredded', 'pecorino', 'evenly', 'across', 'top', 'bake', 'top', 'layer', 'cheese', 'beginning', 'brown', 'around', 'edges', 'allow', 'sit', 'slicing', 'serving', 'use', 'spatula']",Italian
6166,"['salt', 'and', 'pepper', 'chicken', 'and', 'brown', 'in', 'olive', 'oil', 'in', 'a', 'skillet', 'remove', 'chicken', 'to', 'crock', 'pot', 'saute', 'garlic', 'and', 'onion', 'in', 'same', 'skillet', 'and', 'add', 'tomatoes', 'and', 'basil', 'stir', 'occasionally', 'and', 'cook', 'for', '5', 'minutes', 'add', 'vegetables', 'to', 'crock', 'pot', 'then', 'pour', 'tomato', 'mixture', 'over', 'cook', 'on', 'low', 'temperature', 'for', '6', 'to', '8', 'hours', 'if', 'desired', 'thicken', 'sauce', 'and', 'serve', 'over', 'rice']","['salt', 'pepper', 'chicken', 'brown', 'olive', 'oil', 'skillet', 'remove', 'chicken', 'crock', 'pot', 'saute', 'garlic', 'onion', 'skillet', 'add', 'tomatoes', 'basil', 'stir', 'occasionally', 'cook', 'add', 'vegetables', 'crock', 'pot', 'pour', 'tomato', 'mixture', 'cook', 'low', 'temperature', 'desired', 'thicken', 'sauce', 'serve', 'rice']",Italian
9805,"['in', 'your', 'grinder', 'grind', 'together', 'the', 'spinach', 'corriander', 'and', 'green', 'chilli', 'with', 'a', 'little', 'water', 'to', 'make', 'a', 'smooth', 'paste', 'put', 'into', 'a', 'bowl', 'and', 'add', 'the', 'remaining', 'ingredients', 'except', 'the', 'fish', 'and', 'oil', 'mix', 'well', 'then', 'add', 'the', 'fish', 'and', 'mix', 'it', 'well', 'to', 'coat', 'it', 'in', 'the', 'mixture', 'nicely', 'keep', 'aside', 'to', 'marinate', 'for', '25', 'minutes', 'skewer', 'the', 'fish', 'and', 'barbecue', 'for', '10-12', 'minutes', 'baste', 'it', 'with', 'oil', 'till', 'its', 'well', 'done', 'serve', 'hot', 'garnished', 'with', 'onion', 'rings', 'and', 'sauteed', 'garlic', 'if', 'desired', 'enjoy']","['grinder', 'grind', 'together', 'spinach', 'corriander', 'green', 'chilli', 'little', 'water', 'make', 'smooth', 'paste', 'put', 'bowl', 'add', 'remaining', 'ingredients', 'except', 'fish', 'oil', 'mix', 'well', 'add', 'fish', 'mix', 'well', 'coat', 'mixture', 'nicely', 'keep', 'aside', 'marinate', 'skewer', 'fish', 'barbecue', 'baste', 'oil', 'till', 'well', 'done', 'serve', 'hot', 'garnished', 'onion', 'rings', 'sauteed', 'garlic', 'desired', 'enjoy']",Indian
926,"['trim', 'off', 'any', 'belly', 'fat', 'or', 'dark', 'meat', 'on', 'fillets', 'soak', 'fillets', 'in', 'lemon', 'juice', 'for', 'no', 'longer', 'than', '5', 'minutes', 'remove', 'fillets', 'from', 'lemon', 'juice', 'and', 'press', 'firmly', 'with', 'paper', 'towel', 'to', 'remove', 'the', 'lemon', 'juice', 'from', 'the', 'fillets', 'this', 'will', 'remove', 'any', '``', 'fishy', ""''"", 'taste', 'in', 'a', 'hot', 'skillet', 'over', 'medium', 'heat', 'coat', 'pan', 'with', 'extra', 'virgin', 'olive', 'oil', 'add', '3', 'cloves', 'of', 'crushed', 'garlic', 'place', 'fillets', 'in', 'the', 'skillet', 'in', 'a', 'single', 'layer', 'season', 'with', 'salt', 'pepper', 'and', 'a', 'generous', 'amount', 'of', 'thyme', 'oregano', 'and', 'basil', 'after', 'a', 'few', 'minutes', 'carefully', 'turn', 'fillets', 'over', 'depending', 'on', 'what', 'type', 'of', 'fish', 'and', 'how', 'thick', 'the', 'fillets', 'are', 'cooking', 'time', 'will', 'vary', 'season', 'again', 'as', 'noted', 'above', 'add', 'capers', 'i', 'like', 'a', 'whole', 'lot', 'of', 'them', 'but', 'just', 'add', 'however', 'many', 'you', 'like', 'add', 'sliced', 'mushrooms', 'optional', 'reduce', 'heat', 'to', 'medium-low', 'add', 'white', 'wine', 'and', 'a', 'tiny', 'splash', 'of', 'lemon', 'juice', 'cover', 'and', 'simmer', 'until', 'fish', 'is', 'done', 'this', 'should', 'only', 'take', 'a', 'few', 'minutes', 'plate', 'the', 'fillets', 'and', 'spoon', 'the', 'liquid', 'from', 'the', 'pan', 'over', 'them', 'enjoy']","['trim', 'belly', 'fat', 'dark', 'meat', 'fillets', 'soak', 'fillets', 'lemon', 'juice', 'longer', 'remove', 'fillets', 'lemon', 'juice', 'press', 'firmly', 'paper', 'towel', 'remove', 'lemon', 'juice', 'fillets', 'remove', '``', 'fishy', ""''"", 'taste', 'hot', 'skillet', 'medium', 'heat', 'coat', 'pan', 'extra', 'virgin', 'olive', 'oil', 'add', 'cloves', 'crushed', 'garlic', 'place', 'fillets', 'skillet', 'single', 'layer', 'season', 'salt', 'pepper', 'generous', 'amount', 'thyme', 'oregano', 'basil', 'carefully', 'turn', 'fillets', 'depending', 'type', 'fish', 'thick', 'fillets', 'cooking', 'time', 'vary', 'season', 'noted', 'add', 'capers', 'like', 'whole', 'lot', 'add', 'however', 'many', 'like', 'add', 'sliced', 'mushrooms', 'optional', 'reduce', 'heat', 'medium', 'low', 'add', 'white', 'wine', 'tiny', 'splash', 'lemon', 'juice', 'cover', 'simmer', 'fish', 'done', 'take', 'plate', 'fillets', 'spoon', 'liquid', 'pan', 'enjoy']",Italian
4742,"['butter', 'a', 'baking', 'tray', 'and', 'flour', 'it', 'put', 'the', 'almonds', 'and', 'a', 'little', 'sugar', 'in', 'a', 'mortar', 'and', 'pound', 'with', 'the', 'pestle', 'to', 'a', 'powder', 'or', 'use', 'a', 'food', 'processor', 'beat', 'the', 'egg', 'whites', 'until', 'stiff', 'fold', 'in', 'the', 'almond', 'mixture', 'and', 'then', 'the', 'almond', 'extract', 'or', 'liqueur', 'spoon', 'the', 'mixture', 'into', 'a', 'pastry', 'bag', 'pipe', 'the', 'mixture', 'onto', 'the', 'baking', 'tray', 'making', 'small', 'rounds', 'bake', 'until', 'well', 'dried', 'out', 'about', '40', 'minutes', 'and', 'allow', 'to', 'cool', 'before', 'sprinkling', 'with', 'icing', 'sugar', 'confectioners', 'sugar']","['butter', 'baking', 'tray', 'flour', 'put', 'almonds', 'little', 'sugar', 'mortar', 'pestle', 'powder', 'use', 'food', 'processor', 'beat', 'egg', 'whites', 'stiff', 'fold', 'almond', 'mixture', 'almond', 'extract', 'liqueur', 'spoon', 'mixture', 'pastry', 'bag', 'pipe', 'mixture', 'onto', 'baking', 'tray', 'making', 'small', 'rounds', 'bake', 'well', 'dried', 'allow', 'cool', 'sprinkling', 'icing', 'sugar', 'confectioners', 'sugar']",Italian
10570,"['sieve', 'flour', 'add', 'baking', 'powder', 'salt', 'ghee', 'cumin', 'seeds', 'and', 'grated', 'ginger', 'mix', 'make', 'into', 'a', 'dough', 'using', 'eggs', 'and', 'milk', 'keep', 'aside', 'covered', 'for', '20', 'minutes', 'divide', 'the', 'dough', 'into', '6', 'equal', 'parts', 'shape', 'them', 'into', 'round', 'balls', 'flatten', 'and', 'roll', 'out', 'each', 'piece', 'to', 'about', '5', ""''"", '12', 'cms', 'diameter', 'cook', 'as', 'parathas', 'serve', 'hot', 'and', 'crisp']","['sieve', 'flour', 'add', 'baking', 'powder', 'salt', 'ghee', 'cumin', 'seeds', 'grated', 'ginger', 'mix', 'make', 'dough', 'using', 'eggs', 'milk', 'keep', 'aside', 'covered', 'divide', 'dough', 'equal', 'parts', 'shape', 'round', 'balls', 'flatten', 'roll', 'piece', ""''"", 'cms', 'diameter', 'cook', 'parathas', 'serve', 'hot', 'crisp']",Indian
7988,"['heat', '3', 'teaspoons', 'of', 'oil', 'in', 'a', 'large', 'heavy-based', 'saucepan', 'over', 'medium-high', 'heat', 'add', 'half', 'the', 'lamb', 'and', 'cook', 'turning', 'for', '1-2', 'minutes', 'or', 'until', 'browned', 'transfer', 'to', 'a', 'heatproof', 'bowl', 'repeat', 'with', 'the', 'remaining', 'lamb', 'heat', 'the', 'remaining', 'oil', 'in', 'the', 'pan', 'over', 'medium', 'heat', 'add', 'the', 'onion', 'and', 'cook', 'stirring', 'for', '5-6', 'minutes', 'or', 'until', 'soft', 'add', 'the', 'curry', 'paste', 'and', 'cook', 'stirring', 'for', '2', 'minutes', 'or', 'until', 'aromatic', 'add', 'the', 'tomato', 'paste', 'stock', 'and', 'squash', 'cover', 'and', 'bring', 'to', 'a', 'simmer', 'add', 'the', 'lamb', 'and', 'cook', 'partially', 'covered', 'for', '15', 'minutes', 'or', 'until', 'the', 'squash', 'is', 'almost', 'tender', 'add', 'the', 'beans', 'and', 'peas', 'and', 'cook', 'partially', 'covered', 'for', '5', 'minutes', 'or', 'until', 'vegetables', 'are', 'just', 'tender', 'meanwhile', 'cook', 'the', 'rice', 'following', 'packet', 'directions', 'drain', 'divide', 'the', 'rice', 'among', 'serving', 'bowls', 'top', 'with', 'curry', 'and', 'cilantro', 'and', 'serve']","['heat', 'oil', 'large', 'heavy', 'based', 'saucepan', 'medium', 'high', 'heat', 'add', 'half', 'lamb', 'cook', 'turning', 'browned', 'transfer', 'heatproof', 'bowl', 'repeat', 'remaining', 'lamb', 'heat', 'remaining', 'oil', 'pan', 'medium', 'heat', 'add', 'onion', 'cook', 'stirring', 'soft', 'add', 'curry', 'paste', 'cook', 'stirring', 'aromatic', 'add', 'tomato', 'paste', 'stock', 'squash', 'cover', 'bring', 'simmer', 'add', 'lamb', 'cook', 'partially', 'covered', 'squash', 'almost', 'tender', 'add', 'beans', 'peas', 'cook', 'partially', 'covered', 'vegetables', 'tender', 'meanwhile', 'cook', 'rice', 'following', 'packet', 'directions', 'drain', 'divide', 'rice', 'among', 'serving', 'bowls', 'top', 'curry', 'cilantro', 'serve']",Indian
9591,"['boil', 'the', 'first', '7', 'ingredients', 'using', 'very', 'little', 'water', 'in', 'a', 'pressure', 'cooker', 'when', 'the', 'vadi', 'dal', 'and', 'potatoes', 'are', 'tender', 'make', 'a', 'soft', 'dough', 'of', 'it', 'by', 'grinding', 'it', 'in', 'a', 'chopper', 'mix', 'with', 'cornflour', 'garam', 'masala', 'and', 'chilli', 'powder', 'mix', 'the', 'next', '5', 'ingredients', 'well', 'add', 'lemon', 'drops', 'or', 'chaat', 'masala', 'in', 'it', 'as', 'per', 'taste', 'make', 'round', 'balls', 'of', 'dough', 'flatten', 'on', 'your', 'palm', 'and', 'put', 'the', 'equal', 'portions', 'shape', 'shallow', 'fry', 'them', 'till', 'brown', 'serve', 'hot', 'with', 'mint', 'chutney', 'another', 'really', 'good', 'idea', 'is', 'to', 'use', 'them', 'as', 'a', 'stuffing', 'for', 'vegetarian', 'burger']","['boil', 'first', 'ingredients', 'using', 'little', 'water', 'pressure', 'cooker', 'vadi', 'dal', 'potatoes', 'tender', 'make', 'soft', 'dough', 'grinding', 'chopper', 'mix', 'cornflour', 'garam', 'masala', 'chilli', 'powder', 'mix', 'next', 'ingredients', 'well', 'add', 'lemon', 'drops', 'chaat', 'masala', 'per', 'taste', 'make', 'round', 'balls', 'dough', 'flatten', 'palm', 'put', 'equal', 'portions', 'shape', 'shallow', 'fry', 'till', 'brown', 'serve', 'hot', 'mint', 'chutney', 'another', 'really', 'good', 'idea', 'use', 'stuffing', 'vegetarian', 'burger']",Indian
12910,"['put', 'the', 'corriander', 'and', 'mint', 'leaves', 'alongwith', 'the', 'green', 'chillies', 'and', 'a', 'little', 'water', 'in', 'your', 'mixer', 'and', 'process', 'until', 'you', 'have', 'a', 'smooth', 'paste', 'remove', 'from', 'mixer', 'into', 'a', 'serving', 'bowl', 'add', 'salt', 'and', 'sugar', 'stir', 'in', 'lemon', 'juice', 'serve', 'alongside', 'cutlets', 'kebabs', 'etc', 'or', 'as', 'a', 'sandwich', 'spread', 'note', 'as', 'a', 'variation', 'add', 'plain', 'low-fat', 'yogurt', 'to', 'the', 'chutney', 'and', 'mix', 'well', '1', 'cup', 'yogurt', 'for', '2', 'tbsps', 'of', 'chutney', 'enjoy']","['put', 'corriander', 'mint', 'leaves', 'alongwith', 'green', 'chillies', 'little', 'water', 'mixer', 'process', 'smooth', 'paste', 'remove', 'mixer', 'serving', 'bowl', 'add', 'salt', 'sugar', 'stir', 'lemon', 'juice', 'serve', 'alongside', 'cutlets', 'kebabs', 'etc', 'sandwich', 'spread', 'note', 'variation', 'add', 'plain', 'low', 'fat', 'yogurt', 'chutney', 'mix', 'well', 'yogurt', 'tbsps', 'chutney', 'enjoy']",Indian
11791,"['cut', 'the', 'ginger', 'for', 'the', 'garnish', 'into', 'fine', 'juliennes', 'and', 'immediately', 'marinate', 'in', 'the', 'lemon', 'juice', 'until', 'the', 'chops', 'are', 'ready', 'to', 'be', 'served', 'put', 'all', 'ingredients', 'except', 'cumin', 'garam', 'masala', 'and', 'the', 'garnish', 'in', 'a', 'pan', 'bring', 'to', 'the', 'boil', 'cover', 'and', 'simmer', 'until', 'the', 'chops', 'are', 'tender', 'remove', 'the', 'chops', 'and', 'keep', 'aside', 'fry', 'the', 'remaining', 'masala', 'mixture', 'until', 'half', 'the', 'liquid', 'has', 'evaporated', 'add', 'the', 'cumin', 'stir', 'for', 'a', 'minute', 'and', 'return', 'the', 'chops', 'to', 'the', 'pan', 'simmering', 'for', '3', 'minutes', 'sprinkle', 'garam', 'masala', 'and', 'stir', 'adjusting', 'the', 'seasoning', 'to', 'serve', 'arrange', 'the', 'chops', 'on', 'a', 'flat', 'dish', 'spread', 'the', 'masala', 'on', 'top', 'garnish', 'with', 'marinated', 'ginger', 'juliennes', 'and', 'serve', 'with', 'roti']","['cut', 'ginger', 'garnish', 'fine', 'juliennes', 'immediately', 'marinate', 'lemon', 'juice', 'chops', 'ready', 'served', 'put', 'ingredients', 'except', 'cumin', 'garam', 'masala', 'garnish', 'pan', 'bring', 'boil', 'cover', 'simmer', 'chops', 'tender', 'remove', 'chops', 'keep', 'aside', 'fry', 'remaining', 'masala', 'mixture', 'half', 'liquid', 'evaporated', 'add', 'cumin', 'stir', 'return', 'chops', 'pan', 'simmering', 'sprinkle', 'garam', 'masala', 'stir', 'adjusting', 'seasoning', 'serve', 'arrange', 'chops', 'flat', 'dish', 'spread', 'masala', 'top', 'garnish', 'marinated', 'ginger', 'juliennes', 'serve', 'roti']",Indian
8877,"['place', 'the', 'dry', 'spices', 'in', 'a', 'small', 'fry', 'pan', 'toast', 'briefly', 'about', '1-2', 'minutes', 'to', 'awaken', 'the', 'flavors', 'place', 'the', 'toasted', 'spices', 'in', 'a', 'small', 'mixing', 'bowl', 'add', 'the', 'olive', 'oil', 'chopped', 'garlic', 'honey', 'sea', 'salt', 'mix', 'well', 'to', 'form', 'a', 'paste', 'rub', 'in', 'on', 'all', 'sides', 'of', 'the', 'lamb', 'leg', 'refrigerate', 'marinade', 'overnight', 'the', 'next', 'day', 'about', 'an', 'hour', 'before', 'cooking', 'remove', 'lamb', 'from', 'refrigerator', 'and', 'let', 'stand', 'pre-heat', 'oven', 'to', '350', 'degrees', 'f.', 'place', 'the', 'lamb', 'leg', 'in', 'the', 'center', 'of', 'a', 'roasting', 'rack', 'and', 'place', 'the', 'rack', 'in', 'the', 'roasting', 'pan', 'cook', 'in', 'center', 'of', 'oven', 'for', 'i', 'hour', 'use', 'an', 'instant-read', 'meat', 'thermometer', 'and', 'take', 'the', 'temperature', 'of', 'the', 'thickest', 'part', 'of', 'the', 'leg', 'meat', 'your', 'meat', 'thermometer', 'should', 'read', 'about', '118', 'degrees', 'f.', 'if', 'it', 'does', 'not', 'watch', 'carefully', 'and', 'continue', 'to', 'cook', 'until', 'the', 'temp', 'reads', 'just', '118', 'degrees', 'f.', 'remove', 'the', 'lamb', 'from', 'the', 'roasting', 'pan', 'to', 'a', 'flat', 'surface', 'to', 'rest', 'for', 'mint', 'sauce', 'blend', 'all', 'ingredients', 'in', 'a', 'blender', 'until', 'semi-smooth', 'for', 'jus', 'pour', 'off', 'as', 'much', 'of', 'the', 'fat', 'as', 'you', 'can', 'from', 'the', 'bottom', 'of', 'the', 'roasting', 'pan', 'put', 'the', 'pan', 'on', 'top', 'of', 'a', 'burner', 'on', 'your', 'stove', 'start', 'a', 'low', 'heat', 'under', 'the', 'pan', 'and', 'when', 'the', 'drippings', 'begin', 'to', 'sizzle', 'pour', 'in', 'the', 'wine', 'or', 'stock', 'and', 'add', 'the', 'fresh', 'chiles', 'simmer', 'scraping', 'the', 'pan', 'to', 'release', 'solids', 'for', '3-4', 'minutes', 'remove', 'from', 'heat', 'taste', 'and', 'adjust', 'seasoning', 'pour', 'over', 'the', 'leg', 'of', 'lamb']","['place', 'dry', 'spices', 'small', 'fry', 'pan', 'toast', 'briefly', 'awaken', 'flavors', 'place', 'toasted', 'spices', 'small', 'mixing', 'bowl', 'add', 'olive', 'oil', 'chopped', 'garlic', 'honey', 'sea', 'salt', 'mix', 'well', 'form', 'paste', 'rub', 'sides', 'lamb', 'leg', 'refrigerate', 'marinade', 'overnight', 'next', 'day', 'cooking', 'remove', 'lamb', 'refrigerator', 'let', 'stand', 'pre', 'heat', 'oven', 'f.', 'place', 'lamb', 'leg', 'center', 'roasting', 'rack', 'place', 'rack', 'roasting', 'pan', 'cook', 'center', 'oven', 'use', 'instant', 'read', 'meat', 'thermometer', 'take', 'temperature', 'thickest', 'part', 'leg', 'meat', 'meat', 'thermometer', 'read', 'f.', 'watch', 'carefully', 'continue', 'cook', 'temp', 'reads', 'f.', 'remove', 'lamb', 'roasting', 'pan', 'flat', 'surface', 'rest', 'mint', 'sauce', 'blend', 'ingredients', 'blender', 'semi', 'smooth', 'jus', 'pour', 'much', 'fat', 'bottom', 'roasting', 'pan', 'put', 'pan', 'top', 'burner', 'stove', 'start', 'low', 'heat', 'pan', 'drippings', 'begin', 'sizzle', 'pour', 'wine', 'stock', 'add', 'fresh', 'chiles', 'simmer', 'scraping', 'pan', 'release', 'solids', 'remove', 'heat', 'taste', 'adjust', 'seasoning', 'pour', 'leg', 'lamb']",Indian
5840,"['lightly', 'coat', 'the', 'chicken', 'breast', 'with', 'olive', 'oil', 'coat', 'with', 'italian', 'bread', 'crumbs', 'cook', 'on', 'open', 'grill', 'until', 'plump', 'and', 'tender', 'top', 'with', 'cheese', 'blend', 'until', 'melted', 'then', 'with', 'the', 'following', 'sauce', 'in', 'saute', 'pan', 'add', 'the', 'wine/lemon/butter', 'mix', 'prosciutto', 'garlic', 'and', 'red', 'pepper', 'over', 'medium', 'heat', 'bring', 'to', 'a', 'boil', 'and', 'add', 'broccoli', 'and', 'mushrooms', 'pour', 'over', 'chicken', 'breast', 'with', 'a', 'slotted', 'spoon', 'then', 'with', 'a', 'spatula', 'do', 'not', 'overpower', 'with', 'the', 'sauce', 'the', 'sauce', 'should', 'enhance', 'not', 'smother', 'the', 'chicken', 'add', 'a', 'side', 'of', 'white', 'or', 'red', 'pas', 'ta', 'cavatelli', 'and', 'a', 'vegetable', 'of', 'choice']","['lightly', 'coat', 'chicken', 'breast', 'olive', 'oil', 'coat', 'italian', 'bread', 'crumbs', 'cook', 'open', 'grill', 'plump', 'tender', 'top', 'cheese', 'blend', 'melted', 'following', 'sauce', 'saute', 'pan', 'add', 'wine/lemon/butter', 'mix', 'prosciutto', 'garlic', 'red', 'pepper', 'medium', 'heat', 'bring', 'boil', 'add', 'broccoli', 'mushrooms', 'pour', 'chicken', 'breast', 'slotted', 'spoon', 'spatula', 'overpower', 'sauce', 'sauce', 'enhance', 'smother', 'chicken', 'add', 'side', 'white', 'red', 'pas', 'ta', 'cavatelli', 'vegetable', 'choice']",Italian
12350,"['heat', 'olive', 'oil', 'in', 'a', 'saute', 'pan', 'and', 'when', 'hot', 'add', 'onion', 'add', 'salt', 'and', 'pepper', 'and', 'when', 'onions', 'start', 'to', 'become', 'translucent', 'add', 'other', 'vegetables', 'cook', 'over', 'medium', 'high', 'heat', 'stirring', 'and', 'tossing', 'frequently', 'until', 'just', 'crisp-tender', 'just', 'before', 'veggies', 'are', 'done', 'add', 'red', 'pepper', 'flakes', 'garlic', 'powder', 'and', 'curry', 'powder', 'do', ""n't"", 'do', 'this', 'early', 'or', 'it', 'may', 'scorch', 'give', 'the', 'veggies', 'a', 'squeeze', 'of', 'the', 'lemon', 'just', 'before', 'serving', 'for', 'a', 'bright', 'flavor']","['heat', 'olive', 'oil', 'saute', 'pan', 'hot', 'add', 'onion', 'add', 'salt', 'pepper', 'onions', 'start', 'become', 'translucent', 'add', 'vegetables', 'cook', 'medium', 'high', 'heat', 'stirring', 'tossing', 'frequently', 'crisp', 'tender', 'veggies', 'done', 'add', 'red', 'pepper', 'flakes', 'garlic', 'powder', 'curry', 'powder', 'early', 'may', 'scorch', 'give', 'veggies', 'squeeze', 'lemon', 'serving', 'bright', 'flavor']",Indian
7088,"['heat', 'oil', 'in', 'skillet', 'til', 'hot', 'over', 'med-high', 'heat', 'but', 'not', 'smoking', 'in', 'a', 'large', 'bowl', 'combine', 'the', 'rest', 'of', 'the', 'ingredients', 'to', 'make', 'dough', 'shape', 'into', 'round', 'disks', 'fry', 'shaped', 'dough', 'in', 'hot', 'oil', 'til', 'brown', 'and', 'crispy', 'serve', 'hot', 'traditionally', 'you', 'would', 'eat', 'this', 'with', 'stew', 'or', 'top', 'with', 'some', 'honey', 'i', 'personally', 'like', 'to', 'spread', 'a', 'little', 'butter', 'on', 'it', 'two', 'other', 'popular', 'choices', 'make', 'chili', 'pile', 'chili', 'on', 'top', 'and', 'add', 'a', 'little', 'cheese', 'lettuce', 'and', 'tomato', 'for', 'a', ""''"", 'navajo', 'taco', ""''"", 'or', 'use', 'the', 'round', 'as', 'your', 'base', 'for', 'a', 'tostada', 'add', 'taco', 'meat', 'beans', 'cheese', 'lettuce', 'tomato', 'and', 'guacamole', 'see', 'my', 'creamy', 'guacamole', 'recipe']","['heat', 'oil', 'skillet', 'til', 'hot', 'med', 'high', 'heat', 'smoking', 'large', 'bowl', 'combine', 'rest', 'ingredients', 'make', 'dough', 'shape', 'round', 'disks', 'fry', 'shaped', 'dough', 'hot', 'oil', 'til', 'brown', 'crispy', 'serve', 'hot', 'traditionally', 'would', 'eat', 'stew', 'top', 'honey', 'personally', 'like', 'spread', 'little', 'butter', 'two', 'popular', 'choices', 'make', 'chili', 'pile', 'chili', 'top', 'add', 'little', 'cheese', 'lettuce', 'tomato', ""''"", 'navajo', 'taco', ""''"", 'use', 'round', 'base', 'tostada', 'add', 'taco', 'meat', 'beans', 'cheese', 'lettuce', 'tomato', 'guacamole', 'see', 'creamy', 'guacamole', 'recipe']",Indian
12818,"['blend', 'together', 'tomato', 'puree', 'yogurt', 'garam', 'masala', 'chilli', 'powder', 'garlic', 'mango', 'chutney', 'salt', 'and', 'sugar', 'heat', 'oil', 'in', 'a', 'karahi', 'or', 'wok', 'then', 'add', 'mixture', 'lower', 'heat', 'and', 'cook', 'for', 'two', 'minutes', 'stirring', 'occasionally', 'add', 'the', 'chicken', 'and', 'stir', 'until', 'it', 'is', 'well', 'coated', 'in', 'the', 'mixture', 'then', 'add', 'the', 'water', 'continue', 'cooking', 'for', 'about', '5-', '7', 'mins', 'until', 'the', 'chicken', 'is', 'tender', 'stir', 'from', 'time', 'to', 'time', 'add', 'green', 'chillies', 'chopped', 'coriander', 'and', 'milk', 'stir', 'in', 'and', 'cook', 'for', 'another', 'two', 'minutes', 'serve', 'with', 'rice', 'or', 'warm', 'indian', 'breads']","['blend', 'together', 'tomato', 'puree', 'yogurt', 'garam', 'masala', 'chilli', 'powder', 'garlic', 'mango', 'chutney', 'salt', 'sugar', 'heat', 'oil', 'karahi', 'wok', 'add', 'mixture', 'lower', 'heat', 'cook', 'two', 'stirring', 'occasionally', 'add', 'chicken', 'stir', 'well', 'coated', 'mixture', 'add', 'water', 'continue', 'cooking', 'mins', 'chicken', 'tender', 'stir', 'time', 'time', 'add', 'green', 'chillies', 'chopped', 'coriander', 'milk', 'stir', 'cook', 'another', 'two', 'serve', 'rice', 'warm', 'indian', 'breads']",Indian
3293,"['place', 'the', 'beef', 'pancetta', 'and', '2', 'tablespoons', 'of', 'pesto', 'in', 'a', 'processor', 'season', 'with', 'salt', 'and', 'pepper', 'pulse', 'until', 'just', 'combined', 'do', 'not', 'over-process', 'form', 'the', 'mixture', 'into', '4', 'patties', 'and', 'chill', 'while', 'you', 'cook', 'the', 'vegetables', 'preheat', 'the', 'oven', 'to', '160°c/325°f/gas', 'mark', '3', 'heat', 'a', 'chargrill', 'pan', 'or', 'cr', 'barbecue', 'over', 'a', 'medium', 'heat', 'toss', 'the', 'onion', 'in', 'a', 'little', 'oil', 'and', 'grill', 'for', '1', 'minute', 'on', 'each', 'side', 'or', 'until', 'just', 'cooked', 'place', 'the', 'onion', 'in', 'the', 'oven', 'to', 'keep', 'it', 'warm', 'brush', 'the', 'tomatoes', 'with', 'a', 'little', 'oil', 'and', 'season', 'them', 'with', 'salt', 'and', 'pepper', 'to', 'taste', 'then', 'grill', 'the', 'tomatoes', 'for', 'one', 'minute', 'on', 'each', 'side', 'place', 'the', 'tomatoes', 'in', 'the', 'oven', 'to', 'keep', 'them', 'warm', 'mix', 'the', 'remaining', 'pesto', 'with', 'the', 'mayonnaise', 'brush', 'both', 'sides', 'of', 'the', 'patties', 'with', 'oil', 'cook', 'the', 'patties', 'on', 'the', 'chargrill', 'for', '2-3', 'minutes', 'on', 'each', 'side', 'or', 'until', 'they', 'are', 'cooked', 'through', 'top', 'the', 'patties', 'with', 'bocconcini', 'and', 'place', 'them', 'in', 'the', 'oven', 'for', '1', 'minutes', 'or', 'until', 'the', 'cheese', 'melts', 'spread', 'the', 'bread-roll', 'bases', 'with', 'some', 'of', 'the', 'mayonnaise', 'mixture', 'top', 'with', 'rocket', 'patties', 'onion', 'and', 'tomato', 'drizzle', 'with', 'the', 'remaining', 'mayonnaise', 'mixture', 'and', 'top', 'with', 'the', 'remaining', 'bread-roll', 'halves']","['place', 'beef', 'pancetta', 'pesto', 'processor', 'season', 'salt', 'pepper', 'pulse', 'combined', 'process', 'form', 'mixture', 'patties', 'chill', 'cook', 'vegetables', 'preheat', 'oven', '160°c/325°f/gas', 'mark', 'heat', 'chargrill', 'pan', 'cr', 'barbecue', 'medium', 'heat', 'toss', 'onion', 'little', 'oil', 'grill', 'side', 'cooked', 'place', 'onion', 'oven', 'keep', 'warm', 'brush', 'tomatoes', 'little', 'oil', 'season', 'salt', 'pepper', 'taste', 'grill', 'tomatoes', 'one', 'side', 'place', 'tomatoes', 'oven', 'keep', 'warm', 'mix', 'remaining', 'pesto', 'mayonnaise', 'brush', 'sides', 'patties', 'oil', 'cook', 'patties', 'chargrill', 'side', 'cooked', 'top', 'patties', 'bocconcini', 'place', 'oven', 'cheese', 'melts', 'spread', 'bread', 'roll', 'bases', 'mayonnaise', 'mixture', 'top', 'rocket', 'patties', 'onion', 'tomato', 'drizzle', 'remaining', 'mayonnaise', 'mixture', 'top', 'remaining', 'bread', 'roll', 'halves']",Italian
11321,"['soak', 'chana', 'for', '8', 'to', '10', 'hours', 'wash', 'under', 'tap', 'water', 'keep', 'it', 'for', 'boiling', 'in', 'a', 'pressure', 'cooker', 'in', '4', 'to', '5', 'cups', 'of', 'water', 'add', 'salt', 'red', 'pepper', 'onion', 'garlic', 'gingercriander', 'powder', 'and', 'turmeric', 'powder', 'close', 'lid', 'and', 'cook', 'for', '45', 'minutes', 'after', 'the', 'pressure', 'builds', 'in', 'the', 'cooker', 'when', 'chana', 'is', 'done', 'then', 'evaporate', 'water', 'and', 'add', 'tomatoes', 'and', 'oil', 'and', 'stir', 'almost', '5', 'minc', 'now', 'add', '3-4', 'cup', 'water', 'and', 'bring', 'a', 'boil', 'and', 'leave', 'it', 'for', '20', 'minutes', 'now', 'cheeck', 'the', 'gravy', 'and', 'add', 'coriander', 'leaves', 'and', 'serve', 'with', 'rice', 'or', 'roties']","['soak', 'chana', 'wash', 'tap', 'water', 'keep', 'boiling', 'pressure', 'cooker', 'water', 'add', 'salt', 'red', 'pepper', 'onion', 'garlic', 'gingercriander', 'powder', 'turmeric', 'powder', 'close', 'lid', 'cook', 'pressure', 'builds', 'cooker', 'chana', 'done', 'evaporate', 'water', 'add', 'tomatoes', 'oil', 'stir', 'almost', 'minc', 'add', 'water', 'bring', 'boil', 'leave', 'cheeck', 'gravy', 'add', 'coriander', 'leaves', 'serve', 'rice', 'roties']",Indian
2889,"['combine', 'yolks', 'and', 'sugar', 'in', 'large', 'bowl', 'and', 'beat', 'well', 'in', 'second', 'bowl', 'beat', 'egg', 'whites', 'on', 'low', 'then', 'increasing', 'speed', 'until', 'stiff', 'peaks', 'form', 'in', 'the', 'bowl', 'with', 'the', 'yolk', 'mixture', 'add', 'mascarpone', 'cheese', 'then', 'gently', 'fold', 'in', 'the', 'egg', 'whites', 'with', 'rubber', 'spatula', 'moving', 'from', 'center', 'to', 'outside', 'of', 'bowl', 'in', 'circles', 'arrange', '1/2', 'wafers', 'in', '13', 'x', '9', 'glass', 'pan', 'drizzle', '1/2', 'espresso', 'and', '1/2', 'liquor', 'layer', 'mascarpone', 'mixture', 'most', 'of', 'the', 'grated', 'chocolate', 'reserve', '1', 'tablespoon', 'and', 'roughly', '2/3', 'of', 'the', 'cocoa', 'add', 'layer', 'of', 'remaining', 'wafers', 'and', 'drizzle', 'remaining', 'liquor', 'and', 'espresso', 'refrigerate', 'overnight', 'or', '12', 'hours', 'dust', 'with', 'remaining', 'cocoa', 'and', 'remaining', 'grated', 'chocolate', 'and', 'serve']","['combine', 'yolks', 'sugar', 'large', 'bowl', 'beat', 'well', 'second', 'bowl', 'beat', 'egg', 'whites', 'low', 'increasing', 'speed', 'stiff', 'peaks', 'form', 'bowl', 'yolk', 'mixture', 'add', 'mascarpone', 'cheese', 'gently', 'fold', 'egg', 'whites', 'rubber', 'spatula', 'moving', 'center', 'outside', 'bowl', 'circles', 'arrange', 'wafers', 'x', 'glass', 'pan', 'drizzle', 'espresso', 'liquor', 'layer', 'mascarpone', 'mixture', 'grated', 'chocolate', 'reserve', 'roughly', 'cocoa', 'add', 'layer', 'remaining', 'wafers', 'drizzle', 'remaining', 'liquor', 'espresso', 'refrigerate', 'overnight', 'dust', 'remaining', 'cocoa', 'remaining', 'grated', 'chocolate', 'serve']",Italian
3992,"['bring', 'large', 'saucepan', 'of', 'water', 'to', 'boil', 'stir', 'in', 'rice', 'and', 'salt', 'reduce', 'heat', 'to', 'medium', 'and', 'simmer', 'uncovered', 'until', 'rice', 'is', 'tender', 'stirring', 'occasionally', 'about', '15', 'minutes', 'drain', 'rice', 'well', 'whisk', 'vinegar', 'and', 'oil', 'in', 'large', 'bowl', 'add', 'warm', 'rice', 'and', 'toss', 'to', 'coat', 'whisk', 'egg', 'and', 'parmesan', 'cheese', 'in', 'small', 'bowl', 'to', 'blend', 'spray', 'medium', 'nonstick', 'skillet', 'with', 'vegetable', 'oil', 'spray', 'and', 'heat', 'over', 'medium-high', 'heat', 'add', 'egg', 'mixture', 'and', 'stir', 'constantly', 'until', 'scrambled', 'and', 'curds', 'are', 'set', 'about', '1', 'minute', 'remove', 'from', 'heat', 'and', 'cool', 'cut', 'egg', 'into', 'small', 'pieces', 'season', 'to', 'taste', 'with', 'pepper', 'stir', 'egg', 'pieces', 'pork', 'peas', 'red', 'onion', 'and', 'parsley', 'into', 'rice', 'season', 'salad', 'to', 'taste', 'with', 'salt', 'and', 'pepper', 'line', 'shallow', 'bowl', 'with', 'lettuce', 'leaves', 'spoon', 'rice', 'salad', 'onto', 'leaves', 'surround', 'with', 'tomato', 'wedges', 'serve', 'at', 'room', 'temperature', 'serves', '4']","['bring', 'large', 'saucepan', 'water', 'boil', 'stir', 'rice', 'salt', 'reduce', 'heat', 'medium', 'simmer', 'uncovered', 'rice', 'tender', 'stirring', 'occasionally', 'drain', 'rice', 'well', 'whisk', 'vinegar', 'oil', 'large', 'bowl', 'add', 'warm', 'rice', 'toss', 'coat', 'whisk', 'egg', 'parmesan', 'cheese', 'small', 'bowl', 'blend', 'spray', 'medium', 'nonstick', 'skillet', 'vegetable', 'oil', 'spray', 'heat', 'medium', 'high', 'heat', 'add', 'egg', 'mixture', 'stir', 'constantly', 'scrambled', 'curds', 'set', 'remove', 'heat', 'cool', 'cut', 'egg', 'small', 'pieces', 'season', 'taste', 'pepper', 'stir', 'egg', 'pieces', 'pork', 'peas', 'red', 'onion', 'parsley', 'rice', 'season', 'salad', 'taste', 'salt', 'pepper', 'line', 'shallow', 'bowl', 'lettuce', 'leaves', 'spoon', 'rice', 'salad', 'onto', 'leaves', 'surround', 'tomato', 'wedges', 'serve', 'room', 'temperature', 'serves']",Italian
1508,"['in', 'dutch', 'oven', 'saute', 'sausage', 'beef', 'onion', 'green', 'pepper', 'and', 'garlic', 'until', 'meats', 'are', 'no', 'longer', 'pink', 'drain', 'add', 'tomato', 'sauce', 'paste', 'water', 'and', 'seasonings', 'bring', 'to', 'a', 'boil', 'reduce', 'heat', 'and', 'simmer', 'for', '5', 'minutes', 'stir', 'in', 'noodles', 'put', 'in', '13x9', 'pan', 'and', 'sprinkle', 'with', 'cheeses', 'bake', 'at', '350', 'for', '30', 'minutes', 'or', 'until', 'cheese', 'is', 'browned', 'and', 'bubbly']","['dutch', 'oven', 'saute', 'sausage', 'beef', 'onion', 'green', 'pepper', 'garlic', 'meats', 'longer', 'pink', 'drain', 'add', 'tomato', 'sauce', 'paste', 'water', 'seasonings', 'bring', 'boil', 'reduce', 'heat', 'simmer', 'stir', 'noodles', 'put', '13x9', 'pan', 'sprinkle', 'cheeses', 'bake', 'cheese', 'browned', 'bubbly']",Italian
11132,"['melt', 'butter', 'add', 'chilies', 'and', 'onions', 'cook', 'until', 'almost', 'golden', 'beat', 'up', 'eggs', 'pour', 'over', 'chilies', 'and', 'onions', 'salt', 'and', 'pepper', 'add', 'curry', 'leaf', 'if', 'you', 'have', 'it', 'and', 'like', 'it', 'stir', 'until', 'set']","['melt', 'butter', 'add', 'chilies', 'onions', 'cook', 'almost', 'golden', 'beat', 'eggs', 'pour', 'chilies', 'onions', 'salt', 'pepper', 'add', 'curry', 'leaf', 'like', 'stir', 'set']",Indian
10307,"['boil', '1', 'litre', 'of', 'water', 'in', 'a', 'pot', 'after', 'adding', '1', 'tbsp', 'oil', 'and', 'a', 'little', 'salt', 'add', 'the', 'broken', 'spaghetti', 'cook', 'for', '10', 'minutes', 'till', 'it', 'becomes', 'soft', 'drain', 'wash', 'with', 'cold', 'water', 'keep', 'aside', 'soak', 'the', 'chillies', 'in', 'half', 'a', 'cup', 'of', 'water', 'for', '30', 'minutes', 'deep', 'fry', 'the', 'cottage', 'cheese', 'pieces', 'till', 'they', 'are', 'golden', 'brown', 'grind', 'onions', 'ginger', 'garlic', 'and', 'red', 'chillies', 'in', 'a', 'blender', 'bowl', 'to', 'a', 'fine', 'paste', 'in', 'a', 'pan', 'add', '2', 'tbsps', 'of', 'oil', 'and', 'fry', 'the', 'ground', 'paste', 'for', '5', 'minutes', 'add', '1', 'cup', 'of', 'water', 'cook', 'for', '5', 'minutes', 'add', '1/2', 'a', 'tsp', 'of', 'sugar', 'and', 'salt', 'to', 'taste', 'add', 'coconut', 'milk', 'boil', 'for', '2', 'minutes', 'add', 'the', 'cottage', 'cheese', 'pieces', 'remove', 'from', 'flame', 'place', 'the', 'spaghetti', 'in', 'a', 'plate', 'pour', 'the', 'above', 'prepared', 'gravy', 'over', 'it', 'garnish', 'with', 'spring', 'onions', 'serve', 'hot']","['boil', 'litre', 'water', 'pot', 'adding', 'oil', 'little', 'salt', 'add', 'broken', 'spaghetti', 'cook', 'till', 'becomes', 'soft', 'drain', 'wash', 'cold', 'water', 'keep', 'aside', 'soak', 'chillies', 'half', 'water', 'deep', 'fry', 'cottage', 'cheese', 'pieces', 'till', 'golden', 'brown', 'grind', 'onions', 'ginger', 'garlic', 'red', 'chillies', 'blender', 'bowl', 'fine', 'paste', 'pan', 'add', 'tbsps', 'oil', 'fry', 'ground', 'paste', 'add', 'water', 'cook', 'add', 'sugar', 'salt', 'taste', 'add', 'coconut', 'milk', 'boil', 'add', 'cottage', 'cheese', 'pieces', 'remove', 'flame', 'place', 'spaghetti', 'plate', 'pour', 'prepared', 'gravy', 'garnish', 'spring', 'onions', 'serve', 'hot']",Indian
3929,"['rinse', 'eggplant', 'and', 'trim', 'off', 'and', 'discard', 'both', 'ends', 'cut', 'eggplant', 'crosswise', 'into', '8', 'equally', 'thick', 'slices', 'cut', 'polenta', 'crosswise', 'into', '8', 'equal', 'rounds', 'lightly', 'coat', 'a', '14-', 'by', '17-inch', 'baking', 'sheet', 'with', 'olive', 'oil', 'spray', 'or', 'brush', 'with', 'olive', 'oil', 'arrange', 'eggplant', 'and', 'polenta', 'slices', 'in', 'a', 'single', 'layer', 'on', 'sheet', 'lightly', 'coat', 'slices', 'with', 'more', 'olive', 'oil', 'bake', 'in', 'a', '425', 'degree', 'regular', 'or', 'convection', 'oven', 'until', 'eggplant', 'is', 'soft', 'when', 'pressed', 'and', 'polenta', 'is', 'heated', 'through', '20', 'to', '25', 'minutes', 'meanwhile', 'in', 'a', '8-to', '10', 'inch', 'nonstick', 'frying', 'pan', 'over', 'medium-high', 'heat', 'stir', 'onion', 'garlic', 'and', 'basil', 'occasionally', 'until', 'onoin', 'is', 'lightly', 'browned', '4', 'to', '5', 'minutes', 'add', 'tomato', 'puree', 'and', '1/4', 'cup', 'water', 'simmer', 'uncovered', 'stirring', 'occasionally', 'until', 'flavors', 'are', 'blended', '5', 'to', '10', 'minutes', 'add', 'salt', 'and', 'pepper', 'to', 'taste', 'cover', 'and', 'keep', 'warm', 'over', 'low', 'heat', 'stirring', 'occasionally', 'until', 'eggplant', 'is', 'done', 'when', 'eggplant', 'is', 'soft', 'sprinkle', 'mozzarella', 'and', 'parmesan', 'cheeses', 'equally', 'over', 'eggplant', 'and', 'polenta', 'return', 'to', 'oven', 'and', 'bake', 'until', 'cheese', 'is', 'melted', 'about', '2', 'minutes', 'on', 'each', 'of', '4', 'dinner', 'plates', 'place', '1', 'slice', 'eggplant', 'use', 'larges', 'sizes', 'first', 'and', 'drizzle', 'with', '1', 'tablespoon', 'sauce', 'top', 'with', '1', 'slice', 'polenta', 'and', '1', 'tablespoon', 'sauce', 'repeat', 'until', 'all', 'slices', 'are', 'used', 'if', 'desired', 'garnish', 'with', 'rosemary', 'sprigs', 'spoon', 'remaining', 'sauce', 'around', 'base', 'of', 'eggplant', 'stacks', 'serve']","['rinse', 'eggplant', 'trim', 'discard', 'ends', 'cut', 'eggplant', 'crosswise', 'equally', 'thick', 'slices', 'cut', 'polenta', 'crosswise', 'equal', 'rounds', 'lightly', 'coat', '17', 'inch', 'baking', 'sheet', 'olive', 'oil', 'spray', 'brush', 'olive', 'oil', 'arrange', 'eggplant', 'polenta', 'slices', 'single', 'layer', 'sheet', 'lightly', 'coat', 'slices', 'olive', 'oil', 'bake', 'regular', 'convection', 'oven', 'eggplant', 'soft', 'pressed', 'polenta', 'heated', 'meanwhile', '8', 'nonstick', 'frying', 'pan', 'medium', 'high', 'heat', 'stir', 'onion', 'garlic', 'basil', 'occasionally', 'onoin', 'lightly', 'browned', 'add', 'tomato', 'puree', 'water', 'simmer', 'uncovered', 'stirring', 'occasionally', 'flavors', 'blended', 'add', 'salt', 'pepper', 'taste', 'cover', 'keep', 'warm', 'low', 'heat', 'stirring', 'occasionally', 'eggplant', 'done', 'eggplant', 'soft', 'sprinkle', 'mozzarella', 'parmesan', 'cheeses', 'equally', 'eggplant', 'polenta', 'return', 'oven', 'bake', 'cheese', 'melted', 'dinner', 'plates', 'place', 'slice', 'eggplant', 'use', 'larges', 'sizes', 'first', 'drizzle', 'sauce', 'top', 'slice', 'polenta', 'sauce', 'repeat', 'slices', 'used', 'desired', 'garnish', 'rosemary', 'sprigs', 'spoon', 'remaining', 'sauce', 'around', 'base', 'eggplant', 'stacks', 'serve']",Italian
11488,"['boil', 'the', 'potatoes', 'and', 'pierce', 'them', 'with', 'a', 'toothpick', 'or', 'a', 'fork', 'whip', 'the', 'yoghurt', 'heat', 'oil', 'and', 'fry', 'the', 'potatoes', 'on', 'a', 'medium', 'flame', 'until', 'they', 'are', 'slightly', 'brown', 'drain', 'and', 'keep', 'aside', 'heat', 'butter', 'add', 'asafoetida', 'mix', 'in', 'the', 'yoghurt', 'and', 'stir', 'thoroughly', 'add', 'rest', 'of', 'the', 'ingredients', 'except', 'the', 'parsley', 'and', 'sauté', 'for', '2', 'minutes', 'sprinkle', 'a', 'little', 'water', 'while', 'sautéing', 'the', 'ingredients', 'cook', 'for', '5', 'minutes', 'and', 'add', 'more', 'water', 'if', 'gravy', 'is', 'too', 'thick', 'sprinkle', 'with', 'finely', 'chopped', 'parsley', 'and', 'serve', 'hot']","['boil', 'potatoes', 'pierce', 'toothpick', 'fork', 'whip', 'yoghurt', 'heat', 'oil', 'fry', 'potatoes', 'medium', 'flame', 'slightly', 'brown', 'drain', 'keep', 'aside', 'heat', 'butter', 'add', 'asafoetida', 'mix', 'yoghurt', 'stir', 'thoroughly', 'add', 'rest', 'ingredients', 'except', 'parsley', 'sauté', 'sprinkle', 'little', 'water', 'sautéing', 'ingredients', 'cook', 'add', 'water', 'gravy', 'thick', 'sprinkle', 'finely', 'chopped', 'parsley', 'serve', 'hot']",Indian
6589,"['place', 'the', 'water', 'bouillon', 'cubes', 'pepper', 'onion', 'mushrooms', 'corn', 'potatoes', 'and', 'carrots', 'in', 'a', 'large', 'kettle', 'bring', 'to', 'a', 'simmer', 'over', 'medium', 'heat', 'allow', 'to', 'simmer', '15', 'minutes', 'drain', 'off', 'the', 'broth', 'and', 'reserve', 'set', 'the', 'vegetables', 'aside', 'melt', 'butter', 'in', 'the', 'kettle', 'when', 'bubbling', 'add', 'the', 'flour', 'stirring', 'with', 'a', 'whisk', 'until', 'flour', 'is', 'incorporated', 'add', 'the', 'reserved', 'broth', 'slowly', 'stirring', 'constantly', 'until', 'the', 'mixture', 'is', 'smooth', 'slowly', 'add', 'the', 'milk', 'or', 'light', 'cream', 'stirring', 'well', 'add', 'the', 'reserved', 'vegetables', 'and', 'heat', 'to', 'serving', 'temperature', 'add', 'hot', 'water', 'if', 'necessary', 'to', 'thin', 'to', 'desired', 'consistency', 'serve', 'hot', 'garnished', 'with', 'bacon', 'bits', 'if', 'desired']","['place', 'water', 'bouillon', 'cubes', 'pepper', 'onion', 'mushrooms', 'corn', 'potatoes', 'carrots', 'large', 'kettle', 'bring', 'simmer', 'medium', 'heat', 'allow', 'simmer', 'drain', 'broth', 'reserve', 'set', 'vegetables', 'aside', 'melt', 'butter', 'kettle', 'bubbling', 'add', 'flour', 'stirring', 'whisk', 'flour', 'incorporated', 'add', 'reserved', 'broth', 'slowly', 'stirring', 'constantly', 'mixture', 'smooth', 'slowly', 'add', 'milk', 'light', 'cream', 'stirring', 'well', 'add', 'reserved', 'vegetables', 'heat', 'serving', 'temperature', 'add', 'hot', 'water', 'necessary', 'thin', 'desired', 'consistency', 'serve', 'hot', 'garnished', 'bacon', 'bits', 'desired']",Indian
6109,"['put', 'chick', 'peas', 'lemon', 'juice', '1/4', 'cup', 'of', 'olive', 'oil', 'garlic', 'and', 'miso', 'or', 'parmesan', 'cheese', 'in', 'a', 'blender', 'or', 'food', 'processor', 'and', 'process', 'until', 'smooth', 'add', 'one', 'cup', 'of', 'basil', 'leaves', 'and', 'the', 'remainder', 'of', 'the', 'oil', 'and', 'process', 'again', 'until', 'well-blended', 'add', 'the', 'remainder', 'of', 'the', 'basil', 'leaves', 'and', 'process', 'again', 'until', 'smooth', 'last', 'add', 'the', 'walnut', 'pieces', 'and', 'mix', 'briefly', 'suggestions', 'serve', 'on', 'top', 'of', 'pasta', 'with', 'tomato', 'sauce', 'or', 'as', 'a', 'spread', 'on', 'bruschetta', 'toasted', 'slices', 'of', 'french', 'bread', 'rubbed', 'with', 'garlic', 'miso', 'can', 'be', 'found', 'in', 'many', 'health', 'food', 'stores', 'and', 'oriental', 'groceries']","['put', 'chick', 'peas', 'lemon', 'juice', 'olive', 'oil', 'garlic', 'miso', 'parmesan', 'cheese', 'blender', 'food', 'processor', 'process', 'smooth', 'add', 'one', 'basil', 'leaves', 'remainder', 'oil', 'process', 'well', 'blended', 'add', 'remainder', 'basil', 'leaves', 'process', 'smooth', 'last', 'add', 'walnut', 'pieces', 'mix', 'briefly', 'suggestions', 'serve', 'top', 'pasta', 'tomato', 'sauce', 'spread', 'bruschetta', 'toasted', 'slices', 'french', 'bread', 'rubbed', 'garlic', 'miso', 'found', 'many', 'health', 'food', 'stores', 'oriental', 'groceries']",Italian
1056,"['coat', 'chicken', 'pieces', 'with', 'seasoned', 'flour', 'and', 'brown', 'in', 'hot', 'oil', 'stir', 'in', 'the', 'crushed', 'garlic', 'diced', 'onions', 'and', 'chopped', 'green', 'capsicums', 'and', 'cook', 'for', '10', 'minutes', 'on', 'a', 'low', 'heat', 'add', 'tomatoes', 'tomato', 'paste', 'salt', 'sugar', 'cracked', 'black', 'pepper', 'thyme', 'and', 'mixed', 'spice', 'stir', 'until', 'combined', 'cook', 'uncovered', 'for', '15', 'to', '20', 'minutes', 'on', 'low', 'heat', 'transfer', 'to', 'a', 'casserole', 'add', 'the', 'red', 'wine', 'cover', 'and', 'bake', 'at', '200', 'degrees', 'celsius', 'for', '45', 'minutes', 'or', 'until', 'chicken', 'is', 'tender', 'and', 'a', 'thick', 'sauce', 'has', 'formed', 'add', 'the', 'black', 'olives', 'and', 'sprinkle', 'with', 'finely', 'chopped', 'parsley', 'before', 'serving', 'serve', 'with', 'a', 'risotto', 'or', 'fresh', 'steamed', 'vegetables']","['coat', 'chicken', 'pieces', 'seasoned', 'flour', 'brown', 'hot', 'oil', 'stir', 'crushed', 'garlic', 'diced', 'onions', 'chopped', 'green', 'capsicums', 'cook', 'low', 'heat', 'add', 'tomatoes', 'tomato', 'paste', 'salt', 'sugar', 'cracked', 'black', 'pepper', 'thyme', 'mixed', 'spice', 'stir', 'combined', 'cook', 'uncovered', 'low', 'heat', 'transfer', 'casserole', 'add', 'red', 'wine', 'cover', 'bake', 'celsius', 'chicken', 'tender', 'thick', 'sauce', 'formed', 'add', 'black', 'olives', 'sprinkle', 'finely', 'chopped', 'parsley', 'serving', 'serve', 'risotto', 'fresh', 'steamed', 'vegetables']",Italian
1664,"['cook', 'pasta', 'as', 'directed', 'on', 'package', 'place', 'shrimp', 'in', 'colander', 'or', 'strainer', 'rinse', 'briefly', 'with', 'cold', 'water', 'let', 'stand', 'in', 'colander', 'until', 'pasta', 'is', 'cooked', 'to', 'drain', 'pasta', 'pour', 'over', 'shrimp', 'in', 'colander', 'meanwhile', 'in', 'large', 'bowl', 'mix', 'remaining', 'ingredients', 'gently', 'stir', 'cooked', 'pasta', 'and', 'shrimp', 'into', 'tomato', 'mixture', 'serve', 'immediately']","['cook', 'pasta', 'directed', 'package', 'place', 'shrimp', 'colander', 'strainer', 'rinse', 'briefly', 'cold', 'water', 'let', 'stand', 'colander', 'pasta', 'cooked', 'drain', 'pasta', 'pour', 'shrimp', 'colander', 'meanwhile', 'large', 'bowl', 'mix', 'remaining', 'ingredients', 'gently', 'stir', 'cooked', 'pasta', 'shrimp', 'tomato', 'mixture', 'serve', 'immediately']",Italian
3341,"['heat', 'oil', 'in', 'a', 'frying', 'pan', 'over', 'medium', 'heat', 'add', 'onion', 'carrot', 'celery', 'and', 'garlic', 'cook', 'stirring', 'often', 'for', '8', 'minutes', 'or', 'until', 'vegetables', 'are', 'tender', 'add', 'chicken', 'and', 'cook', 'stirring', 'for', '8-10', 'minutes', 'or', 'until', 'browned', 'add', 'passata', 'basil', 'thyme', 'and', 'half', 'of', 'the', 'parsley', 'stir', 'until', 'well', 'combined', 'and', 'mixture', 'comes', 'to', 'a', 'boil', 'reduce', 'heat', 'and', 'simmer', 'for', '15', 'minutes', 'cook', 'pasta', 'in', 'a', 'large', 'pan', 'of', 'boiling', 'water', 'according', 'to', 'packet', 'directions', 'serve', 'pasta', 'topped', 'with', 'the', 'bolognaise', 'sauce', 'and', 'remaining', 'parsley']","['heat', 'oil', 'frying', 'pan', 'medium', 'heat', 'add', 'onion', 'carrot', 'celery', 'garlic', 'cook', 'stirring', 'often', 'vegetables', 'tender', 'add', 'chicken', 'cook', 'stirring', 'browned', 'add', 'passata', 'basil', 'thyme', 'half', 'parsley', 'stir', 'well', 'combined', 'mixture', 'comes', 'boil', 'reduce', 'heat', 'simmer', 'cook', 'pasta', 'large', 'pan', 'boiling', 'water', 'according', 'packet', 'directions', 'serve', 'pasta', 'topped', 'bolognaise', 'sauce', 'remaining', 'parsley']",Italian
6558,"['whisk', 'besan', 'chickpea', 'flour', 'salt', 'and', 'the', 'water', 'in', 'medium', 'bowl', 'until', 'mixture', 'forms', 'a', 'smooth', 'thick', 'batter', 'stir', 'in', 'spices', 'garlic', 'onion', 'carrot', 'zucchini', 'and', 'coriander', 'heat', 'oil', 'in', 'wok', 'deep', 'fry', 'tablespoons', 'of', 'mixture', 'in', 'batches', 'until', 'vegetables', 'are', 'tender', 'and', 'bhaji', 'are', 'browned', 'lightly', 'drain', 'on', 'paper', 'towel', 'serve', 'with', 'mango', 'chutney']","['whisk', 'besan', 'chickpea', 'flour', 'salt', 'water', 'medium', 'bowl', 'mixture', 'forms', 'smooth', 'thick', 'batter', 'stir', 'spices', 'garlic', 'onion', 'carrot', 'zucchini', 'coriander', 'heat', 'oil', 'wok', 'deep', 'fry', 'mixture', 'batches', 'vegetables', 'tender', 'bhaji', 'browned', 'lightly', 'drain', 'paper', 'towel', 'serve', 'mango', 'chutney']",Indian
8890,"['start', 'by', 'adding', 'oil', 'to', 'a', 'pan', 'on', 'a', 'medium', 'heat', 'and', 'add', 'the', 'onions', 'and', 'garlic', 'allow', 'this', 'to', 'cook', 'slowly', 'stirring', 'constantly', 'to', 'let', 'the', 'onions', 'soften', 'and', 'colour', 'slightly', 'to', 'bring', 'out', 'all', 'the', 'flavour', 'this', 'should', 'take', 'about', '2', 'minutes', 'once', 'ready', 'add', 'the', 'mince', 'with', 'the', 'chopped', 'bell', 'peppers', 'cumin', 'paprika', 'salt', 'and', 'pepper', 'continue', 'to', 'cook', 'this', 'for', '6', 'to', '8', 'minutes', 'breaking', 'up', 'the', 'mince', 'and', 'letting', 'the', 'water', 'coming', 'from', 'the', 'mince', 'reduce', 'now', 'add', 'the', 'tomatoes', 'tomato', 'puree', 'and', 'chilli', 'reducing', 'the', 'heat', 'on', 'low', 'with', 'a', 'lid', 'on', 'allowing', 'the', 'dish', 'to', 'simmer', 'until', 'the', 'tomatoes', 'cook', 'and', 'the', 'dish', 'deepens', 'to', 'a', 'dark', 'red', 'colour', 'this', 'normally', 'takes', 'around', 'another', '10', 'minutes', 'and', 'to', 'ensure', 'an', 'even', 'cook', 'and', 'the', 'flavours', 'to', 'mix', 'in', 'give', 'this', 'a', 'stir', 'every', 'so', 'often', 'at', 'the', 'final', 'stage', 'remove', 'the', 'dish', 'from', 'the', 'heat', 'and', 'add', 'stir', 'in', 'the', 'fresh', 'parsley', 'and', 'add', 'more', 'salt', 'if', 'required', 'toast', 'some', 'flat', 'bread', 'and', 'serve', 'with', 'a', 'squeeze', 'of', 'lemon', 'over', 'the', 'top']","['start', 'adding', 'oil', 'pan', 'medium', 'heat', 'add', 'onions', 'garlic', 'allow', 'cook', 'slowly', 'stirring', 'constantly', 'let', 'onions', 'soften', 'colour', 'slightly', 'bring', 'flavour', 'take', 'ready', 'add', 'mince', 'chopped', 'bell', 'peppers', 'cumin', 'paprika', 'salt', 'pepper', 'continue', 'cook', 'breaking', 'mince', 'letting', 'water', 'coming', 'mince', 'reduce', 'add', 'tomatoes', 'tomato', 'puree', 'chilli', 'reducing', 'heat', 'low', 'lid', 'allowing', 'dish', 'simmer', 'tomatoes', 'cook', 'dish', 'deepens', 'dark', 'red', 'colour', 'normally', 'takes', 'around', 'another', 'ensure', 'even', 'cook', 'flavours', 'mix', 'give', 'stir', 'every', 'often', 'final', 'stage', 'remove', 'dish', 'heat', 'add', 'stir', 'fresh', 'parsley', 'add', 'salt', 'required', 'toast', 'flat', 'bread', 'serve', 'squeeze', 'lemon', 'top']",Indian
4881,"['rosemary', 'sugar', 'mix', 'the', 'roasemary', 'and', 'sugare', 'together', 'in', 'a', 'small', 'bowl', 'and', 'spread', 'the', 'mixture', 'on', 'a', 'rimmed', 'baking', 'sheet', 'set', 'in', 'a', 'warm', 'dry', 'place', 'for', 'about', '4', 'days', 'until', 'the', 'rosemary', 'is', 'completely', 'dried', 'process', 'in', 'a', 'food', 'processsor', 'or', 'spice', 'grinder', 'until', 'finely', 'ground', 'store', 'in', 'a', 'tightly', 'sealed', 'container', 'for', 'up', 'to', 'one', 'month', 'at', 'room', 'temperature', 'rim', 'a', 'large', 'martini', 'glass', 'with', 'roesmary', 'sugar', 'and', 'set', 'aside', 'bend', '1', 'rosemary', 'sprig', 'and', 'drop', 'into', 'cocktail', 'shaker', 'fill', 'the', 'shaker', 'with', 'ice', 'measure', 'in', 'teh', 'vodka', 'limoncello', 'lemon', 'juice', 'and', 'simple', 'syrup', 'cap', 'and', 'shake', 'vigorously', 'strain', 'into', 'the', 'sugar-rimmed', 'glass', 'float', 'a', 'rosemary', 'sprig', 'in', 'the', 'drink', 'for', 'garnish']","['rosemary', 'sugar', 'mix', 'roasemary', 'sugare', 'together', 'small', 'bowl', 'spread', 'mixture', 'rimmed', 'baking', 'sheet', 'set', 'warm', 'dry', 'place', 'days', 'rosemary', 'completely', 'dried', 'process', 'food', 'processsor', 'spice', 'grinder', 'finely', 'ground', 'store', 'tightly', 'sealed', 'container', 'one', 'month', 'room', 'temperature', 'rim', 'large', 'martini', 'glass', 'roesmary', 'sugar', 'set', 'aside', 'bend', 'rosemary', 'sprig', 'drop', 'cocktail', 'shaker', 'fill', 'shaker', 'ice', 'measure', 'teh', 'vodka', 'limoncello', 'lemon', 'juice', 'simple', 'syrup', 'cap', 'shake', 'vigorously', 'strain', 'sugar', 'rimmed', 'glass', 'float', 'rosemary', 'sprig', 'drink', 'garnish']",Italian
11035,"['crush', 'coriander', 'cumin', 'and', 'cardamom', 'seeds', 'in', 'grinder', 'or', 'with', 'mortar', 'pestle', 'toss', 'seeds', 'and', 'remaining', 'spices', 'in', 'a', 'dry', 'frying', 'pan', 'stir', 'over', 'heat', 'until', 'fragrant', 'remove', 'from', 'heat', 'add', 'oil', 'and', 'water', 'stir', 'until', 'combined', 'cut', 'diagonal', 'slits', 'about', '1cm', 'apart', 'through', 'to', 'the', 'bones', 'on', 'both', 'sides', 'of', 'drumsticks', 'rub', 'spice', 'mixture', 'all', 'over', 'the', 'drumsticks', 'place', 'in', 'shallow', 'dish', 'cover', 'refrigerate', '6', 'hours', 'or', 'overnight', 'heat', 'oiled', 'griddle', 'pan', 'and', 'cook', 'drumsticks', 'until', 'browned', 'and', 'cooked', 'through', 'can', 'also', 'be', 'barbecued', 'or', 'grilled']","['crush', 'coriander', 'cumin', 'cardamom', 'seeds', 'grinder', 'mortar', 'pestle', 'toss', 'seeds', 'remaining', 'spices', 'dry', 'frying', 'pan', 'stir', 'heat', 'fragrant', 'remove', 'heat', 'add', 'oil', 'water', 'stir', 'combined', 'cut', 'diagonal', 'slits', '1cm', 'apart', 'bones', 'sides', 'drumsticks', 'rub', 'spice', 'mixture', 'drumsticks', 'place', 'shallow', 'dish', 'cover', 'refrigerate', 'overnight', 'heat', 'oiled', 'griddle', 'pan', 'cook', 'drumsticks', 'browned', 'cooked', 'also', 'barbecued', 'grilled']",Indian
10144,"['soak', 'rice', 'in', 'water', 'for', 'approximately', '1', 'hour', 'grind', 'the', 'rice', 'pour', 'boiling', 'water', 'over', 'it', 'making', 'a', 'paste', 'finely', 'chop', 'the', 'corriander', 'and', 'curry', 'leaves', 'alongwith', 'the', 'ginger', 'and', 'garlic', 'mix', 'all', 'the', 'ingredients', 'together', 'incorporate', 'the', 'mix', 'onto', 'a', 'skewer', 'with', 'wet', 'hands', 'and', 'cook', 'on', 'a', 'slow', 'charcoal', 'flame', 'alternatively', 'pat', 'the', 'mix', 'into', 'several', 'patties', 'and', 'shallow', 'fry', 'serve', 'hot', 'with', 'a', 'chutney', 'of', 'your', 'choice']","['soak', 'rice', 'water', 'approximately', 'grind', 'rice', 'pour', 'boiling', 'water', 'making', 'paste', 'finely', 'chop', 'corriander', 'curry', 'leaves', 'alongwith', 'ginger', 'garlic', 'mix', 'ingredients', 'together', 'incorporate', 'mix', 'onto', 'skewer', 'wet', 'hands', 'cook', 'slow', 'charcoal', 'flame', 'alternatively', 'pat', 'mix', 'several', 'patties', 'shallow', 'fry', 'serve', 'hot', 'chutney', 'choice']",Indian
2765,"['boil', 'the', 'vegetable', 'broth', 'once', 'boiling', 'stir', 'in', 'the', 'polenta', 'let', 'it', 'simmer', 'on', 'low', 'heat', 'while', 'stirring', 'frequently', 'for', '15', 'minutes', 'remove', 'from', 'the', 'heating', 'element', 'stir', 'in', 'the', 'crumbled', 'feta', 'shredded', 'parmesan', 'chopped', 'sundried', 'tomatoes', 'chopped', 'up', 'basil', 'and', 'sliced', 'olives', 'once', 'stirred', 'in', 'evenly', 'put', 'the', 'mixture', 'in', 'a', 'greased', 'cake', 'pan', 'or', 'any', 'circular', 'or', 'square', 'shaped', 'container', 'of', 'similar', 'diameter', 'and', 'spread/press', 'down', 'evenly', 'let', 'the', 'mixture', 'firm', 'up', 'in', 'the', 'refrigerator', 'for', 'a', 'minimum', 'of', '2', 'hours', 'once', 'firm', 'cut', 'the', 'firm', 'polenta', 'mixtures', 'into', 'slices', 'approximately', '16', 'coat', 'in', 'flour', 'shaking', 'off', 'excess', 'fry', 'the', 'floured', 'polenta', 'in', 'olive', 'oil', 'until', 'nicely', 'browned', 'then', 'drain', 'on', 'paper', 'towel']","['boil', 'vegetable', 'broth', 'boiling', 'stir', 'polenta', 'let', 'simmer', 'low', 'heat', 'stirring', 'frequently', 'remove', 'heating', 'element', 'stir', 'crumbled', 'feta', 'shredded', 'parmesan', 'chopped', 'sundried', 'tomatoes', 'chopped', 'basil', 'sliced', 'olives', 'stirred', 'evenly', 'put', 'mixture', 'greased', 'cake', 'pan', 'circular', 'square', 'shaped', 'container', 'similar', 'diameter', 'spread/press', 'evenly', 'let', 'mixture', 'firm', 'refrigerator', 'minimum', 'firm', 'cut', 'firm', 'polenta', 'mixtures', 'slices', 'approximately', 'coat', 'flour', 'shaking', 'excess', 'fry', 'floured', 'polenta', 'olive', 'oil', 'nicely', 'browned', 'drain', 'paper', 'towel']",Italian
8987,"['soak', 'rice', 'in', 'water', 'for', '30', 'minutes', 'place', 'milk', 'sugar', 'and', 'cardomom', 'pods', 'in', 'heavy', 'based', 'pan', 'and', 'bring', 'to', 'boil', 'add', 'rice', 'lower', 'heat', 'and', 'simmer', 'one', 'hour', 'add', 'raisins', 'and', 'almonds', 'and', 'bring', 'to', 'a', 'low', 'boil', 'cook', 'for', '50', 'mins', 'or', 'until', 'it', 'has', 'consistency', 'of', 'porridge', 'stir', 'frequently', 'to', 'avoid', 'mixture', 'sticking', 'to', 'base', 'of', 'pan', 'serve', 'warm', 'or', 'cold']","['soak', 'rice', 'water', 'place', 'milk', 'sugar', 'cardomom', 'pods', 'heavy', 'based', 'pan', 'bring', 'boil', 'add', 'rice', 'lower', 'heat', 'simmer', 'one', 'add', 'raisins', 'almonds', 'bring', 'low', 'boil', 'cook', 'mins', 'consistency', 'porridge', 'stir', 'frequently', 'avoid', 'mixture', 'sticking', 'base', 'pan', 'serve', 'warm', 'cold']",Indian
3458,"['preheat', 'oven', 'to', '350', 'degrees', 'f.', 'cut', 'top', '1/3', 'off', 'of', 'garlic', 'head', 'peel', 'away', 'paper', 'skin', 'to', 'thin', 'layer', 'or', '2', 'surrounding', 'the', 'cloves', 'place', 'in', 'small', 'ovenproof', 'dish', 'drizzle', 'top', 'with', '2', 'teaspoons', 'of', 'olive', 'oil', 'cover', 'with', 'foil', 'and', 'bake', 'in', 'preheated', 'oven', 'for', '70', 'minutes', 'allow', 'to', 'cool', 'squeeze', 'garlic', 'out', 'of', 'the', 'paper', 'skin', 'into', 'a', 'small', 'bowl', 'set', 'aside', 'place', 'half', 'the', 'basil', 'in', 'a', 'blender', 'add', '1/2', 'the', 'extra', 'virgin', 'olive', 'oil', 'garlic', 'parsley', 'pine', 'nuts', 'salt', 'pepper', 'and', 'the', 'remaining', 'basil', 'the', 'other', 'half', 'of', 'the', 'oil', 'and', 'pulse', 'until', 'blended', 'remove', 'mixture', 'to', 'a', 'bowl', 'add', 'the', 'parmesan', 'and', 'juice', 'from', 'lemon', 'wedge', 'and', 'mix', 'well', 'adjust', 'salt', 'and', 'pepper', 'to', 'taste']","['preheat', 'oven', 'f.', 'cut', 'top', 'garlic', 'head', 'peel', 'away', 'paper', 'skin', 'thin', 'layer', 'surrounding', 'cloves', 'place', 'small', 'ovenproof', 'dish', 'drizzle', 'top', 'olive', 'oil', 'cover', 'foil', 'bake', 'preheated', 'oven', 'allow', 'cool', 'squeeze', 'garlic', 'paper', 'skin', 'small', 'bowl', 'set', 'aside', 'place', 'half', 'basil', 'blender', 'add', 'extra', 'virgin', 'olive', 'oil', 'garlic', 'parsley', 'pine', 'nuts', 'salt', 'pepper', 'remaining', 'basil', 'half', 'oil', 'pulse', 'blended', 'remove', 'mixture', 'bowl', 'add', 'parmesan', 'juice', 'lemon', 'wedge', 'mix', 'well', 'adjust', 'salt', 'pepper', 'taste']",Italian
11399,"['heat', 'the', 'oil', 'in', 'a', 'wok', 'or', 'large', 'skillet', 'over', 'medium', 'heat', 'add', 'the', 'bay', 'leaves', 'cumin', 'seeds', 'and', 'green', 'chilis', 'and', 'let', 'sizzle', 'a', 'few', 'seconds', 'add', 'cabbage', 'salt', 'sugar', 'and', 'mix', 'as', 'well', 'as', 'you', 'can', 'cover', 'and', 'cook', '15', 'minutes', 'stirring', 'occasionally', 'add', 'coconut', 'and', 'ground', 'cumin', 'mixing', 'well', 'cook', 'uncovered', 'an', 'additional', '10', 'to', '15', 'minutes', 'stirring', 'often', 'and', 'until', 'all', 'moisture', 'is', 'evaporated', 'and', 'cabbage', 'is', 'done']","['heat', 'oil', 'wok', 'large', 'skillet', 'medium', 'heat', 'add', 'bay', 'leaves', 'cumin', 'seeds', 'green', 'chilis', 'let', 'sizzle', 'seconds', 'add', 'cabbage', 'salt', 'sugar', 'mix', 'well', 'cover', 'cook', 'stirring', 'occasionally', 'add', 'coconut', 'ground', 'cumin', 'mixing', 'well', 'cook', 'uncovered', 'additional', 'stirring', 'often', 'moisture', 'evaporated', 'cabbage', 'done']",Indian
11914,"['cook', 'rice', 'cool', 'then', 'mix', 'in', 'yogurt', 'heat', 'oil', 'in', 'wok', 'then', 'add', 'mustard', 'seeds', 'when', 'they', 'crackle', 'add', 'chana', 'dal', 'hing', 'curry', 'leaves', 'ginger', 'and', 'jalapeno', 'stir', 'and', 'cook', '1', 'minute', 'add', 'to', 'rice', 'along', 'with', 'cilantro', 'and', 'salt', 'chill', '1', 'hour', 'serve', 'cold']","['cook', 'rice', 'cool', 'mix', 'yogurt', 'heat', 'oil', 'wok', 'add', 'mustard', 'seeds', 'crackle', 'add', 'chana', 'dal', 'hing', 'curry', 'leaves', 'ginger', 'jalapeno', 'stir', 'cook', 'add', 'rice', 'along', 'cilantro', 'salt', 'chill', 'serve', 'cold']",Indian
2051,"['combine', 'first', '6', 'ingredients', 'in', 'a', 'small', 'bowl', 'whisk', 'combine', 'spinach', 'and', 'remaining', 'ingredients', 'in', 'large', 'bowl', 'drizzle', 'with', 'vinaigrette', 'toss', 'gently']","['combine', 'first', 'ingredients', 'small', 'bowl', 'whisk', 'combine', 'spinach', 'remaining', 'ingredients', 'large', 'bowl', 'drizzle', 'vinaigrette', 'toss', 'gently']",Italian
12806,"['trim', 'chops', 'of', 'all', 'visible', 'fat', 'in', 'a', 'saucepan', 'bring', 'enough', 'water', 'to', 'cover', 'chops', 'to', 'a', 'boil', 'add', 'lamb', 'chops', 'return', 'to', 'a', 'boil', 'and', 'cook', '2', 'or', '3', 'minutes', 'drain', 'chops', 'rinse', 'and', 'drain', 'again', 'place', 'chops', 'in', 'a', 'non-stick', 'saucepan', 'add', 'remaining', 'ingredients', 'except', 'garam', 'masala', 'and', 'herbs', 'stir', 'occasionally', 'until', 'milk', 'begins', 'to', 'bubble', 'reduce', 'heat', 'to', 'low', 'cover', 'and', 'cook', '30', 'minutes', 'turning', 'chops', 'occasionally', 'remove', 'chops', 'strain', 'liquid', 'back', 'into', 'saucepan', 'and', 'return', 'chops', 'cook', 'uncovered', 'until', 'liquid', 'has', 'evaporated', 'and', 'chops', 'are', 'browned', 'about', '7', 'or', '8', 'minutes', 'sprinkle', 'with', 'garam', 'masala', 'mint', 'and', 'cilantro', 'serve', 'with', 'mixed', 'salad', 'greens']","['trim', 'chops', 'visible', 'fat', 'saucepan', 'bring', 'enough', 'water', 'cover', 'chops', 'boil', 'add', 'lamb', 'chops', 'return', 'boil', 'cook', 'drain', 'chops', 'rinse', 'drain', 'place', 'chops', 'non', 'stick', 'saucepan', 'add', 'remaining', 'ingredients', 'except', 'garam', 'masala', 'herbs', 'stir', 'occasionally', 'milk', 'begins', 'bubble', 'reduce', 'heat', 'low', 'cover', 'cook', 'turning', 'chops', 'occasionally', 'remove', 'chops', 'strain', 'liquid', 'back', 'saucepan', 'return', 'chops', 'cook', 'uncovered', 'liquid', 'evaporated', 'chops', 'browned', 'sprinkle', 'garam', 'masala', 'mint', 'cilantro', 'serve', 'mixed', 'salad', 'greens']",Indian
4865,"['dressing', 'combine', 'olive', 'oil', 'wine', 'vinegar', 'garlic', 'cloves', 'salt', 'and', 'pepper', 'in', 'salad', 'shaker', 'or', 'screw-top', 'jar', 'shake', 'well', 'chill', 'in', 'refrigerator', 'shake', 'thoroughly', 'before', 'using', 'salad', 'dice', 'and', 'cook', 'potatoes', 'until', 'tender', 'chill', 'cooked', 'potatoes', 'in', 'refrigerator', 'while', 'you', 'prepare', 'celery', 'cucumber', 'olives', 'and', 'onion', 'carefully', 'combine', 'cooked', 'potatoes', 'celery', 'cucumber', 'olives', 'and', 'onion', 'with', '3/4', 'cup', 'italian', 'dressing', 'and', 'oregano', 'cover', 'salad', 'and', 'chill', 'in', 'refrigerator', 'for', 'at', 'least', 'an', 'hour', 'before', 'serving']","['dressing', 'combine', 'olive', 'oil', 'wine', 'vinegar', 'garlic', 'cloves', 'salt', 'pepper', 'salad', 'shaker', 'screw', 'top', 'jar', 'shake', 'well', 'chill', 'refrigerator', 'shake', 'thoroughly', 'using', 'salad', 'dice', 'cook', 'potatoes', 'tender', 'chill', 'cooked', 'potatoes', 'refrigerator', 'prepare', 'celery', 'cucumber', 'olives', 'onion', 'carefully', 'combine', 'cooked', 'potatoes', 'celery', 'cucumber', 'olives', 'onion', 'italian', 'dressing', 'oregano', 'cover', 'salad', 'chill', 'refrigerator', 'least', 'serving']",Italian
9373,"['heat', 'the', 'oil', 'in', 'a', 'medium', 'skillet', 'over', 'medium', 'heat', 'add', 'the', 'yellow', 'mustard', 'seeds', 'cloves', 'salt', 'turmeric', 'ginger', 'and', 'coriander', 'cook', 'stirring', 'often', 'until', 'the', 'mustard', 'seeds', 'begin', 'to', 'pop', 'around', '2', 'minutes', 'add', 'the', 'remaining', 'ingredients', 'except', 'the', 'boiling', 'water', 'and', 'cook', 'for', 'another', '5', 'minutes', 'stirring', 'often', 'transfer', 'the', 'mixture', 'to', 'a', 'saucepan', 'containing', 'the', 'boiling', 'water', 'allowing', 'the', 'pot', 'to', 'return', 'to', 'a', 'boil', 'reduce', 'to', 'low', 'cover', 'and', 'simmer', 'until', 'all', 'the', 'water', 'is', 'absorbed', 'around', '30', 'to', '40', 'minutes']","['heat', 'oil', 'medium', 'skillet', 'medium', 'heat', 'add', 'yellow', 'mustard', 'seeds', 'cloves', 'salt', 'turmeric', 'ginger', 'coriander', 'cook', 'stirring', 'often', 'mustard', 'seeds', 'begin', 'pop', 'around', 'add', 'remaining', 'ingredients', 'except', 'boiling', 'water', 'cook', 'another', 'stirring', 'often', 'transfer', 'mixture', 'saucepan', 'containing', 'boiling', 'water', 'allowing', 'pot', 'return', 'boil', 'reduce', 'low', 'cover', 'simmer', 'water', 'absorbed', 'around']",Indian
207,"['place', 'all', 'ingredients', 'in', 'blender', 'container', 'cover', 'blend', 'on', 'medium', 'speed', '15', 'seconds', 'or', 'until', 'smooth', 'cover', 'chill', 'and', 'let', 'flavors', 'meld', 'several', 'hours', 'makes', 'about', '1', '1/4', 'cups', 'note', 'vidalia', 'seems', 'to', 'make', 'a', 'thicker', 'dressing', 'please', 'do', 'not', 'use', 'a', 'hot', 'onion']","['place', 'ingredients', 'blender', 'container', 'cover', 'blend', 'medium', 'speed', 'seconds', 'smooth', 'cover', 'chill', 'let', 'flavors', 'meld', 'several', 'makes', 'note', 'vidalia', 'seems', 'make', 'thicker', 'dressing', 'please', 'use', 'hot', 'onion']",Italian
5610,"['put', 'gelatine', 'leaves', 'for', '10', 'minutes', 'in', 'cold', 'water', 'split', 'vanilla', 'pods', 'in', 'two', 'in', 'length', 'mix', 'cream', 'with', 'milk', 'in', 'medium-sized', 'saucepan', 'add', 'vanille', 'pods', 'and', 'gently', 'heat', 'without', 'letting', 'it', 'boil', 'simmer', 'for', '5', 'minutes', 'squeeze', 'gelatine', 'leaves', 'with', 'your', 'hands', 'and', 'whisk', 'into', 'hot', 'panna', 'cotta', 'beofre', 'remove', 'and', 'discard', 'the', 'lemon', 'zest', 'vanilla', 'pods', 'remove', 'pan', 'from', 'fire', 'and', 'whisk', 'gelatine', 'into', 'hot', 'panna', 'cotta', 'to', 'dissolve', 'rinse', 'ramekins', 'with', 'water', 'optional', 'grease', 'with', 'almond', 'oil', 'pour', 'cream', 'into', 'eight', 'wet', 'panna', 'cotta', 'molds', 'or', 'ramekins', 'cover', 'with', 'cling', 'film', 'and', 'leave', 'to', 'rest', 'in', 'fridge', 'for', 'at', 'least', '3', 'hours', 'or', 'overnight', 'for', 'the', 'coulis', 'rinse', 'the', 'strawberries', 'quickly', 'under', 'cool', 'water', 'and', 'drain', 'clean', 'and', 'cut', 'in', 'quarters', 'combine', 'in', 'small', 'saucepan', 'with', 'the', 'sugar', 'and', 'four', 'tablespoons', 'of', 'water', 'bring', 'to', 'simmer', 'and', 'remove', 'from', 'heat', 'immediately', 'pour', 'into', 'blender', 'and', 'mix', 'with', 'short', 'pulses', 'cool', 'to', 'room', 'termperature', 'and', 'refrigerate', 'until', 'ready', 'to', 'serve']","['put', 'gelatine', 'leaves', 'cold', 'water', 'split', 'vanilla', 'pods', 'two', 'length', 'mix', 'cream', 'milk', 'medium', 'sized', 'saucepan', 'add', 'vanille', 'pods', 'gently', 'heat', 'without', 'letting', 'boil', 'simmer', 'squeeze', 'gelatine', 'leaves', 'hands', 'whisk', 'hot', 'panna', 'cotta', 'beofre', 'remove', 'discard', 'lemon', 'zest', 'vanilla', 'pods', 'remove', 'pan', 'fire', 'whisk', 'gelatine', 'hot', 'panna', 'cotta', 'dissolve', 'rinse', 'ramekins', 'water', 'optional', 'grease', 'almond', 'oil', 'pour', 'cream', 'eight', 'wet', 'panna', 'cotta', 'molds', 'ramekins', 'cover', 'cling', 'film', 'leave', 'rest', 'fridge', 'least', 'overnight', 'coulis', 'rinse', 'strawberries', 'quickly', 'cool', 'water', 'drain', 'clean', 'cut', 'quarters', 'combine', 'small', 'saucepan', 'sugar', 'four', 'water', 'bring', 'simmer', 'remove', 'heat', 'immediately', 'pour', 'blender', 'mix', 'short', 'pulses', 'cool', 'room', 'termperature', 'refrigerate', 'ready', 'serve']",Italian
9185,"['combine', 'shrimp', 'and', 'flour', 'in', 'a', 'bowl', 'toss', 'well', 'and', 'set', 'aside', 'heat', 'oil', 'in', 'a', 'large', 'skillet', 'over', 'medium', 'high', 'heat', 'add', 'shallots', 'and', 'curry', 'powder', 'saute', '1', 'minute', 'add', 'bell', 'pepper', 'saute', '1', 'minute', 'add', 'next', '6', 'ingredients', 'tomato', 'through', 'broth', 'bring', 'to', 'a', 'simmer', 'and', 'cook', '2', 'minutes', 'add', 'shrimp', 'mixture', 'simmer', '4', 'minutes', 'or', 'until', 'shrimp', 'are', 'done', 'stirring', 'occasionally', 'spoon', 'shrimp', 'mixture', 'over', 'rice', 'and', 'sprinkle', 'with', 'coconut']","['combine', 'shrimp', 'flour', 'bowl', 'toss', 'well', 'set', 'aside', 'heat', 'oil', 'large', 'skillet', 'medium', 'high', 'heat', 'add', 'shallots', 'curry', 'powder', 'saute', 'add', 'bell', 'pepper', 'saute', 'add', 'next', 'ingredients', 'tomato', 'broth', 'bring', 'simmer', 'cook', 'add', 'shrimp', 'mixture', 'simmer', 'shrimp', 'done', 'stirring', 'occasionally', 'spoon', 'shrimp', 'mixture', 'rice', 'sprinkle', 'coconut']",Indian
4603,"['brown', 'meat', 'and', 'drain', 'add', 'salt', 'garlic', 'and', 'pepper', 'to', 'taste', 'cook', 'slowly', 'uncovered', '10', 'minutes', 'stir', 'in', 'tomatoes', 'tomato', 'sauce', 'spaghetti', 'sauce', 'mix', 'and', 'mushrooms', 'cover', 'and', 'simmer', '30', 'minutes', 'meanwhile', 'cook', 'lasagna', 'according', 'to', 'directions', 'drain', 'rinse', 'in', 'a', '8x12x2', 'baking', 'dish', 'pour', '1/3', 'of', 'meat', 'sauce', 'cover', 'with', 'lasagna', 'strips', 'then', 'mozzarella', 'and', 'spoonfuls', 'of', 'cottage', 'cheese', 'repeat', 'layers', 'ending', 'with', 'meat', 'sauce', 'bake', '350', 'until', 'bubbly']","['brown', 'meat', 'drain', 'add', 'salt', 'garlic', 'pepper', 'taste', 'cook', 'slowly', 'uncovered', 'stir', 'tomatoes', 'tomato', 'sauce', 'spaghetti', 'sauce', 'mix', 'mushrooms', 'cover', 'simmer', 'meanwhile', 'cook', 'lasagna', 'according', 'directions', 'drain', 'rinse', '8x12x2', 'baking', 'dish', 'pour', 'meat', 'sauce', 'cover', 'lasagna', 'strips', 'mozzarella', 'spoonfuls', 'cottage', 'cheese', 'repeat', 'layers', 'ending', 'meat', 'sauce', 'bake', 'bubbly']",Italian
1685,"['in', 'a', 'large', 'saucepan', 'melt', 'butter', 'over', 'low', 'heat', 'add', 'the', 'minced', 'garlic', 'and', 'cook', 'for', 'about', 'a', 'minute', 'add', 'tomatoes', 'and', '3/4', 'cup', 'of', 'chicken', 'broth', 'increase', 'heat', 'to', 'medium', 'and', 'bring', 'mixture', 'to', 'a', 'boil', 'reduce', 'heat', 'and', 'simmer', 'uncovered', 'for', 'about', '10', 'minutes', 'add', 'cream', 'and', 'bring', 'to', 'a', 'boil', 'again', 'stirring', 'frequently', 'simmer', 'over', 'medium', 'heat', 'until', 'sauce', 'is', 'thick', 'sprinkle', 'salt', 'and', 'pepper', 'over', 'both', 'sides', 'of', 'chicken', 'heat', 'the', 'olive', 'oil', 'in', 'a', 'skillet', 'then', 'add', 'chicken', 'and', 'saute', 'until', 'chicken', 'is', 'no', 'longer', 'pink', 'inside', 'about', '4', 'minutes', 'each', 'side', 'should', 'do', 'it', 'remove', 'chicken', 'from', 'skillet', 'drain', 'fat', 'from', 'skillet', 'in', 'the', 'same', 'skillet', 'stir', '1/4', 'cup', 'chicken', 'broth', 'with', 'the', 'pan', 'juices', 'and', 'bring', 'to', 'a', 'boil', 'reduce', 'slightly', 'and', 'add', 'to', 'the', 'cream', 'sauce', 'stir', 'in', 'basil', 'serve', 'chicken', 'atop', 'the', 'pasta', 'coat', 'with', 'the', 'cream', 'sauce']","['large', 'saucepan', 'melt', 'butter', 'low', 'heat', 'add', 'minced', 'garlic', 'cook', 'add', 'tomatoes', 'chicken', 'broth', 'increase', 'heat', 'medium', 'bring', 'mixture', 'boil', 'reduce', 'heat', 'simmer', 'uncovered', 'add', 'cream', 'bring', 'boil', 'stirring', 'frequently', 'simmer', 'medium', 'heat', 'sauce', 'thick', 'sprinkle', 'salt', 'pepper', 'sides', 'chicken', 'heat', 'olive', 'oil', 'skillet', 'add', 'chicken', 'saute', 'chicken', 'longer', 'pink', 'inside', 'side', 'remove', 'chicken', 'skillet', 'drain', 'fat', 'skillet', 'skillet', 'stir', 'chicken', 'broth', 'pan', 'juices', 'bring', 'boil', 'reduce', 'slightly', 'add', 'cream', 'sauce', 'stir', 'basil', 'serve', 'chicken', 'atop', 'pasta', 'coat', 'cream', 'sauce']",Italian
4969,"['to', 'make', 'your', 'pasta', 'carbonara', 'with', 'spring', 'peas', 'first', 'bring', 'water', 'to', 'a', 'boil', 'for', 'the', 'pasta', 'salt', 'the', 'water', 'warm', 'the', 'peas', 'in', 'the', 'microwave', 'just', 'until', 'heated', 'through', 'reserve', 'for', 'later', 'over', 'medium', 'heat', 'in', 'a', 'large', 'deep', 'skillet', 'heat', 'the', 'oil', 'then', 'add', 'the', 'garlic', 'sauté', 'for', '3', 'minutes', 'until', 'tender', 'cut', 'the', 'pancetta', 'into', '1/4', 'inch', 'cubes', 'add', 'to', 'the', 'skillet', 'and', 'cool', 'over', 'medium', 'heat', 'until', 'golden', 'and', 'crisp', 'about', '5', 'minutes', 'using', 'a', 'slotted', 'spoon', 'transfer', 'the', 'pancetta', 'and', 'garlic', 'to', 'a', 'bowl', 'pour', 'off', 'all', 'but', '2', 'tablespoons', 'of', 'the', 'fat', 'from', 'the', 'skillet', 'add', 'the', 'cream', 'and', 'scrape', 'up', 'any', 'browned', 'bits', 'from', 'the', 'bottom', 'of', 'the', 'skillet', 'then', 'pour', 'into', 'a', 'medium', 'size', 'bowl', 'whisk', 'in', 'the', 'egg', 'yolks', 'and', '1/2', 'cup', 'of', 'parmesan', 'cheese', 'add', 'the', 'pasta', 'to', 'the', 'boiling', 'water', 'and', 'follow', 'the', 'cooking', 'time', 'on', 'the', 'package', 'drain', 'the', 'pasta', 'return', 'it', 'to', 'the', 'pot', 'add', 'the', 'cream', 'mixture', 'and', 'toss', 'quickly', 'so', 'as', 'not', 'to', 'scramble', 'the', 'eggs', 'add', 'the', 'pancetta', 'and', 'reserved', 'peas', 'season', 'with', 'salt', 'and', 'pepper', 'and', 'toss', 'in', 'the', 'sauce', 'to', 'coat', 'everything', 'transfer', 'to', 'bowls', 'serve', 'your', 'pasta', 'carbonara', 'with', 'spring', 'peas', 'immediately']","['make', 'pasta', 'carbonara', 'spring', 'peas', 'first', 'bring', 'water', 'boil', 'pasta', 'salt', 'water', 'warm', 'peas', 'microwave', 'heated', 'reserve', 'later', 'medium', 'heat', 'large', 'deep', 'skillet', 'heat', 'oil', 'add', 'garlic', 'sauté', 'tender', 'cut', 'pancetta', 'cubes', 'add', 'skillet', 'cool', 'medium', 'heat', 'golden', 'crisp', 'using', 'slotted', 'spoon', 'transfer', 'pancetta', 'garlic', 'bowl', 'pour', 'fat', 'skillet', 'add', 'cream', 'scrape', 'browned', 'bits', 'bottom', 'skillet', 'pour', 'medium', 'size', 'bowl', 'whisk', 'egg', 'yolks', 'parmesan', 'cheese', 'add', 'pasta', 'boiling', 'water', 'follow', 'cooking', 'time', 'package', 'drain', 'pasta', 'return', 'pot', 'add', 'cream', 'mixture', 'toss', 'quickly', 'scramble', 'eggs', 'add', 'pancetta', 'reserved', 'peas', 'season', 'salt', 'pepper', 'toss', 'sauce', 'coat', 'everything', 'transfer', 'bowls', 'serve', 'pasta', 'carbonara', 'spring', 'peas', 'immediately']",Italian
2930,"['preheat', 'the', 'oven', 'to', '350°f', '180°c', 'heat', 'the', 'oil', 'in', 'a', 'skillet', 'and', 'add', 'the', 'pancetta', 'cook', 'over', 'a', 'medium', 'heat', 'stirring', 'frequently', 'for', '1', 'minute', 'add', 'the', 'red', 'onion', 'and', 'garlic', 'and', 'cook', 'stirring', 'for', 'a', 'further', '5', 'minutes', 'or', 'until', 'the', 'pancetta', 'is', 'cooked', 'and', 'the', 'onion', 'softened', 'stir', 'in', 'the', 'chopped', 'tomatoes', 'sun-dried', 'tomato', 'paste', 'and', 'mascarpone', 'cheese', 'simmer', 'over', 'a', 'low', 'heat', 'for', '5', 'minutes', 'meanwhile', 'cook', 'the', 'gnocchi', 'for', '1-2', 'minutes', 'until', 'they', 'rise', 'to', 'the', 'surface', 'do', 'not', 'overcook', 'drain', 'the', 'gnocchi', 'thoroughly', 'and', 'place', 'in', 'a', 'large', 'ovenproof', 'dish', 'i', 'use', 'a', '10x6', 'add', 'the', 'chopped', 'basil', 'to', 'the', 'pancetta', 'sauce', 'mixture', 'and', 'stir', 'pour', 'the', 'sauce', 'over', 'the', 'gnocchi', 'and', 'toss', 'gently', 'to', 'coat', 'it', 'combine', 'the', 'grated', 'cheese', 'with', 'the', 'breadcrumbs', 'and', 'scatter', 'over', 'the', 'gnocchi', 'cook', 'in', 'the', 'preheated', 'oven', 'for', '15-20', 'minutes', 'or', 'until', 'golden', 'and', 'bubbling', 'serve', 'hot', 'and', 'enjoy']","['preheat', 'oven', '350°f', '180°c', 'heat', 'oil', 'skillet', 'add', 'pancetta', 'cook', 'medium', 'heat', 'stirring', 'frequently', 'add', 'red', 'onion', 'garlic', 'cook', 'stirring', 'pancetta', 'cooked', 'onion', 'softened', 'stir', 'chopped', 'tomatoes', 'sun', 'dried', 'tomato', 'paste', 'mascarpone', 'cheese', 'simmer', 'low', 'heat', 'meanwhile', 'cook', 'gnocchi', 'rise', 'surface', 'overcook', 'drain', 'gnocchi', 'thoroughly', 'place', 'large', 'ovenproof', 'dish', 'use', '10x6', 'add', 'chopped', 'basil', 'pancetta', 'sauce', 'mixture', 'stir', 'pour', 'sauce', 'gnocchi', 'toss', 'gently', 'coat', 'combine', 'grated', 'cheese', 'breadcrumbs', 'scatter', 'gnocchi', 'cook', 'preheated', 'oven', 'golden', 'bubbling', 'serve', 'hot', 'enjoy']",Italian
641,"['place', 'diced', 'tomatoes', 'in', 'a', 'bowl', 'with', 'oil', 'garlic', 'pepper', 'and', 'salt', 'mix', 'well', 'and', 'set', 'aside', 'slice', 'bread', 'and', 'toast', 'until', 'browned', 'cut', 'bread', 'into', 'slices', 'and', 'top', 'with', 'tomato', 'mixture']","['place', 'diced', 'tomatoes', 'bowl', 'oil', 'garlic', 'pepper', 'salt', 'mix', 'well', 'set', 'aside', 'slice', 'bread', 'toast', 'browned', 'cut', 'bread', 'slices', 'top', 'tomato', 'mixture']",Italian
9844,"['sieve', 'the', 'flour', 'and', 'salt', 'into', 'a', 'bowl', 'mix', 'well', 'carefully', 'add', 'the', 'water', 'a', 'little', 'at', 'a', 'time', 'stirring', 'and', 'mixing', 'all', 'the', 'while', 'to', 'make', 'a', 'thick', 'pancake', 'like', 'batter', 'the', 'mixture', 'should', 'spread', 'easily', 'but', 'not', 'have', 'a', 'runny', 'consistency', 'set', 'aside', 'for', '15', 'minutes', 'approximately', 'combine', 'all', 'the', 'ingredients', 'for', 'the', 'stuffing', 'and', 'divide', 'it', 'into', '8-10', 'portions', 'you', 'will', 'now', 'require', 'aluminium', 'foil', 'cut', 'into', 'rectangles', 'approximately', '4x6', ""''"", 'smear', 'a', 'little', 'ghee', 'on', 'each', 'piece', 'of', 'foil', 'evenly', 'spread', '2', 'tbsps', 'of', 'batter', 'in', 'the', 'center', 'leaving', 'a', 'good', 'margin', 'all', 'round', 'carefully', 'add', '1', 'portion', 'of', 'stuffing', 'over', 'it', 'and', 'fold', 'the', 'foil', 'over', 'fold', 'the', 'edges', 'to', 'make', 'a', 'neat', 'rectangular', 'parcel', 'repeat', 'the', 'process', 'with', 'the', 'rest', 'of', 'the', 'batter', 'and', 'stuffing', 'steam', 'the', 'parcels', 'in', 'a', 'steamer', 'for', '15-20', 'minutes', 'till', 'firm', 'to', 'the', 'touch', 'open', 'the', 'parcels', 'just', 'before', 'serving', 'serve', 'hot', 'or', 'cold', 'with', 'ghee']","['sieve', 'flour', 'salt', 'bowl', 'mix', 'well', 'carefully', 'add', 'water', 'little', 'time', 'stirring', 'mixing', 'make', 'thick', 'pancake', 'like', 'batter', 'mixture', 'spread', 'easily', 'runny', 'consistency', 'set', 'aside', 'approximately', 'combine', 'ingredients', 'stuffing', 'divide', 'portions', 'require', 'aluminium', 'foil', 'cut', 'rectangles', 'approximately', '4x6', ""''"", 'smear', 'little', 'ghee', 'piece', 'foil', 'evenly', 'spread', 'tbsps', 'batter', 'center', 'leaving', 'good', 'margin', 'round', 'carefully', 'add', 'portion', 'stuffing', 'fold', 'foil', 'fold', 'edges', 'make', 'neat', 'rectangular', 'parcel', 'repeat', 'process', 'rest', 'batter', 'stuffing', 'steam', 'parcels', 'steamer', 'till', 'firm', 'touch', 'open', 'parcels', 'serving', 'serve', 'hot', 'cold', 'ghee']",Indian
12177,"['mix', 'curry', 'mix', 'and', 'water', 'saute', 'vegetarian', 'ground', 'meat', 'for', '5', 'minute', 'add', 'curry', 'mix/water', 'combination', 'saute', 'combined', 'curry', 'for', '5-10', 'minute', 'until', 'hot']","['mix', 'curry', 'mix', 'water', 'saute', 'vegetarian', 'ground', 'meat', 'add', 'curry', 'mix/water', 'combination', 'saute', 'combined', 'curry', 'hot']",Indian
823,"['in', 'a', 'large', 'skillet', 'over', 'medium', 'heat', 'cook', 'bacon', 'until', 'almost', 'crisp', 'drain', 'off', 'all', 'but', 'one', 'tablespoon', 'of', 'the', 'grease', 'leave', 'bacon', 'in', 'the', 'pan', 'add', 'garlic', 'and', 'cook', 'for', 'about', 'a', 'minute', 'add', 'olive', 'oil', 'spinach', 'and', 'artichoke', 'hearts', 'sauteeing', 'for', 'a', 'few', 'minutes', 'reduce', 'heat', 'to', 'medium-low', 'and', 'stir', 'in', 'cream', 'cheese', 'and', 'mayonnaise', 'when', 'blended', 'stir', 'in', 'romano', 'parmesan', 'and', 'mozzarella', 'cook', 'until', 'all', 'the', 'cheeses', 'are', 'melted', 'stirring', 'frequently', 'season', 'with', 'salt', 'pepper', 'or', 'red', 'pepper', 'flakes', 'to', 'taste', 'combine', 'with', 'cooked', 'noodles', 'and', 'serve']","['large', 'skillet', 'medium', 'heat', 'cook', 'bacon', 'almost', 'crisp', 'drain', 'one', 'grease', 'leave', 'bacon', 'pan', 'add', 'garlic', 'cook', 'add', 'olive', 'oil', 'spinach', 'artichoke', 'hearts', 'sauteeing', 'reduce', 'heat', 'medium', 'low', 'stir', 'cream', 'cheese', 'mayonnaise', 'blended', 'stir', 'romano', 'parmesan', 'mozzarella', 'cook', 'cheeses', 'melted', 'stirring', 'frequently', 'season', 'salt', 'pepper', 'red', 'pepper', 'flakes', 'taste', 'combine', 'cooked', 'noodles', 'serve']",Italian
864,"['toast', 'pine', 'nuts', 'in', 'skillet', 'over', 'medium', 'heat', '3', 'to', '4', 'minutes', 'or', 'until', 'browned', 'shaking', 'pan', 'constantly', 'set', 'aside', 'preheat', 'broiler', 'and', 'place', 'oven', 'rack', 'in', 'highest', 'position', 'coat', 'bell', 'peppers', 'and', 'jalapeño', 'with', '1', 'teaspoons', 'oil', 'place', 'on', 'baking', 'sheet', 'and', 'broil', '15', 'minutes', 'or', 'until', 'blistered', 'and', 'partially', 'blackened', 'on', 'all', 'sides', 'turning', 'often', 'transfer', 'to', 'bowl', 'cover', 'and', 'cool', 'peel', 'and', 'seed', 'slice', 'bell', 'peppers', 'into', 'thin', 'strips', 'finely', 'chop', 'jalapeño', 'and', 'transfer', 'to', 'bowl', 'add', 'pine', 'nuts', 'parsley', 'mint', 'minced', 'garlic', 'and', 'remaining', '2', 'teaspoons', 'oil', 'toss', 'to', 'combine', 'season', 'with', 'black', 'pepper', 'meanwhile', 'bring', 'vinegar', 'and', 'agave', 'syrup', 'to', 'a', 'simmer', 'in', 'small', 'saucepan', 'over', 'medium', 'heat', 'cook', '10', 'minutes', 'or', 'until', 'mixture', 'reduces', 'to', 'about', '3', 'tbs', 'and', 'coats', 'bottom', 'of', 'pan', 'when', 'pan', 'is', 'tilted', 'stirring', 'occasionally', 'stir', '1', 'tbs', 'balsamic', 'syrup', 'into', 'roasted', 'pepper', 'mixture', 'marinate', 'roasted', 'pepper', 'mixture', '30', 'minutes', 'or', 'chill', 'overnight', 'top', 'bread', 'slices', 'with', 'roasted', 'pepper', 'mixture', 'and', 'drizzle', 'with', 'remaining', 'balsamic', 'reduction', 'enjoy']","['toast', 'pine', 'nuts', 'skillet', 'medium', 'heat', 'browned', 'shaking', 'pan', 'constantly', 'set', 'aside', 'preheat', 'broiler', 'place', 'oven', 'rack', 'highest', 'position', 'coat', 'bell', 'peppers', 'jalapeño', 'oil', 'place', 'baking', 'sheet', 'broil', 'blistered', 'partially', 'blackened', 'sides', 'turning', 'often', 'transfer', 'bowl', 'cover', 'cool', 'peel', 'seed', 'slice', 'bell', 'peppers', 'thin', 'strips', 'finely', 'chop', 'jalapeño', 'transfer', 'bowl', 'add', 'pine', 'nuts', 'parsley', 'mint', 'minced', 'garlic', 'remaining', 'oil', 'toss', 'combine', 'season', 'black', 'pepper', 'meanwhile', 'bring', 'vinegar', 'agave', 'syrup', 'simmer', 'small', 'saucepan', 'medium', 'heat', 'cook', 'mixture', 'reduces', 'tbs', 'coats', 'bottom', 'pan', 'pan', 'tilted', 'stirring', 'occasionally', 'stir', 'tbs', 'balsamic', 'syrup', 'roasted', 'pepper', 'mixture', 'marinate', 'roasted', 'pepper', 'mixture', 'chill', 'overnight', 'top', 'bread', 'slices', 'roasted', 'pepper', 'mixture', 'drizzle', 'remaining', 'balsamic', 'reduction', 'enjoy']",Italian
10585,"['sift', 'flour', 'with', 'salt', 'onto', 'a', 'large', 'bowl', 'in', '1', '1/2', 'tbsp', 'of', 'milk', 'dissolve', 'the', 'saffron', 'and', 'set', 'it', 'aside', 'the', 'remaining', 'milk', 'should', 'be', 'heated', 'carefully', 'in', 'a', 'pot', 'and', 'the', 'sugar', 'should', 'be', 'dissolved', 'in', 'it', 'allow', 'the', 'warmed', 'milk', 'to', 'cool', 'after', 'making', 'a', 'well', 'in', 'the', 'flour', 'pour', 'in', 'the', 'now', 'cooler', 'milk', 'and', 'mix', 'together', 'until', 'a', 'soft', 'dough', 'is', 'formed', 'cover', 'the', 'dough', 'with', 'a', 'warm', 'damp', 'cloth', 'and', 'set', 'aside', 'for', '10', 'minutes', 'add', 'a', 'little', 'of', 'the', 'melted', 'butter', 'to', 'the', 'dough', 'kneading', 'until', 'all', 'of', 'the', 'butter', 'is', 'incorporated', 'divide', 'the', 'dough', 'into', '12', 'parts', 'cover', 'with', 'a', 'warm', 'damp', 'cloth', 'and', 'set', 'aside', 'for', '10', 'minutes', 'preheat', 'your', 'oven', 'to', '350°f', 'roll', 'each', 'part', 'of', 'the', 'dough', 'out', 'with', 'a', 'rolling', 'pin', 'they', 'should', 'be', '6', 'inch', 'circles', 'using', 'a', 'fork', 'prick', 'all', 'over', 'the', 'circles', 'on', 'a', 'greased', 'baking', 'tray', 'bake', 'for', '4', 'minutes', 'then', 'brush', 'them', 'with', 'the', 'milk', 'and', 'saffron', 'mixture', 'and', 'bake', 'for', 'another', '4', 'minutes', 'eat', 'with', 'melted', 'butter', 'brushed', 'on', 'while', 'still', 'hot']","['sift', 'flour', 'salt', 'onto', 'large', 'bowl', 'milk', 'dissolve', 'saffron', 'set', 'aside', 'remaining', 'milk', 'heated', 'carefully', 'pot', 'sugar', 'dissolved', 'allow', 'warmed', 'milk', 'cool', 'making', 'well', 'flour', 'pour', 'cooler', 'milk', 'mix', 'together', 'soft', 'dough', 'formed', 'cover', 'dough', 'warm', 'damp', 'cloth', 'set', 'aside', 'add', 'little', 'melted', 'butter', 'dough', 'kneading', 'butter', 'incorporated', 'divide', 'dough', 'parts', 'cover', 'warm', 'damp', 'cloth', 'set', 'aside', 'preheat', 'oven', '350°f', 'roll', 'part', 'dough', 'rolling', 'pin', 'circles', 'using', 'fork', 'prick', 'circles', 'greased', 'baking', 'tray', 'bake', 'brush', 'milk', 'saffron', 'mixture', 'bake', 'another', 'eat', 'melted', 'butter', 'brushed', 'still', 'hot']",Indian
8004,"['•for', 'the', 'paneer', 'tikkas', 'combine', 'the', 'curds', 'gram', 'flour', 'ginger', 'paste', 'garlic', 'paste', 'chilli', 'powder', 'kasuri', 'methi', 'garam', 'masala', 'coriander', 'salt', 'and', '1', 'tablespoon', 'of', 'mustard', 'oil', 'and', 'mix', 'well', 'to', 'prepare', 'a', 'marinade', 'add', 'the', 'paneer', 'onions', 'and', 'capsicum', 'to', 'it', 'and', 'keep', 'aside', 'for', '10', 'to', '15', 'minutes', 'arrange', 'the', 'paneer', 'onions', 'and', 'capsicum', 'on', '4', 'skewer', 'sticks', 'heat', '1', 'tablespoon', 'of', 'oil', 'on', 'a', 'non-stick', 'tava', 'griddle', 'and', 'sauté', 'the', 'paneer', 'tikkas', 'till', 'they', 'are', 'lightly', 'browned', 'on', 'all', 'sides', 'approx', '4', 'to', '5', 'minutes', 'remove', 'from', 'the', 'skewer', 'and', 'keep', 'aside', '•for', 'the', 'rice', 'clean', 'wash', 'and', 'soak', 'the', 'rice', 'for', 'approx.15', 'minutes', 'drain', 'and', 'keep', 'aside', 'heat', 'the', 'oil', 'in', 'a', 'heavy', 'bottom', 'pan', 'add', 'the', 'cumin', 'seeds', 'cloves', 'bay', 'leaf', 'and', 'cinnamon', 'and', 'stir', 'when', 'the', 'cumin', 'seeds', 'crackle', 'add', 'the', 'rice', 'and', 'salt', 'and', 'sauté', 'for', '2', 'minutes', 'add', '3', 'cups', 'of', 'hot', 'water', 'cover', 'and', 'cook', 'over', 'a', 'low', 'flame', 'for', '10', 'to', '15', 'minutes', 'till', 'the', 'rice', 'is', 'cooked', 'separate', 'each', 'grain', 'of', 'rice', 'very', 'lightly', 'with', 'a', 'fork', 'and', 'keep', 'aside', '•how', 'to', 'proceed', 'heat', 'the', 'oil', 'in', 'a', 'non-stick', 'pan', 'add', 'the', 'paneer', 'tikkas', 'and', 'rice', 'and', 'mix', 'together', 'very', 'lightly', 'cook', 'till', 'the', 'rice', 'is', 'hot', 'garnish', 'with', 'the', 'sprig', 'of', 'mint', 'and', 'serve', 'immediately']","['•for', 'paneer', 'tikkas', 'combine', 'curds', 'gram', 'flour', 'ginger', 'paste', 'garlic', 'paste', 'chilli', 'powder', 'kasuri', 'methi', 'garam', 'masala', 'coriander', 'salt', 'mustard', 'oil', 'mix', 'well', 'prepare', 'marinade', 'add', 'paneer', 'onions', 'capsicum', 'keep', 'aside', 'arrange', 'paneer', 'onions', 'capsicum', 'skewer', 'sticks', 'heat', 'oil', 'non', 'stick', 'tava', 'griddle', 'sauté', 'paneer', 'tikkas', 'till', 'lightly', 'browned', 'sides', 'approx', 'remove', 'skewer', 'keep', 'aside', '•for', 'rice', 'clean', 'wash', 'soak', 'rice', 'approx.15', 'drain', 'keep', 'aside', 'heat', 'oil', 'heavy', 'bottom', 'pan', 'add', 'cumin', 'seeds', 'cloves', 'bay', 'leaf', 'cinnamon', 'stir', 'cumin', 'seeds', 'crackle', 'add', 'rice', 'salt', 'sauté', 'add', 'hot', 'water', 'cover', 'cook', 'low', 'flame', 'till', 'rice', 'cooked', 'separate', 'grain', 'rice', 'lightly', 'fork', 'keep', 'aside', '•how', 'proceed', 'heat', 'oil', 'non', 'stick', 'pan', 'add', 'paneer', 'tikkas', 'rice', 'mix', 'together', 'lightly', 'cook', 'till', 'rice', 'hot', 'garnish', 'sprig', 'mint', 'serve', 'immediately']",Indian
4131,"['in', 'a', 'medium', 'bowl', 'combine', 'tomatoes', 'garlic', '1', 'tablespoon', 'olive', 'oil', 'balsamic', 'vinegar', 'salt', 'pepper', 'and', 'basil', 'set', 'aside', 'place', 'ciabatta', 'rolls', 'on', 'a', 'baking', 'sheet', 'with', 'cut', 'sides', 'facing', 'up', 'brush', 'with', 'remaining', '3', 'tablespoons', 'olive', 'oil', 'sprinkle', 'with', '1/4', 'cup', 'asiago', 'cheese', 'and', 'broil', '2', 'minutes', 'or', 'until', 'golden', 'spread', 'each', 'roll', 'half', 'with', '1', 'tablespoon', 'pesto', 'and', 'top', 'with', '4', 'slices', 'of', 'fresh', 'mozzarella', 'divide', 'tomatoes', 'evenly', 'over', 'mozzarella', 'and', 'top', 'with', 'remaining', 'asiago', 'cheese', 'serve']","['medium', 'bowl', 'combine', 'tomatoes', 'garlic', 'olive', 'oil', 'balsamic', 'vinegar', 'salt', 'pepper', 'basil', 'set', 'aside', 'place', 'ciabatta', 'rolls', 'baking', 'sheet', 'cut', 'sides', 'facing', 'brush', 'remaining', 'olive', 'oil', 'sprinkle', 'asiago', 'cheese', 'broil', 'golden', 'spread', 'roll', 'half', 'pesto', 'top', 'slices', 'fresh', 'mozzarella', 'divide', 'tomatoes', 'evenly', 'mozzarella', 'top', 'remaining', 'asiago', 'cheese', 'serve']",Italian
11212,"['put', 'butter', 'and', 'carrots', 'in', 'a', 'bowl', 'cook', 'on', 'high', 'for', '1', 'minute', 'trim', 'the', 'crust', 'of', 'the', 'bread', 'slices', 'soak', 'the', 'slices', 'in', 'milk', 'powder', 'the', 'dry', 'spices', 'together', 'beat', 'the', 'eggs', 'and', 'sugar', 'well', 'add', 'the', 'bread', 'slices', 'and', 'blend', 'well', 'until', 'smooth', 'add', 'all', 'the', 'spices', 'and', 'ginger', 'stir', 'in', 'the', 'cooked', 'carrots', 'cover', 'bake', 'in', 'a', 'greased', 'baking', 'dish', 'on', 'high', 'for', '5-6', 'minutes', 'serve', 'garnished', 'with', 'glazed', 'cherries', 'and', 'mint', 'leaves']","['put', 'butter', 'carrots', 'bowl', 'cook', 'high', 'trim', 'crust', 'bread', 'slices', 'soak', 'slices', 'milk', 'powder', 'dry', 'spices', 'together', 'beat', 'eggs', 'sugar', 'well', 'add', 'bread', 'slices', 'blend', 'well', 'smooth', 'add', 'spices', 'ginger', 'stir', 'cooked', 'carrots', 'cover', 'bake', 'greased', 'baking', 'dish', 'high', 'serve', 'garnished', 'glazed', 'cherries', 'mint', 'leaves']",Indian
1407,"['in', 'a', 'large', 'casserole', 'pot', 'or', 'dutch', 'over', 'heat', 'oil', 'over', 'medium', 'high', 'heat', 'add', 'onion', 'and', 'garlic', 'and', 'sauté', 'until', 'soft', 'and', 'translucent', 'about', '5', 'to', '10', 'minutes', 'add', 'celery', 'and', 'carrots', 'and', 'season', 'with', 'salt', 'and', 'pepper', 'sauté', 'until', 'all', 'the', 'vegetables', 'are', 'soft', 'about', '5', 'to', '10', 'minutes', 'add', 'tomatoes', 'and', 'bay', 'leaves', 'and', 'simmer', 'uncovered', 'on', 'low', 'heat', 'for', '1', 'hour', 'or', 'until', 'thick', 'remove', 'bay', 'leaves', 'and', 'check', 'for', 'seasoning', 'if', 'sauce', 'still', 'tastes', 'acidic', 'add', 'unsalted', 'butter', '1', 'tablespoon', 'at', 'a', 'time', 'to', 'round', 'out', 'the', 'flavors', 'add', '1/2', 'the', 'tomato', 'sauce', 'into', 'the', 'bowl', 'of', 'a', 'food', 'processor', 'process', 'until', 'smooth', 'continue', 'with', 'remaining', 'tomato', 'sauce', 'if', 'not', 'using', 'all', 'the', 'sauce', 'allow', 'it', 'to', 'cool', 'completely', 'and', 'pour', '1', 'to', '2', 'cup', 'portions', 'into', 'freezer', 'plastic', 'bags', 'this', 'will', 'freeze', 'up', 'to', '6', 'months']","['large', 'casserole', 'pot', 'dutch', 'heat', 'oil', 'medium', 'high', 'heat', 'add', 'onion', 'garlic', 'sauté', 'soft', 'translucent', 'add', 'celery', 'carrots', 'season', 'salt', 'pepper', 'sauté', 'vegetables', 'soft', 'add', 'tomatoes', 'bay', 'leaves', 'simmer', 'uncovered', 'low', 'heat', 'thick', 'remove', 'bay', 'leaves', 'check', 'seasoning', 'sauce', 'still', 'tastes', 'acidic', 'add', 'unsalted', 'butter', 'time', 'round', 'flavors', 'add', 'tomato', 'sauce', 'bowl', 'food', 'processor', 'process', 'smooth', 'continue', 'remaining', 'tomato', 'sauce', 'using', 'sauce', 'allow', 'cool', 'completely', 'pour', 'portions', 'freezer', 'plastic', 'bags', 'freeze', 'months']",Italian
11026,"['method', 'clean', 'wash', 'and', 'soak', 'the', 'arhar', 'dal', 'for', '2', 'hours', 'drain', 'and', 'keep', 'aside', 'combine', 'the', 'soaked', 'arhar', 'dal', 'green', 'chillies', 'turmeric', 'powder', 'salt', 'and', '3', 'cups', 'of', 'water', 'and', 'pressure', 'cook', 'for', '2', 'whistles', 'heat', 'the', 'ghee', 'in', 'a', 'pan', 'add', 'the', 'bay', 'leaves', 'red', 'chillies', 'cumin', 'seeds', 'and', 'asafoetida', 'when', 'the', 'seeds', 'crackle', 'add', 'chopped', 'onion', 'ginger', 'garlic', 'turmeric', 'powder', 'coriander', 'powder', 'chilli', 'powder', 'cook', 'for', 'few', 'minutes', 'add', 'already', 'cooked', 'into', 'above', 'tadka', 'let', 'it', 'simmer', 'for', 'few', 'minute.granish', 'with', 'chopped', 'coriander', 'optional', 'serve', 'hot']","['method', 'clean', 'wash', 'soak', 'arhar', 'dal', 'drain', 'keep', 'aside', 'combine', 'soaked', 'arhar', 'dal', 'green', 'chillies', 'turmeric', 'powder', 'salt', 'water', 'pressure', 'cook', 'whistles', 'heat', 'ghee', 'pan', 'add', 'bay', 'leaves', 'red', 'chillies', 'cumin', 'seeds', 'asafoetida', 'seeds', 'crackle', 'add', 'chopped', 'onion', 'ginger', 'garlic', 'turmeric', 'powder', 'coriander', 'powder', 'chilli', 'powder', 'cook', 'add', 'already', 'cooked', 'tadka', 'let', 'simmer', 'minute.granish', 'chopped', 'coriander', 'optional', 'serve', 'hot']",Indian
4207,"['separate', 'egg', 'whites', 'from', 'yolks', 'whip', 'egg', 'whites', 'until', 'stiff', 'bring', 'sugar', 'and', 'water', 'to', 'a', 'boil', 'occasionally', 'use', 'a', 'pastry', 'brush', 'and', 'cold', 'water', 'to', 'brush', 'down', 'any', 'crystals', 'that', 'form', 'on', 'the', 'side', 'of', 'the', 'pan', 'boil', 'for', 'seven', 'minutes', 'over', 'medium', 'heat', 'pour', 'sugar', 'mixture', 'slowly', 'into', 'egg', 'whites', 'beat', 'until', 'bowl', 'is', 'cool', 'to', 'the', 'touch', 'ten', 'minutes', 'or', 'so', 'you', 'might', 'want', 'to', 'place', 'this', 'bowl', 'in', 'another', 'bowl', 'with', 'a', 'little', 'cold', 'water', 'in', 'it', 'to', 'speed', 'the', 'cooling', 'process', 'a', 'bit.', 'cut', 'butter', 'into', '1', ""''"", 'pieces', 'and', 'add', 'them', 'slowly', 'to', 'the', 'sugar/eggwhite', 'mixture', 'the', 'mixture', 'gets', 'more', '``', 'soupy', ""''"", 'as', 'you', 'add', 'the', 'butter', 'but', 'this', 'is', 'ok.', 'add', 'vanilla', 'when', 'butter', 'is', 'mixed', 'in', 'well', 'beat', 'until', 'light', 'and', 'fluffy', 'it', 'may', 'look', 'a', 'little', 'curdled', 'but', 'keep', 'beating', 'and', 'it', 'will', 'become', 'smooth', 'this', 'icing', 'can', 'be', 'refrigerated', 'for', 'weeks', 'or', 'even', 'frozen', 'for', 'months', 'to', 'get', 'it', 'back', 'to', 'be', 'nice', 'and', 'creamy', 'after', 'being', 'in', 'the', 'fridge', 'or', 'freezer', 'just', 'mix', 'it', 'again', 'and', 'it', 'will', 'return', 'to', 'its', 'creamy', 'texture']","['separate', 'egg', 'whites', 'yolks', 'whip', 'egg', 'whites', 'stiff', 'bring', 'sugar', 'water', 'boil', 'occasionally', 'use', 'pastry', 'brush', 'cold', 'water', 'brush', 'crystals', 'form', 'side', 'pan', 'boil', 'seven', 'medium', 'heat', 'pour', 'sugar', 'mixture', 'slowly', 'egg', 'whites', 'beat', 'bowl', 'cool', 'touch', 'ten', 'might', 'want', 'place', 'bowl', 'another', 'bowl', 'little', 'cold', 'water', 'speed', 'cooling', 'process', 'bit.', 'cut', 'butter', ""''"", 'pieces', 'add', 'slowly', 'sugar/eggwhite', 'mixture', 'mixture', 'gets', '``', 'soupy', ""''"", 'add', 'butter', 'ok.', 'add', 'vanilla', 'butter', 'mixed', 'well', 'beat', 'light', 'fluffy', 'may', 'look', 'little', 'curdled', 'keep', 'beating', 'become', 'smooth', 'icing', 'refrigerated', 'weeks', 'even', 'frozen', 'months', 'get', 'back', 'nice', 'creamy', 'fridge', 'freezer', 'mix', 'return', 'creamy', 'texture']",Italian
406,"['soak', 'the', 'wheat', 'berries', 'in', 'cold', 'water', 'for', '1', 'to', '3', 'days', 'drain', 'the', 'wheat', 'berries', 'and', 'process', 'the', 'berries', 'and', 'ap', 'flour', 'in', 'a', 'food', 'processor', 'or', 'blender', 'just', 'until', 'coarsely', 'chopped', 'not', 'too', 'fine', 'or', 'the', 'berries', 'wont', 'be', 'crunchy', 'stir', 'the', 'yeast', 'into', 'the', 'water', 'and', 'let', 'stand', 'for', '10', 'minutes', 'stir', 'in', 'the', 'berry', 'mixture', 'mix', 'the', 'whole', 'wheat', 'flour', 'and', 'salt', 'and', 'stir', 'in', '2', 'cup', 'at', 'a', 'time', 'into', 'the', 'yeast', 'mixture', 'stir', 'until', 'the', 'dough', 'is', 'stiff', 'and', 'sticky', 'knead', 'on', 'a', 'floured', 'surface', 'until', 'firm', 'elastic', 'but', 'still', 'slightly', 'tacky', '8', 'to', '10', 'minutes', 'place', 'the', 'dough', 'in', 'a', 'lightly', 'oiled', 'bowl', 'and', 'cover', 'tightly', 'with', 'plastic', 'wrap', 'and', 'let', 'rise', 'until', 'doubled', '2', 'hrs', 'punch', 'the', 'dough', 'down', 'and', 'knead', 'briefly', 'on', 'a', 'lightly', 'floured', 'surface', 'shape', 'into', 'a', 'long', 'rectangle', 'by', 'flattening', 'it', 'with', 'your', 'forearm', 'cut', 'into', 'eight', '5-inch', 'squares', 'place', 'on', 'a', 'lightly', 'oiled', 'baking', 'sheet', 'cover', 'with', 'a', 'towel', 'and', 'let', 'rise', 'until', 'well', 'puffed', 'and', 'almost', 'doubled', '1', '3/4', 'hr', 'to', '2', 'hrs', 'preheat', 'oven', 'to', '450°f', 'bake', '10', 'min', 'then', 'reduce', 'the', 'heat', 'to', '350°f', 'and', 'bake', 'for', '15', 'more', 'minutes', 'cool', 'completely', 'on', 'racks']","['soak', 'wheat', 'berries', 'cold', 'water', 'days', 'drain', 'wheat', 'berries', 'process', 'berries', 'ap', 'flour', 'food', 'processor', 'blender', 'coarsely', 'chopped', 'fine', 'berries', 'wont', 'crunchy', 'stir', 'yeast', 'water', 'let', 'stand', 'stir', 'berry', 'mixture', 'mix', 'whole', 'wheat', 'flour', 'salt', 'stir', 'time', 'yeast', 'mixture', 'stir', 'dough', 'stiff', 'sticky', 'knead', 'floured', 'surface', 'firm', 'elastic', 'still', 'slightly', 'tacky', 'place', 'dough', 'lightly', 'oiled', 'bowl', 'cover', 'tightly', 'plastic', 'wrap', 'let', 'rise', 'doubled', 'hrs', 'punch', 'dough', 'knead', 'briefly', 'lightly', 'floured', 'surface', 'shape', 'long', 'rectangle', 'flattening', 'forearm', 'cut', 'eight', '5', 'inch', 'squares', 'place', 'lightly', 'oiled', 'baking', 'sheet', 'cover', 'towel', 'let', 'rise', 'well', 'puffed', 'almost', 'doubled', 'hr', 'hrs', 'preheat', 'oven', '450°f', 'bake', 'min', 'reduce', 'heat', '350°f', 'bake', 'cool', 'completely', 'racks']",Italian
8504,"['prepare', 'the', 'fragrant', 'east', 'indian', 'basmati', 'rice', 'made', 'easy', 'recipe', 'here', 'while', 'following', 'the', 'preparation', 'instructions', 'on', 'recipe', '408115', 'you', 'may', 'prepare', 'the', 'recipe', 'on', 'that', 'page', 'if', 'desired', 'but', 'follow', 'only', 'the', 'basic', 'recipe', 'version', '2', 'cups', 'water', '1/2', 'teaspoon', 'salt', '1', 'teaspoon', 'coconut', 'oil', 'or', 'ghee', 'or', 'olive', 'oil', '1-2', 'pinch', 'ground', 'cardamom', '1-2', 'pinch', 'ground', 'cinnamon', '1-2', 'pinch', 'ground', 'coriander', '1-2', 'pinch', 'ground', 'cumin', '1', 'cup', 'basmati', 'rice', 'keep', 'prepared', 'rice', 'warmed', 'on', 'low', 'heat', 'slowly', 'heat', '2', 'tablespoons', 'coconut', 'oil', 'or', 'light', 'olive', 'oil', 'in', 'a', '3', 'quart', 'saucepan', 'over', 'medium-low', 'heat', 'chop', 'one', 'medium', 'onion', 'two', 'medium', 'tomatoes', 'and', 'one', 'seeded', 'fresh', 'jalapeno', 'pepper', 'add', 'to', 'heated', 'saucepan', 'and', 'stir', 'as', 'needed', 'meanwhile', 'trim', 'the', 'cauliflower', 'florets', 'into', '1-inch', 'pieces', 'and', 'add', 'to', 'saute', 'mixture', 'stir', 'in', '1/3', 'cup', 'cashew', 'pieces', '3', 'tablespoons', 'chopped', 'cilantro', '2', 'tablespoons', 'ginger', 'garlic', 'paste', '2', 'teaspoons', 'curry', 'powder', '1', '1/2', 'teaspoons', 'garam', 'masala', '1', 'teaspoon', 'chili', 'paste', '1', 'teaspoon', 'unseasoned', 'chili', 'powder', '1', '1/4', 'teaspoons', 'sea', 'salt', 'and', '1', 'teaspoon', 'sugar', 'cover', 'saucepan', 'and', 'cook', 'mixture', 'over', 'medium', 'low', 'heat', 'stirring', 'occasionally', 'until', 'cauliflower', 'is', 'tender', 'yet', 'firm', 'sprinkle', '3', 'tablespoons', 'flour', 'evenly', 'over', 'saute', 'mixture', 'stir', 'until', 'well', 'blended', 'pour', 'in', '1', '13.5', 'oz', 'can', 'coconut', 'milk', 'and', '1', 'cup', 'milk', 'raise', 'heat', 'to', 'medium', 'and', 'cook', 'stirring', 'often', 'until', 'thickened', 'stir', 'in', '1', '1/2', 'tablespoons', 'plain', 'yogurt', 'season', 'to', 'taste', 'with', 'sea', 'salt', 'if', 'needed', 'serve', 'over', 'steamed', 'basmati', 'rice', 'garnish', 'very', 'lightly', 'with', 'chopped', 'fresh', 'cilantro', 'or', 'flaked', 'coconut', 'if', 'desired', 'enjoy']","['prepare', 'fragrant', 'east', 'indian', 'basmati', 'rice', 'made', 'easy', 'recipe', 'following', 'preparation', 'instructions', 'recipe', 'may', 'prepare', 'recipe', 'page', 'desired', 'follow', 'basic', 'recipe', 'version', 'water', 'salt', 'coconut', 'oil', 'ghee', 'olive', 'oil', 'pinch', 'ground', 'cardamom', 'pinch', 'ground', 'cinnamon', 'pinch', 'ground', 'coriander', 'pinch', 'ground', 'cumin', 'basmati', 'rice', 'keep', 'prepared', 'rice', 'warmed', 'low', 'heat', 'slowly', 'heat', 'coconut', 'oil', 'light', 'olive', 'oil', 'saucepan', 'medium', 'low', 'heat', 'chop', 'one', 'medium', 'onion', 'two', 'medium', 'tomatoes', 'one', 'seeded', 'fresh', 'jalapeno', 'pepper', 'add', 'heated', 'saucepan', 'stir', 'needed', 'meanwhile', 'trim', 'cauliflower', 'florets', '1', 'inch', 'pieces', 'add', 'saute', 'mixture', 'stir', 'cashew', 'pieces', 'chopped', 'cilantro', 'ginger', 'garlic', 'paste', 'curry', 'powder', 'garam', 'masala', 'chili', 'paste', 'unseasoned', 'chili', 'powder', 'sea', 'salt', 'sugar', 'cover', 'saucepan', 'cook', 'mixture', 'medium', 'low', 'heat', 'stirring', 'occasionally', 'cauliflower', 'tender', 'yet', 'firm', 'sprinkle', 'flour', 'evenly', 'saute', 'mixture', 'stir', 'well', 'blended', 'pour', 'coconut', 'milk', 'milk', 'raise', 'heat', 'medium', 'cook', 'stirring', 'often', 'thickened', 'stir', 'plain', 'yogurt', 'season', 'taste', 'sea', 'salt', 'needed', 'serve', 'steamed', 'basmati', 'rice', 'garnish', 'lightly', 'chopped', 'fresh', 'cilantro', 'flaked', 'coconut', 'desired', 'enjoy']",Indian
209,"['preheat', 'oven', 'to', '350°f', 'peel', 'potatoes', 'and', 'slice', 'into', 'thin', 'rounds', 'arrange', 'slices', 'on', 'lightly', 'oiled', 'baking', 'sheet', 'brush', 'with', '2', 'tbsp', 'olive', 'oil', 'bake', '10', 'minutes', 'or', 'until', 'lightly', 'browned', 'transfer', 'to', 'platter', 'salt', 'to', 'taste', 'increase', 'oven', 'to', '500°', 'roll', 'out', 'pizza', 'dough', 'to', '14', 'inch', 'round', 'dust', 'baking', 'sheet', 'with', 'cornmeal', 'place', 'dough', 'on', 'sheet', 'brush', 'dough', 'with', '1', 'tbsp', 'olive', 'oil', 'and', '1/2', 'of', 'the', 'garlic', 'paste', 'sprinkle', 'with', 'pepper', 'flakes', 'arrange', 'potatoes', 'on', 'crust', 'overlapping', 'brush', 'remaining', 'oil', 'and', 'garlic', 'over', 'potatoes', 'then', 'sprinkle', 'with', 'cheese', 'bake', 'for', '20', 'minutes', 'or', 'until', 'pizza', 'is', 'deep', 'golden', 'brown', 'remove', 'from', 'oven', 'and', 'sprinkle', 'with', 'arugula', 'or', 'spinach']","['preheat', 'oven', '350°f', 'peel', 'potatoes', 'slice', 'thin', 'rounds', 'arrange', 'slices', 'lightly', 'oiled', 'baking', 'sheet', 'brush', 'olive', 'oil', 'bake', 'lightly', 'browned', 'transfer', 'platter', 'salt', 'taste', 'increase', 'oven', '500°', 'roll', 'pizza', 'dough', 'round', 'dust', 'baking', 'sheet', 'cornmeal', 'place', 'dough', 'sheet', 'brush', 'dough', 'olive', 'oil', 'garlic', 'paste', 'sprinkle', 'pepper', 'flakes', 'arrange', 'potatoes', 'crust', 'overlapping', 'brush', 'remaining', 'oil', 'garlic', 'potatoes', 'sprinkle', 'cheese', 'bake', 'pizza', 'deep', 'golden', 'brown', 'remove', 'oven', 'sprinkle', 'arugula', 'spinach']",Italian
11483,"['grind', 'together', 'the', 'cinamon', 'stick', 'cloves', 'dried', 'chilli', 'and', 'the', 'cardamoms', 'to', 'make', 'a', 'powder', 'or', 'use', '1', 'heaped', 'tsp', 'garam', 'masala', 'powder', 'heat', 'the', 'oil', 'in', 'a', 'pot', 'and', 'when', 'hot', 'add', 'the', 'cumin', 'seeds', 'when', 'they', 'start', 'to', 'splutter', 'add', 'the', 'onion', 'and', 'garlic', 'reduce', 'the', 'heat', 'to', 'medium', 'and', 'cook', 'till', 'the', 'onion', 'is', 'soft', 'add', 'the', 'tumeric', 'curry', 'leaves', 'and', 'tomatoes', 'to', 'the', 'pan', 'cook', 'till', 'the', 'tomatoes', 'are', 'soft', 'and', 'will', 'mash', 'down', 'to', 'form', 'the', 'base', 'of', 'the', 'sauce', 'add', 'the', 'gound', 'spices', 'garam', 'masala', 'and', 'the', 'coriander', 'and', 'chilli', 'powder', 'cook', 'stirring', 'for', '30', 'sec', 'add', 'the', 'mushrooms', 'stir', 'again', 'cover', 'the', 'pot', 'and', 'cook', 'for', 'approximately', '10', 'minutes', 'stir', 'in', 'the', 'coriander', 'leaves', 'and', 'serve']","['grind', 'together', 'cinamon', 'stick', 'cloves', 'dried', 'chilli', 'cardamoms', 'make', 'powder', 'use', 'heaped', 'garam', 'masala', 'powder', 'heat', 'oil', 'pot', 'hot', 'add', 'cumin', 'seeds', 'start', 'splutter', 'add', 'onion', 'garlic', 'reduce', 'heat', 'medium', 'cook', 'till', 'onion', 'soft', 'add', 'tumeric', 'curry', 'leaves', 'tomatoes', 'pan', 'cook', 'till', 'tomatoes', 'soft', 'mash', 'form', 'base', 'sauce', 'add', 'gound', 'spices', 'garam', 'masala', 'coriander', 'chilli', 'powder', 'cook', 'stirring', 'sec', 'add', 'mushrooms', 'stir', 'cover', 'pot', 'cook', 'approximately', 'stir', 'coriander', 'leaves', 'serve']",Indian
12124,"['wash', 'and', 'scrub', 'the', 'potatoes', 'preheat', 'the', 'oven', 'to', '200', 'degc', 'cut', 'a', 'thin', 'slice', 'from', 'the', 'base', 'of', 'each', 'potato', 'so', 'that', 'they', 'will', 'sit', 'flat', 'on', 'a', 'cutting', 'board', 'place', 'a', 'potato', 'on', 'the', 'cutting', 'board', 'and', 'lay', 'a', 'wooden', 'spoon', 'alongside', 'the', 'length', 'of', 'it', 'to', 'stop', 'you', 'from', 'cutting', 'right', 'through', 'to', 'the', 'bottom', 'of', 'the', 'potato', 'using', 'a', 'sharp', 'knife', 'held', 'at', 'right', 'angles', 'to', 'the', 'wooden', 'spoon', 'thinly', 'slice', 'each', 'potato', 'but', 'do', 'not', 'cut', 'all', 'the', 'way', 'through', 'make', 'cups', 'from', '4', 'pieces', 'of', 'tinfoil', 'and', 'place', 'slices', 'of', 'garlic', 'and', 'onion', 'in', 'each', 'one', 'place', 'a', 'potato', 'in', 'each', ""'cup"", 'and', 'place', 'into', 'a', 'baking', 'tin', 'using', 'a', 'pastry', 'brush', 'brush', 'vegetable', 'oil', 'over', 'the', 'top', 'of', 'each', 'potato', 'and', 'use', 'the', 'brush', 'to', 'carefully', 'push', 'some', 'of', 'the', 'oil', 'between', 'the', 'slices', 'bake', 'for', 'around', '45', 'minutes', 'while', 'the', 'potatoes', 'are', 'cooking', 'combine', 'the', 'ingredients', 'for', 'the', 'spice', 'topping', 'in', 'a', 'small', 'bowl', 'and', 'mix', 'well', 'after', '45', 'minutes', 'brush', 'the', 'mixture', 'over', 'the', 'potatoes', 'and', 'into', 'the', 'slices', 'return', 'potatoes', 'to', 'the', 'oven', 'and', 'bake', 'for', 'a', 'further', '15', 'minutes', 'or', 'until', 'brown', 'and', 'crispy', 'garnish', 'with', 'the', 'coriander']","['wash', 'scrub', 'potatoes', 'preheat', 'oven', 'degc', 'cut', 'thin', 'slice', 'base', 'potato', 'sit', 'flat', 'cutting', 'board', 'place', 'potato', 'cutting', 'board', 'lay', 'wooden', 'spoon', 'alongside', 'length', 'stop', 'cutting', 'right', 'bottom', 'potato', 'using', 'sharp', 'knife', 'held', 'right', 'angles', 'wooden', 'spoon', 'thinly', 'slice', 'potato', 'cut', 'way', 'make', 'pieces', 'tinfoil', 'place', 'slices', 'garlic', 'onion', 'one', 'place', 'potato', ""'cup"", 'place', 'baking', 'tin', 'using', 'pastry', 'brush', 'brush', 'vegetable', 'oil', 'top', 'potato', 'use', 'brush', 'carefully', 'push', 'oil', 'slices', 'bake', 'around', 'potatoes', 'cooking', 'combine', 'ingredients', 'spice', 'topping', 'small', 'bowl', 'mix', 'well', 'brush', 'mixture', 'potatoes', 'slices', 'return', 'potatoes', 'oven', 'bake', 'brown', 'crispy', 'garnish', 'coriander']",Indian
1864,"['place', 'halibut', 'fillets', 'in', 'white', 'wine', 'and', 'marinate', 'for', '~20', 'minutes', 'mix', 'the', 'olive', 'oil', 'italian', 'seasoning', 'parsley', 'basil', 'shallots', 'garlic', 'and', 'parmesan', 'cheese', 'together', 'in', 'a', 'bowl', 'coat', 'the', 'halibut', 'with', 'the', 'herb', 'mixture', 'and', 'place', 'fish', 'on', 'oil', 'sprayed', 'oven', 'tray', 'place', 'in', '450f', 'oven', 'for', '~14-16', 'minutes', 'or', 'until', 'fish', 'is', 'opaque', 'can', 'also', 'be', 'cooked', 'on', 'medium', 'on', 'a', 'grill']","['place', 'halibut', 'fillets', 'white', 'wine', 'marinate', '~20', 'mix', 'olive', 'oil', 'italian', 'seasoning', 'parsley', 'basil', 'shallots', 'garlic', 'parmesan', 'cheese', 'together', 'bowl', 'coat', 'halibut', 'herb', 'mixture', 'place', 'fish', 'oil', 'sprayed', 'oven', 'tray', 'place', '450f', 'oven', '~14', '16', 'fish', 'opaque', 'also', 'cooked', 'medium', 'grill']",Italian
1320,"['using', 'a', 'mortar', 'pestle', 'grind', 'together', 'red', 'and', 'black', 'peppers', 'dried', 'herbs', 'garlic', 'powder', 'minced', 'garlic', 'and', 'salt', 'mix', 'herb', 'mixture', 'into', 'a', 'small', 'bowl', 'pour', 'olive', 'oil', 'on', 'top', 'mix', 'throughly', 'and', 'serve', 'store', 'unused', 'mixture', 'in', 'an', 'air-tight', 'container', 'can', 'be', 'easily', 'multiplied', 'to', 'make', 'larger', 'portions']","['using', 'mortar', 'pestle', 'grind', 'together', 'red', 'black', 'peppers', 'dried', 'herbs', 'garlic', 'powder', 'minced', 'garlic', 'salt', 'mix', 'herb', 'mixture', 'small', 'bowl', 'pour', 'olive', 'oil', 'top', 'mix', 'throughly', 'serve', 'store', 'unused', 'mixture', 'air', 'tight', 'container', 'easily', 'multiplied', 'make', 'larger', 'portions']",Italian
12620,"['dry', 'roast', 'the', 'cumin', 'and', 'coriander', 'seeds', 'you', 'can', 'do', 'this', 'in', 'a', 'skillet', 'until', 'fragrant', 'and', 'starting', 'to', 'pop', 'stirring', 'constantly', 'about', '2-4', 'minutes', 'or', 'in', 'the', 'oven', 'for', '5-8', 'minutes', 'at', '350', 'f.', 'lightly', 'roast', 'the', 'red', 'chilis', 'grind', 'all', 'ingredients', 'into', 'a', 'powder', 'keep', 'sealed']","['dry', 'roast', 'cumin', 'coriander', 'seeds', 'skillet', 'fragrant', 'starting', 'pop', 'stirring', 'constantly', 'oven', 'f.', 'lightly', 'roast', 'red', 'chilis', 'grind', 'ingredients', 'powder', 'keep', 'sealed']",Indian
7403,"['heat', 'oil', 'in', 'a', 'saucepan', 'add', 'onions', 'and', 'saute', 'till', 'they', 'start', 'to', 'turn', 'a', 'light', 'golden', 'colour', 'add', 'curry', 'leaves', 'cardamoms', 'cloves', 'cinnamon', 'stick', 'stir', 'and', 'then', 'add', 'ginger', 'garlic', 'paste', 'methi', 'when', 'onions', 'are', 'a', 'golden', 'colour', 'add', 'tomatoes', 'and', 'stir', 'keep', 'heat', 'at', 'medium-high', 'in', 'a', 'small', 'bowl', 'add', 'remaining', 'spices', 'with', 'about', '1/4', 'cup', 'of', 'water', 'to', 'form', 'a', 'soupy', 'mixture', 'add', 'this', 'to', 'the', 'onion-tomato', 'mixture', 'in', 'pan', 'let', 'the', 'spices', 'cook', 'for', 'about', '3', 'min', 'add', 'meat', 'and', 'lower', 'heat', 'stir', 'frequently', 'to', 'mix', 'the', 'spices', 'in', 'and', 'to', 'prevent', 'the', 'meat', 'from', 'clumping', 'add', 'a', 'bit', 'of', 'water', 'and', 'potatoes', 'cover', 'and', 'cook', 'till', 'potatoes', 'are', 'cooked']","['heat', 'oil', 'saucepan', 'add', 'onions', 'saute', 'till', 'start', 'turn', 'light', 'golden', 'colour', 'add', 'curry', 'leaves', 'cardamoms', 'cloves', 'cinnamon', 'stick', 'stir', 'add', 'ginger', 'garlic', 'paste', 'methi', 'onions', 'golden', 'colour', 'add', 'tomatoes', 'stir', 'keep', 'heat', 'medium', 'high', 'small', 'bowl', 'add', 'remaining', 'spices', 'water', 'form', 'soupy', 'mixture', 'add', 'onion', 'tomato', 'mixture', 'pan', 'let', 'spices', 'cook', 'min', 'add', 'meat', 'lower', 'heat', 'stir', 'frequently', 'mix', 'spices', 'prevent', 'meat', 'clumping', 'add', 'bit', 'water', 'potatoes', 'cover', 'cook', 'till', 'potatoes', 'cooked']",Indian
3557,"['take', 'your', 'spinach', 'and', 'either', 'chop', 'it', 'to', 'almost', 'nothing', 'or', 'put', 'in', 'a', 'blender/processor', 'and', 'whirl', 'to', 'fine-squeeze', 'again', 'in', 'a', 'large', 'glass', 'bowl', 'add', 'spinach', 'eggs', 'salt', 'and', 'oil', 'mix', 'well', 'slowly', 'fork', 'in', 'flour-mix', 'well', 'turn', 'onto', 'a', 'floured', 'board', 'or', 'counter', 'and', 'kneed', 'to', 'a', 'smooth', 'ball', 'around', '10', 'minutes', 'wrap', 'in', 'waxed', 'paper', 'and', 'let', 'rest', 'for', '30', 'minutes', 'at', 'this', 'point', 'follow', 'your', 'pasta', 'maker', ""'s"", 'instructions', 'for', 'rolling', 'manual', 'machine', 'or', 'flour', 'your', 'counter', 'cut', 'dough', 'to', 'manageable', 'pieces', 'and', 'roll', 'to', 'desired', 'thickness', 'and', 'cut', 'to', 'desired', 'shape']","['take', 'spinach', 'either', 'chop', 'almost', 'nothing', 'put', 'blender/processor', 'whirl', 'fine', 'squeeze', 'large', 'glass', 'bowl', 'add', 'spinach', 'eggs', 'salt', 'oil', 'mix', 'well', 'slowly', 'fork', 'flour', 'mix', 'well', 'turn', 'onto', 'floured', 'board', 'counter', 'kneed', 'smooth', 'ball', 'around', 'wrap', 'waxed', 'paper', 'let', 'rest', 'point', 'follow', 'pasta', 'maker', 'instructions', 'rolling', 'manual', 'machine', 'flour', 'counter', 'cut', 'dough', 'manageable', 'pieces', 'roll', 'desired', 'thickness', 'cut', 'desired', 'shape']",Italian
5032,"['cook', 'tortellini', 'according', 'to', 'package', 'directions', 'drain', 'coat', 'a', 'large', 'nonstick', 'skillet', 'with', 'cooking', 'spray', 'add', '1', 't', 'olive', 'oil', 'and', 'heat', 'over', 'medium-high', 'heat', 'add', 'broccoli', 'green', 'pepper', 'red', 'pepper', 'zucchini', 'and', 'squash', 'and', 'saute', 'for', '5-7', 'minutes', 'or', 'until', 'peppers', 'begin', 'to', 'soften', 'add', 'cooked', 'tortellini', 'to', 'skillet', 'and', 'saute', 'another', '2', 'minutes', 'drizzle', '1', 't', 'olive', 'oil', 'over', 'entire', 'mixture', 'and', 'sprinkle', 'with', 'garlic', 'salt', 'toss', 'well', 'to', 'coat']","['cook', 'tortellini', 'according', 'package', 'directions', 'drain', 'coat', 'large', 'nonstick', 'skillet', 'cooking', 'spray', 'add', 'olive', 'oil', 'heat', 'medium', 'high', 'heat', 'add', 'broccoli', 'green', 'pepper', 'red', 'pepper', 'zucchini', 'squash', 'saute', 'peppers', 'begin', 'soften', 'add', 'cooked', 'tortellini', 'skillet', 'saute', 'another', 'drizzle', 'olive', 'oil', 'entire', 'mixture', 'sprinkle', 'garlic', 'salt', 'toss', 'well', 'coat']",Italian
6125,"['heat', 'oven', 'to', 'the', 'lowest', 'temperature', 'it', 'can', 'be', 'set', 'at', 'about', '170', 'degrees', 'season', 'veal', 'with', 'salt', 'and', 'pepper', 'to', 'taste', 'and', 'dredge', 'in', 'flour', 'over', 'medium', 'high', 'heat', 'in', 'a', 'heavy', 'large', 'pan', 'heat', 'enough', 'olive', 'oil', 'to', 'cover', 'bottom', 'of', 'pan', 'till', 'hot', 'add', 'sliced', 'garlic', 'and', 'fry', 'till', 'tan', 'in', 'color', 'remove', 'garlic', 'slices', 'and', 'set', 'a', 'side', 'remove', 'oil', 'leaving', 'just', 'enough', 'to', 'fry', 'slices', 'of', 'veal', 'adding', 'as', 'you', 'fry', 'additional', 'slices', 'if', 'needed', 'brown', 'seasoned', 'veal', 'in', 'the', 'garlic', 'oil', 'medium', 'high', 'heat', 'about', '2-3', 'minutes', 'per', 'side', 'remove', 'veal', 'and', 'place', 'in', 'a', 'warm', 'oven', 'saute', 'the', 'lemon', 'slices', 'browning', 'one', 'side', 'flip', 'then', 'add', 'shallots', 'adding', 'oil', 'if', 'needed', 'top', 'the', 'veal', 'with', 'the', 'browned', 'lemon', 'slices', 'de-glaze', 'pan', 'with', 'wine', 'and', 'chicken', 'broth', 'scraping', 'pan', 'to', 'get', 'all', 'the', 'browned', 'bits', 'of', 'yumminess', 'optional', 'you', 'can', 'make', 'a', 'slurry', 'of', '1', 'teaspoon', 'flour', 'and', 'a', 'bit', 'of', 'the', 'broth', 'add', 'to', 'the', 'wine', 'sauce', 'for', 'a', 'thicker', 'result', 'or', 'whisk', '1', 'tablespoon', 'butter', 'into', 'the', 'wine', 'sauce', 'for', 'a', 'creamy', 'richer', 'results', 'reduce', 'to', 'half', 'then', 'add', 'capers', 'and', 'half', 'the', 'parsley', 'plate', 'the', 'veal', 'and', 'lemon', 'pour', 'the', 'wine', 'sauce', 'over', 'veal', 'top', 'with', 'remaining', 'parsley', 'and', 'all', 'the', 'fried', 'garlic', 'enjoy']","['heat', 'oven', 'lowest', 'temperature', 'set', 'season', 'veal', 'salt', 'pepper', 'taste', 'dredge', 'flour', 'medium', 'high', 'heat', 'heavy', 'large', 'pan', 'heat', 'enough', 'olive', 'oil', 'cover', 'bottom', 'pan', 'till', 'hot', 'add', 'sliced', 'garlic', 'fry', 'till', 'tan', 'color', 'remove', 'garlic', 'slices', 'set', 'side', 'remove', 'oil', 'leaving', 'enough', 'fry', 'slices', 'veal', 'adding', 'fry', 'additional', 'slices', 'needed', 'brown', 'seasoned', 'veal', 'garlic', 'oil', 'medium', 'high', 'heat', 'per', 'side', 'remove', 'veal', 'place', 'warm', 'oven', 'saute', 'lemon', 'slices', 'browning', 'one', 'side', 'flip', 'add', 'shallots', 'adding', 'oil', 'needed', 'top', 'veal', 'browned', 'lemon', 'slices', 'de', 'glaze', 'pan', 'wine', 'chicken', 'broth', 'scraping', 'pan', 'get', 'browned', 'bits', 'yumminess', 'optional', 'make', 'slurry', 'flour', 'bit', 'broth', 'add', 'wine', 'sauce', 'thicker', 'result', 'whisk', 'butter', 'wine', 'sauce', 'creamy', 'richer', 'results', 'reduce', 'half', 'add', 'capers', 'half', 'parsley', 'plate', 'veal', 'lemon', 'pour', 'wine', 'sauce', 'veal', 'top', 'remaining', 'parsley', 'fried', 'garlic', 'enjoy']",Italian
1904,"['prepare', 'fettuccine', 'per', 'instructions', 'on', 'package', 'melt', 'butter', 'and', 'addgarlic', 'oregano', 'and', 'red', 'pepper', 'flakes', 'optional', 'mix', 'and', 'blend', 'well', 'in', 'a', 'medium', 'sauce', 'pan', 'add', 'crab', 'meat', 'and', 'butter', 'mixture', 'heat', 'until', 'see', 'the', 'butter', 'starting', 'to', '``', 'bubble', ""''"", 'remove', 'from', 'heat', 'and', 'toss', 'with', 'fettuccine', 'garnish', 'with', 'parmesan', 'cheese', 'and', 'serve', 'with', 'bread', 'salad', 'and', 'beverage']","['prepare', 'fettuccine', 'per', 'instructions', 'package', 'melt', 'butter', 'addgarlic', 'oregano', 'red', 'pepper', 'flakes', 'optional', 'mix', 'blend', 'well', 'medium', 'sauce', 'pan', 'add', 'crab', 'meat', 'butter', 'mixture', 'heat', 'see', 'butter', 'starting', '``', 'bubble', ""''"", 'remove', 'heat', 'toss', 'fettuccine', 'garnish', 'parmesan', 'cheese', 'serve', 'bread', 'salad', 'beverage']",Italian
8996,"['lightly', 'grease', 'crockpot', 'preheat', 'on', 'high', 'setting', 'for', '20', 'minutes', 'meanwhile', 'mix', 'milk', 'cornmeal', 'and', 'salt', 'to', 'a', 'boil', 'boil', 'stirring', 'constantly', 'for', '5', 'minutes', 'cover', 'and', 'simmer', 'an', 'additional', '10', 'minutes', 'in', 'large', 'bowl', 'combine', 'the', 'rest', 'of', 'the', 'ingredients', 'gradually', 'beat', 'in', 'the', 'hot', 'cornmeal', 'mixture', 'with', 'an', 'electric', 'mixer', 'or', 'whisk', 'until', 'smooth', 'pour', 'into', 'the', 'preheated', 'crockpot', 'cover', 'and', 'cook', 'on', 'high', 'setting', 'for', '2-3', 'hours', 'or', 'on', 'low', 'for', '6-8', 'hours', 'spoon', 'into', 'serving', 'dishes', 'and', 'serve', 'warm', 'with', 'ice', 'cream', 'if', 'desired', 'double', 'recipe', 'for', 'a', '5', 'quart', 'crockpot']","['lightly', 'grease', 'crockpot', 'preheat', 'high', 'setting', 'meanwhile', 'mix', 'milk', 'cornmeal', 'salt', 'boil', 'boil', 'stirring', 'constantly', 'cover', 'simmer', 'additional', 'large', 'bowl', 'combine', 'rest', 'ingredients', 'gradually', 'beat', 'hot', 'cornmeal', 'mixture', 'electric', 'mixer', 'whisk', 'smooth', 'pour', 'preheated', 'crockpot', 'cover', 'cook', 'high', 'setting', 'low', 'spoon', 'serving', 'dishes', 'serve', 'warm', 'ice', 'cream', 'desired', 'double', 'recipe', 'crockpot']",Indian
11151,"['fry', 'onions', 'in', 'oil', 'till', 'translucent', 'add', 'tomatoes', 'chili', 'powder', 'turmeric', 'and', 'salt', 'simmer', 'till', 'tomatoes', 'are', 'soft', 'about', '10', 'minutes', 'adding', 'water', 'as', 'necessary', 'add', 'boiled', 'egg', 'halves', 'cook', 'another', 'couple', 'minutes']","['fry', 'onions', 'oil', 'till', 'translucent', 'add', 'tomatoes', 'chili', 'powder', 'turmeric', 'salt', 'simmer', 'till', 'tomatoes', 'soft', 'adding', 'water', 'necessary', 'add', 'boiled', 'egg', 'halves', 'cook', 'another', 'couple']",Indian
9191,"['toast', 'the', 'bread', 'slices', 'till', 'slightly', 'brown', 'make', 'sure', 'they', 'do', ""n't"", 'become', 'hard', 'coat', 'the', 'bread', 'slices', 'with', 'mayonnaise', 'fry', 'the', 'egg', 'adding', 'salt', 'and', 'pepper', 'calories', 'watchers', 'can', 'boil', 'the', 'egg', 'instead', 'of', 'frying', 'place', 'the', 'egg', 'and', 'lettuce', 'between', 'the', 'two', 'slices', 'and', 'enjoy']","['toast', 'bread', 'slices', 'till', 'slightly', 'brown', 'make', 'sure', 'become', 'hard', 'coat', 'bread', 'slices', 'mayonnaise', 'fry', 'egg', 'adding', 'salt', 'pepper', 'calories', 'watchers', 'boil', 'egg', 'instead', 'frying', 'place', 'egg', 'lettuce', 'two', 'slices', 'enjoy']",Indian
5814,"['wash', 'the', 'eggplants', 'remove', 'the', 'stems', 'peel', 'and', 'slice', 'lengthwise', 'soak', 'the', 'eggplants', 'in', 'the', 'salt', 'and', 'enough', 'water', 'to', 'cover', 'the', 'eggplant', 'keep', 'them', 'immersed', 'with', 'a', 'heavy', 'plate', 'for', 'about', '20', 'minute', 'to', '1/2', 'hours', 'the', 'longer', 'the', 'better', 'this', 'takes', 'out', 'the', 'bitterness', 'preheat', 'the', 'olive', 'oil', 'but', 'be', 'careful', 'it', 'is', 'not', 'too', 'hot', 'olive', 'oil', 'will', 'splatter', 'dry', 'the', 'eggplant', 'with', 'paper', 'towels', 'dredge', 'the', 'eggplant', 'first', 'into', 'flour', 'then', 'dip', 'into', 'the', 'egg', 'fry', 'until', 'golden', 'brown', 'and', 'drain', 'on', 'paper', 'towels', 'in', 'the', 'middle', 'of', 'each', 'place', 'a', 'slice', 'of', 'mozzarella', 'and', 'a', 'spoon', 'of', 'ricotta', 'cheese', 'roll', 'up', 'the', 'eggplant', 'and', 'place', 'seam', 'side', 'down', 'in', 'a', 'greased', 'shallow', 'baking', 'dish', 'top', 'with', 'marinara', 'sauce', 'bake', 'in', 'a', '350', 'oven', 'for', '20-30', 'minute', 'garnish', 'with', 'grated', 'cheese', 'and', 'some', 'fnely', 'chopped', 'parsley']","['wash', 'eggplants', 'remove', 'stems', 'peel', 'slice', 'lengthwise', 'soak', 'eggplants', 'salt', 'enough', 'water', 'cover', 'eggplant', 'keep', 'immersed', 'heavy', 'plate', 'longer', 'better', 'takes', 'bitterness', 'preheat', 'olive', 'oil', 'careful', 'hot', 'olive', 'oil', 'splatter', 'dry', 'eggplant', 'paper', 'towels', 'dredge', 'eggplant', 'first', 'flour', 'dip', 'egg', 'fry', 'golden', 'brown', 'drain', 'paper', 'towels', 'middle', 'place', 'slice', 'mozzarella', 'spoon', 'ricotta', 'cheese', 'roll', 'eggplant', 'place', 'seam', 'side', 'greased', 'shallow', 'baking', 'dish', 'top', 'marinara', 'sauce', 'bake', 'oven', 'garnish', 'grated', 'cheese', 'fnely', 'chopped', 'parsley']",Italian
5121,"['slice', 'the', 'tops', 'off', 'the', 'tomatoes', 'and', 'set', 'aside', 'scoop', 'out', 'the', 'seeds', 'and', 'pulp', 'from', 'the', 'tomatoes', 'with', 'a', 'teaspoon', 'but', 'be', 'careful', 'not', 'to', 'cut', 'through', 'to', 'the', 'base', 'chop', 'the', 'pulp', 'and', 'keep', 'the', 'seeds', 'but', 'discard', 'the', 'hard', 'central', 'cores', 'heat', 'the', 'oil', 'in', 'a', 'medium', 'saucepan', 'and', 'tip', 'in', 'the', 'rice', 'fry', 'gently', 'over', 'a', 'low', 'heat', 'for', '2', 'minutes', 'stirring', 'frequently', 'to', 'stop', 'the', 'rice', 'from', 'browning', 'then', 'add', 'the', 'scallions', 'zucchini', 'and', 'mushrooms', 'and', 'fry', 'gently', 'for', '2', 'more', 'minutes', 'preheat', 'the', 'oven', 'to', '375°f', 'pour', 'in', 'the', 'stock', 'then', 'stir', 'in', 'the', 'dried', 'herbs', 'tomato', 'pulp', 'and', 'seeds', 'the', 'seeds', 'will', 'add', 'fibre', 'and', 'wo', ""n't"", 'be', 'noticeable', 'in', 'the', 'finished', 'dish', 'cook', 'gently', 'for', 'about', '15-20', 'minutes', 'stirring', 'frequently', 'until', 'the', 'rice', 'is', 'tender', 'and', 'the', 'stock', 'has', 'been', 'absorbed', 'add', 'extra', 'stock', 'or', 'water', 'if', 'necessary', 'turn', 'off', 'the', 'heat', 'tear', 'the', 'basil', 'leaves', 'into', 'the', 'pan', 'and', 'scatter', 'with', 'parmesan', 'season', 'with', 'salt', 'and', 'pepper', 'and', 'stir', 'well', 'put', 'the', 'tomatoes', 'in', 'an', 'ovenproof', 'dish', 'and', 'fill', 'each', 'one', 'generously', 'with', 'the', 'risotto', 'replace', 'tomato', 'tops', 'and', 'bake', 'uncovered', 'for', '15-20', 'minutes', 'until', 'the', 'tomatoes', 'are', 'tender', 'cool', 'for', '5', 'minutes', 'then', 'serve', 'with', 'a', 'few', 'arugula', 'leaves', 'on', 'top']","['slice', 'tops', 'tomatoes', 'set', 'aside', 'scoop', 'seeds', 'pulp', 'tomatoes', 'careful', 'cut', 'base', 'chop', 'pulp', 'keep', 'seeds', 'discard', 'hard', 'central', 'cores', 'heat', 'oil', 'medium', 'saucepan', 'tip', 'rice', 'fry', 'gently', 'low', 'heat', 'stirring', 'frequently', 'stop', 'rice', 'browning', 'add', 'scallions', 'zucchini', 'mushrooms', 'fry', 'gently', 'preheat', 'oven', '375°f', 'pour', 'stock', 'stir', 'dried', 'herbs', 'tomato', 'pulp', 'seeds', 'seeds', 'add', 'fibre', 'wo', 'noticeable', 'finished', 'dish', 'cook', 'gently', 'stirring', 'frequently', 'rice', 'tender', 'stock', 'absorbed', 'add', 'extra', 'stock', 'water', 'necessary', 'turn', 'heat', 'tear', 'basil', 'leaves', 'pan', 'scatter', 'parmesan', 'season', 'salt', 'pepper', 'stir', 'well', 'put', 'tomatoes', 'ovenproof', 'dish', 'fill', 'one', 'generously', 'risotto', 'replace', 'tomato', 'tops', 'bake', 'uncovered', 'tomatoes', 'tender', 'cool', 'serve', 'arugula', 'leaves', 'top']",Italian
10738,"['put', 'oil', 'in', 'a', 'wok', 'add', 'garlic', 'when', 'it', 'turns', 'slightly', 'brown', 'add', 'eggs', 'or', 'vegetables', 'rice', 'chicken', 'or', 'vegetables', 'spring', 'onions', 'salt', 'soy', 'sauce', 'white', 'pepper', 'powder', 'and', 'sugar', 'mix', 'well', 'add', 'in', 'raisins', 'and', 'pineapples', 'mix', 'well', 'garnish', 'with', 'fried', 'cashews', 'and', 'serve']","['put', 'oil', 'wok', 'add', 'garlic', 'turns', 'slightly', 'brown', 'add', 'eggs', 'vegetables', 'rice', 'chicken', 'vegetables', 'spring', 'onions', 'salt', 'soy', 'sauce', 'white', 'pepper', 'powder', 'sugar', 'mix', 'well', 'add', 'raisins', 'pineapples', 'mix', 'well', 'garnish', 'fried', 'cashews', 'serve']",Indian
9508,"['in', 'a', 'large', 'wok', 'over', 'medium', 'heat', 'toast', 'the', 'corn', 'cereal', 'puffed', 'rice', 'cereal', 'peanuts', 'and', 'pepitas', 'until', 'the', 'cereals', 'have', 'crisped', 'up', 'about', '2', 'minutes', 'remove', 'from', 'the', 'pan', 'warm', 'the', 'oil', 'in', 'the', 'same', 'wok', 'over', 'medium', 'heat', 'add', 'the', 'mustard', 'seeds', 'stand', 'back', 'they', ""'ll"", 'pop', 'curry', 'leaves', 'green', 'chile', 'and', 'turmeric', 'cook', 'about', '30', 'seconds', 'turn', 'the', 'heat', 'off', 'add', 'the', 'cereal', 'mixture', 'plantain', 'chips', 'if', 'using', 'and', 'raisins', 'season', 'with', 'salt', 'toss', 'until', 'well', 'combined', 'and', 'pour', 'into', 'a', 'big', 'bowl', 'crack', 'a', 'beer', 'and', 'enjoy']","['large', 'wok', 'medium', 'heat', 'toast', 'corn', 'cereal', 'puffed', 'rice', 'cereal', 'peanuts', 'pepitas', 'cereals', 'crisped', 'remove', 'pan', 'warm', 'oil', 'wok', 'medium', 'heat', 'add', 'mustard', 'seeds', 'stand', 'back', 'pop', 'curry', 'leaves', 'green', 'chile', 'turmeric', 'cook', 'seconds', 'turn', 'heat', 'add', 'cereal', 'mixture', 'plantain', 'chips', 'using', 'raisins', 'season', 'salt', 'toss', 'well', 'combined', 'pour', 'big', 'bowl', 'crack', 'beer', 'enjoy']",Indian
12486,"['separate', 'and', 'cut', 'the', 'cauliflower', 'into', '1-inch', 'florets', 'peel', 'the', 'cauliflower', 'stem', 'and', 'cut', 'into', 'thin', 'slices', 'set', 'aside', 'trim', 'the', 'scallions', 'and', 'chop', 'them', 'including', 'the', 'entire', 'green', 'part', 'set', 'aside', 'measure', 'out', 'the', 'spices', 'and', 'place', 'them', 'as', 'well', 'as', 'the', 'water', 'right', 'next', 'to', 'the', 'stove', 'heat', 'the', 'oil', 'in', 'a', 'wok', 'or', 'a', 'saute', 'an', 'over', 'high', 'heat', 'when', 'the', 'oil', 'is', 'hot', 'add', 'the', 'mustard', 'cumin', 'fennel', 'keep', 'a', 'pot', 'lid', 'handy', 'since', 'the', 'seeds', 'may', 'splatter', 'and', 'sputter', 'when', 'added', 'when', 'the', 'seeds', 'stop', 'sputtering', 'add', 'the', 'turmeric', 'and', 'immediately', 'add', 'the', 'cauliflower', 'stir-fry', 'the', 'cauliflower', 'until', 'it', ""'s"", 'evenly', 'coated', 'with', 'spice-infused', 'oil', 'add', 'the', 'scallions', 'salt', 'and', 'water', 'mix', 'and', 'cover', 'with', 'a', 'lid', 'cook', 'over', 'medium', 'heat', 'and', 'toss', 'a', 'couple', 'times', 'until', 'the', 'cauliflower', 'until', 'the', 'cauliflower', 'is', 'soft', 'about', '10', 'minutes', 'uncover', 'fold', 'in', 'the', 'coriander', 'and', 'continue', 'stir-frying', 'until', 'excess', 'moisture', 'evaporates', 'and', 'the', 'cauliflower', 'looks', 'glazed', 'about', '5', 'minutes', 'turn', 'off', 'the', 'heat', 'and', 'serve']","['separate', 'cut', 'cauliflower', '1', 'inch', 'florets', 'peel', 'cauliflower', 'stem', 'cut', 'thin', 'slices', 'set', 'aside', 'trim', 'scallions', 'chop', 'including', 'entire', 'green', 'part', 'set', 'aside', 'measure', 'spices', 'place', 'well', 'water', 'right', 'next', 'stove', 'heat', 'oil', 'wok', 'saute', 'high', 'heat', 'oil', 'hot', 'add', 'mustard', 'cumin', 'fennel', 'keep', 'pot', 'lid', 'handy', 'since', 'seeds', 'may', 'splatter', 'sputter', 'added', 'seeds', 'stop', 'sputtering', 'add', 'turmeric', 'immediately', 'add', 'cauliflower', 'stir', 'fry', 'cauliflower', 'evenly', 'coated', 'spice', 'infused', 'oil', 'add', 'scallions', 'salt', 'water', 'mix', 'cover', 'lid', 'cook', 'medium', 'heat', 'toss', 'couple', 'times', 'cauliflower', 'cauliflower', 'soft', 'uncover', 'fold', 'coriander', 'continue', 'stir', 'frying', 'excess', 'moisture', 'evaporates', 'cauliflower', 'looks', 'glazed', 'turn', 'heat', 'serve']",Indian
2588,"['in', 'bowl', 'beat', 'egg', 'with', 'salt', 'seasoning', 'red', 'pepper', 'flakes', 'and', 'garlic', 'add', 'chopped', 'onion', 'beef', 'pork', 'bread', 'crumbs', 'and', 'parmesan', 'mix', 'well', 'shape', 'into', '1', '1/2', '”', 'balls', 'place', 'meatballs', 'in', '5', 'qt', 'or', 'larger', 'crock', 'pot', 'in', 'same', 'bowl', 'mix', 'tomato', 'sauce', 'with', 'wine', 'and', 'pour', 'over', 'meatballs', 'cover', 'and', 'cook', 'on', 'low', 'til', 'meatballs', 'are', 'no', 'longer', 'pink', 'in', 'the', 'middle', '5-6', 'hours', 'great', 'on', 'pasta', 'or', 'on', 'a', 'bun', 'as', 'a', 'sandwich', 'topped', 'with', 'parmesan', 'and/or', 'mozzarella']","['bowl', 'beat', 'egg', 'salt', 'seasoning', 'red', 'pepper', 'flakes', 'garlic', 'add', 'chopped', 'onion', 'beef', 'pork', 'bread', 'crumbs', 'parmesan', 'mix', 'well', 'shape', '”', 'balls', 'place', 'meatballs', 'larger', 'crock', 'pot', 'bowl', 'mix', 'tomato', 'sauce', 'wine', 'pour', 'meatballs', 'cover', 'cook', 'low', 'til', 'meatballs', 'longer', 'pink', 'middle', 'great', 'pasta', 'bun', 'sandwich', 'topped', 'parmesan', 'and/or', 'mozzarella']",Italian
8745,"['drain', 'beans', 'and', 'rinse', 'thoroughly', 'combine', 'beans', 'half', 'the', 'garlic', 'half', 'the', 'minced', 'onion', 'and', 'salt', 'in', 'a', '4-6', 'qt', 'slow', 'cooker', 'with', '3', '1/2', 'cups', 'water', 'puree', 'remaining', 'garlic', 'ginger', 'serrano', 'chiles', 'turmeric', 'and', 'paprika', 'with', '2', 'tablespoons', 'water', 'in', 'food', 'processor', 'set', 'paste', 'aside', 'heat', 'oil', 'in', 'a', '10', 'inch', 'skillet', 'over', 'medium-high', 'heat', 'add', 'chile', 'de', 'arbol', 'coriander', 'cumin', 'and', 'cinnamon', 'cook', 'until', 'fragrant', 'about', '1', 'minute', 'add', 'remaining', 'minced', 'onion', 'cook', 'until', 'browned', 'about', '1', 'minute', 'add', 'paste', 'cook', 'for', '2', 'minutes', 'stir', 'in', 'tomatoes', 'cook', 'until', 'liquid', 'has', 'mostly', 'evaporated', 'about', '12', 'minutes', 'add', 'tomato', 'mixture', 'cilantro', 'garam', 'masala', 'lemon', 'juice', 'salt', 'and', 'pepper', 'to', 'beans', 'in', 'slow', 'cooker', 'mix', 'well', 'and', 'check', 'level', 'of', 'the', 'water', 'add', 'more', 'water', 'if', 'necessary', 'so', 'that', 'there', 'is', 'at', 'least', '1', 'inch', 'above', 'level', 'of', 'the', 'bean', 'mixture', 'cook', 'on', 'low', 'for', '7-8', 'hours', 'and', 'on', 'high', 'for', '4-5', 'hours', 'serve', 'over', 'rice', 'and', 'garnish', 'with', 'sliced', 'red', 'onion']","['drain', 'beans', 'rinse', 'thoroughly', 'combine', 'beans', 'half', 'garlic', 'half', 'minced', 'onion', 'salt', 'slow', 'cooker', 'water', 'puree', 'remaining', 'garlic', 'ginger', 'serrano', 'chiles', 'turmeric', 'paprika', 'water', 'food', 'processor', 'set', 'paste', 'aside', 'heat', 'oil', 'skillet', 'medium', 'high', 'heat', 'add', 'chile', 'de', 'arbol', 'coriander', 'cumin', 'cinnamon', 'cook', 'fragrant', 'add', 'remaining', 'minced', 'onion', 'cook', 'browned', 'add', 'paste', 'cook', 'stir', 'tomatoes', 'cook', 'liquid', 'mostly', 'evaporated', 'add', 'tomato', 'mixture', 'cilantro', 'garam', 'masala', 'lemon', 'juice', 'salt', 'pepper', 'beans', 'slow', 'cooker', 'mix', 'well', 'check', 'level', 'water', 'add', 'water', 'necessary', 'least', 'level', 'bean', 'mixture', 'cook', 'low', 'high', 'serve', 'rice', 'garnish', 'sliced', 'red', 'onion']",Indian
4046,"['drain', 'clams', 'saving', '3/4', 'cup', 'juices', 'melt', 'butter', 'and', 'olive', 'oil', 'together', 'over', 'medium', 'heat', 'add', 'shallots', 'and', 'stir', 'for', '1', 'minute', 'then', 'add', 'mushrooms', 'cook', 'stirring', 'occasionally', 'until', 'tender', 'stir', 'in', 'juices', 'basil', 'salt', 'and', 'pepper', 'bring', 'to', 'a', 'boil', 'reduce', 'heat', 'simmer', 'for', '10', 'minutes', 'uncovered', 'add', 'clams', 'simmer', '3', 'more', 'minutes', 'start', 'pasta', 'while', 'sauce', 'is', 'simmering']","['drain', 'clams', 'saving', 'juices', 'melt', 'butter', 'olive', 'oil', 'together', 'medium', 'heat', 'add', 'shallots', 'stir', 'add', 'mushrooms', 'cook', 'stirring', 'occasionally', 'tender', 'stir', 'juices', 'basil', 'salt', 'pepper', 'bring', 'boil', 'reduce', 'heat', 'simmer', 'uncovered', 'add', 'clams', 'simmer', 'start', 'pasta', 'sauce', 'simmering']",Italian
4626,"['cook', 'pasta', 'according', 'to', 'the', 'package', 'directions', 'omitting', 'salt', 'and', 'fat', 'drain', 'pasta', 'in', 'a', 'colander', 'over', 'a', 'bowl', 'reserving', '1/4', 'cup', 'cooking', 'liquid', 'combine', 'milk', 'and', 'next', '4', 'ingredients', 'through', 'pepper', 'in', 'a', 'small', 'bowl', 'set', 'milk', 'mixture', 'aside', 'heat', 'a', 'medium', 'nonstick', 'skillet', 'over', 'medium-high', 'heat', 'coat', 'pan', 'with', 'cooking', 'spray', 'add', 'pancetta', 'to', 'pan', 'saute', '3', 'minutes', 'or', 'until', 'lightly', 'browned', 'add', 'onion', 'and', 'garlic', 'to', 'pan', 'saute', '3', 'minutes', 'or', 'until', 'onion', 'is', 'lightly', 'browned', 'reduce', 'heat', 'to', 'medium-low', 'add', 'milk', 'mixture', 'and', 'pasta', 'to', 'a', 'pan', 'toss', 'gently', 'to', 'coat', 'place', 'egg', 'in', 'small', 'bowl', 'stir', 'with', 'a', 'whisk', 'gradually', 'add', '1/4', 'cup', 'reserved', 'hot', 'cooking', 'liquid', 'stirring', 'constantly', 'with', 'a', 'whisk', 'gradually', 'add', 'egg', 'mixture', 'to', 'pan', 'stirring', 'constantly', 'cook', '4', 'minutes', 'or', 'until', 'sauce', 'is', 'thick', 'and', 'creamy', 'one', 'serving', 'is', '1', '1/4', 'cups']","['cook', 'pasta', 'according', 'package', 'directions', 'omitting', 'salt', 'fat', 'drain', 'pasta', 'colander', 'bowl', 'reserving', 'cooking', 'liquid', 'combine', 'milk', 'next', 'ingredients', 'pepper', 'small', 'bowl', 'set', 'milk', 'mixture', 'aside', 'heat', 'medium', 'nonstick', 'skillet', 'medium', 'high', 'heat', 'coat', 'pan', 'cooking', 'spray', 'add', 'pancetta', 'pan', 'saute', 'lightly', 'browned', 'add', 'onion', 'garlic', 'pan', 'saute', 'onion', 'lightly', 'browned', 'reduce', 'heat', 'medium', 'low', 'add', 'milk', 'mixture', 'pasta', 'pan', 'toss', 'gently', 'coat', 'place', 'egg', 'small', 'bowl', 'stir', 'whisk', 'gradually', 'add', 'reserved', 'hot', 'cooking', 'liquid', 'stirring', 'constantly', 'whisk', 'gradually', 'add', 'egg', 'mixture', 'pan', 'stirring', 'constantly', 'cook', 'sauce', 'thick', 'creamy', 'one', 'serving']",Italian
6685,"['in', 'the', 'bowl', 'of', 'a', 'food', 'processor', 'combine', 'ginger', 'garlic', 'salt', 'cumin', 'chili', 'powder', 'turmeric', 'and', 'white', 'pepper', 'pulse', 'scraping', 'down', 'the', 'sides', 'occasionally', 'until', 'everything', 'is', 'finely', 'choppd', 'add', 'in', 'the', 'lemon', 'juice', '1', 'tablespoon', 'vegetable', 'oil', 'and', 'puree', 'add', 'the', 'sour', 'cream', 'and', 'yogurt', 'and', 'pulse', 'just', 'to', 'combine', 'transfer', 'the', 'marinade', 'to', 'a', 'non-reactive', 'bowl', 'or', 'resealable', 'plastic', 'baggie', 'and', 'add', 'the', 'mushrooms', 'cover', 'and', 'refrigerate', '30', 'minutes', 'if', 'using', 'a', 'tandoor', 'heat', 'to', '500', 'degees', 'f', 'if', 'using', 'a', 'grill', 'or', 'the', 'broiler', 'heat', 'to', 'high', 'heat', 'thread', 'mushrooms', 'onto', 'skewers', 'and', 'cook', 'in', 'the', 'tandoor', 'until', 'lightly', 'browned', '2', 'to', '3', 'minutes', 'baste', 'with', '1', 'tablespoon', 'oil', 'and', 'continue', 'cooking', 'until', 'browned', 'and', 'tender', 'about', '1', 'to', '2', 'minutes', '3', 'to', '4', 'per', 'side', 'on', 'the', 'grill', 'or', 'broiler', 'basting', 'with', 'the', 'oil']","['bowl', 'food', 'processor', 'combine', 'ginger', 'garlic', 'salt', 'cumin', 'chili', 'powder', 'turmeric', 'white', 'pepper', 'pulse', 'scraping', 'sides', 'occasionally', 'everything', 'finely', 'choppd', 'add', 'lemon', 'juice', 'vegetable', 'oil', 'puree', 'add', 'sour', 'cream', 'yogurt', 'pulse', 'combine', 'transfer', 'marinade', 'non', 'reactive', 'bowl', 'resealable', 'plastic', 'baggie', 'add', 'mushrooms', 'cover', 'refrigerate', 'using', 'tandoor', 'heat', 'degees', 'f', 'using', 'grill', 'broiler', 'heat', 'high', 'heat', 'thread', 'mushrooms', 'onto', 'skewers', 'cook', 'tandoor', 'lightly', 'browned', 'baste', 'oil', 'continue', 'cooking', 'browned', 'tender', 'per', 'side', 'grill', 'broiler', 'basting', 'oil']",Indian
11712,"['remove', 'the', 'peel', 'and', 'seed', 'from', 'the', 'avocados', 'and', 'put', 'into', 'a', 'mixing', 'bowl', 'mash', 'till', 'almost', 'smooth', 'add', 'the', 'chopped', 'onion', 'tomato', 'green', 'chilli', 'all', 'the', 'spices', 'and', 'the', 'lemon', 'juice', 'and', 'chopped', 'cilantro', 'or', 'parsley', 'mix', 'until', 'all', 'ingredients', 'are', 'blended', 'add', 'the', 'yogurt', 'salt', 'to', 'taste', 'and', 'stir', 'to', 'blend', 'with', 'avocado', 'mixture', 'chill', 'well', 'in', 'refrigerator', 'and', 'serve']","['remove', 'peel', 'seed', 'avocados', 'put', 'mixing', 'bowl', 'mash', 'till', 'almost', 'smooth', 'add', 'chopped', 'onion', 'tomato', 'green', 'chilli', 'spices', 'lemon', 'juice', 'chopped', 'cilantro', 'parsley', 'mix', 'ingredients', 'blended', 'add', 'yogurt', 'salt', 'taste', 'stir', 'blend', 'avocado', 'mixture', 'chill', 'well', 'refrigerator', 'serve']",Indian
334,"['melt', 'in', 'double', 'boiler', 'white', 'chocolate', 'and', '1/4', 'c', 'heavy', 'cream', 'stirring', 'until', 'smooth', 'cool', 'completely', 'in', 'a', 'large', 'mixer', 'bowl', 'beat', 'cream', 'cheese', 'until', 'fluffy', 'stir', 'in', 'melted', 'white', 'morsels', 'mixture', 'in', 'a', 'small', 'mixer', 'bowl', 'beat', 'remaining', '1', '1/4', 'cup', 'heavy', 'cream/or', 'whipping', 'cream', 'until', 'stiff', 'peaks', 'form', 'fold', 'into', 'cream', 'cheese', 'mixture', 'line', 'side', 'of', '9', 'x', '3', 'inch', 'springform', 'pan', 'with', 'ladyfinger', 'halves', 'cut', 'sides', 'inches', 'arrange', 'half', 'of', 'remaining', 'lady', 'fingers', 'on', 'bottom', 'of', 'pan', 'in', 'small', 'bowl', 'combine', 'coffee', 'brandy', 'brush', 'half', 'over', 'ladyfingers', 'in', 'bottom', 'of', 'pan', 'cover', 'with', 'half', 'the', 'cream', 'cheese', 'filling', 'cover', 'with', '1/2', 'of', 'the', 'blueberrries', 'repeat', 'with', 'ladyfingers', 'coffee', 'mixture', 'and', 'remaining', 'cream', 'cheese', 'mixture', 'top', 'with', 'the', 'remaining', 'blueberries', 'arranged', 'attractively', 'on', 'top', 'cover', 'refrigerate', 'overnight', 'remove', 'side', 'of', 'pan', 'before', 'serving']","['melt', 'double', 'boiler', 'white', 'chocolate', 'c', 'heavy', 'cream', 'stirring', 'smooth', 'cool', 'completely', 'large', 'mixer', 'bowl', 'beat', 'cream', 'cheese', 'fluffy', 'stir', 'melted', 'white', 'morsels', 'mixture', 'small', 'mixer', 'bowl', 'beat', 'remaining', 'heavy', 'cream/or', 'whipping', 'cream', 'stiff', 'peaks', 'form', 'fold', 'cream', 'cheese', 'mixture', 'line', 'side', 'x', 'springform', 'pan', 'ladyfinger', 'halves', 'cut', 'sides', 'arrange', 'half', 'remaining', 'lady', 'fingers', 'bottom', 'pan', 'small', 'bowl', 'combine', 'coffee', 'brandy', 'brush', 'half', 'ladyfingers', 'bottom', 'pan', 'cover', 'half', 'cream', 'cheese', 'filling', 'cover', 'blueberrries', 'repeat', 'ladyfingers', 'coffee', 'mixture', 'remaining', 'cream', 'cheese', 'mixture', 'top', 'remaining', 'blueberries', 'arranged', 'attractively', 'top', 'cover', 'refrigerate', 'overnight', 'remove', 'side', 'pan', 'serving']",Italian
2259,"['preheat', 'large', 'skillet', 'with', 'olive', 'oil', 'over', 'medium', 'heat', 'cook', 'onions', 'and', 'garlic', 'until', 'crisp', 'soft', 'about', '5', 'minutes', 'add', 'salt', 'and', 'pepper', 'add', 'carrots', 'and', 'celery', 'and', 'cook', 'for', 'about', '3-4', 'minutes', 'add', 'red', 'and', 'yellow', 'peppers', 'and', 'cook', 'for', '3-4', 'minutes', 'meanwhile', 'dump', 'tomatoes', 'into', 'large', 'bowl', 'and', 'break', 'up', 'into', 'smaller', 'pieces', 'with', 'your', 'hands', 'dump', 'in', 'skillet', 'with', 'other', 'vegetables', 'bring', 'to', 'boil', 'remove', 'from', 'heat', 'and', 'add', 'cayenne', 'pepper', 'and', 'vinegar', 'chill', 'and', 'reheat', 'to', 'warm', 'serve', 'with', 'baguette', 'slices', 'the', 'veggies', 'should', 'be', 'crisp', 'and', 'not', 'completly', 'cooked', 'through']","['preheat', 'large', 'skillet', 'olive', 'oil', 'medium', 'heat', 'cook', 'onions', 'garlic', 'crisp', 'soft', 'add', 'salt', 'pepper', 'add', 'carrots', 'celery', 'cook', 'add', 'red', 'yellow', 'peppers', 'cook', 'meanwhile', 'dump', 'tomatoes', 'large', 'bowl', 'break', 'smaller', 'pieces', 'hands', 'dump', 'skillet', 'vegetables', 'bring', 'boil', 'remove', 'heat', 'add', 'cayenne', 'pepper', 'vinegar', 'chill', 'reheat', 'warm', 'serve', 'baguette', 'slices', 'veggies', 'crisp', 'completly', 'cooked']",Italian
10020,"['wash', 'rice', 'and', 'drain', 'heat', 'ghee', 'in', 'a', 'heavy-bottomed', 'pot', 'add', 'cinnamon', 'cloves', 'and', 'cardamom', 'when', 'they', 'crackle', 'add', 'rice', 'stir', '1', 'minute', 'add', 'curry', 'leaves', 'ginger', 'jalapeno', 'salt', 'potatoes', 'and', 'vegetables', 'mix', 'well', 'add', 'boiling', 'water', 'cover', 'and', 'cook', 'over', 'low', 'heat', 'until', 'water', 'is', 'absorbed', 'and', 'rice', 'is', 'cooked']","['wash', 'rice', 'drain', 'heat', 'ghee', 'heavy', 'bottomed', 'pot', 'add', 'cinnamon', 'cloves', 'cardamom', 'crackle', 'add', 'rice', 'stir', 'add', 'curry', 'leaves', 'ginger', 'jalapeno', 'salt', 'potatoes', 'vegetables', 'mix', 'well', 'add', 'boiling', 'water', 'cover', 'cook', 'low', 'heat', 'water', 'absorbed', 'rice', 'cooked']",Indian
4342,"['preheat', 'the', 'oven', 'to', '180', 'deg', 'celsius', 'grease', 'a', 'shallow', 'ovenproof', 'dish', 'place', 'the', 'peppers', 'and', 'eggplant', 'tightly', 'together', 'in', 'the', 'dish', 'and', 'sprinkle', 'over', 'the', 'capers', 'olives', 'garlic', 'mozzarella', 'feta', 'and', 'breadcrumbs', 'pour', 'over', 'the', 'wine', 'and', 'olive', 'oil', 'and', 'then', 'sprinkle', 'the', 'mint', 'parsley', 'and', 'freshly', 'ground', 'black', 'pepper', 'bake', 'for', '30-40', 'minutes', 'until', 'the', 'topping', 'is', 'crisp', 'and', 'golden', 'serve', 'hot', 'with', 'chunks', 'of', 'french', 'or', 'italian', 'bread', 'as', 'a', 'starter', 'or', 'on', 'rice', 'or', 'couscous', 'as', 'a', 'main', 'course']","['preheat', 'oven', 'deg', 'celsius', 'grease', 'shallow', 'ovenproof', 'dish', 'place', 'peppers', 'eggplant', 'tightly', 'together', 'dish', 'sprinkle', 'capers', 'olives', 'garlic', 'mozzarella', 'feta', 'breadcrumbs', 'pour', 'wine', 'olive', 'oil', 'sprinkle', 'mint', 'parsley', 'freshly', 'ground', 'black', 'pepper', 'bake', 'topping', 'crisp', 'golden', 'serve', 'hot', 'chunks', 'french', 'italian', 'bread', 'starter', 'rice', 'couscous', 'main', 'course']",Italian
866,"['spray', 'a', 'large', 'hot', 'frying', 'pan', 'with', 'non', 'stick', 'spray', 'place', 'links', 'in', 'and', 'cook', 'for', '15', 'minutes', 'till', 'brown', 'remove', 'from', 'pan', 'and', 'set', 'aside', 'in', 'pan', 'add', 'olive', 'oil', 'and', 'brown', 'sage', 'leaves', 'till', 'crisp', 'and', 'remove', 'all', 'set', '6', 'aside', 'fro', 'garnish', 'crumble', '2', 'leaves', 'add', 'additional', 'oil', 'if', 'needed', 'to', 'saute', 'the', 'onions', 'for', '3', 'minutes', 'over', 'medium', 'heat', 'stirring', 'to', 'remove', 'the', 'brown', 'bits', 'of', 'goodness', 'from', 'pan', 'add', 'apple', 'slices', 'the', '2', 'crumbled', 'sage', 'leaves', 'garlic', 'and', 'seasoned', 'salt', 'cinnamon', 'and', 'cook', 'for', '1', 'minute', 'add', 'apple', 'juice', 'and', 'cranberries', 'to', 'onion', 'mixture', 'bring', 'to', 'a', 'boil', 'then', 'lower', 'to', 'a', 'simmer', 'for', '5', 'minutes', 'over', 'medium', 'heat', 'meanwhile', 'slice', 'sausage', 'stir', 'the', 'butternut', 'and', 'cream', 'into', 'the', 'onion', 'mixture', 'add', 'sausage', 'stir', 'and', 'reduce', 'heat', 'to', 'a', 'low', 'simmer', 'toss', 'cooked', 'tortellini', 'in', 'to', 'sausage', 'mixture', 'add', 'some', 'pasta', 'water', 'if', 'needed', 'to', 'thin', 'sauce', 'season', 'with', 'salt', 'and', 'pepper', 'garnish', 'with', 'sage', 'leaves']","['spray', 'large', 'hot', 'frying', 'pan', 'non', 'stick', 'spray', 'place', 'links', 'cook', 'till', 'brown', 'remove', 'pan', 'set', 'aside', 'pan', 'add', 'olive', 'oil', 'brown', 'sage', 'leaves', 'till', 'crisp', 'remove', 'set', 'aside', 'fro', 'garnish', 'crumble', 'leaves', 'add', 'additional', 'oil', 'needed', 'saute', 'onions', 'medium', 'heat', 'stirring', 'remove', 'brown', 'bits', 'goodness', 'pan', 'add', 'apple', 'slices', 'crumbled', 'sage', 'leaves', 'garlic', 'seasoned', 'salt', 'cinnamon', 'cook', 'add', 'apple', 'juice', 'cranberries', 'onion', 'mixture', 'bring', 'boil', 'lower', 'simmer', 'medium', 'heat', 'meanwhile', 'slice', 'sausage', 'stir', 'butternut', 'cream', 'onion', 'mixture', 'add', 'sausage', 'stir', 'reduce', 'heat', 'low', 'simmer', 'toss', 'cooked', 'tortellini', 'sausage', 'mixture', 'add', 'pasta', 'water', 'needed', 'thin', 'sauce', 'season', 'salt', 'pepper', 'garnish', 'sage', 'leaves']",Italian
12577,"['wash', 'rice', 'and', 'soak', 'in', '2', 'cups', 'of', 'water', 'for', 'an', 'hour', 'drain', 'well', 'in', 'a', 'heavy', 'pan', 'heat', 'the', 'butter', 'and', 'add', 'the', 'cumin', 'and', 'the', 'ginger', 'when', 'the', 'ginger', 'becomes', 'a', 'light', 'brown', 'add', 'the', 'peas', 'and', 'potatoes', 'coriander', 'garam', 'masala', 'salt', 'and', 'turmeric', 'stir-fry', 'till', 'well', 'mixed', 'add', 'the', 'drained', 'rice', '4', 'cups', 'of', 'water', 'bring', 'to', 'a', 'boil', 'uncovered', 'then', 'lower', 'the', 'heat', 'to', 'simmer', 'and', 'cover', 'the', 'rice', 'should', 'be', 'done', 'in', '10', 'minutes', 'serve', 'hot']","['wash', 'rice', 'soak', 'water', 'drain', 'well', 'heavy', 'pan', 'heat', 'butter', 'add', 'cumin', 'ginger', 'ginger', 'becomes', 'light', 'brown', 'add', 'peas', 'potatoes', 'coriander', 'garam', 'masala', 'salt', 'turmeric', 'stir', 'fry', 'till', 'well', 'mixed', 'add', 'drained', 'rice', 'water', 'bring', 'boil', 'uncovered', 'lower', 'heat', 'simmer', 'cover', 'rice', 'done', 'serve', 'hot']",Indian
11215,"['combine', 'all', 'but', 'the', 'last', 'three', 'ingredients', 'in', 'a', 'food', 'processor', 'run', 'the', 'processor', 'until', 'it', 'forms', 'a', 'paste', 'add', 'a', 'little', 'oil', 'and/or', 'a', 'little', 'water', 'if', 'ingredients', 'have', 'trouble', 'processing', 'saute', 'in', 'a', 'pan', 'with', 'the', 'cauliflower', 'and', 'oil', 'for', 'a', 'few', 'minutes', 'until', 'aromatic', 'add', 'the', 'coconut', 'milk', 'and', 'simmer', 'until', 'cauliflower', 'reaches', 'desired', 'tenderness', 'if', 'the', 'curry', 'gets', 'too', 'dry', 'as', 'it', 'simmers', 'add', 'a', 'little', 'water', 'so', 'that', 'it', 'finishes', 'with', 'a', 'thick', 'gravy-like', 'sauce']","['combine', 'last', 'three', 'ingredients', 'food', 'processor', 'run', 'processor', 'forms', 'paste', 'add', 'little', 'oil', 'and/or', 'little', 'water', 'ingredients', 'trouble', 'processing', 'saute', 'pan', 'cauliflower', 'oil', 'aromatic', 'add', 'coconut', 'milk', 'simmer', 'cauliflower', 'reaches', 'desired', 'tenderness', 'curry', 'gets', 'dry', 'simmers', 'add', 'little', 'water', 'finishes', 'thick', 'gravy', 'like', 'sauce']",Indian
6299,"['1.', 'mix', 'flour', 'salt', 'and', 'yeast', 'in', 'a', 'large', 'bowl', '2.', 'add', 'water', 'and', 'oil', 'to', 'the', 'flour', 'mixture', 'mix', 'to', 'combine', 'sprinkle', 'some', 'bench', 'flour', 'on', 'your', 'flat', 'working', 'space', 'and', 'place', 'dough', 'on', 'it', 'knead', 'dough', 'until', 'smooth', 'and', 'elastic', 'this', 'can', 'take', 'anywhere', 'from', '5', 'to', '10', 'minutes', '3.', 'place', 'the', 'dough', 'into', 'an', 'oiled', 'bowl', 'cover', 'with', 'plastic', 'wrap', 'and', 'place', 'in', 'a', 'warm', 'place', 'let', 'the', 'dough', 'double', 'in', 'size', 'this', 'takes', 'about', '1', '1/2', 'hours', '4.', 'divide', 'the', 'dough', 'into', '6', 'portions', 'and', 'shape', 'into', 'balls', 'cover', 'with', 'kitchen', 'towel', 'and', 'rest', 'for', '30', 'minutes', '5.', 'when', 'you', 'are', 'ready', 'to', 'bake', 'your', 'pizzas', 'place', 'a', 'pizza', 'stone', 'in', 'the', 'oven', 'preheat', 'oven', 'to', '500', 'degrees', 'fahrenheit', '6.', 'roll', 'the', 'dough', 'out', 'to', 'preferred', 'thickness', 'and', 'top', 'with', 'tomato', 'puree', 'see', 'note', 'below', 'or', 'oil', 'if', 'making', 'white', 'pizza', 'bake', 'for', 'about', '5', 'minutes', '7.', 'remove', 'pizza', 'from', 'oven', 'and', 'top', 'with', 'toppings', 'of', 'choice', 'bake', 'for', 'an', 'additional', '5', 'minutes', 'for', 'authentic', 'tasting', 'pizzas', 'use', 'either', 'pomì', 'strained', 'tomatoes', 'or', 'cento', 'tomato', 'puree']","['mix', 'flour', 'salt', 'yeast', 'large', 'bowl', 'add', 'water', 'oil', 'flour', 'mixture', 'mix', 'combine', 'sprinkle', 'bench', 'flour', 'flat', 'working', 'space', 'place', 'dough', 'knead', 'dough', 'smooth', 'elastic', 'take', 'anywhere', 'place', 'dough', 'oiled', 'bowl', 'cover', 'plastic', 'wrap', 'place', 'warm', 'place', 'let', 'dough', 'double', 'size', 'takes', 'divide', 'dough', 'portions', 'shape', 'balls', 'cover', 'kitchen', 'towel', 'rest', 'ready', 'bake', 'pizzas', 'place', 'pizza', 'stone', 'oven', 'preheat', 'oven', 'fahrenheit', 'roll', 'dough', 'preferred', 'thickness', 'top', 'tomato', 'puree', 'see', 'note', 'oil', 'making', 'white', 'pizza', 'bake', 'remove', 'pizza', 'oven', 'top', 'toppings', 'choice', 'bake', 'additional', 'authentic', 'tasting', 'pizzas', 'use', 'either', 'pomì', 'strained', 'tomatoes', 'cento', 'tomato', 'puree']",Italian
4399,"['mix', 'all', 'the', 'ingredients', 'well', 'and', 'store', 'in', 'the', 'fridge', 'in', 'a', 'jar', 'for', '4', 'weeks']","['mix', 'ingredients', 'well', 'store', 'fridge', 'jar', 'weeks']",Italian
10869,"['heat', 'ghee', 'and', 'saute', 'onion', 'and', 'garlic', 'over', 'medium', 'heat', 'until', 'golden', 'add', 'cloves', 'bay', 'leaves', 'and', 'cinnamon', 'stir', 'fry', 'for', '2', 'minutes', 'add', 'garam', 'masala', 'chile', 'powder', 'turmeric', 'coriander', 'tomatoes', 'and', 'salt', 'mix', 'well', 'add', 'potatoes', 'and', 'peas', 'pour', 'in', 'water', 'and', 'bring', 'to', 'a', 'boil', 'lower', 'heat', 'cover', 'the', 'pan', 'and', 'simmer', 'gently', 'for', '15', 'minutes', 'or', 'until', 'the', 'potatoes', 'are', 'done', 'garnish', 'with', 'coriander', 'leaves', 'and', 'serve', 'hot']","['heat', 'ghee', 'saute', 'onion', 'garlic', 'medium', 'heat', 'golden', 'add', 'cloves', 'bay', 'leaves', 'cinnamon', 'stir', 'fry', 'add', 'garam', 'masala', 'chile', 'powder', 'turmeric', 'coriander', 'tomatoes', 'salt', 'mix', 'well', 'add', 'potatoes', 'peas', 'pour', 'water', 'bring', 'boil', 'lower', 'heat', 'cover', 'pan', 'simmer', 'gently', 'potatoes', 'done', 'garnish', 'coriander', 'leaves', 'serve', 'hot']",Indian
2900,"['to', 'make', 'the', 'sauce', 'take', 'the', 'tomatoes', 'out', 'of', 'the', 'can', 'cut', 'in', 'half', 'and', 'remove', 'the', 'seeds', 'chop', 'the', 'tomatoes', 'into', 'small', 'pieces', 'and', 'reserve', 'the', 'juice', 'in', 'a', 'saucepan', 'add', 'olive', 'oil', 'and', 'garlic', 'and', 'sauté', 'for', '1', 'minute', 'add', 'the', 'tomatoes', 'salt', 'pepper', 'and', 'chili', 'and', 'bring', 'to', 'a', 'simmer', 'for', '5', 'minutes', 'if', 'necessary', 'add', 'the', 'reserved', 'juice', 'add', 'the', 'basil', 'finish', 'with', 'cream', 'to', 'make', 'the', 'gnocchi', 'preheat', 'the', 'oven', 'to', '300°f', 'bake', 'the', 'potatoes', 'for', 'approximately', '1', 'to', '1', '1/2', 'hours', 'until', 'tender', 'scoop', 'each', 'potato', 'out', 'of', 'its', 'skin', 'into', 'mixing', 'bowl', 'mash', 'the', 'potatoes', 'to', 'a', 'fine', 'consistency', 'in', 'a', 'separate', 'bowl', 'combine', 'egg', 'yolks', 'melted', 'butter', 'salt', 'pepper', 'and', 'nutmeg', 'add', 'the', 'egg', 'mixture', 'to', 'the', 'potatoes', 'and', 'mix', 'together', 'add', 'flour', 'to', 'mixture', '1', 'cup', 'at', 'a', 'time', 'and', 'mix', 'until', 'smooth', 'scoop', 'out', 'and', 'make', 'finger-sized', 'rolls', 'on', 'a', 'floured', 'board', 'cut', 'with', 'knife', 'into', 'bite', 'sized', 'pieces', 'roll', 'each', 'piece', 'over', 'the', 'back', 'of', 'a', 'fork', 'to', 'make', 'a', 'round', 'form', 'in', 'a', 'pan', 'freeze', 'until', 'hard', 'enough', 'to', 'handle', 'and', 'put', 'into', 'portion', 'sized', 'bags', 'fill', 'a', 'large', 'pot', 'with', 'water', 'and', 'add', 'a', 'pinch', 'of', 'salt', 'and', 'boil', 'drop', 'gnocchi', 'into', 'boiling', 'water', '3', 'or', '4', 'at', 'a', 'time', 'so', 'the', 'water', 'does', ""n't"", 'stop', 'boiling', 'the', 'gnocchi', 'is', 'ready', 'when', 'it', 'floats', 'to', 'the', 'top', 'drain', 'gnocchi', 'and', 'scoop', 'out', 'into', 'bowl', 'and', 'add', 'sauce', 'add', 'fresh', 'parmesan', 'and', 'serve']","['make', 'sauce', 'take', 'tomatoes', 'cut', 'half', 'remove', 'seeds', 'chop', 'tomatoes', 'small', 'pieces', 'reserve', 'juice', 'saucepan', 'add', 'olive', 'oil', 'garlic', 'sauté', 'add', 'tomatoes', 'salt', 'pepper', 'chili', 'bring', 'simmer', 'necessary', 'add', 'reserved', 'juice', 'add', 'basil', 'finish', 'cream', 'make', 'gnocchi', 'preheat', 'oven', '300°f', 'bake', 'potatoes', 'approximately', 'tender', 'scoop', 'potato', 'skin', 'mixing', 'bowl', 'mash', 'potatoes', 'fine', 'consistency', 'separate', 'bowl', 'combine', 'egg', 'yolks', 'melted', 'butter', 'salt', 'pepper', 'nutmeg', 'add', 'egg', 'mixture', 'potatoes', 'mix', 'together', 'add', 'flour', 'mixture', 'time', 'mix', 'smooth', 'scoop', 'make', 'finger', 'sized', 'rolls', 'floured', 'board', 'cut', 'knife', 'bite', 'sized', 'pieces', 'roll', 'piece', 'back', 'fork', 'make', 'round', 'form', 'pan', 'freeze', 'hard', 'enough', 'handle', 'put', 'portion', 'sized', 'bags', 'fill', 'large', 'pot', 'water', 'add', 'pinch', 'salt', 'boil', 'drop', 'gnocchi', 'boiling', 'water', 'time', 'water', 'stop', 'boiling', 'gnocchi', 'ready', 'floats', 'top', 'drain', 'gnocchi', 'scoop', 'bowl', 'add', 'sauce', 'add', 'fresh', 'parmesan', 'serve']",Italian
13065,"['toss', 'together', 'cucumbers', 'and', 'the', 'tomato', 'in', 'a', 'salad', 'bowl', 'take', 'another', 'bowl', 'and', 'in', 'this', 'one', 'mix', 'together', 'the', 'remaining', 'ingredients', 'pour', 'this', 'mixture', 'over', 'the', 'cucumber-tomato', 'mixture', 'mix', 'gently', 'store', 'refrigerated', 'for', 'an', 'hour', 'and', 'then', 'serve', 'cold', 'on', 'a', 'hot', 'sunny', 'afternoon', 'with', 'your', 'main', 'course', 'meal', 'or', 'enjoy', 'it', 'by', 'itself', 'for', 'brunch', 'or', 'as', 'a', 'side', 'dish']","['toss', 'together', 'cucumbers', 'tomato', 'salad', 'bowl', 'take', 'another', 'bowl', 'one', 'mix', 'together', 'remaining', 'ingredients', 'pour', 'mixture', 'cucumber', 'tomato', 'mixture', 'mix', 'gently', 'store', 'refrigerated', 'serve', 'cold', 'hot', 'sunny', 'afternoon', 'main', 'course', 'meal', 'enjoy', 'brunch', 'side', 'dish']",Indian
11833,"['place', 'all', 'ingredients', 'except', 'olive', 'oil', 'in', 'bowl', 'and', 'toss', 'gently', 'to', 'combine', 'taste', 'and', 'add', 'more', 'cayenne', 'or', 'salt', 'and', 'pepper', 'if', 'required', 'add', 'olive', 'oil', 'and', 'toss', 'again', 'refrigerate', 'for', '2-3', 'hours', 'to', 'allow', 'the', 'flavours', 'to', 'develop']","['place', 'ingredients', 'except', 'olive', 'oil', 'bowl', 'toss', 'gently', 'combine', 'taste', 'add', 'cayenne', 'salt', 'pepper', 'required', 'add', 'olive', 'oil', 'toss', 'refrigerate', 'allow', 'flavours', 'develop']",Indian
9464,"['make', 'incisions', 'with', 'a', 'sharp', 'knife', 'on', 'breast', 'and', 'leg', 'pieces', 'apply', 'a', 'mixture', 'of', 'kashmiri', 'red', 'chilli', 'powder', 'lemon', 'juice', 'and', 'salt', 'to', 'the', 'chicken', 'and', 'set', 'it', 'aside', 'for', 'half', 'an', 'hour', 'remove', 'whey', 'of', 'yogurt', 'by', 'hanging', 'it', 'in', 'a', 'muslin', 'cloth', 'for', 'fifteen', 'to', 'twenty', 'minutes', 'mix', 'kashmiri', 'red', 'chilli', 'powder', 'salt', 'ginger-garlic', 'paste', 'lemon', 'juice', 'garam', 'masala', 'powder', 'and', 'mustard', 'oil', 'into', 'the', 'yogurt', 'apply', 'this', 'marinade', 'on', 'the', 'chicken', 'pieces', 'and', 'refrigerate', 'for', 'three', 'to', 'four', 'hours', 'put', 'the', 'chicken', 'onto', 'the', 'skewers', 'and', 'cook', 'in', 'a', 'moderately', 'hot', 'tandoor', 'or', 'a', 'pre-heated', 'oven', '200', 'degrees', 'celsius', 'for', 'ten', 'to', 'twelve', 'minutes', 'or', 'until', 'almost', 'done', 'baste', 'it', 'with', 'butter', 'and', 'cook', 'for', 'another', 'four', 'minutes', 'sprinkle', 'chaat', 'masala', 'powder', 'and', 'serve', 'with', 'four', 'onion', 'rings', 'and', 'lemon', 'wedges']","['make', 'incisions', 'sharp', 'knife', 'breast', 'leg', 'pieces', 'apply', 'mixture', 'kashmiri', 'red', 'chilli', 'powder', 'lemon', 'juice', 'salt', 'chicken', 'set', 'aside', 'half', 'remove', 'whey', 'yogurt', 'hanging', 'muslin', 'cloth', 'fifteen', 'twenty', 'mix', 'kashmiri', 'red', 'chilli', 'powder', 'salt', 'ginger', 'garlic', 'paste', 'lemon', 'juice', 'garam', 'masala', 'powder', 'mustard', 'oil', 'yogurt', 'apply', 'marinade', 'chicken', 'pieces', 'refrigerate', 'three', 'four', 'put', 'chicken', 'onto', 'skewers', 'cook', 'moderately', 'hot', 'tandoor', 'pre', 'heated', 'oven', 'celsius', 'ten', 'twelve', 'almost', 'done', 'baste', 'butter', 'cook', 'another', 'four', 'sprinkle', 'chaat', 'masala', 'powder', 'serve', 'four', 'onion', 'rings', 'lemon', 'wedges']",Indian
12544,"['in', 'a', 'small', 'bowl', 'whisk', 'together', '2', 'tablespoons', 'honey', 'oil', 'coarse', 'salt', 'pepper', '1', 'teaspoon', 'garam', 'masala', 'paprika', 'cayenne', 'pepper', 'and', 'cumin', 'pour', 'mixture', 'into', 'a', '1', 'gallon', 'resealable', 'plastic', 'bag', 'and', 'add', 'chicken', 'wings', 'turning', 'to', 'coat', 'transfer', 'to', 'refrigerator', 'and', 'let', 'marinate', 'at', 'least', '30', 'minutes', 'or', 'up', 'to', 'overnight', 'preheat', 'oven', 'to', '400', 'degrees', 'line', 'a', 'baking', 'sheet', 'with', 'aluminum', 'foil', 'and', 'top', 'with', 'a', 'wire', 'rack', 'arrange', 'chicken', 'wings', 'in', 'a', 'single', 'layer', 'on', 'rack', 'transfer', 'to', 'oven', 'and', 'roast', 'for', '35', 'minutes', 'meanwhile', 'in', 'a', 'small', 'bowl', 'whisk', 'together', 'remaining', '3', 'tablespoons', 'honey', 'remaining', 'teaspoon', 'garam', 'masala', 'and', 'vinegar', 'remove', 'wings', 'from', 'oven', 'and', 'brush', 'with', 'honey', 'mixture', 'return', 'wings', 'to', 'oven', 'and', 'continue', 'roasting', 'until', 'wings', 'are', 'slightly', 'charred', 'and', 'crisp', '15', 'to', '25', 'minutes', 'sprinkle', 'wings', 'with', 'sea', 'salt', 'and', 'let', 'stand', '5', 'minutes', 'before', 'serving']","['small', 'bowl', 'whisk', 'together', 'honey', 'oil', 'coarse', 'salt', 'pepper', 'garam', 'masala', 'paprika', 'cayenne', 'pepper', 'cumin', 'pour', 'mixture', 'gallon', 'resealable', 'plastic', 'bag', 'add', 'chicken', 'wings', 'turning', 'coat', 'transfer', 'refrigerator', 'let', 'marinate', 'least', 'overnight', 'preheat', 'oven', 'line', 'baking', 'sheet', 'aluminum', 'foil', 'top', 'wire', 'rack', 'arrange', 'chicken', 'wings', 'single', 'layer', 'rack', 'transfer', 'oven', 'roast', 'meanwhile', 'small', 'bowl', 'whisk', 'together', 'remaining', 'honey', 'remaining', 'garam', 'masala', 'vinegar', 'remove', 'wings', 'oven', 'brush', 'honey', 'mixture', 'return', 'wings', 'oven', 'continue', 'roasting', 'wings', 'slightly', 'charred', 'crisp', 'sprinkle', 'wings', 'sea', 'salt', 'let', 'stand', 'serving']",Indian
8542,"['for', 'the', 'marinade', 'whisk', 'the', 'yogurt', 'cilantro', 'tomato', 'paste', 'ginger', 'lemon', 'juice', 'brown', 'sugar', 'coriander', 'cumin', 'turmeric', 'cardamom', 'chili', 'powder', 'garlic', 'and', 'salt', 'and', 'pepper', 'together', 'until', 'well', 'blended', 'for', 'the', 'skewers', 'thread', 'the', 'pieces', 'of', 'salmon', 'and', 'peppers', 'onto', 'the', 'skewers', 'using', '5', 'pieces', 'of', 'salmon', 'for', 'each', 'skewer', 'and', '4', 'each', 'of', 'the', 'peppers', 'alternating', 'them', 'so', 'the', 'peppers', 'are', 'between', 'the', 'pieces', 'of', 'salmon', 'place', 'them', 'in', 'a', 'dish', 'that', 'will', 'accommodate', 'them', 'in', 'a', 'single', 'layer', 'and', 'pour', 'over', 'the', 'marinade', 'turn', 'the', 'skewers', 'a', 'few', 'times', 'making', 'sure', 'they', 'are', 'well', 'coated', 'cover', 'with', 'plastic', 'wrap', 'and', 'place', 'in', 'the', 'refrigerator', 'to', 'marinate', 'for', 'at', 'least', '1', 'hour', 'preheat', 'an', 'indoor', 'grill', 'or', 'a', 'barbeque', 'grill', 'to', 'medium-high', 'heat', 'oil', 'the', 'grill', 'remove', 'the', 'skewers', 'from', 'the', 'marinade', 'and', 'sprinkle', 'them', 'with', 'salt', 'place', 'on', 'the', 'grill', 'and', 'cook', 'about', '5', 'minutes', 'turning', 'halfway', 'through', 'cooking', 'skewers', 'are', 'done', 'when', 'the', 'fish', 'is', 'firm', 'and', 'slightly', 'charred']","['marinade', 'whisk', 'yogurt', 'cilantro', 'tomato', 'paste', 'ginger', 'lemon', 'juice', 'brown', 'sugar', 'coriander', 'cumin', 'turmeric', 'cardamom', 'chili', 'powder', 'garlic', 'salt', 'pepper', 'together', 'well', 'blended', 'skewers', 'thread', 'pieces', 'salmon', 'peppers', 'onto', 'skewers', 'using', 'pieces', 'salmon', 'skewer', 'peppers', 'alternating', 'peppers', 'pieces', 'salmon', 'place', 'dish', 'accommodate', 'single', 'layer', 'pour', 'marinade', 'turn', 'skewers', 'times', 'making', 'sure', 'well', 'coated', 'cover', 'plastic', 'wrap', 'place', 'refrigerator', 'marinate', 'least', 'preheat', 'indoor', 'grill', 'barbeque', 'grill', 'medium', 'high', 'heat', 'oil', 'grill', 'remove', 'skewers', 'marinade', 'sprinkle', 'salt', 'place', 'grill', 'cook', 'turning', 'halfway', 'cooking', 'skewers', 'done', 'fish', 'firm', 'slightly', 'charred']",Indian
8897,"['to', 'make', 'the', 'batter', 'soak', 'the', 'lentils', 'in', '250ml', '9fl', 'oz', 'of', 'the', 'measured', 'water', 'for', 'about', '1', 'hour', 'until', 'they', 'absorb', 'it', 'all', 'transfer', 'the', 'lentils', 'to', 'a', 'blender', 'and', 'add', 'the', 'ginger', 'chilli', 'and', 'coriander', 'and', 'blend', 'until', 'smooth', 'tip', 'the', 'paste', 'into', 'a', 'bowl', 'and', 'stir', 'in', 'the', 'salt', 'semolina', 'and', 'the', 'remaining', '350ml', '12fl', 'oz', 'measured', 'water', 'mixing', 'well', 'combine', 'all', 'the', 'topping', 'ingredients', 'in', 'a', 'bowl', 'to', 'cook', 'the', 'chilla', 'heat', 'a', 'frying', 'pan', 'and', 'once', 'it', 'is', 'very', 'hot', 'pour', 'a', 'serving-spoonful', 'of', 'the', 'batter', 'into', 'the', 'pan', 'and', 'spread', 'it', 'into', 'a', '13–15-cm', '5–6-inch', 'circle', 'top', 'with', '1', 'tablespoon', 'of', 'the', 'topping', 'mixture', 'and', 'drizzle', '1', 'tablespoon', 'of', 'oil', 'around', 'the', 'edges', 'of', 'the', 'batter', 'cook', 'over', 'medium', 'heat', 'for', '2–3', 'minutes', 'until', 'golden', 'brown', 'on', 'the', 'underside', 'then', 'turn', 'the', 'chilla', 'over', 'and', 'cook', 'for', 'a', 'further', '2', 'minutes', 'until', 'golden', 'brown', 'on', 'both', 'sides', 'repeat', 'to', 'make', '15', 'more', 'serve', 'hot', 'with', 'the', 'chutney', 'of', 'your', 'choice', 'recipe', 'courtesy', 'of', 'chai', 'chaat', 'chutney', 'by', 'chetna', 'makan']","['make', 'batter', 'soak', 'lentils', '250ml', '9fl', 'measured', 'water', 'absorb', 'transfer', 'lentils', 'blender', 'add', 'ginger', 'chilli', 'coriander', 'blend', 'smooth', 'tip', 'paste', 'bowl', 'stir', 'salt', 'semolina', 'remaining', '350ml', '12fl', 'measured', 'water', 'mixing', 'well', 'combine', 'topping', 'ingredients', 'bowl', 'cook', 'chilla', 'heat', 'frying', 'pan', 'hot', 'pour', 'serving', 'spoonful', 'batter', 'pan', 'spread', '13–15', 'cm', '5–6', 'inch', 'circle', 'top', 'topping', 'mixture', 'drizzle', 'oil', 'around', 'edges', 'batter', 'cook', 'medium', 'heat', '2–3', 'golden', 'brown', 'underside', 'turn', 'chilla', 'cook', 'golden', 'brown', 'sides', 'repeat', 'make', 'serve', 'hot', 'chutney', 'choice', 'recipe', 'courtesy', 'chai', 'chaat', 'chutney', 'chetna', 'makan']",Indian
4562,"['preheat', 'oven', 'to', '375of', 'on', 'the', 'stovetop', 'heat', 'olive', 'oil', 'in', 'a', 'dutch', 'oven', 'to', 'medium-high', 'heat', 'add', 'onion', 'and', 'cook', '2-3', 'minutes', 'until', 'starting', 'to', 'soften', 'add', 'turkey', 'sausage', 'and', 'kale', 'and', 'sauté', 'until', 'sausage', 'is', 'browned', 'and', 'kale', 'is', 'wilted', 'about', '5-6', 'minutes', 'stir', 'in', 'garlic', 'italian', 'seasoning', 'and', 'red', 'pepper', 'flakes', 'remove', 'from', 'heat', 'in', 'a', 'medium', 'mixing', 'bowl', 'whisk', 'together', 'marinara', 'sauce', 'cottage', 'cheese', 'eggs', 'salt', 'pepper', 'and', 'the', 'sausage/kale', 'mixture', 'in', 'the', 'same', 'dutch', 'oven', 'spoon', 'some', 'of', 'the', 'sausage', 'mixture', 'into', 'the', 'bottom', 'place', '3', 'noodles', 'on', 'top', 'breaking', 'them', 'up', 'to', 'fit', 'the', 'pot', 'if', 'necessary', 'top', 'with', '1/3', 'of', 'the', 'sausage', 'mixture', 'then', 'top', 'with', '1/3', 'of', 'the', 'mozzarella', 'and', 'parmesan', 'cheese', 'repeat', 'with', 'remaining', 'ingredients', 'finishing', 'with', 'a', 'layer', 'of', 'cheese', 'bake', 'in', 'the', 'oven', 'for', '35', 'minutes', 'with', 'the', 'lid', 'on', 'remove', 'the', 'lid', 'and', 'bake', 'for', 'an', 'additional', '12', 'minutes', 'turn', 'the', 'oven', 'on', 'a', 'low', 'broil', 'and', 'broil', 'for', '3-4', 'minutes', 'until', 'cheese', 'is', 'bubbly', 'and', 'browned', 'remove', 'from', 'the', 'oven', 'and', 'allow', 'to', 'cool', 'about', '10', 'minutes', 'slice', 'and', 'serve', 'with', 'chopped', 'parsley']","['preheat', 'oven', '375of', 'stovetop', 'heat', 'olive', 'oil', 'dutch', 'oven', 'medium', 'high', 'heat', 'add', 'onion', 'cook', 'starting', 'soften', 'add', 'turkey', 'sausage', 'kale', 'sauté', 'sausage', 'browned', 'kale', 'wilted', 'stir', 'garlic', 'italian', 'seasoning', 'red', 'pepper', 'flakes', 'remove', 'heat', 'medium', 'mixing', 'bowl', 'whisk', 'together', 'marinara', 'sauce', 'cottage', 'cheese', 'eggs', 'salt', 'pepper', 'sausage/kale', 'mixture', 'dutch', 'oven', 'spoon', 'sausage', 'mixture', 'bottom', 'place', 'noodles', 'top', 'breaking', 'fit', 'pot', 'necessary', 'top', 'sausage', 'mixture', 'top', 'mozzarella', 'parmesan', 'cheese', 'repeat', 'remaining', 'ingredients', 'finishing', 'layer', 'cheese', 'bake', 'oven', 'lid', 'remove', 'lid', 'bake', 'additional', 'turn', 'oven', 'low', 'broil', 'broil', 'cheese', 'bubbly', 'browned', 'remove', 'oven', 'allow', 'cool', 'slice', 'serve', 'chopped', 'parsley']",Italian
10623,"['heat', 'the', '1/2', 'the', 'ghee', 'stir', 'fry', 'the', 'cumin', 'seeds', 'when', 'they', 'sizzle', 'add', 'the', 'chopped', 'onion', 'cook', 'for', 'a', 'minute', 'add', 'the', 'garlic', 'ginger', 'cashew', 'nuts', 'tomato', 'sauce', 'green', 'chutney/mint', 'leaves', 'yogurt', 'all', 'the', 'spices', 'except', 'for', 'the', 'garam', 'masala', 'cook', 'for', '4', 'mins', 'until', 'you', 'get', 'a', 'wonderful', 'aroma', 'put', 'paste', 'in', 'a', 'blender', 'and', 'blend', 'till', 'smooth', 'in', 'a', 'fresh', 'pan', 'heat', 'the', 'rest', 'of', 'the', 'ghee', 'add', 'the', 'paste', 'fry', 'till', 'the', 'oil', 'starts', 'oozing', 'out', 'from', 'the', 'paste', 'add', 'the', 'veggies', 'add', 'a', 'little', 'water', 'if', 'required', 'and', 'cook', 'till', 'the', 'veggies', 'are', 'done', 'add', 'the', 'garam', 'masala', 'take', 'off', 'the', 'heat', 'mix', 'the', 'rice', 'into', 'the', 'veggies', 'garnish', 'with', 'sliced', 'fried', 'onions']","['heat', 'ghee', 'stir', 'fry', 'cumin', 'seeds', 'sizzle', 'add', 'chopped', 'onion', 'cook', 'add', 'garlic', 'ginger', 'cashew', 'nuts', 'tomato', 'sauce', 'green', 'chutney/mint', 'leaves', 'yogurt', 'spices', 'except', 'garam', 'masala', 'cook', 'mins', 'get', 'wonderful', 'aroma', 'put', 'paste', 'blender', 'blend', 'till', 'smooth', 'fresh', 'pan', 'heat', 'rest', 'ghee', 'add', 'paste', 'fry', 'till', 'oil', 'starts', 'oozing', 'paste', 'add', 'veggies', 'add', 'little', 'water', 'required', 'cook', 'till', 'veggies', 'done', 'add', 'garam', 'masala', 'take', 'heat', 'mix', 'rice', 'veggies', 'garnish', 'sliced', 'fried', 'onions']",Indian
9642,"['1.', 'in', 'a', 'frying', 'add', 'the', 'oil', 'add', 'in', 'the', 'onion', 'garlic', 'and', 'ginger', '2.', 'add', 'the', 'chicken', 'and', 'pieces', 'of', 'spring', 'onion', '3.', 'stir', 'fry', 'for', '5', 'minutes', 'until', 'chicken', 'is', 'browned', '4.', 'add', 'the', 'coconut', 'milk', '5.', 'stir', 'in', 'the', 'chili', 'powder', 'salt', 'pepper', 'cumin', 'powder', 'coriander', 'powder', 'turmeric', 'powder', 'and', 'dried', 'red', 'chilis', '6.', 'cook', 'on', 'simmer', 'for', '15-45', 'minutes', 'more', 'time', 'it', 'cooks', 'more', 'tender', 'it', 'gets', '7.', 'take', 'off', 'heat', 'and', 'add', 'the', 'lemon', 'juice', 'voila']","['frying', 'add', 'oil', 'add', 'onion', 'garlic', 'ginger', 'add', 'chicken', 'pieces', 'spring', 'onion', 'stir', 'fry', 'chicken', 'browned', 'add', 'coconut', 'milk', 'stir', 'chili', 'powder', 'salt', 'pepper', 'cumin', 'powder', 'coriander', 'powder', 'turmeric', 'powder', 'dried', 'red', 'chilis', 'cook', 'simmer', 'time', 'cooks', 'tender', 'gets', 'take', 'heat', 'add', 'lemon', 'juice', 'voila']",Indian
7340,"['soak', 'sabudana', 'in', 'plenty', 'of', 'water', 'for', '2', 'hours', 'drain', 'completely', 'keep', 'aside', 'for', '1', 'hour', 'boil', 'potato', 'pieces', 'in', 'water', 'until', 'tender', 'drain', 'and', 'keep', 'aside', 'when', 'your', 'ready', 'to', 'start', 'preparing', 'the', 'khichdi', 'heat', 'oil', 'in', 'a', 'skillet', 'when', 'hot', 'add', 'the', 'cumin', 'seeds', 'curry', 'leaves', 'and', 'green', 'chillies', 'allow', 'the', 'cumin', 'seeds', 'to', 'splutter', 'once', 'they', 'stop', 'spluttering', 'add', 'the', 'boiled', 'potato', 'pieces', 'and', 'turmeric', 'powder', 'mix', 'well', 'saute', 'brifely', 'take', 'care', 'to', 'see', 'that', 'the', 'potatoes', 'do', 'not', 'stick', 'to', 'the', 'bottom', 'of', 'the', 'pan', 'mix', 'well', 'add', 'sabudana', 'stir', 'it', 'in', 'well', 'add', 'lemon', 'juice', 'mix', 'in', 'nicely', 'remove', 'from', 'flame', 'garnish', 'with', 'coconut', 'and', 'corriander', 'leaves', 'serve', 'hot', 'with', 'low-fat', 'plain', 'yoghurt', 'on', 'the', 'side']","['soak', 'sabudana', 'plenty', 'water', 'drain', 'completely', 'keep', 'aside', 'boil', 'potato', 'pieces', 'water', 'tender', 'drain', 'keep', 'aside', 'ready', 'start', 'preparing', 'khichdi', 'heat', 'oil', 'skillet', 'hot', 'add', 'cumin', 'seeds', 'curry', 'leaves', 'green', 'chillies', 'allow', 'cumin', 'seeds', 'splutter', 'stop', 'spluttering', 'add', 'boiled', 'potato', 'pieces', 'turmeric', 'powder', 'mix', 'well', 'saute', 'brifely', 'take', 'care', 'see', 'potatoes', 'stick', 'bottom', 'pan', 'mix', 'well', 'add', 'sabudana', 'stir', 'well', 'add', 'lemon', 'juice', 'mix', 'nicely', 'remove', 'flame', 'garnish', 'coconut', 'corriander', 'leaves', 'serve', 'hot', 'low', 'fat', 'plain', 'yoghurt', 'side']",Indian
938,"['place', 'in', 'crock', 'pot', 'in', 'order', 'given', 'and', 'add', 'enough', 'water', 'to', 'cover', 'roast', 'if', 'starting', 'the', 'night', 'before', 'cook', 'on', 'low', 'if', 'starting', 'in', 'the', 'morning', 'cook', 'on', 'high', 'until', 'beef', 'shreds', 'easily', 'for', 'me', '8', 'hours', 'serve', 'on', 'hard', 'rolls', 'with', 'mozzarella']","['place', 'crock', 'pot', 'order', 'given', 'add', 'enough', 'water', 'cover', 'roast', 'starting', 'night', 'cook', 'low', 'starting', 'morning', 'cook', 'high', 'beef', 'shreds', 'easily', 'serve', 'hard', 'rolls', 'mozzarella']",Italian
8202,"['for', 'the', 'bread', 'preheat', 'oven', 'to', '350', 'degrees', 'f', 'then', 'spray', 'two', '9-inch', 'loaf', 'pans', 'with', 'cooking', 'spray', 'in', 'a', 'large', 'bowl', 'whisk', 'together', 'flour', 'baking', 'powder', 'baking', 'soda', 'cloves', 'cinnamon', 'nutmeg', 'salt', 'then', 'set', 'aside', 'in', 'an', 'electric', 'mixer', 'bowl', 'combine', 'pumpkin', 'oil', 'sugar', 'eggs', 'mixing', 'until', 'well', 'blended', 'add', 'dry', 'ingredients', 'mix', 'well', 'with', 'a', 'wooden', 'spoon', 'stir', 'in', 'walnuts', 'raisins', 'orange', 'zest', 'divide', 'batter', 'between', 'the', 'two', 'prepared', 'loaf', 'pans', 'bake', '50', 'to', '55', 'minutes', 'remove', 'from', 'oven', 'cool', 'in', 'pans', 'on', 'wire', 'rack', 'for', '15', 'minutes', 'before', 'removing', 'from', 'pans', 'to', 'cool', 'completely', 'on', 'wire', 'rack', 'for', 'the', 'glaze', 'in', 'a', 'small', 'bowl', 'combine', 'powdereed', 'sugar', 'orange', 'zest', 'orange', 'juice', 'stirring', 'with', 'a', 'spoon', 'to', 'blend', 'spoon', 'over', 'top', 'of', 'cooled', 'loaves', 'for', 'the', 'garnish', 'if', 'desired', 'sprinkle', 'chopped', 'walnuts', 'on', 'top', 'of', 'glaze', 'slice', 'serve', 'enjoy']","['bread', 'preheat', 'oven', 'f', 'spray', 'two', '9', 'inch', 'loaf', 'pans', 'cooking', 'spray', 'large', 'bowl', 'whisk', 'together', 'flour', 'baking', 'powder', 'baking', 'soda', 'cloves', 'cinnamon', 'nutmeg', 'salt', 'set', 'aside', 'electric', 'mixer', 'bowl', 'combine', 'pumpkin', 'oil', 'sugar', 'eggs', 'mixing', 'well', 'blended', 'add', 'dry', 'ingredients', 'mix', 'well', 'wooden', 'spoon', 'stir', 'walnuts', 'raisins', 'orange', 'zest', 'divide', 'batter', 'two', 'prepared', 'loaf', 'pans', 'bake', 'remove', 'oven', 'cool', 'pans', 'wire', 'rack', 'removing', 'pans', 'cool', 'completely', 'wire', 'rack', 'glaze', 'small', 'bowl', 'combine', 'powdereed', 'sugar', 'orange', 'zest', 'orange', 'juice', 'stirring', 'spoon', 'blend', 'spoon', 'top', 'cooled', 'loaves', 'garnish', 'desired', 'sprinkle', 'chopped', 'walnuts', 'top', 'glaze', 'slice', 'serve', 'enjoy']",Indian
4030,"['preheat', 'oven', 'to', '350°f', 'spread', 'a', 'thin', 'layer', 'of', 'sauce', 'on', 'the', 'bottom', 'of', 'a', '9', ""''"", 'x13', ""''"", 'casserole', 'cover', 'with', 'a', 'layer', 'of', 'noodles', '3', 'or', '4', 'noodles', 'should', 'be', 'enough', 'place', 'ricotta', 'in', 'a', 'bowl', 'and', 'add', 'about', '1/4', 'cup', 'of', 'water', 'stirring', 'until', 'blended', 'spread', '1/3', 'of', 'this', 'mixture', 'over', 'the', 'pasta', 'you', 'can', 'use', 'a', 'cake', 'spatula', 'spread', '1/3', 'of', 'the', 'remaining', 'pasta', 'sauce', 'over', 'the', 'cheese', 'spread', '1/3', 'of', 'the', 'vegetables', 'over', 'the', 'sauce', 'sprinkle', '1/3', 'of', 'the', 'mozzarella', 'over', 'the', 'veggies', 'repeat', 'twice', 'starting', 'with', 'the', 'noodles', 'and', 'ending', 'with', 'the', 'mozzarella', 'cover', 'and', 'bake', 'until', 'the', 'noodles', 'are', 'tender', '35', 'to', '40', 'minutes', 'remove', 'cover', 'and', 'bake', '5', 'minutes', 'until', 'cheese', 'starts', 'to', 'become', 'golden', 'remove', 'from', 'oven', 'and', 'allow', 'to', 'stand', 'for', '5', 'minutes', 'before', 'cutting', 'into', 'squares']","['preheat', 'oven', '350°f', 'spread', 'thin', 'layer', 'sauce', 'bottom', ""''"", 'x13', ""''"", 'casserole', 'cover', 'layer', 'noodles', 'noodles', 'enough', 'place', 'ricotta', 'bowl', 'add', 'water', 'stirring', 'blended', 'spread', 'mixture', 'pasta', 'use', 'cake', 'spatula', 'spread', 'remaining', 'pasta', 'sauce', 'cheese', 'spread', 'vegetables', 'sauce', 'sprinkle', 'mozzarella', 'veggies', 'repeat', 'twice', 'starting', 'noodles', 'ending', 'mozzarella', 'cover', 'bake', 'noodles', 'tender', 'remove', 'cover', 'bake', 'cheese', 'starts', 'become', 'golden', 'remove', 'oven', 'allow', 'stand', 'cutting', 'squares']",Italian
7192,"['mix', 'cornflour', 'salt', 'black', 'pepper', 'and', 'hot', 'sauce', 'in', 'a', 'cup', 'of', 'water', 'to', 'prepare', 'paste', 'heat', 'oil', 'in', 'a', 'heavy', 'non-stick', 'skillet', 'add', 'ginger', 'and', 'garlic', 'pastes', 'and', 'stir-fry', 'for', 'a', 'minute', 'or', 'two', 'until', 'the', 'raw', 'smell', 'of', 'the', 'paste', 'is', 'gone', 'add', 'the', 'spring', 'onion', 'and', 'stir-fry', 'for', 'a', 'minute', 'add', 'the', 'tomato', 'puree', 'and', 'cook', 'for', 'a', 'minute', 'add', 'the', 'cornflour-water', 'paste', 'stirring', 'as', 'you', 'add', 'it', 'in', 'and', 'cook', 'on', 'low', 'flame', 'cover', 'with', 'a', 'lid', 'and', 'allow', 'to', 'cook', 'on', 'low', 'flame', 'for', '5', 'minutes', 'remove', 'from', 'flame', 'and', 'mix', 'well', 'you', 'will', 'notice', 'the', 'paste', 'has', 'become', 'thicker', 'due', 'to', 'the', 'presence', 'of', 'cornflour', 'and', 'of', 'a', 'beautiful', 'brown', 'colour', 'has', 'appeared', 'add', 'the', 'paneer', 'cubes', 'and', 'stir', 'them', 'in', 'lightly', 'being', 'careful', 'not', 'to', 'break', 'them', 'garnish', 'with', '2', 'tsp', 'grated', 'panner', 'serve', 'hot', 'with', 'fried', 'rice', 'or', 'plain', 'rice', 'for', 'a', 'beautiful', 'lunch', 'you', 'will', 'remember', 'forever']","['mix', 'cornflour', 'salt', 'black', 'pepper', 'hot', 'sauce', 'water', 'prepare', 'paste', 'heat', 'oil', 'heavy', 'non', 'stick', 'skillet', 'add', 'ginger', 'garlic', 'pastes', 'stir', 'fry', 'two', 'raw', 'smell', 'paste', 'gone', 'add', 'spring', 'onion', 'stir', 'fry', 'add', 'tomato', 'puree', 'cook', 'add', 'cornflour', 'water', 'paste', 'stirring', 'add', 'cook', 'low', 'flame', 'cover', 'lid', 'allow', 'cook', 'low', 'flame', 'remove', 'flame', 'mix', 'well', 'notice', 'paste', 'become', 'thicker', 'due', 'presence', 'cornflour', 'beautiful', 'brown', 'colour', 'appeared', 'add', 'paneer', 'cubes', 'stir', 'lightly', 'careful', 'break', 'garnish', 'grated', 'panner', 'serve', 'hot', 'fried', 'rice', 'plain', 'rice', 'beautiful', 'lunch', 'remember', 'forever']",Indian
9098,"['heat', 'olive', 'oil', 'in', 'a', 'large', 'saucepan', 'over', 'medium-high', 'heat', 'add', 'onion', 'ginger', 'garlic', 'cumin', 'turmeric', 'garam', 'masala', 'and', 'red', 'pepper', 'and', 'saute', 'for', 'approx', '2', 'minutes', 'until', 'onions', 'are', 'soft', 'add', 'cauliflower', 'and', 'saute', '1', 'minute', 'stir', 'in', 'broth', 'and', 'lentils', 'making', 'sure', 'to', 'mix', 'well', 'bring', 'to', 'a', 'boil', 'cover', 'reduce', 'heat', 'and', 'simmer', 'for', 'about', '35', 'minutes', 'or', 'until', 'lentils', 'are', 'tender', 'stir', 'in', 'lime', 'juice', 'and', 'salt']","['heat', 'olive', 'oil', 'large', 'saucepan', 'medium', 'high', 'heat', 'add', 'onion', 'ginger', 'garlic', 'cumin', 'turmeric', 'garam', 'masala', 'red', 'pepper', 'saute', 'approx', 'onions', 'soft', 'add', 'cauliflower', 'saute', 'stir', 'broth', 'lentils', 'making', 'sure', 'mix', 'well', 'bring', 'boil', 'cover', 'reduce', 'heat', 'simmer', 'lentils', 'tender', 'stir', 'lime', 'juice', 'salt']",Indian
9122,"['put', 'the', 'condensed', 'milk', 'do', 'not', 'confuse', 'with', 'evaporized', 'milk', 'and', 'the', 'rest', 'of', 'the', 'ingredients', 'into', 'a', 'jug', 'and', 'combine', 'well', 'pour', 'into', 'a', 'pint', 'mason', 'jar', 'close', 'with', 'lid', 'and', 'band', 'shake', 'well', 'and', 'then', 'store', 'in', 'the', 'refrigerator', 'up', 'to', '6', 'month', 'use', '2', '3', 'teaspoons', 'of', 'concentrate', 'per', '1', 'cup', 'of', 'strong', 'black', 'tea', 'if', 'you', 'have', 'an', 'old', 'coffee', 'grinder', 'or', 'a', 'spice', 'mill', 'grind', 'your', 'own', 'spices', 'the', 'aroma', 'is', 'so', 'much', 'more', 'intensive', 'enjoy']","['put', 'condensed', 'milk', 'confuse', 'evaporized', 'milk', 'rest', 'ingredients', 'jug', 'combine', 'well', 'pour', 'mason', 'jar', 'close', 'lid', 'band', 'shake', 'well', 'store', 'refrigerator', 'month', 'use', 'concentrate', 'per', 'strong', 'black', 'tea', 'old', 'coffee', 'grinder', 'spice', 'mill', 'grind', 'spices', 'aroma', 'much', 'intensive', 'enjoy']",Indian
10346,"['wash', 'the', 'rice', 'several', 'times', 'and', 'let', 'it', 'soak', 'for', '30', 'minutes', 'drain', 'the', 'rice', 'well', 'in', 'a', 'sieve', 'heat', 'the', 'oil', 'in', 'a', 'skillet', 'over', 'medium-low', 'heat', 'and', 'cook', 'onion', 'until', 'soft', 'add', 'all', 'ingredients', 'spices', 'except', 'salt', 'to', 'the', 'pan', 'and', 'stir', 'fry', 'for', '2', 'minutes', 'over', 'medium', 'heat', 'add', '2', 'cups', 'of', 'water', 'to', 'the', 'pan', 'with', 'salt', 'and', 'bring', 'to', 'a', 'boil', 'then', 'cover', 'tightly', 'and', 'turn', 'the', 'heat', 'to', 'low', 'simmer', 'for', '20', 'minutes', 'adding', 'additional', 'water', 'during', 'cooking', 'if', 'necessary', 'until', 'rice', 'is', 'tender', 'and', 'fluffy', 'and', 'all', 'the', 'water', 'is', 'absorbed', 'remove', 'bay', 'leaf', 'cloves', 'and', 'cinnamon', 'sticks', 'before', 'serving']","['wash', 'rice', 'several', 'times', 'let', 'soak', 'drain', 'rice', 'well', 'sieve', 'heat', 'oil', 'skillet', 'medium', 'low', 'heat', 'cook', 'onion', 'soft', 'add', 'ingredients', 'spices', 'except', 'salt', 'pan', 'stir', 'fry', 'medium', 'heat', 'add', 'water', 'pan', 'salt', 'bring', 'boil', 'cover', 'tightly', 'turn', 'heat', 'low', 'simmer', 'adding', 'additional', 'water', 'cooking', 'necessary', 'rice', 'tender', 'fluffy', 'water', 'absorbed', 'remove', 'bay', 'leaf', 'cloves', 'cinnamon', 'sticks', 'serving']",Indian
4202,"['melt', 'butter', 'in', 'evoo', 'in', 'a', 'large', 'skillet', 'add', 'onion', 'and', 'cook', 'until', 'just', 'starting', 'to', 'brown', 'add', 'ham', 'and', 'saute', 'briefly', 'add', 'chicken', 'broth', 'and', 'bring', 'to', 'a', 'simmer', 'reduce', 'the', 'broth', 'just', 'a', 'bit', 'before', 'adding', 'asparagus', 'add', 'asparagus', 'and', 'simmer', 'briefly', 'how', 'long', 'depends', 'on', 'how', 'well', 'you', 'like', 'your', 'veggies', 'cooked', 'if', 'you', 'like', 'some', 'crunch', '2', 'minutes', 'at', 'the', 'most', 'add', 'half', 'and', 'half', 'and', 'return', 'to', 'simmer', 'add', 'cooked', 'spaghetti', 'to', 'the', 'pan', 'and', 'toss', 'all', 'to', 'combine', 'allow', 'to', 'cook', 'briefly', 'add', 'parmesan', 'and', 'toss', 'to', 'combine', 'then', 'serve']","['melt', 'butter', 'evoo', 'large', 'skillet', 'add', 'onion', 'cook', 'starting', 'brown', 'add', 'ham', 'saute', 'briefly', 'add', 'chicken', 'broth', 'bring', 'simmer', 'reduce', 'broth', 'bit', 'adding', 'asparagus', 'add', 'asparagus', 'simmer', 'briefly', 'long', 'depends', 'well', 'like', 'veggies', 'cooked', 'like', 'crunch', 'add', 'half', 'half', 'return', 'simmer', 'add', 'cooked', 'spaghetti', 'pan', 'toss', 'combine', 'allow', 'cook', 'briefly', 'add', 'parmesan', 'toss', 'combine', 'serve']",Italian
9587,"['take', 'a', 'slice', 'of', 'bread', 'spread', 'a', 'light', 'coat', 'of', 'butter', 'on', 'it', 'in', 'a', 'small', 'cup', 'mix', 'sugar', 'with', 'cinnamon', 'powder', 'and', 'sprinkle', 'it', 'on', 'the', 'bread', 'toast', 'the', 'bread', 'serve', 'hot']","['take', 'slice', 'bread', 'spread', 'light', 'coat', 'butter', 'small', 'mix', 'sugar', 'cinnamon', 'powder', 'sprinkle', 'bread', 'toast', 'bread', 'serve', 'hot']",Indian
13011,"['in', 'a', 'non', 'stick', 'pan', 'heat', 'the', 'oil', 'and', 'fry', 'the', 'onions', 'till', 'light', 'brown', 'in', 'colour', 'add', 'the', 'ginger', 'garlic', 'and', 'tomatoes', 'fry', 'for', '2', 'minutes', 'add', 'turmeric', 'chilli', 'and', 'garam', 'masala', 'powders', 'stir', 'and', 'fry', 'for', '2', 'minutes', 'remove', 'the', 'pan', 'from', 'the', 'heat', 'and', 'allow', 'the', 'mixture', 'to', 'cool', 'in', 'a', 'blender', 'blitz', 'the', 'spice', 'mix', 'to', 'a', 'smooth', 'paste', 'add', 'the', 'yogurt', 'and', 'mix', 'well', 'place', 'chicken', 'in', 'a', 'non', 'metallic', 'bowl', 'add', 'the', 'lime', 'juice', 'and', 'give', 'a', 'quick', 'stir', 'add', 'the', 'spiced', 'paste', 'and', 'make', 'sure', 'that', 'all', 'of', 'the', 'chicken', 'is', 'coated', 'with', 'the', 'mixture', 'allow', 'mixture', 'to', 'stand', 'for', '15', 'minutes', 'reheat', 'the', 'pan', 'add', 'the', 'chicken', 'and', 'marinade', 'to', 'the', 'hot', 'pan', 'and', 'stir', 'well', 'add', 'the', 'water', 'and', 'mix', 'again', 'at', 'this', 'point', 'taste', 'the', 'gravy', 'and', 'adjust', 'the', 'salt', 'to', 'your', 'taste', 'reduce', 'the', 'heat', 'and', 'cover', 'pot', 'cook', '10', 'minutes', 'add', 'and', 'stir', 'in', 'the', 'coriander', 'leaves', 'and', 'cook', 'for', 'a', 'further', '5', 'minutes', 'serve', 'with', 'rice', 'or', 'chapati']","['non', 'stick', 'pan', 'heat', 'oil', 'fry', 'onions', 'till', 'light', 'brown', 'colour', 'add', 'ginger', 'garlic', 'tomatoes', 'fry', 'add', 'turmeric', 'chilli', 'garam', 'masala', 'powders', 'stir', 'fry', 'remove', 'pan', 'heat', 'allow', 'mixture', 'cool', 'blender', 'blitz', 'spice', 'mix', 'smooth', 'paste', 'add', 'yogurt', 'mix', 'well', 'place', 'chicken', 'non', 'metallic', 'bowl', 'add', 'lime', 'juice', 'give', 'quick', 'stir', 'add', 'spiced', 'paste', 'make', 'sure', 'chicken', 'coated', 'mixture', 'allow', 'mixture', 'stand', 'reheat', 'pan', 'add', 'chicken', 'marinade', 'hot', 'pan', 'stir', 'well', 'add', 'water', 'mix', 'point', 'taste', 'gravy', 'adjust', 'salt', 'taste', 'reduce', 'heat', 'cover', 'pot', 'cook', 'add', 'stir', 'coriander', 'leaves', 'cook', 'serve', 'rice', 'chapati']",Indian
6256,"['cook', 'lasagne', 'noodles', 'according', 'package', 'instructions', 'while', 'cooking', 'noodles', 'brown', 'the', 'hamburger', 'with', 'onion', 'and', 'garlic', 'in', 'the', 'oil', 'drain', 'fat', 'add', 'sugar', 'pepper', 'salt', 'tomatoes', 'and', 'tomato', 'sauce', 'simmer', 'for', '10', 'minutes', 'slice', 'both', 'lbs', 'of', 'cheese', 'mix', 'oregano', 'and', 'basil', 'together', 'in', 'a', 'separate', 'bowl', 'in', 'a', '9x13-inch', 'dish', 'layer', 'noodles', 'cheese', 'sauce', 'and', 'then', 'spices', 'repeat', 'for', '2', 'or', '3', 'layers', 'bake', 'at', '375', 'for', '1/2', 'hour', 'you', 'can', 'freeze', 'lasagne', 'and', 'cook', 'for', 'one', 'hour']","['cook', 'lasagne', 'noodles', 'according', 'package', 'instructions', 'cooking', 'noodles', 'brown', 'hamburger', 'onion', 'garlic', 'oil', 'drain', 'fat', 'add', 'sugar', 'pepper', 'salt', 'tomatoes', 'tomato', 'sauce', 'simmer', 'slice', 'cheese', 'mix', 'oregano', 'basil', 'together', 'separate', 'bowl', '9x13', 'inch', 'dish', 'layer', 'noodles', 'cheese', 'sauce', 'spices', 'repeat', 'layers', 'bake', 'freeze', 'lasagne', 'cook', 'one']",Italian
1255,"['to', 'each', 'tortilla', 'place', '2', 'tbsp', 'ricotta', 'in', 'the', 'center', 'and', 'spread', 'in', 'a', 'line', 'out', 'to', 'about', '2', ""''"", 'from', 'the', 'edges', 'sprinkle', 'the', 'top', 'of', 'the', 'ricotta', 'with', '2', 'tbsp', 'of', 'mozzarella', 'fold', 'burrito', 'style', 'fold', 'large', 'side', 'over', 'filling', 'fold', 'short', 'ends', 'in', 'then', 'fold', 'over', 'longways', 'onto', 'the', 'tortilla', 'try', 'to', 'keep', 'it', 'flat', 'rather', 'than', 'fat', 'so', 'that', 'the', 'cheese', 'will', 'melt', 'thoroughly', 'to', 'a', 'skillet', 'or', 'saute', 'pan', 'heat', 'the', 'butter', 'and', 'olive', 'oil', 'over', 'medium', 'to', 'med-high', 'heat', '7', 'on', 'my', 'stove', 'watch', 'carefully', 'so', 'as', 'not', 'to', 'burn', 'the', 'butter', 'sprinkle', 'a', 'pinch', 'of', 'salt', 'into', 'the', 'pan', 'and', 'then', 'place', 'burritos', 'into', 'the', 'pan', 'cover', 'and', 'let', 'simmer', 'until', 'golden', 'brown', 'on', 'the', 'underside', 'about', '2-3', 'minutes', 'carefully', 'turn', 'the', 'burritos', 'over', 'and', 'cook', 'the', 'other', 'side', ""'uncovered"", 'to', 'a', 'nice', 'golden', 'brown', 'and', 'crispiness', 'cut', 'each', 'in', 'half', 'and', 'place', 'onto', 'individual', 'plates', 'up', 'to', '4', 'people', 'mix', 'equal', 'parts', 'of', 'salsa', 'pizza', 'sauce', 'warmed', 'if', 'you', 'prefer', 'together', 'place', 'into', 'dipping', 'dishes', 'and', 'serve', 'have', 'fun', 'dipping', 'and', 'tasting', 'and', 'deciding', 'which', 'country', 'wins']","['tortilla', 'place', 'ricotta', 'center', 'spread', 'line', ""''"", 'edges', 'sprinkle', 'top', 'ricotta', 'mozzarella', 'fold', 'burrito', 'style', 'fold', 'large', 'side', 'filling', 'fold', 'short', 'ends', 'fold', 'longways', 'onto', 'tortilla', 'try', 'keep', 'flat', 'rather', 'fat', 'cheese', 'melt', 'thoroughly', 'skillet', 'saute', 'pan', 'heat', 'butter', 'olive', 'oil', 'medium', 'med', 'high', 'heat', 'stove', 'watch', 'carefully', 'burn', 'butter', 'sprinkle', 'pinch', 'salt', 'pan', 'place', 'burritos', 'pan', 'cover', 'let', 'simmer', 'golden', 'brown', 'underside', 'carefully', 'turn', 'burritos', 'cook', 'side', ""'uncovered"", 'nice', 'golden', 'brown', 'crispiness', 'cut', 'half', 'place', 'onto', 'individual', 'plates', 'people', 'mix', 'equal', 'parts', 'salsa', 'pizza', 'sauce', 'warmed', 'prefer', 'together', 'place', 'dipping', 'dishes', 'serve', 'fun', 'dipping', 'tasting', 'deciding', 'country', 'wins']",Italian
5026,"['preheat', 'oven', 'to', '350', 'degrees', 'f.', 'combine', 'beef', 'and', 'sauce', 'in', 'sauce', 'pan', 'put', 'just', 'enough', 'water', 'in', 'sauce', 'jar', 'to', 'rinse', 'sides', 'shake', 'it', 'up', 'then', 'add', 'it', 'to', 'sauce', 'mix', 'and', 'let', 'simmer', 'while', 'sauce', 'simmers', 'combine', 'all', '3', 'cheeses', 'eggs', 'and', 'salt', 'and', 'pepper', 'to', 'taste', 'in', 'large', 'mixing', 'bowl', 'and', 'mix', 'well', 'in', '13x9', ""''"", 'casserole/baking', 'dish', 'lay', 'down', 'thin', 'layer', 'of', 'sauce', 'on', 'bottom', 'just', 'enough', 'to', 'cover', 'so', 'noodles', 'do', ""n't"", 'stick', 'lay', 'down', 'first', 'layer', 'of', 'uncooked', 'noodles', 'then', 'a', 'layer', 'of', 'sauce', 'then', '1/2', 'of', 'the', 'cheese', 'mixture', 'follow', 'with', 'another', 'layer', 'of', 'noodles', 'sauce', 'rest', 'of', 'cheese', 'mixture', 'another', 'layer', 'of', 'noodles', 'then', 'finish', 'with', 'the', 'rest', 'of', 'the', 'sauce', 'on', 'top', 'cover', 'with', 'aluminum', 'foil', 'and', 'bake', 'at', '350', 'degrees', 'f', 'for', '55-60', 'minutes', 'remove', 'from', 'oven', 'remove', 'foil', 'then', 'bake', 'for', 'an', 'additional', '10', 'minutes', 'remove', 'from', 'oven', 'and', 'let', 'stand', 'for', '10', 'minutes', 'before', 'cutting', 'to', 'serve']","['preheat', 'oven', 'f.', 'combine', 'beef', 'sauce', 'sauce', 'pan', 'put', 'enough', 'water', 'sauce', 'jar', 'rinse', 'sides', 'shake', 'add', 'sauce', 'mix', 'let', 'simmer', 'sauce', 'simmers', 'combine', 'cheeses', 'eggs', 'salt', 'pepper', 'taste', 'large', 'mixing', 'bowl', 'mix', 'well', '13x9', ""''"", 'casserole/baking', 'dish', 'lay', 'thin', 'layer', 'sauce', 'bottom', 'enough', 'cover', 'noodles', 'stick', 'lay', 'first', 'layer', 'uncooked', 'noodles', 'layer', 'sauce', 'cheese', 'mixture', 'follow', 'another', 'layer', 'noodles', 'sauce', 'rest', 'cheese', 'mixture', 'another', 'layer', 'noodles', 'finish', 'rest', 'sauce', 'top', 'cover', 'aluminum', 'foil', 'bake', 'f', 'remove', 'oven', 'remove', 'foil', 'bake', 'additional', 'remove', 'oven', 'let', 'stand', 'cutting', 'serve']",Italian
9794,"['coarsely', 'grate', 'cucumber', 'and', 'pat', 'dry', 'with', 'a', 'kitchen', 'towel', 'whisk', 'yogurt', 'mint', 'cumin', 'and', '1/4', 'teaspoon', 'cayenne', 'pepper', 'in', 'medium', 'bowl', 'to', 'blend', 'add', 'grated', 'cucumber', 'and', 'toss', 'to', 'coat', 'season', 'raita', 'to', 'taste', 'with', 'salt', 'and', 'pepper', 'cover', 'and', 'refrigerate', 'for', 'at', 'least', '2', 'hours', 'can', 'be', 'prepared', '1', 'day', 'ahead', 'keep', 'refrigerated.', 'sprinkle', 'raita', 'with', 'a', 'pinch', 'of', 'cayenne', 'pepper', 'and', 'serve']","['coarsely', 'grate', 'cucumber', 'pat', 'dry', 'kitchen', 'towel', 'whisk', 'yogurt', 'mint', 'cumin', 'cayenne', 'pepper', 'medium', 'bowl', 'blend', 'add', 'grated', 'cucumber', 'toss', 'coat', 'season', 'raita', 'taste', 'salt', 'pepper', 'cover', 'refrigerate', 'least', 'prepared', 'day', 'ahead', 'keep', 'refrigerated.', 'sprinkle', 'raita', 'pinch', 'cayenne', 'pepper', 'serve']",Indian
3278,"['cook', 'beans', 'cover', 'beans', 'with', 'cold', 'water', 'by', '2', 'inches', 'in', 'a', 'bowl', 'and', 'soak', 'at', 'room', 'temperature', 'at', 'least', '8', 'hours', 'or', 'quick-soak', 'drain', 'well', 'in', 'a', 'colander', 'blanch', 'onions', 'in', 'boiling', 'salted', 'water', '1', 'minute', 'then', 'drain', 'and', 'peel', 'cover', 'beans', 'with', 'cold', 'water', 'by', 'about', '1', 'inch', 'in', 'a', '5-', 'to', '6-quart', 'pot', 'and', 'bring', 'to', 'a', 'boil', 'add', 'onions', 'and', 'simmer', 'partially', 'covered', 'skimming', 'froth', 'as', 'necessary', 'until', 'beans', 'and', 'onions', 'are', 'tender', '40', 'minutes', 'to', '1', 'hour', 'stir', 'in', 'salt', 'and', 'let', 'stand', 'in', 'cooking', 'liquid', 'uncovered', 'roast', 'tomatoes', 'while', 'beans', 'are', 'cooking', 'put', 'oven', 'rack', 'in', 'upper', 'third', 'of', 'oven', 'and', 'preheat', 'oven', 'to', '500°f', 'toss', 'tomato', 'halves', 'and', 'cherry', 'tomatoes', 'with', 'salt', 'sugar', 'and', 'oil', 'in', 'a', 'shallow', '3-quart', 'baking', 'dish', 'then', 'arrange', 'tomato', 'halves', 'cut', 'sides', 'up', 'roast', 'tomatoes', 'uncovered', 'until', 'large', 'tomatoes', 'are', 'very', 'tender', 'with', 'brown', 'patches', 'and', 'cherry', 'tomatoes', 'are', 'falling', 'apart', '35', 'to', '50', 'minutes', 'assemble', 'dish', 'transfer', 'warm', 'beans', 'and', 'onions', 'with', 'a', 'slotted', 'spoon', 'to', 'a', 'deep', 'large', 'platter', 'arrange', 'tomatoes', 'decoratively', 'on', 'top', 'of', 'beans', 'and', 'pour', 'tomato', 'juices', 'on', 'top', 'sprinkle', 'with', 'basil', 'leaves']","['cook', 'beans', 'cover', 'beans', 'cold', 'water', 'bowl', 'soak', 'room', 'temperature', 'least', 'quick', 'soak', 'drain', 'well', 'colander', 'blanch', 'onions', 'boiling', 'salted', 'water', 'drain', 'peel', 'cover', 'beans', 'cold', 'water', '6', 'quart', 'pot', 'bring', 'boil', 'add', 'onions', 'simmer', 'partially', 'covered', 'skimming', 'froth', 'necessary', 'beans', 'onions', 'tender', 'stir', 'salt', 'let', 'stand', 'cooking', 'liquid', 'uncovered', 'roast', 'tomatoes', 'beans', 'cooking', 'put', 'oven', 'rack', 'upper', 'third', 'oven', 'preheat', 'oven', '500°f', 'toss', 'tomato', 'halves', 'cherry', 'tomatoes', 'salt', 'sugar', 'oil', 'shallow', '3', 'quart', 'baking', 'dish', 'arrange', 'tomato', 'halves', 'cut', 'sides', 'roast', 'tomatoes', 'uncovered', 'large', 'tomatoes', 'tender', 'brown', 'patches', 'cherry', 'tomatoes', 'falling', 'apart', 'assemble', 'dish', 'transfer', 'warm', 'beans', 'onions', 'slotted', 'spoon', 'deep', 'large', 'platter', 'arrange', 'tomatoes', 'decoratively', 'top', 'beans', 'pour', 'tomato', 'juices', 'top', 'sprinkle', 'basil', 'leaves']",Italian
6048,"['peel', 'and', 'cube', 'potatoes', 'add', 'potatoes', 'garlic', 'to', 'pot', 'of', 'cold', 'water', 'cover', 'and', 'bring', 'water', 'to', 'a', 'boil', 'then', 'reduce', 'heat', 'and', 'simmer', 'for', '15', 'minutes', 'drain', 'the', 'potatoes', 'and', 'garlic', 'cloves', 'mash', 'all', 'ingredients', 'with', 'hand', 'masher', 'or', 'mixer', 'season', 'with', 'salt', 'pepper', 'you', 'can', 'thin', 'them', 'out', 'by', 'adding', 'more', 'regular', 'milk']","['peel', 'cube', 'potatoes', 'add', 'potatoes', 'garlic', 'pot', 'cold', 'water', 'cover', 'bring', 'water', 'boil', 'reduce', 'heat', 'simmer', 'drain', 'potatoes', 'garlic', 'cloves', 'mash', 'ingredients', 'hand', 'masher', 'mixer', 'season', 'salt', 'pepper', 'thin', 'adding', 'regular', 'milk']",Italian
660,"['blend', 'the', 'crust', 'ingredients', 'together', 'knead', 'with', 'flour', 'until', 'the', 'dough', 'is', 'of', 'pie', 'crust', 'consistency', 'roll', 'out', 'and', 'place', 'in', 'a', '10', ""''"", 'casserole', 'dish', 'as', 'you', 'would', 'for', 'pie', 'spread', 'lightly', 'with', 'dijon', 'mustard', 'saute', 'the', 'zucchini', 'onions', 'mushrooms', 'and', 'butter', 'until', 'tender', 'about', '10', 'minutes', 'in', 'a', 'large', 'bowl', 'mix', 'the', 'cheese', 'eggs', 'salt', 'garlic', 'powder', 'pepper', 'basil', 'and', 'oregano', 'add', 'the', 'zucchini', 'mixture', 'pour', 'all', 'into', 'the', 'pie', 'crust', 'sprinkle', 'with', 'parmesan', 'cheese', 'bake', '18-20', 'minutes', 'and', '350', 'degrees', 'or', 'until', 'a', 'knife', 'inserted', 'in', 'center', 'comes', 'out', 'clean']","['blend', 'crust', 'ingredients', 'together', 'knead', 'flour', 'dough', 'pie', 'crust', 'consistency', 'roll', 'place', ""''"", 'casserole', 'dish', 'would', 'pie', 'spread', 'lightly', 'dijon', 'mustard', 'saute', 'zucchini', 'onions', 'mushrooms', 'butter', 'tender', 'large', 'bowl', 'mix', 'cheese', 'eggs', 'salt', 'garlic', 'powder', 'pepper', 'basil', 'oregano', 'add', 'zucchini', 'mixture', 'pour', 'pie', 'crust', 'sprinkle', 'parmesan', 'cheese', 'bake', 'knife', 'inserted', 'center', 'comes', 'clean']",Italian
4170,"['to', 'make', 'the', 'syrup', 'in', 'a', 'small', 'saucepan', 'heat', 'the', 'water', 'and', 'sugar', 'until', 'thickened', 'remove', 'from', 'the', 'heat', 'and', 'add', 'the', 'espresso', 'set', 'aside', 'to', 'make', 'the', 'cream', 'in', 'the', 'bowl', 'of', 'a', 'standing', 'mixer', 'or', 'by', 'hand', 'cream', 'the', 'mascarpone', 'with', 'the', 'confectioners', 'sugar', 'grand', 'marnier', 'and', 'orange', 'zest', 'in', 'another', 'bowl', 'whip', 'the', 'cream', 'to', 'soft', 'peaks', 'and', 'then', 'fold', 'into', 'the', 'soften', 'mascarpone', 'to', 'assemble', 'the', 'tiramisu', 'break', 'up', '4-6', 'ladyfingers', 'and', 'soak', 'them', 'in', 'a', 'third', 'of', 'the', 'syrup', 'dip', 'the', 'remaining', 'ladyfingers', 'in', 'the', 'syrup', 'and', 'then', 'rest', 'them', 'on', 'the', 'inside', 'of', '4', 'wineglasses', 'dip', 'the', 'ladyfingers', 'just', 'enough', 'to', 'soak', 'up', 'the', 'syrup', 'but', 'not', 'to', 'make', 'them', 'soggy', 'pipe', 'or', 'spoon', 'a', 'third', 'of', 'the', 'cream', 'into', 'the', 'glasses', 'then', 'add', 'some', 'of', 'the', 'soaked', 'ladyfinger', 'pieces', 'and', 'a', 'third', 'of', 'the', 'chocolate', 'repeat', 'this', 'until', 'you', 'have', 'used', 'all', 'the', 'cream', 'garnish', 'the', 'tiramisu', 'with', 'a', 'dusting', 'of', 'cinnamon', 'and', 'the', 'coffee', 'chill', 'for', '1', 'or', '2', 'hours', 'and', 'serve']","['make', 'syrup', 'small', 'saucepan', 'heat', 'water', 'sugar', 'thickened', 'remove', 'heat', 'add', 'espresso', 'set', 'aside', 'make', 'cream', 'bowl', 'standing', 'mixer', 'hand', 'cream', 'mascarpone', 'confectioners', 'sugar', 'grand', 'marnier', 'orange', 'zest', 'another', 'bowl', 'whip', 'cream', 'soft', 'peaks', 'fold', 'soften', 'mascarpone', 'assemble', 'tiramisu', 'break', 'ladyfingers', 'soak', 'third', 'syrup', 'dip', 'remaining', 'ladyfingers', 'syrup', 'rest', 'inside', 'wineglasses', 'dip', 'ladyfingers', 'enough', 'soak', 'syrup', 'make', 'soggy', 'pipe', 'spoon', 'third', 'cream', 'glasses', 'add', 'soaked', 'ladyfinger', 'pieces', 'third', 'chocolate', 'repeat', 'used', 'cream', 'garnish', 'tiramisu', 'dusting', 'cinnamon', 'coffee', 'chill', 'serve']",Italian
8014,"['heat', '1', 'tsp', 'oil', 'in', 'a', 'large', 'heavy', 'cast', 'iron', 'skillet', 'over', 'medium-high', 'heat', 'add', 'onion', 'and', 'cook', 'for', '2', 'minutes', 'not', 'stirring', 'or', 'until', 'charred', 'carefully', 'turn', 'the', 'onion', 'over', 'and', 'cook', 'an', 'additional', '4', 'minutes', 'or', 'until', 'charred', 'remove', 'from', 'the', 'heat', 'and', 'coarsely', 'chop', 'set', 'aside', 'combine', 'the', 'mustard', 'seeds', 'coriander', 'seeds', 'cumin', 'seed', 'and', 'clove', 'ina', 'small', 'skillet', 'over', 'medium', 'heat', 'cook', 'about', '1', '1/2', 'minute', 'until', 'the', 'mixture', 'is', 'fragrant', 'stirring', 'frequently', 'remove', 'from', 'the', 'heat', 'combine', 'the', 'mustard', 'mixture', 'cinnamon', 'cardamom', 'and', 'chili', 'ina', 'spice', 'or', 'coffee', 'grinder', 'and', 'pulse', 'until', 'ground', 'heat', 'remaining', '2', 'tsp', 'of', 'oil', 'in', 'a', 'small', 'dutch', 'oven', 'over', 'medium', 'high', 'heat', 'add', 'the', 'ginger', 'and', 'garlic', 'to', 'the', 'pan', 'saute', '1', 'minute', 'stir', 'in', 'the', 'spices', 'saute', '1', 'minute', 'more', 'add', 'the', 'broth', 'lentils', 'and', 'tomato', 'to', 'the', 'pan', 'and', 'bring', 'to', 'a', 'boil', 'cover', 'and', 'reduce', 'heat', 'and', 'simmer', 'for', '30', 'minutes', 'stirring', 'occasionally', 'uncover', 'and', 'add', 'charred', 'onion', 'and', 'cook', '10', 'more', 'minutes', 'stir', 'in', 'cilantro', 'and', 'lime', 'juice', 'serve']","['heat', 'oil', 'large', 'heavy', 'cast', 'iron', 'skillet', 'medium', 'high', 'heat', 'add', 'onion', 'cook', 'stirring', 'charred', 'carefully', 'turn', 'onion', 'cook', 'additional', 'charred', 'remove', 'heat', 'coarsely', 'chop', 'set', 'aside', 'combine', 'mustard', 'seeds', 'coriander', 'seeds', 'cumin', 'seed', 'clove', 'ina', 'small', 'skillet', 'medium', 'heat', 'cook', 'mixture', 'fragrant', 'stirring', 'frequently', 'remove', 'heat', 'combine', 'mustard', 'mixture', 'cinnamon', 'cardamom', 'chili', 'ina', 'spice', 'coffee', 'grinder', 'pulse', 'ground', 'heat', 'remaining', 'oil', 'small', 'dutch', 'oven', 'medium', 'high', 'heat', 'add', 'ginger', 'garlic', 'pan', 'saute', 'stir', 'spices', 'saute', 'add', 'broth', 'lentils', 'tomato', 'pan', 'bring', 'boil', 'cover', 'reduce', 'heat', 'simmer', 'stirring', 'occasionally', 'uncover', 'add', 'charred', 'onion', 'cook', 'stir', 'cilantro', 'lime', 'juice', 'serve']",Indian
2467,"['place', 'potatoes', 'and', 'scallions', 'in', 'a', 'pot', 'and', 'add', 'water', 'to', 'cover', 'potatoes', 'by', 'at', 'least', 'one', 'inch', 'bring', 'to', 'a', 'boil', 'and', 'strain', 'once', 'the', 'potatoes', 'are', 'fork', 'soft', 'remove', 'scallions', 'and', 'discard', 'return', 'potatoes', 'to', 'pot', 'and', 'add', 'butter', 'and', 'mascarpone', 'cheese', 'mash', 'until', 'smooth', 'mixing', 'in', 'enough', 'milk', 'to', 'thin', 'to', 'desired', 'consistency', 'mix', 'in', 'truffle', 'sauce', 'season', 'with', 'salt', 'and', 'pepper', 'transfer', 'to', 'bowl']","['place', 'potatoes', 'scallions', 'pot', 'add', 'water', 'cover', 'potatoes', 'least', 'one', 'bring', 'boil', 'strain', 'potatoes', 'fork', 'soft', 'remove', 'scallions', 'discard', 'return', 'potatoes', 'pot', 'add', 'butter', 'mascarpone', 'cheese', 'mash', 'smooth', 'mixing', 'enough', 'milk', 'thin', 'desired', 'consistency', 'mix', 'truffle', 'sauce', 'season', 'salt', 'pepper', 'transfer', 'bowl']",Italian
9604,"['mash', 'the', 'cottage', 'cheese', 'and', 'khoya', 'till', 'smooth', 'blend', 'in', 'the', 'condensed', 'milk', 'and', 'flour', 'using', 'a', 'mixer', 'add', 'powdered', 'pistachios', 'mix', 'well', 'transfer', 'to', 'a', 'thick', 'bottomed', 'vessel', 'cook', 'on', 'slow', 'flame', 'till', 'the', 'mixture', 'becomes', 'thick', 'and', 'forms', 'a', 'ball', 'pour', 'onto', 'a', 'lightly', 'greased', 'tray', 'that', ""'s"", 'been', 'greased', 'with', 'ghee', 'spread', 'evenly', 'to', 'about', '1/2', 'inch', 'thickness', 'cool', 'for', '4-5', 'hours', 'cut', 'into', 'squares', 'and', 'serve', 'store', 'refrigerated', 'in', 'air-tight', 'containers']","['mash', 'cottage', 'cheese', 'khoya', 'till', 'smooth', 'blend', 'condensed', 'milk', 'flour', 'using', 'mixer', 'add', 'powdered', 'pistachios', 'mix', 'well', 'transfer', 'thick', 'bottomed', 'vessel', 'cook', 'slow', 'flame', 'till', 'mixture', 'becomes', 'thick', 'forms', 'ball', 'pour', 'onto', 'lightly', 'greased', 'tray', 'greased', 'ghee', 'spread', 'evenly', 'thickness', 'cool', 'cut', 'squares', 'serve', 'store', 'refrigerated', 'air', 'tight', 'containers']",Indian
11309,"['comine', 'the', 'moong', 'corn', 'pomegranate', 'seeds', 'tomato', 'onion', 'and', 'chillies', 'in', 'a', 'bowl', 'mix', 'the', 'dressing', 'ingredients', 'together', 'toss', 'the', 'salad', 'ingredients', 'with', 'the', 'dressing', 'to', 'coat', 'well', 'add', 'pepper', 'powder', 'to', 'taste', 'garnish', 'with', 'coriander', 'leaves']","['comine', 'moong', 'corn', 'pomegranate', 'seeds', 'tomato', 'onion', 'chillies', 'bowl', 'mix', 'dressing', 'ingredients', 'together', 'toss', 'salad', 'ingredients', 'dressing', 'coat', 'well', 'add', 'pepper', 'powder', 'taste', 'garnish', 'coriander', 'leaves']",Indian
8607,"['wash', 'and', 'pat', 'dry', 'the', 'lamb', 'and', 'keep', 'aside', 'dry', 'roast', 'the', 'fennel', 'cardamom', 'cinnamon', 'cloves', 'bay', 'leaf', 'and', 'grind', 'to', 'powder', 'in', 'a', 'clean', 'bowl', 'put', 'the', 'above', 'powder', 'turmeric', 'coriander', 'and', 'ginger', 'garlic', 'paste', 'ghee', 'yoghurt', 'and', 'salt', 'and', 'mix', 'together', 'marinade', 'the', 'lamb', 'and', 'keep', 'in', 'a', 'cool', 'place', 'for', 'four', 'to', 'six', 'hours', 'in', 'a', 'clean', 'pot', 'bring', 'the', 'water', 'to', 'boil', 'add', 'black', 'cumin', 'seeds', 'a', 'little', 'oil', 'or', 'ghee', 'half', 'of', 'the', 'chopped', 'coriander', 'and', 'mint', 'add', 'washed', 'basmati', 'rice', 'and', 'cook', 'till', 'the', 'rice', 'is', '3/4', 'done', 'strain', 'and', 'keep', 'aside', 'heat', 'the', 'mixture', 'of', 'ghee', 'and', 'oil', 'and', 'top', 'the', 'whole', 'garam', 'masala', 'chilli', 'and', 'onion', 'sweat', 'the', 'onion', 'and', 'add', 'the', 'sliced', 'tomatoes', 'and', 'cook', 'add', 'the', 'marinated', 'lamb', 'and', 'cook', 'till', '3/4', 'done', 'spread', 'the', 'boiled', 'rice', 'on', 'top', 'of', 'the', 'lamb', 'evenly', 'sprinkle', 'chopped', 'coriander', 'mint', 'leaves', 'and', 'browned', 'onions', 'bake', 'with', 'a', 'sealed', 'lid', 'in', 'a', 'preheated', 'oven', 'at', '180', 'degrees', 'c', 'for', '15', 'to', '20', 'minutes', 'or', 'alternatively', 'put', 'on', 'low', 'flame', 'griddle', 'once', 'the', 'steam', 'comes', 'out', 'remove', 'from', 'griddle', 'gently', 'mix', 'and', 'arrange', 'on', 'a', 'serving', 'platter', 'garnish', 'with', 'fried', 'onion', 'and', 'coriander']","['wash', 'pat', 'dry', 'lamb', 'keep', 'aside', 'dry', 'roast', 'fennel', 'cardamom', 'cinnamon', 'cloves', 'bay', 'leaf', 'grind', 'powder', 'clean', 'bowl', 'put', 'powder', 'turmeric', 'coriander', 'ginger', 'garlic', 'paste', 'ghee', 'yoghurt', 'salt', 'mix', 'together', 'marinade', 'lamb', 'keep', 'cool', 'place', 'four', 'six', 'clean', 'pot', 'bring', 'water', 'boil', 'add', 'black', 'cumin', 'seeds', 'little', 'oil', 'ghee', 'half', 'chopped', 'coriander', 'mint', 'add', 'washed', 'basmati', 'rice', 'cook', 'till', 'rice', 'done', 'strain', 'keep', 'aside', 'heat', 'mixture', 'ghee', 'oil', 'top', 'whole', 'garam', 'masala', 'chilli', 'onion', 'sweat', 'onion', 'add', 'sliced', 'tomatoes', 'cook', 'add', 'marinated', 'lamb', 'cook', 'till', 'done', 'spread', 'boiled', 'rice', 'top', 'lamb', 'evenly', 'sprinkle', 'chopped', 'coriander', 'mint', 'leaves', 'browned', 'onions', 'bake', 'sealed', 'lid', 'preheated', 'oven', 'c', 'alternatively', 'put', 'low', 'flame', 'griddle', 'steam', 'comes', 'remove', 'griddle', 'gently', 'mix', 'arrange', 'serving', 'platter', 'garnish', 'fried', 'onion', 'coriander']",Indian
1245,"['prepare', 'the', 'crust', 'preheat', 'the', 'oven', 'to', '375°f', 'place', 'the', 'sifted', 'flour', 'salt', 'and', 'butter', 'in', 'a', 'bowl', 'and', 'use', 'your', 'fingertips', 'to', 'rub', 'the', 'butter', 'into', 'the', 'flour', 'until', 'the', 'mixture', 'has', 'an', 'even', 'granular', 'texture', 'add', 'the', 'powdered', 'sugar', 'and', 'blend', 'sprinkle', 'with', 'the', 'water', 'mix', 'gently', 'and', 'gather', 'together', 'to', 'form', 'a', 'ball', 'cover', 'in', 'plastic', 'wrap', 'and', 'refrigerate', 'for', '15', 'minutes', 'butter', 'a', '20.5', 'cm', '8', 'in', 'tart', 'pan', 'with', 'a', 'removable', 'bottom', 'roll', 'out', 'the', 'dough', 'to', 'a', 'thickness', 'of', '.5cm', 'and', 'place', 'it', 'over', 'the', 'pan', 'without', 'stretching', 'press', 'well', 'into', 'the', 'bottom', 'and', 'up', 'the', 'sides', 'then', 'roll', 'the', 'rolling', 'pin', 'firmly', 'over', 'the', 'top', 'to', 'trim', 'the', 'excess', 'prick', 'with', 'a', 'fork', 'and', 'bake', 'for', '10', 'minutes', 'prepare', 'the', 'filling', 'in', 'a', 'saucepan', 'over', 'medium-', 'low', 'heat', 'make', 'a', 'roux', 'by', 'melting', 'the', 'butter', 'and', 'stirring', 'in', 'the', 'flour', 'with', 'a', 'wooden', 'spoon', 'in', 'a', 'separate', 'saucepan', 'bring', 'the', 'milk', 'salt', 'and', 'sugar', 'to', 'a', 'boil', 'add', 'the', 'hot', 'milk', 'to', 'the', 'roux', 'a', 'little', 'at', 'a', 'time', 'whisking', 'constantly', 'until', 'the', 'mixture', 'is', 'smooth', 'continue', 'whisking', 'and', 'cooking', 'over', 'low', 'heat', 'for', '5', 'minutes', 'until', 'thick', 'remove', 'from', 'heat', 'and', 'add', 'the', 'egg', 'yolks', 'and', 'powdered', 'almonds', 'whisking', 'briskly', 'do', 'not', 'allow', 'the', 'filling', 'to', 'boil', 'after', 'the', 'egg', 'yolks', 'are', 'added', 'or', 'it', 'will', 'separate', 'pour', 'the', 'filling', 'into', 'the', 'pre-cooked', 'pie', 'shell', 'sprinkle', 'the', 'sliced', 'almonds', 'over', 'the', 'top', 'and', 'bake', 'for', '20', 'minutes', 'or', 'until', 'the', 'top', 'is', 'nicely', 'browned', 'cool', 'completely', 'and', 'sprinkle', 'with', 'powdered', 'sugar', 'if', 'desired']","['prepare', 'crust', 'preheat', 'oven', '375°f', 'place', 'sifted', 'flour', 'salt', 'butter', 'bowl', 'use', 'fingertips', 'rub', 'butter', 'flour', 'mixture', 'even', 'granular', 'texture', 'add', 'powdered', 'sugar', 'blend', 'sprinkle', 'water', 'mix', 'gently', 'gather', 'together', 'form', 'ball', 'cover', 'plastic', 'wrap', 'refrigerate', 'butter', 'cm', 'tart', 'pan', 'removable', 'bottom', 'roll', 'dough', 'thickness', '.5cm', 'place', 'pan', 'without', 'stretching', 'press', 'well', 'bottom', 'sides', 'roll', 'rolling', 'pin', 'firmly', 'top', 'trim', 'excess', 'prick', 'fork', 'bake', 'prepare', 'filling', 'saucepan', 'medium', 'low', 'heat', 'make', 'roux', 'melting', 'butter', 'stirring', 'flour', 'wooden', 'spoon', 'separate', 'saucepan', 'bring', 'milk', 'salt', 'sugar', 'boil', 'add', 'hot', 'milk', 'roux', 'little', 'time', 'whisking', 'constantly', 'mixture', 'smooth', 'continue', 'whisking', 'cooking', 'low', 'heat', 'thick', 'remove', 'heat', 'add', 'egg', 'yolks', 'powdered', 'almonds', 'whisking', 'briskly', 'allow', 'filling', 'boil', 'egg', 'yolks', 'added', 'separate', 'pour', 'filling', 'pre', 'cooked', 'pie', 'shell', 'sprinkle', 'sliced', 'almonds', 'top', 'bake', 'top', 'nicely', 'browned', 'cool', 'completely', 'sprinkle', 'powdered', 'sugar', 'desired']",Italian
2578,"['pour', 'about', '2t', 'of', 'olive', 'oil', 'in', 'a', 'deep', 'frypan', 'or', 'wok', 'and', 'on', 'a', 'very', 'low', 'heat', 'fry', 'the', 'first', '5', 'ingredients', 'up', 'to', 'basil', 'for', 'about', '30', 'seconds', 'until', 'it', 'becomes', 'fragrant', 'garlic', 'burns', 'very', 'easily', 'so', 'the', 'next', 'step', 'has', 'to', 'be', 'ready', 'to', 'go', 'before', 'garlic', 'burns', 'pour', 'in', 'tomatoes', 'and', 'stir', 'in', 'turning', 'up', 'the', 'heat', 'to', 'medium', 'add', 'next', '5', 'ingredients', 'up', 'to', 'red', 'wine', 'stir', 'thoroughly', 'then', 'bring', 'to', 'the', 'boil', 'check', 'to', 'see', 'that', 'the', 'flavour', 'is', 'balanced', 'between', 'the', 'salt', 'sugar', 'and', 'vinegar', 'it', 'should', 'have', 'a', 'bit', 'of', 'a', 'kick', 'but', 'if', 'you', 'can', 'taste', 'the', 'sugar', 'or', 'vinegar', 'quite', 'strongly', 'adjust', 'taste', 'very', 'carefully', 'eg', 'if', 'it', 'tastes', 'like', 'vinegar', 'add', 'another', '1/4', 't', 'sugar', 'reduce', 'to', 'medium', 'heat', 'cover', 'and', 'simmer', 'for', '15', 'minutes', 'until', 'reduced', 'in', 'the', 'meantime', 'grate', 'parmesan', 'cheese', 'boil', 'large', 'saucepan', 'of', 'generously', 'salted', 'water', 'you', 'do', ""n't"", 'need', 'oil', 'boil', 'pasta', 'according', 'to', 'instructions', 'try', 'not', 'to', 'touch', 'it', 'too', 'much', 'and', 'not', 'to', 'overcook', 'it', 'bite-test', 'it', 'every', '30', 'seconds', 'when', 'it', 'gets', 'close', 'to', 'the', 'finish', 'time', 'pasta', 'should', 'be', 'juicy', 'and', 'springy', 'not', 'sticky', 'and', 'limp', 'drain', 'pasta', 'toss', 'with', 'olive', 'oil', 'then', 'serve', 'onto', 'plates', 'top', 'with', 'sauce', 'parmesan', 'and', 'cracked', 'pepper', 'bon', 'apetit']","['pour', '2t', 'olive', 'oil', 'deep', 'frypan', 'wok', 'low', 'heat', 'fry', 'first', 'ingredients', 'basil', 'seconds', 'becomes', 'fragrant', 'garlic', 'burns', 'easily', 'next', 'step', 'ready', 'go', 'garlic', 'burns', 'pour', 'tomatoes', 'stir', 'turning', 'heat', 'medium', 'add', 'next', 'ingredients', 'red', 'wine', 'stir', 'thoroughly', 'bring', 'boil', 'check', 'see', 'flavour', 'balanced', 'salt', 'sugar', 'vinegar', 'bit', 'kick', 'taste', 'sugar', 'vinegar', 'quite', 'strongly', 'adjust', 'taste', 'carefully', 'eg', 'tastes', 'like', 'vinegar', 'add', 'another', 'sugar', 'reduce', 'medium', 'heat', 'cover', 'simmer', 'reduced', 'meantime', 'grate', 'parmesan', 'cheese', 'boil', 'large', 'saucepan', 'generously', 'salted', 'water', 'need', 'oil', 'boil', 'pasta', 'according', 'instructions', 'try', 'touch', 'much', 'overcook', 'bite', 'test', 'every', 'seconds', 'gets', 'close', 'finish', 'time', 'pasta', 'juicy', 'springy', 'sticky', 'limp', 'drain', 'pasta', 'toss', 'olive', 'oil', 'serve', 'onto', 'plates', 'top', 'sauce', 'parmesan', 'cracked', 'pepper', 'bon', 'apetit']",Italian
13070,"['put', 'couscous', 'spices', 'from', 'packet', 'and', '2', 'tsp', 'oil', 'in', 'a', 'medium', 'bowl', 'add', '1', 'and', '1/4', 'cups', 'boiling', 'water', 'stir', 'to', 'mix', 'cover', 'and', 'let', 'stand', 'heat', 'rest', 'of', 'oil', 'in', 'a', 'large', 'nonstick', 'skillet', 'over', 'medium-high', 'heat', 'season', 'chicken', 'with', '4', 'tsp', 'each', 'salt', 'and', 'pepper', 'cook', '3', 'minutes', 'per', 'side', 'or', 'until', 'golden', 'meanwhile', 'stir', 'flour', 'ginger', 'curry', 'powder', 'and', '4', 'tsp', 'salt', 'into', 'can', 'of', 'coconut', 'milk', 'add', 'to', 'skillet', 'top', 'chicken', 'with', 'carrots', 'and', 'fruit', 'bring', 'to', 'a', 'simmer', 'cover', 'and', 'cook', '4', 'minutes', 'or', 'until', 'chicken', 'is', 'done', 'sauce', 'thickens', 'slightly', 'and', 'carrots', 'are', 'crisp-tender', 'serve', 'with', 'couscous', 'tip', 'look', 'for', 'jars', 'of', 'chopped', 'ginger', 'in', 'the', 'produce', 'section', 'of', 'your', 'market']","['put', 'couscous', 'spices', 'packet', 'oil', 'medium', 'bowl', 'add', 'boiling', 'water', 'stir', 'mix', 'cover', 'let', 'stand', 'heat', 'rest', 'oil', 'large', 'nonstick', 'skillet', 'medium', 'high', 'heat', 'season', 'chicken', 'salt', 'pepper', 'cook', 'per', 'side', 'golden', 'meanwhile', 'stir', 'flour', 'ginger', 'curry', 'powder', 'salt', 'coconut', 'milk', 'add', 'skillet', 'top', 'chicken', 'carrots', 'fruit', 'bring', 'simmer', 'cover', 'cook', 'chicken', 'done', 'sauce', 'thickens', 'slightly', 'carrots', 'crisp', 'tender', 'serve', 'couscous', 'tip', 'look', 'jars', 'chopped', 'ginger', 'produce', 'section', 'market']",Indian
825,"['in', 'a', 'small', 'skillet', 'saute', 'onion', 'and', 'garlic', 'in', 'oil', 'for', '3', 'minutes', 'set', 'aside', 'in', 'a', 'mixing', 'bowl', 'combine', 'the', 'ricotta', '1/2', 'c.', 'mozzarella', 'cream', 'cheese', '4', 'tablespoons', 'parmesan', 'italian', 'seasoning', 'salt', 'and', 'pepper', 'beat', 'until', 'smooth', 'stir', 'in', 'the', 'onion', 'mixture', 'and', 'spinach', 'spoon', 'into', 'the', 'manicotti', 'shells', 'pour', 'half', 'of', 'the', 'spaghetti', 'sauce', 'into', 'a', 'greased', '13x9', 'inch', 'baking', 'dish', 'arrange', 'shells', 'over', 'sauce', 'top', 'with', 'the', 'rest', 'of', 'sauce', 'cover', 'and', 'bake', 'at', '350', 'degrees', 'for', '25', 'minutes', 'uncover', 'sprinkle', 'with', 'remaining', 'mozzarella', 'and', 'parmesan', 'bake', '5-10', 'minutes', 'longer', 'or', 'until', 'cheese', 'is', 'melted']","['small', 'skillet', 'saute', 'onion', 'garlic', 'oil', 'set', 'aside', 'mixing', 'bowl', 'combine', 'ricotta', 'c.', 'mozzarella', 'cream', 'cheese', 'parmesan', 'italian', 'seasoning', 'salt', 'pepper', 'beat', 'smooth', 'stir', 'onion', 'mixture', 'spinach', 'spoon', 'manicotti', 'shells', 'pour', 'half', 'spaghetti', 'sauce', 'greased', '13x9', 'baking', 'dish', 'arrange', 'shells', 'sauce', 'top', 'rest', 'sauce', 'cover', 'bake', 'uncover', 'sprinkle', 'remaining', 'mozzarella', 'parmesan', 'bake', 'longer', 'cheese', 'melted']",Italian
10159,"['saute', 'onion', 'until', 'golden', 'add', 'garlic', 'and', 'saute', 'for', 'about', '30', 'seconds', 'add', 'all', 'remaining', 'ingredients', 'except', 'for', 'the', 'salt', 'and', 'green', 'onion', 'cook', 'covered', 'on', 'medium', 'heat', 'for', '35-40', 'minutes', 'or', 'until', 'the', 'soup', 'thickens', 'and', 'lentils', 'and', 'vegetables', 'are', 'soft', 'add', 'salt', 'when', 'all', 'is', 'cooked', 'and', 'garnish', 'with', 'green', 'onion']","['saute', 'onion', 'golden', 'add', 'garlic', 'saute', 'seconds', 'add', 'remaining', 'ingredients', 'except', 'salt', 'green', 'onion', 'cook', 'covered', 'medium', 'heat', 'soup', 'thickens', 'lentils', 'vegetables', 'soft', 'add', 'salt', 'cooked', 'garnish', 'green', 'onion']",Indian
7815,"['stirring', 'constantly', 'lightly', 'toast', 'the', 'anise', 'nutmeg', 'cinnamon', 'coriander', 'cardamom', 'black', 'pepper', 'cloves', 'and', 'allspice', 'in', 'a', 'skillet', 'over', 'medium', 'high', 'heat', 'take', 'extra', 'care', 'not', 'to', 'burn', 'the', 'spices', 'you', 'just', 'want', 'them', 'to', 'become', 'fragrant', 'let', 'the', 'spices', 'cool', 'slightly', 'and', 'coarsely', 'grind', 'in', 'a', 'spice', 'mill', 'split', 'the', 'vanilla', 'bean', 'and', 'scrape', 'out', 'the', 'seeds', 'reserve', 'the', 'seeds', 'for', 'another', 'use', 'oh', 'like', 'maybe', 'some', 'vanilla', 'rice', 'pudding', 'peel', 'the', 'ginger', 'and', 'cut', 'into', 'thin', 'slices', 'bring', 'the', 'water', 'to', 'a', 'boil', 'add', 'the', 'ground', 'spices', 'orange', 'zest', 'vanilla', 'bean', 'and', 'ginger', 'reduce', 'heat', 'cover', 'and', 'simmer', 'for', '15', 'minutes', 'add', 'the', 'tea', 'bags', 'and', 'steep', 'for', '5', 'minutes', 'remove', 'the', 'tea', 'bags', 'and', 'strain', 'the', 'liquid', 'while', 'still', 'warm', 'add', 'the', 'honey', 'and', 'stir', 'well', 'to', 'dissolve', 'suggested', 'serving', 'is', '2', 'parts', 'chai', 'to', '1', 'part', 'milk', 'water', 'or', 'your', 'favorite', 'milk', 'alternative', 'serve', 'hot', 'or', 'cold', 'the', 'chai', 'liquid', 'can', 'be', 'stored', 'in', 'the', 'refrigerator', 'and', 'used', 'at', 'your', 'leisure', 'makes', 'approximately', '12', '12-ounce', 'servings', 'of', 'tea']","['stirring', 'constantly', 'lightly', 'toast', 'anise', 'nutmeg', 'cinnamon', 'coriander', 'cardamom', 'black', 'pepper', 'cloves', 'allspice', 'skillet', 'medium', 'high', 'heat', 'take', 'extra', 'care', 'burn', 'spices', 'want', 'become', 'fragrant', 'let', 'spices', 'cool', 'slightly', 'coarsely', 'grind', 'spice', 'mill', 'split', 'vanilla', 'bean', 'scrape', 'seeds', 'reserve', 'seeds', 'another', 'use', 'oh', 'like', 'maybe', 'vanilla', 'rice', 'pudding', 'peel', 'ginger', 'cut', 'thin', 'slices', 'bring', 'water', 'boil', 'add', 'ground', 'spices', 'orange', 'zest', 'vanilla', 'bean', 'ginger', 'reduce', 'heat', 'cover', 'simmer', 'add', 'tea', 'bags', 'steep', 'remove', 'tea', 'bags', 'strain', 'liquid', 'still', 'warm', 'add', 'honey', 'stir', 'well', 'dissolve', 'suggested', 'serving', 'parts', 'chai', 'part', 'milk', 'water', 'favorite', 'milk', 'alternative', 'serve', 'hot', 'cold', 'chai', 'liquid', 'stored', 'refrigerator', 'used', 'leisure', 'makes', 'approximately', '12', 'ounce', 'servings', 'tea']",Indian
4810,"['in', 'a', 'large', 'saucepan', 'add', 'the', 'olive', 'oil', 'and', 'butter', 'together', 'over', 'a', 'medium', 'heat', 'until', 'all', 'the', 'butter', 'is', 'melted', 'add', '1/2', 'the', 'garlic', 'to', 'the', 'saucepan', 'and', 'simmer', 'for', 'about', '3', 'minutes', 'till', 'the', 'garlic', 'starts', 'to', 'get', 'transparent', 'make', 'sure', 'your', 'heat', 'is', 'not', 'too', 'high', 'you', 'do', ""n't"", 'want', 'the', 'garlic', 'to', 'brown', 'at', 'all', 'it', 'will', 'create', 'a', 'very', 'bitter', 'taste', 'after', '3', 'minutes', 'add', 'the', 'white', 'wine', 'to', 'the', 'mixture', 'if', 'using', 'gas', 'heat', 'make', 'sure', 'to', 'remove', 'the', 'pan', 'from', 'heat', 'before', 'adding', 'the', 'wine', 'to', 'avoid', 'fire', 'stir', 'mixture', 'and', 'allow', 'to', 'cook', 'together', 'for', '4', 'minutes', 'add', 'the', 'shrimp', 'and', 'rest', 'of', 'garlic', 'to', 'mixture', 'and', 'stir', 'together', 'after', 'about', '3', 'minutes', 'flip', 'over', 'the', 'shrimp', 'to', 'make', 'sure', 'both', 'sides', 'cook', 'evenly', 'cook', 'for', 'another', '3', 'or', '4', 'minutes', 'after', 'all', 'the', 'shrimp', 'are', 'cooked', 'and', 'the', 'mixture', 'is', 'mixed', 'thoroughly', 'remove', 'from', 'heat', 'and', 'add', 'the', 'parsley', 'and', 'cheese', 'stir', 'it', 'all', 'together', 'and', 'serve', 'over', 'cooked', 'pasta', 'i', 'allow', 'people', 'to', 'add', 'their', 'own', 'salt', 'and', 'pepper', 'to', 'taste', 'as', 'the', 'italian', 'cheese', 'has', 'a', 'very', 'salty', 'taste', 'enjoy']","['large', 'saucepan', 'add', 'olive', 'oil', 'butter', 'together', 'medium', 'heat', 'butter', 'melted', 'add', 'garlic', 'saucepan', 'simmer', 'till', 'garlic', 'starts', 'get', 'transparent', 'make', 'sure', 'heat', 'high', 'want', 'garlic', 'brown', 'create', 'bitter', 'taste', 'add', 'white', 'wine', 'mixture', 'using', 'gas', 'heat', 'make', 'sure', 'remove', 'pan', 'heat', 'adding', 'wine', 'avoid', 'fire', 'stir', 'mixture', 'allow', 'cook', 'together', 'add', 'shrimp', 'rest', 'garlic', 'mixture', 'stir', 'together', 'flip', 'shrimp', 'make', 'sure', 'sides', 'cook', 'evenly', 'cook', 'another', 'shrimp', 'cooked', 'mixture', 'mixed', 'thoroughly', 'remove', 'heat', 'add', 'parsley', 'cheese', 'stir', 'together', 'serve', 'cooked', 'pasta', 'allow', 'people', 'add', 'salt', 'pepper', 'taste', 'italian', 'cheese', 'salty', 'taste', 'enjoy']",Italian
5532,"['place', 'flour', 'in', 'center', 'of', 'table', 'make', 'a', 'well', 'beat', 'eggs', 'thoroughly', 'add', 'oil', 'and', 'salt', 'place', 'in', 'center', 'of', 'well', 'fold', 'in', 'flour', 'and', 'knead', 'into', 'a', 'ball', 'add', '1', 'tablespoon', 'of', 'cold', 'water', 'if', 'dough', 'seems', 'to', 'dry', 'refrigerate', 'for', 'at', 'least', '4', 'hours', 'before', 'rolling', 'out', 'using', 'pasta', 'machine', 'roll', 'out', 'the', 'pasta', 'on', 'the', 'thinnest', 'setting', 'cutting', 'it', 'into', '6', 'sheets']","['place', 'flour', 'center', 'table', 'make', 'well', 'beat', 'eggs', 'thoroughly', 'add', 'oil', 'salt', 'place', 'center', 'well', 'fold', 'flour', 'knead', 'ball', 'add', 'cold', 'water', 'dough', 'seems', 'dry', 'refrigerate', 'least', 'rolling', 'using', 'pasta', 'machine', 'roll', 'pasta', 'thinnest', 'setting', 'cutting', 'sheets']",Italian
322,"['saute', 'the', 'onion', 'and', 'half', 'the', 'butter', 'in', 'a', 'heavy', 'saucepan', 'until', 'the', 'onion', 'is', 'golden', 'and', 'soft', 'mix', 'in', 'the', 'peas', 'and', 'half', 'the', 'parsley', 'and', 'cook', 'over', 'a', 'low', 'heat', 'for', '5', 'minutes', 'if', 'you', 'are', 'using', 'fresh', 'peas', '1', 'to', '2', 'minutes', 'longer', 'for', 'frozen', 'add', 'a', 'few', 'tablespoons', 'of', 'stock', 'if', 'necessary', 'meanwhile', 'bring', 'the', 'stock', 'to', 'a', 'boil', 'pour', 'the', 'stock', 'over', 'the', 'peas', 'bring', 'the', 'stock', 'to', 'a', 'boil', 'again', 'and', 'mix', 'in', 'the', 'rice', 'cover', 'the', 'pan', 'and', 'cook', 'over', 'a', 'low', 'heat', 'until', 'the', 'rice', 'is', 'cooked', 'stirring', 'occasionally', 'taste', 'and', 'adjust', 'seasonings', 'remove', 'from', 'the', 'heat', 'and', 'mix', 'in', 'the', 'remaining', 'butter', 'the', 'rest', 'of', 'the', 'parsley', 'and', 'the', 'parmesan', 'cheese', 'mix', 'well', 'and', 'serve', 'immediately']","['saute', 'onion', 'half', 'butter', 'heavy', 'saucepan', 'onion', 'golden', 'soft', 'mix', 'peas', 'half', 'parsley', 'cook', 'low', 'heat', 'using', 'fresh', 'peas', 'longer', 'frozen', 'add', 'stock', 'necessary', 'meanwhile', 'bring', 'stock', 'boil', 'pour', 'stock', 'peas', 'bring', 'stock', 'boil', 'mix', 'rice', 'cover', 'pan', 'cook', 'low', 'heat', 'rice', 'cooked', 'stirring', 'occasionally', 'taste', 'adjust', 'seasonings', 'remove', 'heat', 'mix', 'remaining', 'butter', 'rest', 'parsley', 'parmesan', 'cheese', 'mix', 'well', 'serve', 'immediately']",Italian
2200,"['mix', 'ground', 'beef', 'sausage', 'and', 'pepper', 'shape', 'into', '6', 'meatballs', 'place', 'in', 'a', '2', 'quart', 'casserole', 'cover', 'with', 'wax', 'paper', 'microwave', 'at', 'high', 'for', '2-3', 'minutes', 'or', 'until', 'no', 'longer', 'pink', 'stirring', 'once', 'or', 'twice', 'drain', 'stir', 'in', 'tomato', 'sauce', 'sugar', 'italian', 'seasoning', 'garlic', 'powder', 'and', 'pepper', 'cover', 'with', 'wax', 'paper', 'reduce', 'to', '50', 'power', 'microwave', '3-5', 'minutes', 'or', 'until', 'flavors', 'blend', 'spoon', 'into', 'hot', 'dog', 'buns']","['mix', 'ground', 'beef', 'sausage', 'pepper', 'shape', 'meatballs', 'place', 'casserole', 'cover', 'wax', 'paper', 'microwave', 'high', 'longer', 'pink', 'stirring', 'twice', 'drain', 'stir', 'tomato', 'sauce', 'sugar', 'italian', 'seasoning', 'garlic', 'powder', 'pepper', 'cover', 'wax', 'paper', 'reduce', 'power', 'microwave', 'flavors', 'blend', 'spoon', 'hot', 'dog', 'buns']",Italian
12198,"['heat', 'oil', 'and', 'sauté', 'apple', 'and', 'vegetables', 'until', 'the', 'onion', 'is', 'transparent', 'add', 'garlic', 'and', 'curry', 'powder', 'and', 'cook', 'for', 'a', 'further', '2', 'minutes', 'add', 'all', 'liquid', 'and', 'simmer', 'for', '30', 'minutes', 'liquidise', 'and', 'reheat', 'if', 'needed']","['heat', 'oil', 'sauté', 'apple', 'vegetables', 'onion', 'transparent', 'add', 'garlic', 'curry', 'powder', 'cook', 'add', 'liquid', 'simmer', 'liquidise', 'reheat', 'needed']",Indian
9445,"['place', 'mustard', 'seeds', 'in', 'a', 'frying', 'pan', 'over', 'medium', 'heat', 'cook', 'for', '1', 'minute', 'or', 'until', 'seeds', 'start', 'to', 'pop', 'add', 'peppercorns', 'cumin', 'coriander', 'garam', 'masala', 'turmeric', 'and', 'cinnamon', 'cook', 'for', '1', 'to', '2', 'minutes', 'or', 'until', 'fragrant', 'allow', 'to', 'cool', 'completely', 'place', 'spice', 'mixture', 'in', 'a', 'food', 'processor', 'or', 'use', 'a', 'mortar', 'and', 'pestle', 'add', 'chilli', 'powder', 'birds', 'eye', 'chillies', 'garlic', 'ginger', 'vinegar', 'and', 'oil', 'process', 'until', 'a', 'smooth', 'paste', 'forms', 'refrigerate', 'in', 'an', 'airtight', 'container', 'for', 'up', 'to', '1', 'week']","['place', 'mustard', 'seeds', 'frying', 'pan', 'medium', 'heat', 'cook', 'seeds', 'start', 'pop', 'add', 'peppercorns', 'cumin', 'coriander', 'garam', 'masala', 'turmeric', 'cinnamon', 'cook', 'fragrant', 'allow', 'cool', 'completely', 'place', 'spice', 'mixture', 'food', 'processor', 'use', 'mortar', 'pestle', 'add', 'chilli', 'powder', 'birds', 'eye', 'chillies', 'garlic', 'ginger', 'vinegar', 'oil', 'process', 'smooth', 'paste', 'forms', 'refrigerate', 'airtight', 'container', 'week']",Indian
2408,"['cook', 'the', 'pasta', 'in', 'a', 'large', 'pot', 'of', 'boiling', 'water', 'until', 'tender', 'meanwhile', 'in', 'a', 'large', 'frying', 'pan', 'heat', 'the', 'oil', 'over', 'medium', 'heat', 'add', 'the', 'pancetta', 'and', 'cook', 'until', 'lightly', 'browned', 'for', '3-4', 'minutes', 'in', 'a', 'large', 'bowl', 'beat', 'the', 'eggs', 'with', 'the', 'cream', 'until', 'blended', 'stir', 'in', 'half', 'a', 'cup', 'of', 'parmigiano', 'cheese', 'and', 'pepper', 'drain', 'the', 'pasta', 'and', 'pour', 'into', 'the', 'bowl', 'with', 'the', 'egg', 'and', 'cream', 'mixture', 'toss', 'together', 'add', 'the', 'pancetta', 'and', 'drippings', 'and', 'toss', 'again', 'to', 'coat', 'well', 'serve', 'immediately']","['cook', 'pasta', 'large', 'pot', 'boiling', 'water', 'tender', 'meanwhile', 'large', 'frying', 'pan', 'heat', 'oil', 'medium', 'heat', 'add', 'pancetta', 'cook', 'lightly', 'browned', 'large', 'bowl', 'beat', 'eggs', 'cream', 'blended', 'stir', 'half', 'parmigiano', 'cheese', 'pepper', 'drain', 'pasta', 'pour', 'bowl', 'egg', 'cream', 'mixture', 'toss', 'together', 'add', 'pancetta', 'drippings', 'toss', 'coat', 'well', 'serve', 'immediately']",Italian
4773,"['filling', 'preheat', 'oven', 'to', '350', 'degrees', 'sauté', 'spinach', 'with', 'garlic', 'shallots', 'and', 'olive', 'oil', 'chop', 'and', 'drain', 'all', 'the', 'liquid', 'from', 'the', 'spinach', 'in', 'a', 'bowl', 'place', 'spinach', 'ricotta', 'mozzarella', 'and', 'provolone', 'mix', 'well', 'until', 'you', 'get', 'a', 'firm', 'texture', 'add', 'salt', 'and', 'pepper', 'to', 'taste', 'ravioli', 'roll', 'out', 'dough', 'and', 'cut', 'into', 'sheets', 'of', 'manageable', 'length', 'approximately', '16', 'inches', 'do', 'not', 'roll', 'out', 'too', 'many', 'sheets', 'at', 'a', 'time', 'or', 'the', 'dough', 'will', 'begin', 'to', 'dry', 'and', 'be', 'difficult', 'to', 'handle-', 'trust', 'me', 'make', 'a', 'row', 'of', 'generous', 'teaspoons', 'of', 'filling', '1', 'inch', 'apart', 'across', 'the', 'center', 'of', '1', 'pasta', 'sheet', 'carefully', 'fold', 'the', 'sheet', 'in', 'half', 'toward', 'you', 'matching', 'the', 'horizontal', 'edges', 'of', 'the', 'dough', 'gently', 'press', 'the', 'filling', 'down', 'with', 'your', 'fingertips', 'press', 'the', 'dough', 'down', 'between', 'each', 'teaspoon', 'of', 'filling', 'to', 'enclose', 'it', 'ttrim', 'off', 'the', 'edges', 'of', 'the', 'dough', 'and', 'cut', 'apart', 'the', 'ravioli', 'gently', 'crimp', 'the', 'edges', 'of', 'the', 'ravioli', 'with', 'a', 'fork', 'lay', 'the', 'ravioli', 'on', 'a', 'lightly', 'floured', 'bed', 'sheet', 'or', 'tea', 'towels', 'and', 'let', 'dry', 'at', 'least', '5', 'minutes', 'before', 'cooking', 'cook', 'bring', 'a', 'large', 'pot', 'of', 'salted', 'water', 'to', 'the', 'boil', 'and', 'add', 'ravioli', 'very', 'fresh', 'pasta', 'takes', 'about', '2', 'to', '5', 'minutes', 'to', 'cook', 'carefully', 'drain', 'the', 'ravioli', 'and', 'transfer', 'to', 'a', 'warm', 'serving', 'platter', 'top', 'with', 'tomato', 'sauce', 'and', 'grated', 'parmesan', 'cheese']","['filling', 'preheat', 'oven', 'sauté', 'spinach', 'garlic', 'shallots', 'olive', 'oil', 'chop', 'drain', 'liquid', 'spinach', 'bowl', 'place', 'spinach', 'ricotta', 'mozzarella', 'provolone', 'mix', 'well', 'get', 'firm', 'texture', 'add', 'salt', 'pepper', 'taste', 'ravioli', 'roll', 'dough', 'cut', 'sheets', 'manageable', 'length', 'approximately', 'roll', 'many', 'sheets', 'time', 'dough', 'begin', 'dry', 'difficult', 'handle', 'trust', 'make', 'row', 'generous', 'filling', 'apart', 'across', 'center', 'pasta', 'sheet', 'carefully', 'fold', 'sheet', 'half', 'toward', 'matching', 'horizontal', 'edges', 'dough', 'gently', 'press', 'filling', 'fingertips', 'press', 'dough', 'filling', 'enclose', 'ttrim', 'edges', 'dough', 'cut', 'apart', 'ravioli', 'gently', 'crimp', 'edges', 'ravioli', 'fork', 'lay', 'ravioli', 'lightly', 'floured', 'bed', 'sheet', 'tea', 'towels', 'let', 'dry', 'least', 'cooking', 'cook', 'bring', 'large', 'pot', 'salted', 'water', 'boil', 'add', 'ravioli', 'fresh', 'pasta', 'takes', 'cook', 'carefully', 'drain', 'ravioli', 'transfer', 'warm', 'serving', 'platter', 'top', 'tomato', 'sauce', 'grated', 'parmesan', 'cheese']",Italian
6480,"['roll', 'chicken', 'in', 'flour', 'and', 'brown', 'in', 'olive', 'oil', 'add', 'all', 'other', 'ingredients', 'cover', 'and', 'simmer', 'at', 'least', 'one', 'hour', 'until', 'chicken', 'is', 'tender']","['roll', 'chicken', 'flour', 'brown', 'olive', 'oil', 'add', 'ingredients', 'cover', 'simmer', 'least', 'one', 'chicken', 'tender']",Italian
11472,"['mix', 'the', 'dry', 'spices', 'salt', 'and', 'pepper', 'on', 'a', 'plate', 'lightly', 'coat', 'the', 'fish', 'fillets', 'in', 'the', 'dry', 'spice', 'mixture', 'leave', 'to', 'sit', 'for', '5-10', 'minutes', 'so', 'the', 'spices', 'sink', 'inches', 'heat', 'a', 'frying', 'pan', 'with', 'oil', 'and', 'fry', 'the', 'fish', 'for', '1-1/2', 'minutes', 'on', 'each', 'side']","['mix', 'dry', 'spices', 'salt', 'pepper', 'plate', 'lightly', 'coat', 'fish', 'fillets', 'dry', 'spice', 'mixture', 'leave', 'sit', 'spices', 'sink', 'heat', 'frying', 'pan', 'oil', 'fry', 'fish', 'side']",Indian
7362,"['drain', 'rinse', 'chick', 'peas/garbanzos', 'reserving', 'liquid', 'in', 'small', 'bowl', 'combine', 'cumin', 'coriander', 'cayenne', 'use', 'less', 'if', 'you', 'do', ""n't"", 'want', 'it', 'very', 'spicy', 'but', 'we', 'like', 'it', 'with', '1/2', 'tsp', 'salt', 'mixing', 'throughly', 'put', 'garbanzo', 'beans/chick', 'peas', 'in', 'bowl', 'of', 'food', 'processor', 'with', 'chopping', 'blade', 'sprinkle', 'the', 'spice', 'mixture', 'over', 'the', 'top', 'evenly', 'add', 'the', 'tahini', 'lemon', 'juice', 'garlic', 'roasted', 'red', 'peppers', 'and', 'blend', 'until', 'well', 'mixed', 'add', 'the', 'fresh', 'ground', 'pepper', 'once', 'the', 'hummus', 'gets', 'smooth', 'add', 'some', 'of', 'the', 'reserved', 'liquid', 'from', 'the', 'chick', 'peas/garbanzos', 'while', 'it', 'is', 'being', 'processed', 'until', 'it', 'reaches', 'the', 'desired', 'consistency', 'serve', 'with', 'toasted', 'pita', 'bread', 'or', 'as', 'a', 'dip', 'or', 'spread', 'with', 'almost', 'anything', 'have', 'fun', 'with', 'this', 'basic', 'recipe-', 'you', 'can', 'change', 'the', 'amounts', 'or', 'even', 'the', 'actual', 'spices', 'used', 'to', 'change', 'the', 'flavor', 'of', 'this', 'healthy', 'dip', 'please', 'share', 'your', 'discoveries']","['drain', 'rinse', 'chick', 'peas/garbanzos', 'reserving', 'liquid', 'small', 'bowl', 'combine', 'cumin', 'coriander', 'cayenne', 'use', 'less', 'want', 'spicy', 'like', 'salt', 'mixing', 'throughly', 'put', 'garbanzo', 'beans/chick', 'peas', 'bowl', 'food', 'processor', 'chopping', 'blade', 'sprinkle', 'spice', 'mixture', 'top', 'evenly', 'add', 'tahini', 'lemon', 'juice', 'garlic', 'roasted', 'red', 'peppers', 'blend', 'well', 'mixed', 'add', 'fresh', 'ground', 'pepper', 'hummus', 'gets', 'smooth', 'add', 'reserved', 'liquid', 'chick', 'peas/garbanzos', 'processed', 'reaches', 'desired', 'consistency', 'serve', 'toasted', 'pita', 'bread', 'dip', 'spread', 'almost', 'anything', 'fun', 'basic', 'recipe', 'change', 'amounts', 'even', 'actual', 'spices', 'used', 'change', 'flavor', 'healthy', 'dip', 'please', 'share', 'discoveries']",Indian
7084,"['heat', 'the', 'vegetable', 'oil', 'in', 'a', 'large', 'frying', 'pan', 'add', 'the', 'shrimp', 'and', 'stir-fry', 'for', '3-4', 'minutes', 'over', 'a', 'medium', 'heat', 'stir', 'in', 'the', 'tomato', 'paste', 'then', 'remove', 'from', 'the', 'heat', 'and', 'put', 'into', 'a', 'bowl', 'large', 'enough', 'for', 'the', 'other', 'ingredients', 'to', 'be', 'mixed', 'in', 'later', 'allow', 'to', 'cool', 'for', '30-45', 'minutes', 'mix', 'in', 'the', 'remaining', 'ingredients', 'season', 'to', 'taste', 'and', 'serve', 'cold', 'sprinkled', 'with', 'chopped', 'cilantro']","['heat', 'vegetable', 'oil', 'large', 'frying', 'pan', 'add', 'shrimp', 'stir', 'fry', 'medium', 'heat', 'stir', 'tomato', 'paste', 'remove', 'heat', 'put', 'bowl', 'large', 'enough', 'ingredients', 'mixed', 'later', 'allow', 'cool', 'mix', 'remaining', 'ingredients', 'season', 'taste', 'serve', 'cold', 'sprinkled', 'chopped', 'cilantro']",Indian
5182,"['heat', '1', 'tablespoon', 'oil', 'in', '12-inch', 'skillet', 'over', 'medium-high', 'heat', 'until', 'shimmering', 'brown', 'half', 'of', 'eggplant', 'lightly', 'on', 'all', 'sides', '5', 'to', '7', 'minutes', 'transfer', 'to', 'slow', 'cooker', 'repeat', 'with', '1', 'tablespoon', 'more', 'oil', 'and', 'remaining', 'eggplant', 'transfer', 'to', 'slow', 'cooker', 'working', 'in', 'two', 'batches', 'repeat', 'sauté', 'with', '2', 'tablespoons', 'more', 'oil', 'and', 'zucchini', 'transfer', 'each', 'batch', 'to', 'slow', 'cooker', 'heat', 'remaining', '2', 'tablespoons', 'oil', 'in', 'skillet', 'over', 'medium-high', 'heat', 'until', 'shimmering', 'add', 'onions', 'bell', 'peppers', 'garlic', 'and', 'thyme', 'and', 'cook', 'until', 'vegetables', 'are', 'softened', 'and', 'lightly', 'browned', '8', 'to', '10', 'minutes', 'stir', 'in', 'flour', 'and', 'cook', 'for', '1', 'minute', 'slowly', 'whisk', 'in', 'reserved', 'tomato', 'juice', 'scraping', 'up', 'any', 'browned', 'bits', 'and', 'smoothing', 'out', 'any', 'lumps', 'transfer', 'to', 'slow', 'cooker', 'stir', 'tomatoes', 'into', 'slow', 'cooker', 'cover', 'and', 'cook', 'until', 'vegetables', 'are', 'tender', '4', 'to', '6', 'hours', 'on', 'low', 'stir', 'in', 'basil', 'season', 'with', 'salt', 'and', 'pepper', 'to', 'taste', 'and', 'serve', 'with', 'parmesan', 'this', 'dish', 'does', 'not', 'hold', 'well', 'on', 'warm', 'setting']","['heat', 'oil', '12', 'inch', 'skillet', 'medium', 'high', 'heat', 'shimmering', 'brown', 'half', 'eggplant', 'lightly', 'sides', 'transfer', 'slow', 'cooker', 'repeat', 'oil', 'remaining', 'eggplant', 'transfer', 'slow', 'cooker', 'working', 'two', 'batches', 'repeat', 'sauté', 'oil', 'zucchini', 'transfer', 'batch', 'slow', 'cooker', 'heat', 'remaining', 'oil', 'skillet', 'medium', 'high', 'heat', 'shimmering', 'add', 'onions', 'bell', 'peppers', 'garlic', 'thyme', 'cook', 'vegetables', 'softened', 'lightly', 'browned', 'stir', 'flour', 'cook', 'slowly', 'whisk', 'reserved', 'tomato', 'juice', 'scraping', 'browned', 'bits', 'smoothing', 'lumps', 'transfer', 'slow', 'cooker', 'stir', 'tomatoes', 'slow', 'cooker', 'cover', 'cook', 'vegetables', 'tender', 'low', 'stir', 'basil', 'season', 'salt', 'pepper', 'taste', 'serve', 'parmesan', 'dish', 'hold', 'well', 'warm', 'setting']",Italian
1211,"['cook', 'the', 'pasta', 'shells', 'in', 'boiling', 'salted', 'water', 'for', '15', 'mins', 'or', 'according', 'to', 'packet', 'instructions', 'drain', 'then', 'tip', 'into', 'an', 'ovenproof', 'dish', 'meanwhile', 'heat', 'half', 'the', 'oil', 'in', 'a', 'large', 'frying', 'pan', 'add', 'the', 'mushrooms', 'and', 'sauté', 'over', 'high', 'heat', 'for', '6-8', 'mins', 'stirring', 'occasionally', 'until', 'nicely', 'browned', 'transfer', 'to', 'a', 'plate', 'add', 'the', 'remaining', 'oil', 'to', 'the', 'pan', 'add', 'the', 'beef', 'onion', 'and', 'garlic', 'and', 'cook', 'over', 'a', 'high', 'heat', 'for', '5', 'mins', 'until', 'browned', 'add', 'the', 'red', 'wine', 'tomato', 'paste', 'oregano', 'and', 'plenty', 'of', 'seasoning', 'then', 'bring', 'to', 'the', 'boil', 'stirring', 'well', 'simmer', 'for', '4', 'mins', 'or', 'until', 'reduced', 'add', 'the', 'half', 'and', 'half', 'and', 'mushrooms', 'and', 'simmer', 'for', 'a', 'further', '5', 'mins', 'until', 'nicely', 'reduced', 'spoon', 'the', 'beef', 'over', 'the', 'pasta', 'shells', 'then', 'stir', 'well', 'so', 'that', 'it', 'fills', 'the', 'pasta', 'scatter', 'over', 'the', 'cheeses', 'and', 'pop', 'under', 'a', 'hot', 'broiler', 'cook', 'for', '3', 'mins', 'or', 'until', 'the', 'top', 'is', 'golden', 'brown', 'serve', 'straight', 'away']","['cook', 'pasta', 'shells', 'boiling', 'salted', 'water', 'mins', 'according', 'packet', 'instructions', 'drain', 'tip', 'ovenproof', 'dish', 'meanwhile', 'heat', 'half', 'oil', 'large', 'frying', 'pan', 'add', 'mushrooms', 'sauté', 'high', 'heat', 'mins', 'stirring', 'occasionally', 'nicely', 'browned', 'transfer', 'plate', 'add', 'remaining', 'oil', 'pan', 'add', 'beef', 'onion', 'garlic', 'cook', 'high', 'heat', 'mins', 'browned', 'add', 'red', 'wine', 'tomato', 'paste', 'oregano', 'plenty', 'seasoning', 'bring', 'boil', 'stirring', 'well', 'simmer', 'mins', 'reduced', 'add', 'half', 'half', 'mushrooms', 'simmer', 'mins', 'nicely', 'reduced', 'spoon', 'beef', 'pasta', 'shells', 'stir', 'well', 'fills', 'pasta', 'scatter', 'cheeses', 'pop', 'hot', 'broiler', 'cook', 'mins', 'top', 'golden', 'brown', 'serve', 'straight', 'away']",Italian
5497,"['place', 'your', 'beans', 'in', 'a', 'large', 'bowl', 'cover', 'with', 'water', 'and', 'allow', 'them', 'to', 'soak', 'overnight', 'after', 'soaking', 'drain', 'and', 'rinse', 'the', 'beans', 'and', 'then', 'put', 'them', 'in', 'a', 'pan', 'cover', 'with', 'fresh', 'water', 'and', 'bring', 'to', 'a', 'boil', 'boil', 'rapidly', 'for', 'approximately', '10', 'minutes', 'reduce', 'your', 'heat', 'and', 'allow', 'the', 'beans', 'to', 'simmer', 'for', 'about', '1', 'hour', 'until', 'tender', 'drain', 'beans', 'and', 'set', 'them', 'aside', 'meanwhile', 'put', 'the', 'tomatoes', 'in', 'a', 'bowl', 'cover', 'with', 'boiling', 'water', 'and', 'leave', 'for', '30', 'seconds', 'then', 'peel', 'seed', 'and', 'chop', 'the', 'flesh', 'heat', 'your', 'oil', 'in', 'a', 'frying', 'pan', 'add', 'the', 'fresh', 'tomatoes', 'and', 'the', 'sun-dried', 'tomatoes', 'the', 'garlic', 'and', 'the', 'rosemary', 'cook', 'for', '3', 'minutes', 'until', 'the', 'tomatoes', 'begin', 'to', 'break', 'down', 'and', 'soften', 'add', 'the', 'tomato', 'mixture', 'to', 'the', 'beans', 'season', 'to', 'taste', 'with', 'salt', 'and', 'pepper', 'and', 'mix', 'well', 'rub', 'the', 'cut', 'sides', 'of', 'your', 'ciabatta', 'slices', 'with', 'the', 'garlic', 'clove', 'and', 'then', 'toast', 'lightly', 'spoon', 'your', 'bean', 'mixture', 'on', 'top', 'of', 'the', 'toast', 'and', 'sprinkle', 'with', 'basil', 'and', 'drizzle', 'with', 'olive', 'oil', 'before', 'serving', 'some', 'like', 'to', 'grate', 'a', 'small', 'amount', 'of', 'fresh', 'parmesan', 'on', 'top', 'enjoy']","['place', 'beans', 'large', 'bowl', 'cover', 'water', 'allow', 'soak', 'overnight', 'soaking', 'drain', 'rinse', 'beans', 'put', 'pan', 'cover', 'fresh', 'water', 'bring', 'boil', 'boil', 'rapidly', 'approximately', 'reduce', 'heat', 'allow', 'beans', 'simmer', 'tender', 'drain', 'beans', 'set', 'aside', 'meanwhile', 'put', 'tomatoes', 'bowl', 'cover', 'boiling', 'water', 'leave', 'seconds', 'peel', 'seed', 'chop', 'flesh', 'heat', 'oil', 'frying', 'pan', 'add', 'fresh', 'tomatoes', 'sun', 'dried', 'tomatoes', 'garlic', 'rosemary', 'cook', 'tomatoes', 'begin', 'break', 'soften', 'add', 'tomato', 'mixture', 'beans', 'season', 'taste', 'salt', 'pepper', 'mix', 'well', 'rub', 'cut', 'sides', 'ciabatta', 'slices', 'garlic', 'clove', 'toast', 'lightly', 'spoon', 'bean', 'mixture', 'top', 'toast', 'sprinkle', 'basil', 'drizzle', 'olive', 'oil', 'serving', 'like', 'grate', 'small', 'amount', 'fresh', 'parmesan', 'top', 'enjoy']",Italian
722,"['in', 'medium', 'bowl', 'mix', 'water', 'oil', 'sugar', 'salt', 'flour', 'and', 'yeast', 'let', 'rise', '30', 'minutes', 'spread', 'dough', 'on', 'greased', 'cookie', 'sheet', 'in', 'small', 'bowl', 'mix', 'italian', 'dressing', 'with', 'pepper', 'oregano', 'garlic', 'and', 'thyme', 'spread', 'this', 'mix', 'on', 'top', 'of', 'dough', 'sprinkle', 'cheeses', 'on', 'top', 'and', 'bake', 'at', '400', 'degrees', 'for', '15-20', 'minutes']","['medium', 'bowl', 'mix', 'water', 'oil', 'sugar', 'salt', 'flour', 'yeast', 'let', 'rise', 'spread', 'dough', 'greased', 'cookie', 'sheet', 'small', 'bowl', 'mix', 'italian', 'dressing', 'pepper', 'oregano', 'garlic', 'thyme', 'spread', 'mix', 'top', 'dough', 'sprinkle', 'cheeses', 'top', 'bake']",Italian
7540,"['grind', 'all', 'the', 'ingredients', 'that', 'have', 'to', 'be', 'ground', 'in', 'a', 'mixer/grinder', 'in', 'a', 'large', 'bowl', 'mix', 'together', 'the', 'ground', 'paste', 'prepared', 'above', 'sugar', 'salt', 'yogurt', 'and', 'the', 'fish', 'pieces', 'mix', 'thoroughly', 'so', 'as', 'to', 'coat', 'the', 'fish', 'in', 'the', 'masala', 'marinade', 'cover', 'the', 'bowl', 'and', 'marinate', 'for', '20', 'minutes', 'after', '20', 'minutes', 'heat', 'ghee', 'in', 'a', 'wok', 'toss', 'in', 'the', 'cloves', 'cardamoms', 'cinnamon', 'and', 'bay', 'leaves', 'stir-fry', 'for', 'a', 'few', 'seconds', 'to', 'a', 'minute', 'fold', 'in', 'the', 'sliced', 'onions', 'continue', 'to', 'stir-fry', 'until', 'the', 'onions', 'are', 'golden-brown', 'in', 'colour', 'and', 'smell', 'wonderful', 'add', 'the', 'fish', 'pieces', 'to', 'the', 'onions', 'alongwith', 'the', 'marinade', 'stir', 'well', 'cover', 'the', 'wok', 'in', 'which', 'you', 'are', 'cooking', 'the', 'fish', 'korma', 'lower', 'flame', 'to', 'a', 'simmer', 'and', 'cook', 'the', 'fish', 'until', 'it', 'is', 'tender', 'and', 'ready', 'to', 'eat', 'remove', 'from', 'heat', 'serve', 'hot', 'with', 'long', 'grain', 'white', 'basmati', 'rice', 'enjoy']","['grind', 'ingredients', 'ground', 'mixer/grinder', 'large', 'bowl', 'mix', 'together', 'ground', 'paste', 'prepared', 'sugar', 'salt', 'yogurt', 'fish', 'pieces', 'mix', 'thoroughly', 'coat', 'fish', 'masala', 'marinade', 'cover', 'bowl', 'marinate', 'heat', 'ghee', 'wok', 'toss', 'cloves', 'cardamoms', 'cinnamon', 'bay', 'leaves', 'stir', 'fry', 'seconds', 'fold', 'sliced', 'onions', 'continue', 'stir', 'fry', 'onions', 'golden', 'brown', 'colour', 'smell', 'wonderful', 'add', 'fish', 'pieces', 'onions', 'alongwith', 'marinade', 'stir', 'well', 'cover', 'wok', 'cooking', 'fish', 'korma', 'lower', 'flame', 'simmer', 'cook', 'fish', 'tender', 'ready', 'eat', 'remove', 'heat', 'serve', 'hot', 'long', 'grain', 'white', 'basmati', 'rice', 'enjoy']",Indian
5786,"['cook', 'the', 'pasta', 'in', 'a', 'saucepan', 'of', 'salted', 'boiling', 'water', 'for', '10-12', 'minute3s', 'or', 'until', 'al', 'dente', 'drain', 'return', 'to', 'saucepan', 'and', 'keep', 'warm', 'heat', 'a', 'medium', 'non-stick', 'frying', 'pan', 'over', 'high', 'heat', 'add', 'the', 'oil', 'and', 'the', 'garlic', 'and', 'cook', 'for', '1', 'minute', 'reduce', 'the', 'heat', 'to', 'low', 'add', 'the', 'zucchini', 'and', 'cook', 'for', '10', 'minutews', 'or', 'until', 'soft', 'and', 'caramelized', 'add', 'to', 'the', 'pasta', 'with', 'the', 'mint', 'parmesan', 'and', 'tomatoes', 'and', 'toss', 'to', 'combine']","['cook', 'pasta', 'saucepan', 'salted', 'boiling', 'water', 'minute3s', 'al', 'dente', 'drain', 'return', 'saucepan', 'keep', 'warm', 'heat', 'medium', 'non', 'stick', 'frying', 'pan', 'high', 'heat', 'add', 'oil', 'garlic', 'cook', 'reduce', 'heat', 'low', 'add', 'zucchini', 'cook', 'minutews', 'soft', 'caramelized', 'add', 'pasta', 'mint', 'parmesan', 'tomatoes', 'toss', 'combine']",Italian
9339,"['cut', 'the', 'eggplant', 'into', '1-inch', 'slices', 'brush', 'one', 'side', 'lightly', 'with', 'olive', 'oil', 'and', 'sprinkle', 'with', 'salt', 'and', 'pepper', 'roast', 'in', 'a', 'preheated', '400', 'degree', 'oven', 'until', 'brown', 'approximately', '20', 'minutes', 'when', 'cool', 'scoop', 'the', 'flesh', 'from', 'the', 'skin', 'and', 'process', 'with', 'remaining', 'ingredients', 'until', 'smooth', 'correct', 'seasoning', 'can', 'be', 'stored', 'refrigerated', 'for', 'up', 'to', 'one', 'week']","['cut', 'eggplant', '1', 'inch', 'slices', 'brush', 'one', 'side', 'lightly', 'olive', 'oil', 'sprinkle', 'salt', 'pepper', 'roast', 'preheated', 'oven', 'brown', 'approximately', 'cool', 'scoop', 'flesh', 'skin', 'process', 'remaining', 'ingredients', 'smooth', 'correct', 'seasoning', 'stored', 'refrigerated', 'one', 'week']",Indian
5903,"['sauce', 'in', 'a', 'large', 'pot', 'mix', 'vegetable', 'juice', 'tomato', 'paste', 'water', 'parsley', 'flakes', 'celery', 'leaves', 'salt', 'and', 'garlic', 'cover', 'and', 'cook', 'over', 'medium-high', 'heat', 'meatballs', 'mix', 'together', 'ground', 'beef', 'eggs', 'salt', 'parsley', 'flakes', 'garlic', 'powder', 'and', 'bread', 'crumbs', 'together', 'if', 'too', 'wet', 'add', 'more', 'bread', 'crumbs', 'if', 'too', 'dry', 'spoon', 'some', 'of', 'the', 'sauce', 'into', 'the', 'mix', 'gently', 'shape', 'into', '2-inch', 'meatballs', 'you', 'do', ""n't"", 'want', 'to', 'press', 'too', 'hard', 'or', 'your', 'meatballs', 'will', 'be', 'tough', 'my', 'kids', 'like', 'to', 'have', '``', 'kid-size', ""''"", 'meatballs', 'so', 'we', 'have', 'a', 'mix', 'of', 'big', 'and', 'small', 'meatballs', 'once', 'the', 'sauce', 'comes', 'to', 'a', 'boil', 'lower', 'heat', 'to', 'simmer', 'and', 'add', 'the', 'meatballs', 'cover', 'and', 'cook', 'for', '2', 'hours', 'makes', '12-15', 'servings', 'our', 'family', 'usually', 'doubles', 'the', 'recipe', 'and', 'then', 'we', 'have', 'a', 'freezer', 'meal', 'and', 'a', 'serving', 'for', 'a', 'lunch', 'the', 'next', 'day', 'too', 'i', 'have', 'also', 'made', 'this', 'in', 'the', 'crock', 'pot', 'put', 'it', 'on', 'high', 'in', 'the', 'morning', 'i', 'had', 'it', 'in', 'there', 'for', '8', 'hours']","['sauce', 'large', 'pot', 'mix', 'vegetable', 'juice', 'tomato', 'paste', 'water', 'parsley', 'flakes', 'celery', 'leaves', 'salt', 'garlic', 'cover', 'cook', 'medium', 'high', 'heat', 'meatballs', 'mix', 'together', 'ground', 'beef', 'eggs', 'salt', 'parsley', 'flakes', 'garlic', 'powder', 'bread', 'crumbs', 'together', 'wet', 'add', 'bread', 'crumbs', 'dry', 'spoon', 'sauce', 'mix', 'gently', 'shape', '2', 'inch', 'meatballs', 'want', 'press', 'hard', 'meatballs', 'tough', 'kids', 'like', '``', 'kid', 'size', ""''"", 'meatballs', 'mix', 'big', 'small', 'meatballs', 'sauce', 'comes', 'boil', 'lower', 'heat', 'simmer', 'add', 'meatballs', 'cover', 'cook', 'makes', 'servings', 'family', 'usually', 'doubles', 'recipe', 'freezer', 'meal', 'serving', 'lunch', 'next', 'day', 'also', 'made', 'crock', 'pot', 'put', 'high', 'morning']",Italian
4620,"['heat', 'oven', 'to', '375', 'degrees', 'spray', 'small', 'casserole', 'dish', 'with', 'cooking', 'spray', 'place', 'chicken', 'tenderloins', 'on', 'bottom', 'and', 'season', 'with', 'salt', 'scatter', 'mushroom', 'on', 'top', 'of', 'chicken', 'drizzle', 'garlic-infused', 'olive', 'oil', 'on', 'top', 'of', 'chicken', 'and', 'mushrooms', 'spoon', 'undiluted', 'soup', 'on', 'top', 'do', ""n't"", 'feel', 'the', 'need', 'to', 'spread', 'it', 'evenly', 'it', 'will', 'thin', 'and', 'settle', 'as', 'it', 'heats', 'pour', 'marsala', 'wine', 'on', 'top', 'of', 'everything', 'cover', 'with', 'aluminum', 'foil', 'pierced', 'to', 'vent', 'bake', 'at', '375', 'degrees', 'on', 'lower', 'rack', 'for', '35', 'minutes', 'this', 'is', 'when', 'i', 'jump', 'in', 'the', 'shower', 'as', 'end', 'of', 'baking', 'time', 'nears', 'boil', '9', 'ounces', 'of', 'the', 'pasta', 'of', 'your', 'choice', 'once', 'chicken', 'is', 'done', 'blend', 'chicken', 'mixture', 'and', 'pasta', 'and', 'serve']","['heat', 'oven', 'spray', 'small', 'casserole', 'dish', 'cooking', 'spray', 'place', 'chicken', 'tenderloins', 'bottom', 'season', 'salt', 'scatter', 'mushroom', 'top', 'chicken', 'drizzle', 'garlic', 'infused', 'olive', 'oil', 'top', 'chicken', 'mushrooms', 'spoon', 'undiluted', 'soup', 'top', 'feel', 'need', 'spread', 'evenly', 'thin', 'settle', 'heats', 'pour', 'marsala', 'wine', 'top', 'everything', 'cover', 'aluminum', 'foil', 'pierced', 'vent', 'bake', 'lower', 'rack', 'jump', 'shower', 'end', 'baking', 'time', 'nears', 'boil', 'pasta', 'choice', 'chicken', 'done', 'blend', 'chicken', 'mixture', 'pasta', 'serve']",Italian
5181,"['preheat', 'oven', 'to', '350.', 'in', 'a', 'large', 'skillet', 'crumble', 'and', 'brown', 'sausage', 'until', 'cooked', 'through', 'drain', 'meanwhile', 'cook', 'gnocchi', 'according', 'to', 'package', 'directions', 'in', 'a', 'large', 'oven-proof', 'casserole', 'dish', 'combine', 'sausage', 'gnocchi', 'pasta', 'sauce', 'half', 'the', 'cheese', 'and', 'half', 'the', 'italian', 'seasoning', 'bake', 'casserole', 'approx', '25', 'minutes', 'or', 'until', 'heated', 'through', 'top', 'with', 'remaining', 'cheese', 'and', 'sprinkle', 'with', 'remaining', 'italian', 'seasoning', 'and', 'bake', 'another', '10', 'minutes', 'or', 'until', 'the', 'cheese', 'is', 'melted']","['preheat', 'oven', 'large', 'skillet', 'crumble', 'brown', 'sausage', 'cooked', 'drain', 'meanwhile', 'cook', 'gnocchi', 'according', 'package', 'directions', 'large', 'oven', 'proof', 'casserole', 'dish', 'combine', 'sausage', 'gnocchi', 'pasta', 'sauce', 'half', 'cheese', 'half', 'italian', 'seasoning', 'bake', 'casserole', 'approx', 'heated', 'top', 'remaining', 'cheese', 'sprinkle', 'remaining', 'italian', 'seasoning', 'bake', 'another', 'cheese', 'melted']",Italian
12857,"['heat', 'oil', 'and', 'cook', 'seeds', 'chilli', 'and', 'turmeric', 'for', 'two', 'minutes', 'stir', 'in', 'potatoes', 'and', 'garlic', 'stir-fry', 'over', 'low', 'heat', 'then', 'add', 'remaining', 'ingredients', 'stuff', 'into', 'pitta', 'bread', 'adding', 'yogurt', 'and', 'cucumber', 'slices', 'note', 'we', 'stuffed', 'this', 'curry', 'in', 'pudlas', 'chickpea', 'panckes']","['heat', 'oil', 'cook', 'seeds', 'chilli', 'turmeric', 'two', 'stir', 'potatoes', 'garlic', 'stir', 'fry', 'low', 'heat', 'add', 'remaining', 'ingredients', 'stuff', 'pitta', 'bread', 'adding', 'yogurt', 'cucumber', 'slices', 'note', 'stuffed', 'curry', 'pudlas', 'chickpea', 'panckes']",Indian
12059,"['chop', 'cilantro', 'cucumber', 'onion', 'pepper', 'cut', 'grape', 'tomatoes', 'in', 'half', 'combine', 'everything', 'in', 'bowl', 'squeeze', 'half', 'the', 'lemon', 'in', 'bowl', 'squeeze', 'the', 'whole', 'lime', 'in', 'bowl', 'mix', 'everything', 'together']","['chop', 'cilantro', 'cucumber', 'onion', 'pepper', 'cut', 'grape', 'tomatoes', 'half', 'combine', 'everything', 'bowl', 'squeeze', 'half', 'lemon', 'bowl', 'squeeze', 'whole', 'lime', 'bowl', 'mix', 'everything', 'together']",Indian
537,"['follow', 'the', 'directions', 'on', 'the', 'pasta', 'for', 'the', 'correct', 'way', 'to', 'cook', 'it', 'while', 'the', 'water', 'is', 'heating', 'up', 'to', 'a', 'boil', 'do', 'the', 'steps', 'below', 'open', 'the', 'two', 'cans', 'of', 'chicken', 'breat', 'meat', 'drain', 'the', 'water', 'out', 'take', 'a', 'fork', 'and', 'use', 'it', 'to', 'break', 'up', 'the', 'pieces', 'of', 'chicken', 'while', 'in', 'the', 'can', 'heat', 'the', 'olive', 'oil', 'in', 'a', 'wide', 'deep', 'skillet', 'or', 'pan', 'on', 'medium-high', 'heat', 'once', 'the', 'oil', 'is', 'hot', 'add', 'the', 'minced', 'garlic', 'and', 'cook', 'for', '1', 'minute', 'stirring', 'and', 'letting', 'the', 'garlic', 'become', 'fragrant', 'add', 'the', 'chicken', 'meat', 'to', 'the', 'pan', 'and', 'stir', 'to', 'let', 'the', 'oil', 'coat', 'all', 'the', 'meat', 'use', 'your', 'spatula', 'or', 'cooking', 'spoon', 'to', 'break', 'up', 'any', 'chicken', 'chunks', 'into', 'smaller', 'pieces', 'pour', 'in', 'the', 'spaghetti', 'sauce', 'and', 'stir', 'well', 'let', 'the', 'mixture', 'come', 'to', 'a', 'light', 'boil', 'then', 'turn', 'down', 'the', 'heat', 'to', 'low', 'and', 'let', 'gently', 'simmer', 'while', 'you', 'finish', 'cooking', 'your', 'pasta', 'once', 'the', 'pasta', 'is', 'cooked', 'the', 'chicken', 'mixture', 'will', 'be', 'waiting', 'combine', 'pour', 'desired', 'amount', 'of', 'parnesan', 'on', 'top', 'and', 'enjoy']","['follow', 'directions', 'pasta', 'correct', 'way', 'cook', 'water', 'heating', 'boil', 'steps', 'open', 'two', 'cans', 'chicken', 'breat', 'meat', 'drain', 'water', 'take', 'fork', 'use', 'break', 'pieces', 'chicken', 'heat', 'olive', 'oil', 'wide', 'deep', 'skillet', 'pan', 'medium', 'high', 'heat', 'oil', 'hot', 'add', 'minced', 'garlic', 'cook', 'stirring', 'letting', 'garlic', 'become', 'fragrant', 'add', 'chicken', 'meat', 'pan', 'stir', 'let', 'oil', 'coat', 'meat', 'use', 'spatula', 'cooking', 'spoon', 'break', 'chicken', 'chunks', 'smaller', 'pieces', 'pour', 'spaghetti', 'sauce', 'stir', 'well', 'let', 'mixture', 'come', 'light', 'boil', 'turn', 'heat', 'low', 'let', 'gently', 'simmer', 'finish', 'cooking', 'pasta', 'pasta', 'cooked', 'chicken', 'mixture', 'waiting', 'combine', 'pour', 'desired', 'amount', 'parnesan', 'top', 'enjoy']",Italian
6785,"['peel', 'the', 'apples', 'and', 'dice', 'them', 'in', 'a', 'pan', 'pour', 'the', 'water', 'add', '3', 'tbsp', 'sugar', 'and', 'lemon', 'juice', 'put', 'the', 'apple', 'pieces', 'in', 'this', 'and', 'boil', 'them', 'till', 'soft', 'leave', 'to', 'cool', 'in', 'a', 'bowl', 'beat', 'eggs', 'beat', 'into', 'this', '1/3', 'cup', 'sugar', 'and', 'leave', 'aside', 'sieve', 'flour', 'corn', 'flour', 'and', 'baking', 'powder', 'fold', 'this', 'mixture', 'into', 'the', 'egg', 'place', 'the', 'apple', 'pieces', 'into', 'an', 'oven', 'dish', 'sprinkle', 'the', 'cinnamon', 'powder', 'and', 'pour', 'the', 'egg', 'and', 'flour', 'mixture', 'over', 'them', 'sprinkle', 'some', 'sugar', 'on', 'the', 'top', 'heat', 'the', 'oven', 'at', '180°c', 'place', 'the', 'apples', 'into', 'it', 'and', 'cook', 'for', '20-', '25', 'minutes', 'till', 'golden', 'brown']","['peel', 'apples', 'dice', 'pan', 'pour', 'water', 'add', 'sugar', 'lemon', 'juice', 'put', 'apple', 'pieces', 'boil', 'till', 'soft', 'leave', 'cool', 'bowl', 'beat', 'eggs', 'beat', 'sugar', 'leave', 'aside', 'sieve', 'flour', 'corn', 'flour', 'baking', 'powder', 'fold', 'mixture', 'egg', 'place', 'apple', 'pieces', 'oven', 'dish', 'sprinkle', 'cinnamon', 'powder', 'pour', 'egg', 'flour', 'mixture', 'sprinkle', 'sugar', 'top', 'heat', 'oven', '180°c', 'place', 'apples', 'cook', 'till', 'golden', 'brown']",Indian
9910,"['cut', 'fish', 'into', 'large', 'pieces', 'wash', 'and', 'pat', 'dry', 'salt', 'and', 'set', 'aside', 'mix', 'the', 'garlic', 'chillies', 'coriander', 'leaves', 'coconut', 'lime', 'or', 'lemon', 'juice', 'tamarind', 'sugar', 'cumin', 'and', 'salt', 'into', 'a', 'paste', 'and', 'smear', 'over', 'fish', 'let', 'marinate', '1', 'hour', 'grease', 'foil', 'if', 'using', 'with', 'ghee', 'place', 'a', 'piece', 'of', 'fish', 'on', 'a', 'banana', 'leaf', 'or', 'foil', 'piece', 'and', 'fold', 'so', 'fish', 'is', 'encased', 'coat', 'an', 'oven-safe', 'dish', 'with', 'ghee', 'and', 'place', 'wrapped', 'fish', 'pieces', 'into', 'the', 'dish', 'cook', 'for', '30', 'minutes', 'at', '350', 'degrees', 'f.', 'unwrap', 'one', 'piece', 'of', 'fish', 'to', 'check', 'if', 'it', ""'s"", 'cooked', 'through', 'and', 'cook', 'until', 'finished']","['cut', 'fish', 'large', 'pieces', 'wash', 'pat', 'dry', 'salt', 'set', 'aside', 'mix', 'garlic', 'chillies', 'coriander', 'leaves', 'coconut', 'lime', 'lemon', 'juice', 'tamarind', 'sugar', 'cumin', 'salt', 'paste', 'smear', 'fish', 'let', 'marinate', 'grease', 'foil', 'using', 'ghee', 'place', 'piece', 'fish', 'banana', 'leaf', 'foil', 'piece', 'fold', 'fish', 'encased', 'coat', 'oven', 'safe', 'dish', 'ghee', 'place', 'wrapped', 'fish', 'pieces', 'dish', 'cook', 'f.', 'unwrap', 'one', 'piece', 'fish', 'check', 'cooked', 'cook', 'finished']",Indian
11984,"['melt', 'butter', 'in', 'skillet', 'over', 'medium-high', 'heat', 'add', 'onion', 'ginger', 'and', 'garlic', 'to', 'pan', 'saute', '5', 'minutes', 'or', 'until', 'lightly', 'browned', 'stir', 'in', 'cumin', 'allspice', 'saffron', 'and', 'cardamom', 'cook', '15', 'seconds', 'stir', 'in', 'tomato', 'raisins', 'and', 'serrano', 'cook', '1', 'minute', 'add', 'chicken', 'cook', '5', 'minutes', 'stirring', 'frequently', 'add', 'juice', 'and', 'salt', 'cook', '30', 'seconds', 'add', 'rice', 'cook', '90', 'seconds', 'stirring', 'frequently', 'stir', 'in', '2', 'cups', 'water', 'bring', 'to', 'a', 'boil', 'cover', 'reduce', 'heat', 'and', 'simmer', '12', 'minutes', 'or', 'until', 'liquid', 'is', 'absorbed', 'remove', 'from', 'heat', 'let', 'stand', '10', 'minutes', 'sprinkle', 'with', 'cilantro', 'and', 'serve']","['melt', 'butter', 'skillet', 'medium', 'high', 'heat', 'add', 'onion', 'ginger', 'garlic', 'pan', 'saute', 'lightly', 'browned', 'stir', 'cumin', 'allspice', 'saffron', 'cardamom', 'cook', 'seconds', 'stir', 'tomato', 'raisins', 'serrano', 'cook', 'add', 'chicken', 'cook', 'stirring', 'frequently', 'add', 'juice', 'salt', 'cook', 'seconds', 'add', 'rice', 'cook', 'seconds', 'stirring', 'frequently', 'stir', 'water', 'bring', 'boil', 'cover', 'reduce', 'heat', 'simmer', 'liquid', 'absorbed', 'remove', 'heat', 'let', 'stand', 'sprinkle', 'cilantro', 'serve']",Indian
2906,"['sautee', 'pancetta', 'or', 'ham', 'in', 'olive', 'oil', 'over', 'medium', 'heat', 'for', 'a', 'few', 'minutes', 'till', 'it', 'browns', 'lightly', 'add', 'onion', 'celery', 'and', 'carrots', 'salt', 'and', 'pepper', 'and', 'sautee', 'till', 'softened', 'add', 'garlic', 'stir', 'continue', 'cooking', 'for', 'a', 'minute', 'or', 'two', 'add', 'lentils', 'herbs', 'salt', 'and', 'pepper', 'stir', 'and', 'add', 'about', '6', 'cups', 'of', 'water', 'bring', 'to', 'a', 'boil', 'and', 'partially', 'cover', 'then', 'lower', 'heat', 'to', 'the', 'lowest', 'simmer', 'possible', 'allow', 'to', 'simmer', 'quietly', 'peacefully', 'for', '40-50', 'minutes', 'stirring', 'occasionally', 'meanwhile', 'in', 'a', 'separate', 'pot', 'cook', 'ditalini', 'according', 'to', 'box', 'directions', 'until', 'al', 'dente', 'drain', 'add', 'diced', 'tomatoes', 'to', 'soup', 'stir', 'and', 'continue', 'cooking', 'for', 'about', '10', 'minutes', 'stir', 'in', 'cooked', 'pasta', 'to', 'soup', 'ladel', 'soup', 'into', 'bowls', 'drizzle', 'a', 'little', 'olive', 'oil', 'over', 'the', 'top', 'sprinkle', 'some', 'fresh', 'cracked', 'black', 'pepper', 'and', 'parmesean', 'cheese', 'eat', 'it', 'up', 'with', 'some', 'crusty', 'bread']","['sautee', 'pancetta', 'ham', 'olive', 'oil', 'medium', 'heat', 'till', 'browns', 'lightly', 'add', 'onion', 'celery', 'carrots', 'salt', 'pepper', 'sautee', 'till', 'softened', 'add', 'garlic', 'stir', 'continue', 'cooking', 'two', 'add', 'lentils', 'herbs', 'salt', 'pepper', 'stir', 'add', 'water', 'bring', 'boil', 'partially', 'cover', 'lower', 'heat', 'lowest', 'simmer', 'possible', 'allow', 'simmer', 'quietly', 'peacefully', 'stirring', 'occasionally', 'meanwhile', 'separate', 'pot', 'cook', 'ditalini', 'according', 'box', 'directions', 'al', 'dente', 'drain', 'add', 'diced', 'tomatoes', 'soup', 'stir', 'continue', 'cooking', 'stir', 'cooked', 'pasta', 'soup', 'ladel', 'soup', 'bowls', 'drizzle', 'little', 'olive', 'oil', 'top', 'sprinkle', 'fresh', 'cracked', 'black', 'pepper', 'parmesean', 'cheese', 'eat', 'crusty', 'bread']",Italian
6693,"['preheat', 'oven', 'to', '350°f', 'place', 'saffron', 'in', 'a', 'small', 'bowl', 'and', 'pour', '1/4', 'cup', 'boiling', 'water', 'over', 'it', 'let', 'stand', 'at', 'least', '10', 'minutes', 'meanwhile', 'bring', '4', 'cups', 'of', 'water', 'to', 'a', 'boil', 'in', 'a', 'heavy', 'saucepan', 'add', 'rice', 'stirring', 'constantly', 'to', 'keep', 'water', 'at', 'a', 'boil', 'add', '1', 'teaspoon', 'salt', 'cook', 'over', 'moderate', 'heat', 'uncovered', 'for', '10', 'minutes', 'drain', 'rice', 'and', 'set', 'aside', 'heat', 'butter', 'or', 'ghee', 'in', 'a', 'heavy', '3-4', 'quart', 'casserole', 'with', 'a', 'tight-fitting', 'lid', 'add', 'cashews', 'ginger', 'mustard', 'seeds', 'and', 'clove', 'cook', 'stirring', 'constantly', 'until', 'seeds', 'begin', 'to', 'burst', 'about', '1-2', 'minutes', 'add', 'remaining', 'salt', 'chili', 'pepper', 'rice', 'coriander', 'lime', 'juice', 'coconut', 'and', 'remaining', 'boiling', 'water', 'stirring', 'well', 'sprinkle', 'saffron', 'and', 'the', 'water', 'it', 'soaked', 'in', 'over', 'the', 'top', 'bring', 'to', 'a', 'boil', 'over', 'high', 'heat', 'stirring', 'occasionally', 'cover', 'pan', 'with', 'aluminum', 'foil', 'place', 'lid', 'on', 'top', 'bake', 'for', '25', 'minutes', 'or', 'until', 'rice', 'has', 'absorbed', 'all', 'liquid', 'fluff', 'with', 'a', 'fork', 'before', 'serving']","['preheat', 'oven', '350°f', 'place', 'saffron', 'small', 'bowl', 'pour', 'boiling', 'water', 'let', 'stand', 'least', 'meanwhile', 'bring', 'water', 'boil', 'heavy', 'saucepan', 'add', 'rice', 'stirring', 'constantly', 'keep', 'water', 'boil', 'add', 'salt', 'cook', 'moderate', 'heat', 'uncovered', 'drain', 'rice', 'set', 'aside', 'heat', 'butter', 'ghee', 'heavy', 'casserole', 'tight', 'fitting', 'lid', 'add', 'cashews', 'ginger', 'mustard', 'seeds', 'clove', 'cook', 'stirring', 'constantly', 'seeds', 'begin', 'burst', 'add', 'remaining', 'salt', 'chili', 'pepper', 'rice', 'coriander', 'lime', 'juice', 'coconut', 'remaining', 'boiling', 'water', 'stirring', 'well', 'sprinkle', 'saffron', 'water', 'soaked', 'top', 'bring', 'boil', 'high', 'heat', 'stirring', 'occasionally', 'cover', 'pan', 'aluminum', 'foil', 'place', 'lid', 'top', 'bake', 'rice', 'absorbed', 'liquid', 'fluff', 'fork', 'serving']",Indian
8560,"['cake', 'cream', 'butter', 'and', 'sugar', 'add', 'the', 'eggs', 'and', 'blend', 'add', 'the', 'cold', 'coffee', 'and', 'beat', '1', 'minute', 'sift', 'together', 'the', 'cocoa', 'flour', 'soda', 'and', 'salt', 'blend', 'into', 'the', 'other', 'ingredients', 'add', 'the', 'boiling', 'water', 'and', 'blend', 'with', 'mixer', 'on', 'low', 'pour', 'in', 'a', 'greased', '9', ""''"", 'x', '13', ""''"", 'pan', 'and', 'bake', '35', '40', 'min', 'at', '350', 'degrees', 'icing', 'mix', 'sugar', 'butter', 'milk', 'cocoa', 'and', 'salt', 'in', 'a', 'sauce', 'pan', 'beat', 'in', 'the', 'egg', 'and', 'bring', 'to', 'a', 'boil', 'and', 'boil', 'one', 'minute', 'stirring', 'constantly', 'beat', 'with', 'mixer', 'and', 'spread', 'on', 'cake']","['cake', 'cream', 'butter', 'sugar', 'add', 'eggs', 'blend', 'add', 'cold', 'coffee', 'beat', 'sift', 'together', 'cocoa', 'flour', 'soda', 'salt', 'blend', 'ingredients', 'add', 'boiling', 'water', 'blend', 'mixer', 'low', 'pour', 'greased', ""''"", 'x', ""''"", 'pan', 'bake', 'min', 'icing', 'mix', 'sugar', 'butter', 'milk', 'cocoa', 'salt', 'sauce', 'pan', 'beat', 'egg', 'bring', 'boil', 'boil', 'one', 'stirring', 'constantly', 'beat', 'mixer', 'spread', 'cake']",Indian
7175,"['core', 'and', 'cut', 'apples', 'into', 'quarters', 'with', 'the', 'skin', 'thinly', 'slice', 'and', 'sprinkle', 'a', 'little', 'lemon', 'juice', 'mix', 'lightly', 'wash', 'tomatoes', 'cut', 'into', 'quarters', 'and', 'slice', 'wash', 'peel', 'and', 'cut', 'carrots', 'lengthwise', 'and', 'slice', 'them', 'thin', 'peel', 'the', 'orange', 'and', 'discard', 'the', 'seeds', 'and', 'pith', 'cut', 'the', 'segments', 'into', 'two', 'clean', 'wash', 'and', 'chop', 'corriander', 'and', 'mint', 'leaves', 'wash', 'trim', 'and', 'slice', 'the', 'sping', 'onions', 'with', 'the', 'greens', 'wash', 'mushrooms', 'well', 'drain', 'and', 'slice', 'them', 'mix', 'with', 'some', 'lemon', 'juice', 'to', 'prevent', 'discolouring', 'trim', 'lettuce', 'leaves', 'wash', 'in', 'flowing', 'water', 'soak', 'in', 'chilled', 'water', 'to', 'keep', 'them', 'fresh', 'and', 'crisp', 'trim', 'de-seed', 'and', 'shred', 'the', 'dried', 'red', 'chillies', 'into', 'flakes', 'mix', 'the', 'rest', 'of', 'the', 'lemon', 'juice', 'salad', 'oil', 'red', 'chilli', 'flakes', 'chopped', 'corriander', 'and', 'mint', 'leaves', 'add', 'salt', 'to', 'taste', 'whisk', 'well', 'drain', 'the', 'lettuce', 'leaves', 'tear', 'them', 'apart', 'into', 'bite', 'sized', 'pieces', 'make', 'a', 'bed', 'of', 'these', 'leaves', 'on', 'the', 'serving', 'dish', 'lace', 'with', 'one', 'fourth', 'part', 'of', 'the', 'dressing', 'combine', 'sliced', 'apples', 'bean', 'sprouts', 'orange', 'segments', 'sliced', 'carrots', 'sliced', 'mushrooms', 'sliced', 'tomatoes', 'and', 'sliced', 'spring', 'onion', 'toss', 'them', 'in', 'the', 'remaining', 'dressing', 'place', 'it', 'on', 'the', 'lettuce', 'bed', 'serve', 'immediately']","['core', 'cut', 'apples', 'quarters', 'skin', 'thinly', 'slice', 'sprinkle', 'little', 'lemon', 'juice', 'mix', 'lightly', 'wash', 'tomatoes', 'cut', 'quarters', 'slice', 'wash', 'peel', 'cut', 'carrots', 'lengthwise', 'slice', 'thin', 'peel', 'orange', 'discard', 'seeds', 'pith', 'cut', 'segments', 'two', 'clean', 'wash', 'chop', 'corriander', 'mint', 'leaves', 'wash', 'trim', 'slice', 'sping', 'onions', 'greens', 'wash', 'mushrooms', 'well', 'drain', 'slice', 'mix', 'lemon', 'juice', 'prevent', 'discolouring', 'trim', 'lettuce', 'leaves', 'wash', 'flowing', 'water', 'soak', 'chilled', 'water', 'keep', 'fresh', 'crisp', 'trim', 'de', 'seed', 'shred', 'dried', 'red', 'chillies', 'flakes', 'mix', 'rest', 'lemon', 'juice', 'salad', 'oil', 'red', 'chilli', 'flakes', 'chopped', 'corriander', 'mint', 'leaves', 'add', 'salt', 'taste', 'whisk', 'well', 'drain', 'lettuce', 'leaves', 'tear', 'apart', 'bite', 'sized', 'pieces', 'make', 'bed', 'leaves', 'serving', 'dish', 'lace', 'one', 'fourth', 'part', 'dressing', 'combine', 'sliced', 'apples', 'bean', 'sprouts', 'orange', 'segments', 'sliced', 'carrots', 'sliced', 'mushrooms', 'sliced', 'tomatoes', 'sliced', 'spring', 'onion', 'toss', 'remaining', 'dressing', 'place', 'lettuce', 'bed', 'serve', 'immediately']",Indian
6309,"['preheat', 'oven', 'to', '350°f', 'bring', 'water', 'to', 'a', 'boil', 'in', 'a', 'large', 'saucepan', 'add', 'zucchini', 'cook', '3', 'minutes', 'or', 'until', 'crisp-tender', 'drain', 'and', 'cool', 'or', 'you', 'may', 'grill', 'or', 'saute', 'the', 'zucchini', 'if', 'you', 'wish', 'place', 'the', 'ground', 'beef', 'or', 'turkey', 'or', 'crumbles', 'and', 'garlic', 'in', 'a', 'large', 'nonstick', 'skillet', 'over', 'medium-high', 'heat', 'cook', 'until', 'browned', 'stirring', 'to', 'break', 'up', 'meat', 'stir', 'in', 'the', 'spaghetti', 'sauce', 'salt', 'basil', 'and', 'oregano', 'cook', 'for', '1', 'minute', 'remove', 'from', 'heat', 'combine', 'the', 'cottage', 'cheese', 'parsley', 'and', 'eggs', 'in', 'a', 'medium', 'bowl', 'arrange', 'zucchini', 'slices', 'in', 'a', 'shallow', '3-quart', 'casserole', 'coated', 'with', 'cooking', 'spray', 'sprinkle', 'the', 'zucchini', 'with', 'half', 'of', 'the', 'breadcrumbs', 'spread', 'half', 'of', 'cottage', 'cheese', 'mixture', 'over', 'breadcrumbs', 'cover', 'with', 'half', 'of', 'the', 'meat', 'mixture', 'and', '1', 'cup', 'mozzarella', 'repeat', 'the', 'layers', 'with', 'the', 'remaining', 'breadcrumbs', 'cottage', 'cheese', 'mixture', 'and', 'meat', 'mixture', 'reserve', 'the', 'remaining', 'mozzarella', 'bake', 'at', '350°f', 'for', '40', 'minutes', 'sprinkle', 'with', 'remaining', 'mozzarella', 'and', 'bake', 'an', 'additional', '5', 'minutes', 'or', 'until', 'cheese', 'melts']","['preheat', 'oven', '350°f', 'bring', 'water', 'boil', 'large', 'saucepan', 'add', 'zucchini', 'cook', 'crisp', 'tender', 'drain', 'cool', 'may', 'grill', 'saute', 'zucchini', 'wish', 'place', 'ground', 'beef', 'turkey', 'crumbles', 'garlic', 'large', 'nonstick', 'skillet', 'medium', 'high', 'heat', 'cook', 'browned', 'stirring', 'break', 'meat', 'stir', 'spaghetti', 'sauce', 'salt', 'basil', 'oregano', 'cook', 'remove', 'heat', 'combine', 'cottage', 'cheese', 'parsley', 'eggs', 'medium', 'bowl', 'arrange', 'zucchini', 'slices', 'shallow', '3', 'quart', 'casserole', 'coated', 'cooking', 'spray', 'sprinkle', 'zucchini', 'half', 'breadcrumbs', 'spread', 'half', 'cottage', 'cheese', 'mixture', 'breadcrumbs', 'cover', 'half', 'meat', 'mixture', 'mozzarella', 'repeat', 'layers', 'remaining', 'breadcrumbs', 'cottage', 'cheese', 'mixture', 'meat', 'mixture', 'reserve', 'remaining', 'mozzarella', 'bake', '350°f', 'sprinkle', 'remaining', 'mozzarella', 'bake', 'additional', 'cheese', 'melts']",Italian
231,"['preheat', 'the', 'oven', 'to', '450.', 'spread', 'the', 'pepperoni', 'between', 'two', 'paper', 'towels', 'and', 'blot', 'to', 'remove', 'the', 'excess', 'grease', 'brush', 'the', 'olive', 'oil', 'over', 'the', 'pizza', 'crusts', 'and', 'cover', 'with', 'the', 'pizza', 'sauce', 'next', 'add', 'the', 'cheese', 'pepperoni', 'and', 'tomatoes', 'in', 'that', 'order', 'finally', 'topped', 'with', 'the', 'chopped', 'vegetables', 'place', 'pizzas', 'on', 'pizza', 'stones', 'or', 'pizza', 'pans', 'these', 'really', 'work', 'better', 'than', 'cookie', 'sheets', 'change', 'the', 'oven', 'temperature', 'to', '425', 'before', 'putting', 'the', 'pizzas', 'in', 'the', 'oven', 'bake', 'until', 'the', 'crust', 'is', 'a', 'golden', 'brown', 'about', '15', 'minutes']","['preheat', 'oven', 'spread', 'pepperoni', 'two', 'paper', 'towels', 'blot', 'remove', 'excess', 'grease', 'brush', 'olive', 'oil', 'pizza', 'crusts', 'cover', 'pizza', 'sauce', 'next', 'add', 'cheese', 'pepperoni', 'tomatoes', 'order', 'finally', 'topped', 'chopped', 'vegetables', 'place', 'pizzas', 'pizza', 'stones', 'pizza', 'pans', 'really', 'work', 'better', 'cookie', 'sheets', 'change', 'oven', 'temperature', 'putting', 'pizzas', 'oven', 'bake', 'crust', 'golden', 'brown']",Italian
13023,"['cook', 'spinach', 'and', 'garlic', 'in', '1/2', 'cup', 'water', 'till', 'soft', 'cool', 'and', 'puree', 'in', 'food', 'processor', 'set', 'aside', 'in', 'non-stick', 'pan', '1', 'tablespoon', 'oil', 'and', 'brown', 'the', 'tofu', 'in', 'batches', 'set', 'aside', 'in', 'same', 'pan', 'add', 'other', 'tablespoon', 'oil', 'onion', 'chiles', 'and', 'ginger', 'and', 'saute', 'for', '2', 'minutes', 'then', 'add', 'the', 'yogurt', 'cummin', 'and', 'cayenne', 'stir', 'in', 'the', 'pureed', 'spinach', 'and', 'cook', 'about', '10', 'minutes', 'add', 'the', 'tofu', 'and', 'cook', 'another', '10', 'minutes', 'serve', 'with', 'chappatis']","['cook', 'spinach', 'garlic', 'water', 'till', 'soft', 'cool', 'puree', 'food', 'processor', 'set', 'aside', 'non', 'stick', 'pan', 'oil', 'brown', 'tofu', 'batches', 'set', 'aside', 'pan', 'add', 'oil', 'onion', 'chiles', 'ginger', 'saute', 'add', 'yogurt', 'cummin', 'cayenne', 'stir', 'pureed', 'spinach', 'cook', 'add', 'tofu', 'cook', 'another', 'serve', 'chappatis']",Indian
3881,"['take', 'all', 'the', 'veggies', 'and', 'place', 'them', 'in', 'a', 'big', 'bowl', 'cover', 'in', 'dressing', 'then', 'place', 'in', 'the', 'fridge', 'to', 'marinate', 'while', 'that', '’', 's', 'marinating', 'brown', 'chicken', 'in', 'a', 'ducth', 'oven', 'add', '4', 'quarts', 'water', 'and', 'bring', 'to', 'a', 'boil', 'add', 'pasta', 'and', 'cook', 'according', 'to', 'directions', 'drain', 'chicken/pasta', 'add', 'to', 'veggies', 'and', 'toss', 'enjoy', 'it', 'warm', 'or', 'place', 'in', 'the', 'fridge', 'and', 'enjoy', 'cold']","['take', 'veggies', 'place', 'big', 'bowl', 'cover', 'dressing', 'place', 'fridge', 'marinate', '’', 'marinating', 'brown', 'chicken', 'ducth', 'oven', 'add', 'water', 'bring', 'boil', 'add', 'pasta', 'cook', 'according', 'directions', 'drain', 'chicken/pasta', 'add', 'veggies', 'toss', 'enjoy', 'warm', 'place', 'fridge', 'enjoy', 'cold']",Italian
5568,"['chop', 'chard', 'and', 'set', 'aside', 'i', 'like', 'to', 'cut', 'it', 'into', 'crosswise', 'strips', 'then', 'cut', 'the', 'strips', 'into', '2', 'inch', 'pieces', 'prepare', 'onion', 'garlic', 'and', 'mushrooms', 'and', 'set', 'aside', 'they', 'may', 'be', 'put', 'in', 'the', 'same', 'bowl', 'since', 'they', 'will', 'be', 'added', 'at', 'the', 'same', 'time', 'chop', 'olives', 'and', 'mix', 'with', 'tomatoes', 'beans', 'parsley', 'italian', 'seasoning', 'and', 'basil', 'set', 'aside', 'coat', 'large', 'covered', 'frying', 'pan', 'or', 'dutch', 'oven', 'at', 'least', '5', 'quarts', 'with', 'oil', 'add', 'onion', 'garlic', 'and', 'mushrooms', 'and', 'sauté', 'over', 'medium', 'heat', 'until', 'soft', 'adding', 'small', 'amounts', 'of', 'sherry', 'or', 'water', 'if', 'needed', 'to', 'prevent', 'sticking', 'add', 'rest', 'of', 'sherry', 'and', 'as', 'much', 'chard', 'as', 'will', 'fit', 'cover', 'and', 'allow', 'greens', 'to', 'wilt', 'down', 'briefly', 'mixing', 'so', 'chard', 'wilts', 'evenly', 'continue', 'to', 'add', 'the', 'chard', 'until', 'all', 'of', 'it', 'is', 'in', 'the', 'pan', 'cook', 'until', 'chard', 'is', 'wilted', 'but', 'still', 'bright', 'green', 'about', '2', 'minutes', 'stir', 'in', 'tomato', 'olive', 'bean', 'mixture', 'and', 'heat', 'through', 'stirring', 'frequently']","['chop', 'chard', 'set', 'aside', 'like', 'cut', 'crosswise', 'strips', 'cut', 'strips', 'pieces', 'prepare', 'onion', 'garlic', 'mushrooms', 'set', 'aside', 'may', 'put', 'bowl', 'since', 'added', 'time', 'chop', 'olives', 'mix', 'tomatoes', 'beans', 'parsley', 'italian', 'seasoning', 'basil', 'set', 'aside', 'coat', 'large', 'covered', 'frying', 'pan', 'dutch', 'oven', 'least', 'oil', 'add', 'onion', 'garlic', 'mushrooms', 'sauté', 'medium', 'heat', 'soft', 'adding', 'small', 'amounts', 'sherry', 'water', 'needed', 'prevent', 'sticking', 'add', 'rest', 'sherry', 'much', 'chard', 'fit', 'cover', 'allow', 'greens', 'wilt', 'briefly', 'mixing', 'chard', 'wilts', 'evenly', 'continue', 'add', 'chard', 'pan', 'cook', 'chard', 'wilted', 'still', 'bright', 'green', 'stir', 'tomato', 'olive', 'bean', 'mixture', 'heat', 'stirring', 'frequently']",Italian
10430,"['combine', 'tea', 'cardamom', 'cloves', 'cinnamon', 'allspice', 'cocoa', 'powder', 'sugar', 'and', '1', '1/2', 'cups', 'of', 'cold', 'water', 'in', 'a', 'saucepan', 'bring', 'to', 'the', 'boil', 'over', 'medium-high', 'heat', 'reduce', 'heat', 'to', 'medium-low', 'simmer', 'stirring', 'for', '5', 'minutes', 'or', 'until', 'aromatic', 'add', 'milk', 'simmer', 'stirring', 'occasionally', 'for', '5', 'minutes', 'or', 'until', 'hot', 'strain', 'into', '2', 'heatproof', 'glasses', 'or', 'cups', 'serve']","['combine', 'tea', 'cardamom', 'cloves', 'cinnamon', 'allspice', 'cocoa', 'powder', 'sugar', 'cold', 'water', 'saucepan', 'bring', 'boil', 'medium', 'high', 'heat', 'reduce', 'heat', 'medium', 'low', 'simmer', 'stirring', 'aromatic', 'add', 'milk', 'simmer', 'stirring', 'occasionally', 'hot', 'strain', 'heatproof', 'glasses', 'serve']",Indian
8506,"['in', 'a', 'large', 'skillet', 'heat', 'half', 'the', 'olive', 'oil', 'when', 'warm', 'add', 'in', 'the', 'diced', 'eggplant', 'and', 'cook', 'until', 'lightly', 'browned', 'when', 'browned', 'place', 'in', 'a', 'colander', 'over', 'a', 'bowl', 'and', 'allow', 'to', 'stand', 'while', 'preparing', 'the', 'rest', 'of', 'the', 'dish', 'in', 'the', 'same', 'pan', 'heat', 'the', 'remaining', 'oil', 'and', 'add', 'in', 'onions', 'garlic', 'peppers', 'and', 'chilies', 'fry', 'unil', 'softened', 'add', 'in', 'the', 'diced', 'tomatoes', 'tomato', 'paste', 'and', 'spices', 'cook', 'and', 'stir', 'until', 'mixture', 'develops', 'a', 'sauce', 'consistency', 'adding', 'a', 'touch', 'of', 'water', 'as', 'needed', 'stir', 'in', 'the', 'drained', 'chickpeas', 'and', 'cook', 'for', 'about', '5', 'minutes', 'to', 'allow', 'flavors', 'to', 'develop', 'stir', 'in', 'browned', 'eggplant', 'and', 'cook', 'an', 'additional', '5', 'to', '10', 'minutes', 'remove', 'from', 'heat', 'stir', 'in', 'lemon', 'juice', 'and', 'chopped', 'cilantro', 'and', 'enjoy']","['large', 'skillet', 'heat', 'half', 'olive', 'oil', 'warm', 'add', 'diced', 'eggplant', 'cook', 'lightly', 'browned', 'browned', 'place', 'colander', 'bowl', 'allow', 'stand', 'preparing', 'rest', 'dish', 'pan', 'heat', 'remaining', 'oil', 'add', 'onions', 'garlic', 'peppers', 'chilies', 'fry', 'unil', 'softened', 'add', 'diced', 'tomatoes', 'tomato', 'paste', 'spices', 'cook', 'stir', 'mixture', 'develops', 'sauce', 'consistency', 'adding', 'touch', 'water', 'needed', 'stir', 'drained', 'chickpeas', 'cook', 'allow', 'flavors', 'develop', 'stir', 'browned', 'eggplant', 'cook', 'additional', 'remove', 'heat', 'stir', 'lemon', 'juice', 'chopped', 'cilantro', 'enjoy']",Indian
1743,"['put', 'all', 'ingredients', 'except', 'the', 'parmesan', 'cheese', 'into', 'a', 'microwave', 'proof', 'dish', 'cover', 'and', 'microwave', 'for', '20', 'minutes', 'or', 'until', 'the', 'rice', 'is', 'tender', 'and', 'liquid', 'absorbed', 'be', 'very', 'careful', 'when', 'uncovering', 'because', 'the', 'steam', 'will', 'be', 'very', 'hot', 'i', 'learned', 'this', 'the', 'hard', 'way', 'when', 'making', 'this', 'dish', 'and', 'ended', 'up', 'with', 'a', 'very', 'bad', 'steam', 'burn', 'stir', 'in', 'parmesan']","['put', 'ingredients', 'except', 'parmesan', 'cheese', 'microwave', 'proof', 'dish', 'cover', 'microwave', 'rice', 'tender', 'liquid', 'absorbed', 'careful', 'uncovering', 'steam', 'hot', 'learned', 'hard', 'way', 'making', 'dish', 'ended', 'bad', 'steam', 'burn', 'stir', 'parmesan']",Italian
7034,"['cook', 'onion', 'and', 'garlic', 'in', 'oil', 'for', '3', 'or', '4', 'minutes', 'add', 'pepper', 'flakes', 'and', 'other', 'spices', 'and', 'stir', 'for', '2', 'to', '3', 'minutes', 'stir', 'in', 'tomato', 'paste', 'and', 'apple', 'juice', 'add', 'the', 'potatoes', 'chickpeas', 'sugar', 'bay', 'leaf', 'and', 'lemon', 'juice', 'simmer', 'uncovered', 'for', '25', 'to', '30', 'minutes', 'stirring', 'from', 'time', 'to', 'time', 'it', ""'s"", 'done', 'when', 'potatoes', 'are', 'tender', 'and', 'mixture', 'is', 'thickened', 'discard', 'bay', 'leaf', 'serve', 'over', 'rice']","['cook', 'onion', 'garlic', 'oil', 'add', 'pepper', 'flakes', 'spices', 'stir', 'stir', 'tomato', 'paste', 'apple', 'juice', 'add', 'potatoes', 'chickpeas', 'sugar', 'bay', 'leaf', 'lemon', 'juice', 'simmer', 'uncovered', 'stirring', 'time', 'time', 'done', 'potatoes', 'tender', 'mixture', 'thickened', 'discard', 'bay', 'leaf', 'serve', 'rice']",Indian
11891,"['mix', 'dry', 'spices', 'and', 'set', 'aside', 'heat', 'oil', 'in', 'small', 'skillet', 'over', 'low', 'heat', 'add', 'bell', 'pepper', 'garlic', 'and', '1', 'tsp', 'of', 'spice', 'mix', 'cook', 'stirring', 'until', 'pepper', 'is', 'slightly', 'soft', 'about', '2', 'minutes', 'let', 'cool', 'prepare', 'grill', 'or', 'preheat', 'broiler', 'combine', 'turkey', 'oats', 'bell', 'pepper', 'mixture', 'and', 'remaining', 'spice', 'mix', 'mix', 'thoroughly', 'shape', 'into', '4', 'patties', 'grill', 'or', 'broil', 'until', 'browned', 'and', 'no', 'longer', 'pink', 'inside', 'about', 'five', 'minutes', 'per', 'side']","['mix', 'dry', 'spices', 'set', 'aside', 'heat', 'oil', 'small', 'skillet', 'low', 'heat', 'add', 'bell', 'pepper', 'garlic', 'spice', 'mix', 'cook', 'stirring', 'pepper', 'slightly', 'soft', 'let', 'cool', 'prepare', 'grill', 'preheat', 'broiler', 'combine', 'turkey', 'oats', 'bell', 'pepper', 'mixture', 'remaining', 'spice', 'mix', 'mix', 'thoroughly', 'shape', 'patties', 'grill', 'broil', 'browned', 'longer', 'pink', 'inside', 'five', 'per', 'side']",Indian
2255,"['cut', 'loaf', 'in', 'half', 'lengthwise', 'hollow', 'out', 'bottom', 'of', 'loaf', 'leaving', 'a', '1/2', 'in', 'shell', 'in', 'a', 'bowl', 'combine', 'remaining', 'ingred', 'mix', 'well', 'spoon', 'into', 'bread', 'shell', 'replace', 'top', 'slice', 'wrap', 'in', 'foil', 'bake', 'at', '350', 'for', '25', 'minute', 'or', 'until', 'cheese', 'is', 'melted', 'slice', 'and', 'serve', 'warm']","['cut', 'loaf', 'half', 'lengthwise', 'hollow', 'bottom', 'loaf', 'leaving', 'shell', 'bowl', 'combine', 'remaining', 'ingred', 'mix', 'well', 'spoon', 'bread', 'shell', 'replace', 'top', 'slice', 'wrap', 'foil', 'bake', 'cheese', 'melted', 'slice', 'serve', 'warm']",Italian
1256,"['drizzle', 'a', 'reasonable', 'amount', 'of', 'olive', 'oil', 'onto', 'a', 'baking', 'tray', 'and', 'place', 'the', 'mushroom', 's', 'on', 'the', 'tray', 'cap', 'down', 'drizzle', 'a', 'little', 'oil', 'onto', 'the', 'mushroom', 'bake', 'in', 'the', 'oven', 'on', '400', 'for', '8', 'minutes', 'meanwhile', 'fry', 'the', 'bacon', 'in', 'olive', 'oil', 'and', 'add', 'any', 'favourite', 'herbs', 'or', 'seasoning', 'remove', 'the', 'portabella', 'mushroom', 's', 'from', 'the', 'oven', 'and', 'top', 'with', 'bacon', 'and', 'cheese', 'alternate', 'each', 'so', 'that', 'you', 'would', 'put', 'one', 'slice', 'of', 'cheese', 'then', 'one', 'slice', 'of', 'bacon', 'then', 'cheese', 'bacon', 'cheese', 'bacon', 'etc', 'put', 'the', 'bacon', 'and', 'cheese', 'topped', 'mushroom', 's', 'back', 'into', 'the', 'oven', 'cut', 'out', '2', 'circles', 'around', 'the', 'same', 'size', 'as', 'the', 'mushroom', 's', 'from', 'the', 'bread', 'a', 'pint', 'glass', 'or', 'large', 'cookie', 'cutter', 'will', 'do', 'nicely', 'toast', 'the', 'bread', 'rounds', 'until', 'golden', 'remove', 'spread', 'with', 'pesto', 'to', 'taste', 'and', 'put', 'on', 'top', 'of', 'each', 'other', 'remove', 'the', 'mushroom', 's', 'from', 'the', 'oven', 'again', 'and', 'place', 'on', 'top', 'of', 'the', 'toasted', 'croutons', 'and', 'pesto', 'serve', 'enjoy']","['drizzle', 'reasonable', 'amount', 'olive', 'oil', 'onto', 'baking', 'tray', 'place', 'mushroom', 'tray', 'cap', 'drizzle', 'little', 'oil', 'onto', 'mushroom', 'bake', 'oven', 'meanwhile', 'fry', 'bacon', 'olive', 'oil', 'add', 'favourite', 'herbs', 'seasoning', 'remove', 'portabella', 'mushroom', 'oven', 'top', 'bacon', 'cheese', 'alternate', 'would', 'put', 'one', 'slice', 'cheese', 'one', 'slice', 'bacon', 'cheese', 'bacon', 'cheese', 'bacon', 'etc', 'put', 'bacon', 'cheese', 'topped', 'mushroom', 'back', 'oven', 'cut', 'circles', 'around', 'size', 'mushroom', 'bread', 'glass', 'large', 'cookie', 'cutter', 'nicely', 'toast', 'bread', 'rounds', 'golden', 'remove', 'spread', 'pesto', 'taste', 'put', 'top', 'remove', 'mushroom', 'oven', 'place', 'top', 'toasted', 'croutons', 'pesto', 'serve', 'enjoy']",Italian
8740,"['film', 'the', 'olive', 'oil', 'in', 'the', 'bottom', 'of', 'a', 'large', 'saucepan', 'preferably', 'non-stick', 'original', 'recipe', 'called', 'for', 'a', 'dutch', 'oven', 'and', 'place', 'pan', 'over', 'medium-low', 'heat', 'add', 'the', 'garlic', 'while', 'stirring', 'and', 'the', 'cumin', 'seeds', 'add', 'more', 'oil', 'if', 'necessary', 'stir', 'until', 'fragrant', 'and', 'brown', 'the', 'cumin', 'seeds', 'may', 'pop', 'add', 'the', 'ground', 'coriander', 'ginger', 'garam', 'masala', 'and', 'cardamom', 'pods', 'stirring', 'constantly', 'until', 'fragrant', 'and', 'toasty', 'probably', 'about', '30', 'seconds', 'add', '1/4', 'cup', 'water', 'and', 'stir/scrape', 'the', 'bottom', 'of', 'the', 'pan', 'to', 'keep', 'the', 'browned', 'bits', 'from', 'burning', 'to', 'the', 'bottom', 'cook', 'until', 'the', 'water', 'has', 'evaporated', 'away', 'completely', 'add', 'the', 'canned', 'tomatoes/juice', 'from', 'canned', 'tomatoes', 'and', 'salt', 'if', 'desired', 'stir', 'well', 'to', 'mix', 'raise', 'the', 'heat', 'to', 'medium/medium-high', 'to', 'bring', 'to', 'a', 'boil', 'once', 'boiling', 'reduce', 'heat', 'to', 'low', 'add', 'cilantro', 'and', 'cayenne', 'and', 'simmer', 'the', 'sauce', 'gently', 'stirring', 'occasionally', 'until', 'it', 'reduces', 'and', 'begins', 'to', 'thicken', 'a', 'bit', 'taste', 'and', 'adjust', 'seasonings', 'as', 'necessary', 'add', 'chickpeas', 'stirring', 'well', 'and', 'cook', 'over', 'low', 'heat', 'for', 'about', 'five', 'minutes', 'add', '2', 'tablespoons', 'water', 'and', 'cook', 'for', 'another', 'five', 'minutes', 'add', 'another', '2', 'tablespoons', 'water', 'and', 'cook', 'until', 'entirely', 'absorbed', 'a', 'few', 'more', 'minutes', 'this', 'helps', 'concentrate', 'the', 'flavors', 'in', 'the', 'sauce', 'and', 'makes', 'the', 'chickpeas', 'more', 'tender', 'taste', 'and', 'adjust', 'seasonings', 'as', 'desired', 'stir', 'in', 'yogurt', 'and', 'serve', 'over', 'brown', 'rice', 'can', 'omit', 'the', 'rice', 'if', 'desired']","['film', 'olive', 'oil', 'bottom', 'large', 'saucepan', 'preferably', 'non', 'stick', 'original', 'recipe', 'called', 'dutch', 'oven', 'place', 'pan', 'medium', 'low', 'heat', 'add', 'garlic', 'stirring', 'cumin', 'seeds', 'add', 'oil', 'necessary', 'stir', 'fragrant', 'brown', 'cumin', 'seeds', 'may', 'pop', 'add', 'ground', 'coriander', 'ginger', 'garam', 'masala', 'cardamom', 'pods', 'stirring', 'constantly', 'fragrant', 'toasty', 'probably', 'seconds', 'add', 'water', 'stir/scrape', 'bottom', 'pan', 'keep', 'browned', 'bits', 'burning', 'bottom', 'cook', 'water', 'evaporated', 'away', 'completely', 'add', 'canned', 'tomatoes/juice', 'canned', 'tomatoes', 'salt', 'desired', 'stir', 'well', 'mix', 'raise', 'heat', 'medium/medium', 'high', 'bring', 'boil', 'boiling', 'reduce', 'heat', 'low', 'add', 'cilantro', 'cayenne', 'simmer', 'sauce', 'gently', 'stirring', 'occasionally', 'reduces', 'begins', 'thicken', 'bit', 'taste', 'adjust', 'seasonings', 'necessary', 'add', 'chickpeas', 'stirring', 'well', 'cook', 'low', 'heat', 'five', 'add', 'water', 'cook', 'another', 'five', 'add', 'another', 'water', 'cook', 'entirely', 'absorbed', 'helps', 'concentrate', 'flavors', 'sauce', 'makes', 'chickpeas', 'tender', 'taste', 'adjust', 'seasonings', 'desired', 'stir', 'yogurt', 'serve', 'brown', 'rice', 'omit', 'rice', 'desired']",Indian
8970,"['drain', 'shrimp', 'thoroughly', 'if', 'they', 'have', 'been', 'previously', 'frozen.', 'mix', 'yoghurt', 'paprika', 'garam', 'masala', 'tomato', 'puree', 'coconut', 'milk', 'chilli', 'powder', 'and', 'water', 'in', 'a', 'large', 'bowl', 'add', 'salt', 'to', 'taste', 'and', 'set', 'aside', 'heat', 'oil', 'and', 'add', 'garlic', 'ginger', 'cinnamon', 'and', 'cardamoms', 'saute', 'on', 'low', 'heat', 'pour', 'in', 'the', 'spice', 'mixture', 'and', 'bring', 'to', 'a', 'boil', 'while', 'stirring', 'intermittently', 'add', 'the', 'shrimp', 'and', 'cook', 'till', 'pink', 'and', 'firm', 'stirring', 'constantly', 'and', 'until', 'the', 'sauce', 'starts', 'to', 'thicken', 'garnish', 'with', 'chopped', 'cilantro', 'and', 'serve']","['drain', 'shrimp', 'thoroughly', 'previously', 'frozen.', 'mix', 'yoghurt', 'paprika', 'garam', 'masala', 'tomato', 'puree', 'coconut', 'milk', 'chilli', 'powder', 'water', 'large', 'bowl', 'add', 'salt', 'taste', 'set', 'aside', 'heat', 'oil', 'add', 'garlic', 'ginger', 'cinnamon', 'cardamoms', 'saute', 'low', 'heat', 'pour', 'spice', 'mixture', 'bring', 'boil', 'stirring', 'intermittently', 'add', 'shrimp', 'cook', 'till', 'pink', 'firm', 'stirring', 'constantly', 'sauce', 'starts', 'thicken', 'garnish', 'chopped', 'cilantro', 'serve']",Indian
558,"['preheat', 'the', 'oven', 'on', 'broiler', 'setting', 'in', 'a', 'large', 'bowl', 'combine', 'the', 'roma', 'tomatoes', 'garlic', 'olive', 'oil', 'vinegar', 'basil', 'salt', 'and', 'pepper', 'allow', 'the', 'mixture', 'to', 'sit', 'for', '10', 'minutes', 'or', 'over', 'night', 'if', 'possible', 'cut', 'the', 'baguette', 'into', '3/4-inch', 'slices', 'on', 'a', 'baking', 'sheet', 'arrange', 'the', 'baguette', 'slices', 'in', 'a', 'single', 'layer', 'brush', 'on', 'a', 'little', 'olive', 'oil', 'over', 'each', 'slice', 'broil', 'for', '1', 'to', '2', 'minutes', 'divide', 'the', 'tomato', 'mixture', 'evenly', 'over', 'the', 'baguette', 'slices', 'top', 'the', 'slices', 'with', 'crumbled', 'feta', 'cheese', 'broil', 'for', '5', 'minutes']","['preheat', 'oven', 'broiler', 'setting', 'large', 'bowl', 'combine', 'roma', 'tomatoes', 'garlic', 'olive', 'oil', 'vinegar', 'basil', 'salt', 'pepper', 'allow', 'mixture', 'sit', 'night', 'possible', 'cut', 'baguette', '3/4', 'inch', 'slices', 'baking', 'sheet', 'arrange', 'baguette', 'slices', 'single', 'layer', 'brush', 'little', 'olive', 'oil', 'slice', 'broil', 'divide', 'tomato', 'mixture', 'evenly', 'baguette', 'slices', 'top', 'slices', 'crumbled', 'feta', 'cheese', 'broil']",Italian
3113,"['heat', 'olive', 'oil', 'over', 'medium', 'heat', 'in', 'large', 'saucepan', 'and', 'saute', 'chicken', 'until', 'lightly', 'browned', 'remove', 'from', 'pan', 'and', 'set', 'aside', 'add', 'carrot', 'onion', 'and', 'garlic', 'to', 'pan', 'saute', 'until', 'tender', 'but', 'not', 'brown', 'add', 'broth', 'water', 'nutmeg', 'pepper', 'and', 'salt', 'heat', 'to', 'boiling', 'stir', 'in', 'pasta', 'reduce', 'heat', 'to', 'simmer', 'and', 'cook', 'for', '10', 'minutes', 'stirring', 'occasionally', 'add', 'frozen', 'vegetables', 'parsley', 'and', 'reserved', 'chicken', 'simmer', 'for', 'approximately', '4', 'minutes', 'until', 'vegetables', 'are', 'tender']","['heat', 'olive', 'oil', 'medium', 'heat', 'large', 'saucepan', 'saute', 'chicken', 'lightly', 'browned', 'remove', 'pan', 'set', 'aside', 'add', 'carrot', 'onion', 'garlic', 'pan', 'saute', 'tender', 'brown', 'add', 'broth', 'water', 'nutmeg', 'pepper', 'salt', 'heat', 'boiling', 'stir', 'pasta', 'reduce', 'heat', 'simmer', 'cook', 'stirring', 'occasionally', 'add', 'frozen', 'vegetables', 'parsley', 'reserved', 'chicken', 'simmer', 'approximately', 'vegetables', 'tender']",Italian
3639,"['heat', 'oven', 'to', '450', 'degrees', 'slice', '4', 'slices', 'of', 'polenta', '1/2', 'inch', 'thick', 'brush', 'both', 'sides', 'with', 'olive', 'oil', 'and', 'place', 'on', 'baking', 'sheet', 'add', '1', 'tbsp', 'pizza', 'sauce', 'to', 'each', 'slice', 'evenly', 'distribute', 'rosemary', 'over', 'polenta', 'slices', 'evenly', 'distribute', 'anchovies', 'and', 'olives', 'sprinkle', 'top', 'with', 'grated', 'locatelli', 'cheese', 'bake', 'for', '12', 'minutes', 'serve', 'hot']","['heat', 'oven', 'slice', 'slices', 'polenta', 'thick', 'brush', 'sides', 'olive', 'oil', 'place', 'baking', 'sheet', 'add', 'pizza', 'sauce', 'slice', 'evenly', 'distribute', 'rosemary', 'polenta', 'slices', 'evenly', 'distribute', 'anchovies', 'olives', 'sprinkle', 'top', 'grated', 'locatelli', 'cheese', 'bake', 'serve', 'hot']",Italian
6035,"['cook', 'manicotti', 'according', 'to', 'package', 'directions', 'and', 'also', 'cool', 'manicotti', 'shells', 'according', 'to', 'package', 'directions', 'drain', 'shells', 'rinse', 'with', 'cold', 'water', 'drain', 'again', 'meanwhile', 'for', 'sauce', 'in', 'small', 'heavy', 'saucepan', 'melt', 'cream', 'cheese', 'over', 'medium-low', 'heat', 'stirring', 'constantly', 'slowly', 'add', 'milk', 'stirring', 'until', 'smooth', 'stir', 'in', 'romano', 'or', 'parmesan', 'cheese', 'remove', 'from', 'heat', 'for', 'filling', 'in', 'a', 'medium', 'mixing', 'bowl', 'stir', 'together', '3/4', 'cup', 'of', 'sauce', 'the', 'chicken', 'broccoli', 'red', 'sweet', 'peppers', 'or', 'pimento', 'and', 'pepper', 'using', 'a', 'small', 'spoon', 'carefully', 'fill', 'each', 'manicotti', 'shell', 'with', 'about', '1/3', 'cup', 'of', 'filling', 'arrange', 'the', 'filled', 'shells', 'in', 'a', '3-quart', 'rectangular', 'baking', 'dish', 'pour', 'the', 'remaining', 'sauce', 'over', 'shells', 'sprinkle', 'with', 'paprika', 'cover', 'with', 'foil', 'bake', 'in', 'a', '350', 'degree', 'oven', 'for', '25', 'to', '30', 'minutes', 'or', 'until', 'heated', 'through']","['cook', 'manicotti', 'according', 'package', 'directions', 'also', 'cool', 'manicotti', 'shells', 'according', 'package', 'directions', 'drain', 'shells', 'rinse', 'cold', 'water', 'drain', 'meanwhile', 'sauce', 'small', 'heavy', 'saucepan', 'melt', 'cream', 'cheese', 'medium', 'low', 'heat', 'stirring', 'constantly', 'slowly', 'add', 'milk', 'stirring', 'smooth', 'stir', 'romano', 'parmesan', 'cheese', 'remove', 'heat', 'filling', 'medium', 'mixing', 'bowl', 'stir', 'together', 'sauce', 'chicken', 'broccoli', 'red', 'sweet', 'peppers', 'pimento', 'pepper', 'using', 'small', 'spoon', 'carefully', 'fill', 'manicotti', 'shell', 'filling', 'arrange', 'filled', 'shells', '3', 'quart', 'rectangular', 'baking', 'dish', 'pour', 'remaining', 'sauce', 'shells', 'sprinkle', 'paprika', 'cover', 'foil', 'bake', 'oven', 'heated']",Italian
7184,"['in', 'the', 'bowl', 'of', 'a', 'food', 'processor', 'fitted', 'with', 'a', 'dough', 'blade', 'process', 'flour', 'salt', 'and', 'water', 'until', 'the', 'mixture', 'forms', 'a', 'ball', 'turn', 'dough', 'onto', 'a', 'floured', 'work', 'surface', 'and', 'knead', 'for', '5', 'minutes', 'transfer', 'to', 'a', 'bowl', 'and', 'cover', 'tightly', 'with', 'plastic', 'wrap', 'let', 'dough', 'rest', 'for', '30', 'to', '90', 'minutes', 'preheat', 'oven', 'to', '200', 'degrees', 'f', '95', 'degrees', 'c', 'divide', 'dough', 'into', '8', 'equal', 'pieces', 'roll', 'each', 'piece', 'into', 'a', '7-inch', '18-cm', 'circle', 'spray', 'a', 'cast-iron', 'griddle', 'or', 'skillet', 'once', 'with', 'cooking', 'spray', 'and', 'set', 'over', 'medium-low', 'heat', 'cook', 'a', 'chapati', 'for', '1', 'minute', 'turn', 'over', 'and', 'cook', '5', 'minutes', 'on', 'second', 'side', 'or', 'until', 'chapati', 'bubbles', 'up', 'flip', 'back', 'to', 'first', 'side', 'and', 'cook', 'for', '5', 'minutes', 'then', 'place', 'the', 'cooked', 'chapati', 'over', 'the', 'open', 'flame', 'or', 'on', 'the', 'coils', 'of', 'a', 'separate', 'burner', 'for', 'a', 'few', 'seconds', 'to', 'brown', 'as', 'you', 'would', 'a', 'tortilla', 'keep', 'cooked', 'chapatis', 'warm', 'in', 'the', 'oven', 'while', 'you', 'cook', 'the', 'remaining', 'dough', 'if', 'you', 'prefer', 'a', 'crispy', 'cracker-like', 'texture', 'increase', 'oven', 'temperature', 'to', '350', 'degrees', 'f', '175', 'degrees', 'c', 'bake', 'cooked', 'chapatis', 'on', 'a', 'pizza', 'stone', 'if', 'possible', 'until', 'crispy', 'about', '10', 'minutes']","['bowl', 'food', 'processor', 'fitted', 'dough', 'blade', 'process', 'flour', 'salt', 'water', 'mixture', 'forms', 'ball', 'turn', 'dough', 'onto', 'floured', 'work', 'surface', 'knead', 'transfer', 'bowl', 'cover', 'tightly', 'plastic', 'wrap', 'let', 'dough', 'rest', 'preheat', 'oven', 'f', 'c', 'divide', 'dough', 'equal', 'pieces', 'roll', 'piece', '7', 'inch', '18', 'cm', 'circle', 'spray', 'cast', 'iron', 'griddle', 'skillet', 'cooking', 'spray', 'set', 'medium', 'low', 'heat', 'cook', 'chapati', 'turn', 'cook', 'second', 'side', 'chapati', 'bubbles', 'flip', 'back', 'first', 'side', 'cook', 'place', 'cooked', 'chapati', 'open', 'flame', 'coils', 'separate', 'burner', 'seconds', 'brown', 'would', 'tortilla', 'keep', 'cooked', 'chapatis', 'warm', 'oven', 'cook', 'remaining', 'dough', 'prefer', 'crispy', 'cracker', 'like', 'texture', 'increase', 'oven', 'temperature', 'f', 'c', 'bake', 'cooked', 'chapatis', 'pizza', 'stone', 'possible', 'crispy']",Indian
3289,"['dredge', 'veal', 'in', '3', 'tablespoons', 'flour', 'combine', '1', 'tablespoon', 'flour', 'and', 'consommé', 'stirring', 'with', 'a', 'whisk', 'set', 'aside', 'melt', 'butter', 'in', 'a', 'large', 'nonstick', 'skillet', 'over', 'medium-high', 'heat', 'add', 'veal', 'cook', '1', '1/2', 'minutes', 'turn', 'veal', 'over', 'cook', '1', 'minute', 'remove', 'veal', 'from', 'pan', 'add', 'wine', 'to', 'pan', 'scraping', 'pan', 'to', 'loosen', 'browned', 'bits', 'add', 'consommé', 'mixture', 'mushrooms', 'and', 'salt', 'bring', 'to', 'a', 'boil', 'reduce', 'heat', 'simmer', '3', 'minutes', 'or', 'until', 'thick', 'return', 'veal', 'to', 'pan', 'sprinkle', 'with', 'parsley']","['dredge', 'veal', 'flour', 'combine', 'flour', 'consommé', 'stirring', 'whisk', 'set', 'aside', 'melt', 'butter', 'large', 'nonstick', 'skillet', 'medium', 'high', 'heat', 'add', 'veal', 'cook', 'turn', 'veal', 'cook', 'remove', 'veal', 'pan', 'add', 'wine', 'pan', 'scraping', 'pan', 'loosen', 'browned', 'bits', 'add', 'consommé', 'mixture', 'mushrooms', 'salt', 'bring', 'boil', 'reduce', 'heat', 'simmer', 'thick', 'return', 'veal', 'pan', 'sprinkle', 'parsley']",Italian
6378,"['top', 'cracker', 'with', 'olive', 'oil', 'place', 'cheese', 'on', 'top', 'and', 'sprinkle', 'with', 'seasoning', 'microwave', 'on', 'high', 'until', 'cheese', 'melts', '25-30', 'seconds']","['top', 'cracker', 'olive', 'oil', 'place', 'cheese', 'top', 'sprinkle', 'seasoning', 'microwave', 'high', 'cheese', 'melts', 'seconds']",Italian
3631,"['whisk', 'all', 'ingredients', 'except', 'lettuce', 'together', 'toss', 'with', 'lettuce', 'in', 'a', 'salad', 'bowl', 'add', 'croutons', 'if', 'desired']","['whisk', 'ingredients', 'except', 'lettuce', 'together', 'toss', 'lettuce', 'salad', 'bowl', 'add', 'croutons', 'desired']",Italian
12672,"['mix', 'the', 'dry', 'ingredients', 'in', 'a', 'bowl', 'break', 'the', 'eggs', 'in', 'another', 'bowl', 'add', 'milk', 'and', 'essence', 'and', 'mix', 'well', 'make', 'a', 'well', 'in', 'the', 'bowl', 'containing', 'the', 'dry', 'ingredients', 'pour', 'in', 'the', 'liquid', 'and', 'whisk', 'so', 'that', 'there', 'are', 'no', 'lumps', 'heat', 'a', 'non-stick', 'pan', 'add', 'few', 'drops', 'of', 'oil', 'to', 'grease', 'the', 'pan', 'pour', 'in', 'some', 'of', 'the', 'batter', 'and', 'spread', 'it', 'in', 'the', 'pan', 'cook', 'the', 'pancake', 'over', 'medium', 'heat', 'when', 'it', 'is', 'light', 'brown', 'turn', 'and', 'cook', 'on', 'the', 'other', 'side', 'till', 'brown', 'remove', 'serve', 'with', 'maple', 'syrup', 'or', 'honey', 'on', 'top']","['mix', 'dry', 'ingredients', 'bowl', 'break', 'eggs', 'another', 'bowl', 'add', 'milk', 'essence', 'mix', 'well', 'make', 'well', 'bowl', 'containing', 'dry', 'ingredients', 'pour', 'liquid', 'whisk', 'lumps', 'heat', 'non', 'stick', 'pan', 'add', 'drops', 'oil', 'grease', 'pan', 'pour', 'batter', 'spread', 'pan', 'cook', 'pancake', 'medium', 'heat', 'light', 'brown', 'turn', 'cook', 'side', 'till', 'brown', 'remove', 'serve', 'maple', 'syrup', 'honey', 'top']",Indian
853,"['using', 'a', '1', '1/2', 'cup', 'ice', 'cream', 'scoop', 'scoop', 'ice', 'cream', 'into', '6', 'balls', 'roll', 'in', 'chopped', 'cookies', 'place', 'on', 'a', 'waxed', 'paper', 'lined', 'baking', 'sheet', 'cover', 'and', 'freeze', 'at', 'least', '2', 'hours', 'or', 'until', 'firm', 'heat', 'chocolate', 'chips', 'and', 'oil', 'in', 'a', 'small', 'saucepan', 'over', 'low', 'heat', 'stirring', 'until', 'melted', 'and', 'smooth', 'cool', 'place', 'ice', 'cream', 'balls', 'on', 'wire', 'rack', 'ladle', '2', 'tablespoons', 'melted', 'chocolate', 'over', 'each', 'ball', 'coating', 'the', 'top', 'and', 'sides', 'freeze', 'at', 'least', '1', 'hour', 'or', 'until', 'firm', 'spoon', 'raspberry', 'sauce', 'into', 'dessert', 'dishes', 'or', 'onto', 'serving', 'plates', 'cut', 'each', 'tartufo', 'in', 'half', 'or', 'quarters', 'arrange', 'on', 'top', 'of', 'sauce', 'garnish', 'with', 'raspberries', 'serve', 'immediately']","['using', 'ice', 'cream', 'scoop', 'scoop', 'ice', 'cream', 'balls', 'roll', 'chopped', 'cookies', 'place', 'waxed', 'paper', 'lined', 'baking', 'sheet', 'cover', 'freeze', 'least', 'firm', 'heat', 'chocolate', 'chips', 'oil', 'small', 'saucepan', 'low', 'heat', 'stirring', 'melted', 'smooth', 'cool', 'place', 'ice', 'cream', 'balls', 'wire', 'rack', 'ladle', 'melted', 'chocolate', 'ball', 'coating', 'top', 'sides', 'freeze', 'least', 'firm', 'spoon', 'raspberry', 'sauce', 'dessert', 'dishes', 'onto', 'serving', 'plates', 'cut', 'tartufo', 'half', 'quarters', 'arrange', 'top', 'sauce', 'garnish', 'raspberries', 'serve', 'immediately']",Italian
7181,"['for', 'the', 'outer', 'cover', 'mix', 'all', 'the', 'ingredients', 'knead', 'well', 'till', 'it', 'forms', 'a', 'thick', 'dough', 'little', 'amount', 'of', 'water', 'can', 'be', 'sprinkled', 'if', 'needed', 'cut', 'all', 'vegetables', 'into', 'small', 'pieces', 'cook', 'the', 'carrots', 'potatoes', 'and', 'beans', 'in', 'a', 'pressure', 'cooker', 'in', 'a', 'pan', 'fry', 'the', 'finely', 'chopped', 'onions', 'in', '1', '1/2', 'tbsp', 'of', 'oil', 'till', 'they', 'are', 'golden', 'add', 'the', 'ginger-garlic', 'paste', 'and', 'crushed', 'chillies', 'and', 'fry', 'now', 'add', 'the', 'maida', 'chilli', 'powder', 'and', 'garam', 'masala', 'fry', 'well', 'and', 'add', 'the', 'cooked', 'vegetables', 'mashed', 'paneer', 'cream', 'tomato', 'ketchup', 'with', 'the', 'necessary', 'amount', 'of', 'salt', 'keep', 'frying', 'on', 'low', 'till', 'the', 'mixture', 'thickens', 'to', 'a', 'filling', 'add', 'corriander', 'leaves', 'mix', 'well', 'and', 'set', 'aside', 'make', 'medium', 'sized', 'balls', 'out', 'of', 'the', 'prepared', 'dough', 'roll', 'them', 'into', 'thin', 'chappatis', 'of', 'about', '12cm', 'diameter', 'with', 'a', 'rolling', 'pin', 'dry', 'roast', 'them', 'in', 'a', 'tava', 'without', 'oil', 'till', 'they', 'are', 'brown', 'one', 'by', 'one', 'now', 'hold', 'the', 'done', 'chappatis', 'in', 'your', 'left', 'hand', 'and', 'add', '2', 'tbsps', 'of', 'vegetable', 'mix', 'in', 'one', 'corner', 'of', 'the', 'chappati', 'roll', 'it', 'twice', 'and', 'paste', 'the', 'ends', 'with', 'maida-water', 'mix', 'similarly', 'prepare', 'all', 'the', 'chappatis', 'and', 'keep', 'them', 'ready', 'while', 'serving', 'heat', 'a', 'pan', 'with', '3', 'tbsps', 'oil', 'shallow', 'fry', 'the', 'frankees', 'till', 'they', 'are', 'crisp', 'and', 'brown', 'serve', 'hot', 'with', 'any', 'chutney', 'or', 'ketchup', 'of', 'your', 'choice']","['outer', 'cover', 'mix', 'ingredients', 'knead', 'well', 'till', 'forms', 'thick', 'dough', 'little', 'amount', 'water', 'sprinkled', 'needed', 'cut', 'vegetables', 'small', 'pieces', 'cook', 'carrots', 'potatoes', 'beans', 'pressure', 'cooker', 'pan', 'fry', 'finely', 'chopped', 'onions', 'oil', 'till', 'golden', 'add', 'ginger', 'garlic', 'paste', 'crushed', 'chillies', 'fry', 'add', 'maida', 'chilli', 'powder', 'garam', 'masala', 'fry', 'well', 'add', 'cooked', 'vegetables', 'mashed', 'paneer', 'cream', 'tomato', 'ketchup', 'necessary', 'amount', 'salt', 'keep', 'frying', 'low', 'till', 'mixture', 'thickens', 'filling', 'add', 'corriander', 'leaves', 'mix', 'well', 'set', 'aside', 'make', 'medium', 'sized', 'balls', 'prepared', 'dough', 'roll', 'thin', 'chappatis', '12cm', 'diameter', 'rolling', 'pin', 'dry', 'roast', 'tava', 'without', 'oil', 'till', 'brown', 'one', 'one', 'hold', 'done', 'chappatis', 'left', 'hand', 'add', 'tbsps', 'vegetable', 'mix', 'one', 'corner', 'chappati', 'roll', 'twice', 'paste', 'ends', 'maida', 'water', 'mix', 'similarly', 'prepare', 'chappatis', 'keep', 'ready', 'serving', 'heat', 'pan', 'tbsps', 'oil', 'shallow', 'fry', 'frankees', 'till', 'crisp', 'brown', 'serve', 'hot', 'chutney', 'ketchup', 'choice']",Indian
4617,"['brown', 'pork', 'chops', 'on', 'both', 'sides', 'in', 'a', 'skillet', 'add', 'onion', 'and', 'zesty', 'italian', 'dressing', 'cover', 'and', 'cook', 'on', 'medium/low', 'about', '30', 'minutes', 'or', 'until', 'internal', 'temperature', 'measures', '170']","['brown', 'pork', 'chops', 'sides', 'skillet', 'add', 'onion', 'zesty', 'italian', 'dressing', 'cover', 'cook', 'medium/low', 'internal', 'temperature', 'measures']",Italian
4834,"['cut', 'sausage', 'into', '4', 'or', '5', ""''"", 'pieces', 'and', 'brown', 'on', 'all', 'sides', 'in', 'batches', 'in', 'skillet', 'saute', 'peppers', 'onions', 'and', 'garlic', 'in', 'drippings', 'combine', 'tomato', 'puree', 'sauce', 'and', 'paste', 'in', 'bowl', 'add', 'seasonings', 'and', 'sugar', 'layer', 'half', 'of', 'sausage', 'onions', 'and', 'peppers', 'in', '6qt', 'cooker', 'cover', 'with', 'half', 'the', 'tomato', 'mixture', 'repeat', 'layers', 'cover', 'cook', 'on', 'high', '1', 'hour', 'and', 'low', '5-6', 'hours', 'serve', 'over', 'pasta', 'or', 'italian', 'rolls', 'awesome']","['cut', 'sausage', ""''"", 'pieces', 'brown', 'sides', 'batches', 'skillet', 'saute', 'peppers', 'onions', 'garlic', 'drippings', 'combine', 'tomato', 'puree', 'sauce', 'paste', 'bowl', 'add', 'seasonings', 'sugar', 'layer', 'half', 'sausage', 'onions', 'peppers', '6qt', 'cooker', 'cover', 'half', 'tomato', 'mixture', 'repeat', 'layers', 'cover', 'cook', 'high', 'low', 'serve', 'pasta', 'italian', 'rolls', 'awesome']",Italian
3332,"['mix', 'flour', 'and', 'milk', 'to', 'a', 'smooth', 'paste', 'in', 'small', 'sauce', 'pan', 'cook', 'over', 'low', 'heat', 'until', 'very', 'thick', 'stirring', 'constantly', 'remove', 'from', 'heat', 'and', 'set', 'aside', 'to', 'cool', 'put', 'sugar', 'and', 'fats', 'into', 'bowl', '2', 'quart', 'size', 'and', 'beat', 'at', 'highest', 'speed', 'for', '10', 'minute', 'this', 'is', 'very', 'important-', 'it', 'must', 'be', 'beaten', 'until', 'so', 'smooth', 'that', 'sugar', 'us', 'hardly', 'noticed', 'when', 'milk', 'and', 'flour', 'paste', 'is', 'cold', 'beat', 'into', 'sugar', 'mixture', 'until', 'it', 'looks', 'like', 'whipped', 'cream', 'beat', 'in', 'flavoring', 'tastes', 'like', 'whipped', 'cream', 'or', 'ice', 'cream', 'will', 'keep', 'for', 'several', 'weeks', 'in', 'the', 'rer', 'if', 'covered', 'loosely', 'with', 'waxed', 'paper']","['mix', 'flour', 'milk', 'smooth', 'paste', 'small', 'sauce', 'pan', 'cook', 'low', 'heat', 'thick', 'stirring', 'constantly', 'remove', 'heat', 'set', 'aside', 'cool', 'put', 'sugar', 'fats', 'bowl', 'size', 'beat', 'highest', 'speed', 'important', 'must', 'beaten', 'smooth', 'sugar', 'us', 'hardly', 'noticed', 'milk', 'flour', 'paste', 'cold', 'beat', 'sugar', 'mixture', 'looks', 'like', 'whipped', 'cream', 'beat', 'flavoring', 'tastes', 'like', 'whipped', 'cream', 'ice', 'cream', 'keep', 'several', 'weeks', 'rer', 'covered', 'loosely', 'waxed', 'paper']",Italian
6576,"['heat', 'oil', 'in', 'a', 'non-stick', 'skillet', 'add', 'bay', 'leaf', 'cinnamon', 'stick', 'curry', 'leaves', 'and', 'cardamoms', 'then', 'toss', 'in', 'the', 'onions', 'and', 'ginger', 'stir-fry', 'until', 'golden', 'brown', 'add', 'the', 'carrots', 'and', 'tomatoes', 'saute', 'until', 'the', 'tomatoes', 'are', 'softened', 'add', 'salt', 'and', '4', 'cups', 'of', 'water', 'note', 'you', 'can', 'also', 'use', 'maggi', 'vegetable', 'broth', 'with', 'onions', 'or', 'chicken', 'broth', 'as', 'a', 'substitute', 'instead', 'of', 'water', 'if', 'you', 'want', 'a', 'more', 'flavourful', 'dish', 'add', 'drained', 'rice', 'raisins', 'peppercorns', 'and', 'tomato', 'puree', 'stir', 'well', 'bring', 'to', 'a', 'boil', 'lower', 'flame', 'and', 'cook', 'on', 'a', 'simmer', 'until', 'all', 'the', 'water/broth', 'has', 'been', 'absorbed', 'by', 'the', 'rice', 'stir', 'in', 'lemon', 'juice', 'garnish', 'with', 'corriander', 'leaves', 'serve', 'hot']","['heat', 'oil', 'non', 'stick', 'skillet', 'add', 'bay', 'leaf', 'cinnamon', 'stick', 'curry', 'leaves', 'cardamoms', 'toss', 'onions', 'ginger', 'stir', 'fry', 'golden', 'brown', 'add', 'carrots', 'tomatoes', 'saute', 'tomatoes', 'softened', 'add', 'salt', 'water', 'note', 'also', 'use', 'maggi', 'vegetable', 'broth', 'onions', 'chicken', 'broth', 'substitute', 'instead', 'water', 'want', 'flavourful', 'dish', 'add', 'drained', 'rice', 'raisins', 'peppercorns', 'tomato', 'puree', 'stir', 'well', 'bring', 'boil', 'lower', 'flame', 'cook', 'simmer', 'water/broth', 'absorbed', 'rice', 'stir', 'lemon', 'juice', 'garnish', 'corriander', 'leaves', 'serve', 'hot']",Indian
10476,"['turn', 'on', 'the', 'oven', 'set', 'to', '350.', 'mix', 'flour', 'carrots', 'nuts', 'coconut', 'raisins', 'and', 'baking', 'soda', 'in', 'a', 'big', 'bowl', 'mix', 'anise', 'bananas', 'oil', 'and', 'brown', 'sugar', 'in', 'a', 'smaller', 'bowl', 'add', 'wet', 'ingredient', 'mixture', 'to', 'dry', 'ingredient', 'mixture', 'and', 'stir', 'gently', 'but', 'thoroughly', 'add', 'some', 'milk', 'a', 'bit', 'at', 'a', 'time', 'if', 'the', 'batter', 'is', 'too', 'thick', 'to', 'stir', 'comfortably', 'it', 'should', 'be', 'thick', 'though', 'not', 'runny', 'pour', 'into', 'large', 'buttered', 'cake', 'pan', 'bake', '35-40', 'minutes', 'until', 'toothpick', 'or', 'knife', 'inserted', 'in', 'the', 'middle', 'comes', 'out', 'clean', 'allow', 'to', 'cool', 'in', 'pan', 'and', 'cut', 'into', 'squares', 'refrigerate', 'if', 'you', 'want', 'it', 'to', 'last', 'longer', 'enjoy']","['turn', 'oven', 'set', 'mix', 'flour', 'carrots', 'nuts', 'coconut', 'raisins', 'baking', 'soda', 'big', 'bowl', 'mix', 'anise', 'bananas', 'oil', 'brown', 'sugar', 'smaller', 'bowl', 'add', 'wet', 'ingredient', 'mixture', 'dry', 'ingredient', 'mixture', 'stir', 'gently', 'thoroughly', 'add', 'milk', 'bit', 'time', 'batter', 'thick', 'stir', 'comfortably', 'thick', 'though', 'runny', 'pour', 'large', 'buttered', 'cake', 'pan', 'bake', 'toothpick', 'knife', 'inserted', 'middle', 'comes', 'clean', 'allow', 'cool', 'pan', 'cut', 'squares', 'refrigerate', 'want', 'last', 'longer', 'enjoy']",Indian
10427,"['peel', 'and', 'extract', 'mango', 'pulp', 'from', 'the', 'ripe', 'mangoes', 'and', 'sieve', 'it', 'in', 'a', 'deep', 'pan', 'cook', 'mango', 'pulp', 'with', 'equal', 'quantity', 'of', 'water', 'prepare', 'sugar', 'syrup', 'boil', 'sugar', 'with', 'little', 'water', 'and', 'boil', 'until', 'it', 'is', 'slightly', 'thickened', 'and', 'mix', 'it', 'with', 'mango', 'mixture', 'while', 'continuously', 'stirring', 'add', 'milk', 'to', 'it', 'mix', 'well', 'and', 'keep', 'it', 'boiling', 'until', 'the', 'mixture', 'thickens', 'decorate', 'it', 'with', 'nuts', 'and', 'serve']","['peel', 'extract', 'mango', 'pulp', 'ripe', 'mangoes', 'sieve', 'deep', 'pan', 'cook', 'mango', 'pulp', 'equal', 'quantity', 'water', 'prepare', 'sugar', 'syrup', 'boil', 'sugar', 'little', 'water', 'boil', 'slightly', 'thickened', 'mix', 'mango', 'mixture', 'continuously', 'stirring', 'add', 'milk', 'mix', 'well', 'keep', 'boiling', 'mixture', 'thickens', 'decorate', 'nuts', 'serve']",Indian
10189,"['chop', 'chicken', 'into', '1', 'inch', 'cubes', 'add', 'chicken', 'to', 'bowl', 'add', 'lemon', 'juice', 'tandoori', 'paste', 'yogurt', 'garlic', 'coriander', 'and', 'seasoning', 'cover', 'and', 'marinate', 'in', 'fridge', 'for', '2-3', 'hours', 'preheat', 'a', 'grill', 'to', 'high', 'thread', 'alternate', 'pieces', 'of', 'chicken', 'and', 'onion', 'onto', 'skewers', 'brush', 'the', 'onions', 'with', 'a', 'little', 'oil', 'lay', 'skewers', 'on', 'grill', 'and', 'cook', '10-12', 'minutes', 'server', 'over', 'rice', 'and', 'tandoori', 'bread']","['chop', 'chicken', 'cubes', 'add', 'chicken', 'bowl', 'add', 'lemon', 'juice', 'tandoori', 'paste', 'yogurt', 'garlic', 'coriander', 'seasoning', 'cover', 'marinate', 'fridge', 'preheat', 'grill', 'high', 'thread', 'alternate', 'pieces', 'chicken', 'onion', 'onto', 'skewers', 'brush', 'onions', 'little', 'oil', 'lay', 'skewers', 'grill', 'cook', 'server', 'rice', 'tandoori', 'bread']",Indian
6142,"['prepare', 'macaroni', 'shells', 'according', 'to', 'package', 'directions', 'drain', 'and', 'set', 'aside', 'cook', 'ground', 'beef', 'onion', 'and', 'garlic', 'in', 'a', 'large', 'skillet', 'until', 'beef', 'is', 'browned', 'drain', 'excess', 'fat', 'stir', 'in', 'next', '6', 'ingredients', 'set', 'aside', 'combine', 'spaghetti', 'sauce', 'and', 'wine', 'spoon', 'one-fourth', 'of', 'sauce', 'into', 'a', 'lightly', 'greased', 'oblong', 'baking', 'pan', 'set', 'aside', 'remaining', 'sauce', 'stuff', 'macaroni', 'shells', 'with', 'beef', 'mixture', 'and', 'place', 'in', 'baking', 'dish', 'spoon', 'remaining', 'sauce', 'over', 'shells', 'sprinkle', 'parmesan', 'cheese', 'over', 'shells', 'bake', 'uncovered', 'at', '400', 'degrees', 'for', '20', 'minutes']","['prepare', 'macaroni', 'shells', 'according', 'package', 'directions', 'drain', 'set', 'aside', 'cook', 'ground', 'beef', 'onion', 'garlic', 'large', 'skillet', 'beef', 'browned', 'drain', 'excess', 'fat', 'stir', 'next', 'ingredients', 'set', 'aside', 'combine', 'spaghetti', 'sauce', 'wine', 'spoon', 'one', 'fourth', 'sauce', 'lightly', 'greased', 'oblong', 'baking', 'pan', 'set', 'aside', 'remaining', 'sauce', 'stuff', 'macaroni', 'shells', 'beef', 'mixture', 'place', 'baking', 'dish', 'spoon', 'remaining', 'sauce', 'shells', 'sprinkle', 'parmesan', 'cheese', 'shells', 'bake', 'uncovered']",Italian
9163,"['heat', 'oil', 'in', 'a', 'large', 'nonstick', 'skillet', 'over', 'medium', 'heat', 'add', 'onions', 'and', 'garlic', 'sprinkle', 'with', 'coriander', 'cumin', 'clobes', 'cinnamon', 'and', 'jalapeno', 'cook', 'stirring', 'frequently', '5', 'minutes', 'add', 'peas', 'tomatoes', 'salt', 'and', 'pepper', 'mix', 'well', 'so', 'that', 'spices', 'are', 'evenly', 'distributed', 'cover', 'and', 'cook', '5', 'minutes', 'add', 'rice', 'cook', 'stirring', 'constanly', 'until', 'mixture', 'is', 'well', 'blended', 'and', 'rice', 'is', 'hot', 'top', 'each', 'serving', 'with', 'chopped', 'fresh', 'cilantro', 'if', 'desired']","['heat', 'oil', 'large', 'nonstick', 'skillet', 'medium', 'heat', 'add', 'onions', 'garlic', 'sprinkle', 'coriander', 'cumin', 'clobes', 'cinnamon', 'jalapeno', 'cook', 'stirring', 'frequently', 'add', 'peas', 'tomatoes', 'salt', 'pepper', 'mix', 'well', 'spices', 'evenly', 'distributed', 'cover', 'cook', 'add', 'rice', 'cook', 'stirring', 'constanly', 'mixture', 'well', 'blended', 'rice', 'hot', 'top', 'serving', 'chopped', 'fresh', 'cilantro', 'desired']",Indian
6951,"['boil', '3', 'cups', 'of', 'water', 'along', 'with', 'cinnamon', 'cardamom', 'and', 'cloves', 'and', 'pour', 'over', 'the', 'tea', 'leave', 'to', 'infuse', 'over', 'a', 'very', 'low', 'flame', 'for', '10', 'minutes', 'meanwhile', 'dissolve', 'saffron', 'in', 'a', 'little', 'water', 'by', 'rubbing', 'it', 'gently', 'strain', 'the', 'tea', 'and', 'add', 'the', 'saffron', 'liquid', 'together', 'with', 'almonds', 'sweeten', 'if', 'you', 'like', 'and', 'serve', 'hot']","['boil', 'water', 'along', 'cinnamon', 'cardamom', 'cloves', 'pour', 'tea', 'leave', 'infuse', 'low', 'flame', 'meanwhile', 'dissolve', 'saffron', 'little', 'water', 'rubbing', 'gently', 'strain', 'tea', 'add', 'saffron', 'liquid', 'together', 'almonds', 'sweeten', 'like', 'serve', 'hot']",Indian
6557,"['fry', 'the', 'paste', 'and', 'add', 'the', 'potato', 'put', 'in', 'the', 'milk', 'and', 'water', 'and', 'simmer', 'for', '15', 'minutes', 'add', 'pineapple', 'and', 'simmer', 'for', '2', 'minutes', 'season', 'if', 'required', 'scatter', 'with', 'coriander', 'and', 'serve', 'with', 'rice', 'or', 'naan']","['fry', 'paste', 'add', 'potato', 'put', 'milk', 'water', 'simmer', 'add', 'pineapple', 'simmer', 'season', 'required', 'scatter', 'coriander', 'serve', 'rice', 'naan']",Indian
3211,"['cook', 'tortellini', 'according', 'to', 'pkg', 'directions', 'drain', 'and', 'cool', 'whisk', 'together', '2', 'cups', 'dressing', 'onion', 'powder', 'garlic', 'powder', 'red', 'pepper', 'flakes', 'and', 'eggs', 'in', 'a', 'large', 'bowl', 'until', 'blended', 'add', 'tortellini', 'and', 'let', 'stand', '10', 'minutes', 'drain', 'dredge', 'in', 'breadcrumbs', 'place', 'on', 'baking', 'sheet', 'chill', 'at', 'least', '1', 'hour', 'stir', 'together', 'remaining', 'dressing', 'salsa', 'and', 'cilantro', 'chill', 'pour', 'oil', 'into', 'a', 'dutch', 'oven', 'heat', 'to', '375°f', 'fry', 'tortellini', 'in', 'batches', 'until', 'golden', 'brown', 'drain', 'on', 'paper', 'towels', 'serve', 'with', 'dip', 'garnish', 'if', 'desired', 'note', 'to', 'make', 'ahead', 'fry', 'tortellini', 'according', 'to', 'directions', 'drain', 'and', 'place', 'on', 'baking', 'sheet', 'keep', 'warm', 'in', '200f', 'oven', 'for', '2', 'hours']","['cook', 'tortellini', 'according', 'pkg', 'directions', 'drain', 'cool', 'whisk', 'together', 'dressing', 'onion', 'powder', 'garlic', 'powder', 'red', 'pepper', 'flakes', 'eggs', 'large', 'bowl', 'blended', 'add', 'tortellini', 'let', 'stand', 'drain', 'dredge', 'breadcrumbs', 'place', 'baking', 'sheet', 'chill', 'least', 'stir', 'together', 'remaining', 'dressing', 'salsa', 'cilantro', 'chill', 'pour', 'oil', 'dutch', 'oven', 'heat', '375°f', 'fry', 'tortellini', 'batches', 'golden', 'brown', 'drain', 'paper', 'towels', 'serve', 'dip', 'garnish', 'desired', 'note', 'make', 'ahead', 'fry', 'tortellini', 'according', 'directions', 'drain', 'place', 'baking', 'sheet', 'keep', 'warm', '200f', 'oven']",Italian
7518,"['in', 'a', 'stew', 'pot', 'saute', 'the', 'onions', 'in', 'the', 'oil', 'on', 'medium', 'heat', 'until', 'translucent', 'about', '10', 'minutes', 'stir', 'in', 'the', 'garlic', 'chile', 'ginger', 'cumin', 'coriander', 'turmeric', 'cinnamon', 'cardamom', 'salt', 'and', 'saffron', 'and', 'saute', 'for', 'a', 'minute', 'stirring', 'constantly', 'add', 'the', 'orange', 'juice', 'and', 'eggplant', 'toss', 'to', 'coat', 'with', 'the', 'spices', 'cover', 'and', 'simmer', 'for', '10', 'to', '15', 'minutes', 'until', 'the', 'eggplant', 'is', 'barely', 'tender', 'add', 'the', 'squash', 'bell', 'peppers', 'tomatoes', 'and', 'basil', 'cover', 'and', 'continue', 'to', 'simmer', 'about', '15', 'minutes', 'until', 'all', 'of', 'the', 'vegetables', 'are', 'tender', 'add', 'a', 'little', 'more', 'orange', 'juice', 'or', 'water', 'if', 'necessary', 'to', 'prevent', 'sticking', 'serve', 'hot', 'or', 'at', 'room', 'temperature', 'if', 'you', 'like', 'add', 'a', 'dollop', 'of', 'plain', 'yogurt', 'to', 'each', 'serving', 'and', 'top', 'with', 'fresh', 'basil', 'and', 'a', 'few', 'toasted', 'almonds', 'or', 'pistachios']","['stew', 'pot', 'saute', 'onions', 'oil', 'medium', 'heat', 'translucent', 'stir', 'garlic', 'chile', 'ginger', 'cumin', 'coriander', 'turmeric', 'cinnamon', 'cardamom', 'salt', 'saffron', 'saute', 'stirring', 'constantly', 'add', 'orange', 'juice', 'eggplant', 'toss', 'coat', 'spices', 'cover', 'simmer', 'eggplant', 'barely', 'tender', 'add', 'squash', 'bell', 'peppers', 'tomatoes', 'basil', 'cover', 'continue', 'simmer', 'vegetables', 'tender', 'add', 'little', 'orange', 'juice', 'water', 'necessary', 'prevent', 'sticking', 'serve', 'hot', 'room', 'temperature', 'like', 'add', 'dollop', 'plain', 'yogurt', 'serving', 'top', 'fresh', 'basil', 'toasted', 'almonds', 'pistachios']",Indian
10691,"['melt', 'butter', 'over', 'low', 'heat', 'in', 'a', 'heavy', 'saucepan', 'add', 'onion', 'and', 'cook', 'until', 'tender', 'blend', 'in', 'flour', 'curry', 'powder', 'salt', 'ginger', 'and', 'sugar', 'gradually', 'stir', 'in', 'chicken', 'broth', 'and', 'milk', 'stirring', 'constantly', 'bring', 'mixture', 'to', 'a', 'boil', 'and', 'cook', '1', 'minute', 'reduce', 'heat', 'to', 'low', 'add', 'cooked', 'chicken', 'and', 'lemon', 'juice', 'simmer', 'until', 'heated', 'through', 'serve', 'over', 'cooked', 'rice']","['melt', 'butter', 'low', 'heat', 'heavy', 'saucepan', 'add', 'onion', 'cook', 'tender', 'blend', 'flour', 'curry', 'powder', 'salt', 'ginger', 'sugar', 'gradually', 'stir', 'chicken', 'broth', 'milk', 'stirring', 'constantly', 'bring', 'mixture', 'boil', 'cook', 'reduce', 'heat', 'low', 'add', 'cooked', 'chicken', 'lemon', 'juice', 'simmer', 'heated', 'serve', 'cooked', 'rice']",Indian
3577,"['bring', 'the', 'water', 'dressing', 'musturd', 'to', 'a', 'simmer', 'add', 'salt', 'and', 'bay', 'leaves', 'stir', 'in', 'sugar', 'gradually', 'with', 'the', 'spices', 'temper', 'the', 'egg', 'beaters', 'and', 'cream', 'with', 'the', 'simmering', 'liquid', 'in', 'the', 'cooking', 'vessel', 'remove', 'the', 'bay', 'leaves', 'and', 'then', 'add', 'the', 'egg', 'beaters', 'and', 'the', 'cream', 'to', 'make', 'the', 'sauce', 'richer', 'and', 'more', 'creamy', 'reduce', 'to', '1/2', 'and', 'pour', 'over', 'whatever', 'you', 'want', 'to', 'serve', 'this', 'with']","['bring', 'water', 'dressing', 'musturd', 'simmer', 'add', 'salt', 'bay', 'leaves', 'stir', 'sugar', 'gradually', 'spices', 'temper', 'egg', 'beaters', 'cream', 'simmering', 'liquid', 'cooking', 'vessel', 'remove', 'bay', 'leaves', 'add', 'egg', 'beaters', 'cream', 'make', 'sauce', 'richer', 'creamy', 'reduce', 'pour', 'whatever', 'want', 'serve']",Italian
6234,"['lay', 'pizza', 'dough', 'on', 'a', 'lightly', 'floured', 'surface', 'so', 'it', 'can', 'rest', 'slice', 'italian', 'sausage', 'into', '1/2', 'inch', 'slices', 'fry', 'in', 'a', '10', ""''"", 'skillet', 'over', 'medium', 'heat', 'until', 'browned', 'about', '10', 'minutes', 'add', '1/2', 'cup', 'water', 'peppers', 'and', 'onions', 'bring', 'to', 'boil', 'and', 'cover', 'reduce', 'heat', 'to', 'low', 'and', 'cook', 'about', '5-10', 'minutes', 'more', 'or', 'until', 'veggies', 'are', 'tender', 'and', 'sausage', 'is', 'heated', 'through', 'drain', 'liquid', 'from', 'skillet', 'and', 'sprinkle', 'sausage', 'mixture', 'with', 'italian', 'seasoning', 'set', 'aside', 'if', 'you', 'have', 'leftover', 'sausage', 'onions', 'and', 'peppers', 'like', 'i', 'did', 'you', 'just', 'need', 'to', 'warm', 'it', 'up', 'preheat', 'oven', 'to', '375', 'degrees', 'and', 'spray', 'a', 'baking', 'sheet', 'with', 'cooking', 'spray', 'roll', 'pizza', 'dough', 'on', 'a', 'lightly', 'floured', 'counter', 'into', 'a', 'rectangle', 'approximately', '11', 'x', '17.', 'sprinkle', 'with', 'sausage', 'mixture', 'then', 'the', 'cheeses', 'start', 'at', 'the', 'bottom', 'of', 'the', 'long', 'side', 'and', 'roll', 'jellyroll', 'fashion', 'stopping', 'occasionally', 'to', 'stuff', 'sides', 'it', 'when', 'you', 'get', 'to', 'the', 'end', 'pinch', 'seam', 'together', 'trying', 'to', 'squeeze', 'air', 'out', 'as', 'you', 'go', 'place', 'seam', 'side', 'down', 'on', 'baking', 'sheet', 'bake', 'for', 'about', '25', 'minutes', 'at', '375', 'degrees', 'remove', 'from', 'oven', 'and', 'lay', 'a', 'clean', 'dish', 'towel', 'on', 'top', 'of', 'loaf', 'this', 'will', 'allow', 'the', 'crust', 'to', 'soften', 'up', 'and', 'it', 'will', 'be', 'easier', 'to', 'slice', 'and', 'eat', 'after', 'about', '10', 'minutes', 'or', 'so', 'slice', 'into', '1', 'inch', 'slices', 'serve', 'with', 'warmed', 'sauce', 'for', 'dipping', 'if', 'desired', 'enjoy']","['lay', 'pizza', 'dough', 'lightly', 'floured', 'surface', 'rest', 'slice', 'italian', 'sausage', 'slices', 'fry', ""''"", 'skillet', 'medium', 'heat', 'browned', 'add', 'water', 'peppers', 'onions', 'bring', 'boil', 'cover', 'reduce', 'heat', 'low', 'cook', 'veggies', 'tender', 'sausage', 'heated', 'drain', 'liquid', 'skillet', 'sprinkle', 'sausage', 'mixture', 'italian', 'seasoning', 'set', 'aside', 'leftover', 'sausage', 'onions', 'peppers', 'like', 'need', 'warm', 'preheat', 'oven', 'spray', 'baking', 'sheet', 'cooking', 'spray', 'roll', 'pizza', 'dough', 'lightly', 'floured', 'counter', 'rectangle', 'approximately', 'x', 'sprinkle', 'sausage', 'mixture', 'cheeses', 'start', 'bottom', 'long', 'side', 'roll', 'jellyroll', 'fashion', 'stopping', 'occasionally', 'stuff', 'sides', 'get', 'end', 'pinch', 'seam', 'together', 'trying', 'squeeze', 'air', 'go', 'place', 'seam', 'side', 'baking', 'sheet', 'bake', 'remove', 'oven', 'lay', 'clean', 'dish', 'towel', 'top', 'loaf', 'allow', 'crust', 'soften', 'easier', 'slice', 'eat', 'slice', 'slices', 'serve', 'warmed', 'sauce', 'dipping', 'desired', 'enjoy']",Italian
3765,"['place', 'the', 'saffron', 'threads', 'in', 'a', 'heatproof', 'container', 'pour', 'the', 'boiling', 'water', 'over', 'the', 'strands', 'and', 'let', 'infuse', 'until', 'lukewarm', 'while', 'the', 'saffron', 'is', 'infusing', 'place', 'the', 'flour', 'salt', 'yeast', 'and', 'olive', 'oil', 'in', 'a', 'food', 'processor', 'turn', 'machine', 'on', 'and', 'gradually', 'add', 'the', 'saffron', 'and', 'its', 'soaking', 'liquid', 'process', 'until', 'the', 'dough', 'forms', 'a', 'ball', 'turn', 'the', 'dough', 'out', 'onto', 'a', 'floured', 'board', 'and', 'knead', '10-15', 'minutes', 'place', 'in', 'a', 'bowl', 'cover', 'and', 'allow', 'to', 'rise', 'until', 'doubled', 'in', 'size', 'approximately', '30-40', 'minutes', 'punch', 'down', 'the', 'dough', 'and', 'roll', 'into', 'an', 'oval', 'shape', 'about', '1/2', ""''"", 'thick', 'the', 'shape', 'does', 'not', 'have', 'to', 'be', 'perfect', 'place', 'the', 'dough', 'on', 'a', 'greased', 'aluminum', 'baking', 'sheet', 'and', 'allow', 'to', 'rise', 'for', '30', 'minutes', 'preheat', 'oven', 'to', '400', 'degrees', 'using', 'your', 'fingertips', 'press', 'indentations', 'over', 'the', 'surface', 'of', 'the', 'bread', 'brush', 'lightly', 'with', 'olive', 'oil', 'cover', 'with', 'the', 'topping', 'ingredients', 'and', 'lightly', 'drizzle', 'a', 'small', 'amount', 'olive', 'oil', 'on', 'top', 'bake', '25', 'minutes', 'or', 'until', 'the', 'loaf', 'sounds', 'hollow', 'when', 'tapped', 'on', 'the', 'base', 'let', 'cool', 'on', 'a', 'wire', 'rack']","['place', 'saffron', 'threads', 'heatproof', 'container', 'pour', 'boiling', 'water', 'strands', 'let', 'infuse', 'lukewarm', 'saffron', 'infusing', 'place', 'flour', 'salt', 'yeast', 'olive', 'oil', 'food', 'processor', 'turn', 'machine', 'gradually', 'add', 'saffron', 'soaking', 'liquid', 'process', 'dough', 'forms', 'ball', 'turn', 'dough', 'onto', 'floured', 'board', 'knead', 'place', 'bowl', 'cover', 'allow', 'rise', 'doubled', 'size', 'approximately', 'punch', 'dough', 'roll', 'oval', 'shape', ""''"", 'thick', 'shape', 'perfect', 'place', 'dough', 'greased', 'aluminum', 'baking', 'sheet', 'allow', 'rise', 'preheat', 'oven', 'using', 'fingertips', 'press', 'indentations', 'surface', 'bread', 'brush', 'lightly', 'olive', 'oil', 'cover', 'topping', 'ingredients', 'lightly', 'drizzle', 'small', 'amount', 'olive', 'oil', 'top', 'bake', 'loaf', 'sounds', 'hollow', 'tapped', 'base', 'let', 'cool', 'wire', 'rack']",Italian
3379,"['cook', 'the', 'cubed', 'chicken', 'in', 'the', 'oil', 'and', 'garlic', 'until', 'no', 'longer', 'pink', 'add', 'chicken', 'broth', 'and', 'wine', 'add', 'the', 'following', 'ingredients', 'in', 'the', 'order', 'listed', 'red', 'onion', 'yellow', 'bell', 'pepper', 'strips', 'artichoke', 'hearts', 'include', 'the', 'marinade', 'and', 'capers', 'cook', 'until', 'tender', 'add', 'grape', 'tomatoes', 'black', 'olives', 'and', 'spinach', 'stir', 'gently', 'cooking', 'until', 'the', 'spinach', 'wilts', 'if', 'more', 'liquid', 'is', 'necessary', 'add', 'more', 'broth', 'or', 'wine', 'or', 'both', 'serve', 'over', 'cooked', 'angel', 'hair', 'pasta', 'sprinkle', 'with', 'parmesan', 'or', 'romano', 'cheese', 'optional']","['cook', 'cubed', 'chicken', 'oil', 'garlic', 'longer', 'pink', 'add', 'chicken', 'broth', 'wine', 'add', 'following', 'ingredients', 'order', 'listed', 'red', 'onion', 'yellow', 'bell', 'pepper', 'strips', 'artichoke', 'hearts', 'include', 'marinade', 'capers', 'cook', 'tender', 'add', 'grape', 'tomatoes', 'black', 'olives', 'spinach', 'stir', 'gently', 'cooking', 'spinach', 'wilts', 'liquid', 'necessary', 'add', 'broth', 'wine', 'serve', 'cooked', 'angel', 'hair', 'pasta', 'sprinkle', 'parmesan', 'romano', 'cheese', 'optional']",Italian
3750,"['rinse', 'chicken', 'breasts', 'under', 'cold', 'running', 'water', 'pat', 'dry', 'and', 'set', 'aside', 'combine', 'lemon', 'pepper', 'thyme', 'oregano', 'and', 'sage', 'blend', 'well', 'rub', 'spice', 'mixture', 'on', 'chicken', 'breasts', 'until', 'each', 'is', 'well', 'coated', 'set', 'chicken', 'aside', 'boil', '8-10', 'cups', 'of', 'water', 'in', 'pot', 'add', 'pasta', 'once', 'water', 'returns', 'to', 'boil', 'let', 'pasta', 'boil', 'until', 'cooked', 'al', 'dente', '6-8', 'minutes', 'drain', 'pasta', 'do', 'not', 'rinse', 'reduce', 'heat', 'to', 'medium', 'low', 'return', 'pasta', 'to', 'pot', 'add', 'alfredo', 'sauce', 'and', 'heat', 'until', 'well', 'warmed', 'while', 'water', 'is', 'heating', 'to', 'boil', 'pre-heat', 'over', 'to', '350', 'f', 'mix', 'olive', 'oil', 'garlic', 'and', 'chives', 'brush', 'bageuette', 'slices', 'with', 'mixture', 'and', 'place', 'on', 'a', 'cooking', 'sheet', 'toast', 'in', 'over', 'until', 'golden', 'brown', 'grill', 'chicken', 'over', 'medium', 'heat', 'until', 'fully', 'cooked', '12-14', 'minutes', 'turning', 'several', 'times', 'to', 'prevent', 'charring', 'arrange', 'on', 'plate', 'and', 'serve', 'with', 'salad', 'of', 'choice', 'use', '2-3', 'toasted', 'garlic', 'baguettes', 'per', 'plate']","['rinse', 'chicken', 'breasts', 'cold', 'running', 'water', 'pat', 'dry', 'set', 'aside', 'combine', 'lemon', 'pepper', 'thyme', 'oregano', 'sage', 'blend', 'well', 'rub', 'spice', 'mixture', 'chicken', 'breasts', 'well', 'coated', 'set', 'chicken', 'aside', 'boil', 'water', 'pot', 'add', 'pasta', 'water', 'returns', 'boil', 'let', 'pasta', 'boil', 'cooked', 'al', 'dente', 'drain', 'pasta', 'rinse', 'reduce', 'heat', 'medium', 'low', 'return', 'pasta', 'pot', 'add', 'alfredo', 'sauce', 'heat', 'well', 'warmed', 'water', 'heating', 'boil', 'pre', 'heat', 'f', 'mix', 'olive', 'oil', 'garlic', 'chives', 'brush', 'bageuette', 'slices', 'mixture', 'place', 'cooking', 'sheet', 'toast', 'golden', 'brown', 'grill', 'chicken', 'medium', 'heat', 'fully', 'cooked', 'turning', 'several', 'times', 'prevent', 'charring', 'arrange', 'plate', 'serve', 'salad', 'choice', 'use', 'toasted', 'garlic', 'baguettes', 'per', 'plate']",Italian
11919,"['put', 'the', 'oil', 'in', 'a', 'large', 'nonstick', 'frying', 'pan', 'and', 'set', 'over', 'high', 'heat', 'when', 'hot', 'put', 'in', 'the', 'mushrooms', 'stir', 'and', 'fry', 'until', 'the', 'mushrooms', 'appear', 'silken', 'add', 'the', 'scallions', 'green', 'chile', 'and', 'tomato', 'turn', 'the', 'heat', 'to', 'medium', 'and', 'stir', 'until', 'the', 'tomato', 'softens', 'add', 'the', 'cilantro', 'eggs', 'and', 'salt', 'and', 'pepper', 'to', 'taste', 'stir', 'the', 'eggs', 'gently', 'until', 'they', 'form', 'thick', 'soft', 'curds', 'or', 'are', 'done', 'to', 'your', 'taste', 'remove', 'from', 'the', 'heat', 'and', 'serve', 'immediately']","['put', 'oil', 'large', 'nonstick', 'frying', 'pan', 'set', 'high', 'heat', 'hot', 'put', 'mushrooms', 'stir', 'fry', 'mushrooms', 'appear', 'silken', 'add', 'scallions', 'green', 'chile', 'tomato', 'turn', 'heat', 'medium', 'stir', 'tomato', 'softens', 'add', 'cilantro', 'eggs', 'salt', 'pepper', 'taste', 'stir', 'eggs', 'gently', 'form', 'thick', 'soft', 'curds', 'done', 'taste', 'remove', 'heat', 'serve', 'immediately']",Indian
4883,"['wash', 'the', 'asparagus', 'and', 'cut', 'the', 'hard', 'stem', 'slice', 'cut', 'the', 'asparagus', 'but', 'save', 'six', 'ends', 'blend', 'the', 'asparagus', 'slices', 'to', 'get', 'a', 'green', 'cream', 'prepare', 'a', 'béchamel', 'sauce', 'put', 'in', 'a', 'pan', 'the', 'milk', 'pre-heat', 'butter', 'and', 'a', 'tablespoon', 'of', 'white', 'flour', 'and', 'cook', 'at', 'low', 'flame', 'until', 'you', 'get', 'a', 'light', 'condensed', 'white', 'cream', 'add', 'to', 'the', 'béchamel', 'sauce', 'the', 'asparagus', 'blend', 'we', 'obtained', 'before', 'and', 'add', 'the', 'egg', 'yolk', 'salt', 'and', 'pepper', 'buttering', 'and', 'flouring', 'the', 'pudding', 'molds', 'better', 'aluminum', 'made', 'then', 'add', 'the', 'asparagus', 'cream', 'cover', 'the', 'pudding', 'molds', 'with', 'aluminum', 'foil', 'take', 'a', 'ceramic', 'casserole', 'and', 'fill', 'with', 'water', 'and', 'dunk', 'the', 'pudding', 'molds', 'inside', 'the', 'water', 'level', 'need', 'to', 'be', 'at', 'half', 'of', 'the', 'pudding', 'molds', 'baking', 'at', '180°c', 'oven', 'pre-heated', 'for', '30', 'minutes', 'then', 'remove', 'the', 'aluminum', 'foil', 'and', 'bake', 'for', 'another', '10-15', 'minutes', 'to', 'roast', 'the', 'surface', 'of', 'each', 'flan', 'take', 'out', 'the', 'molds', 'and', 'when', 'they', ""'re"", 'cooled', 'remove', 'the', 'mold', 'and', 'decorate', 'with', 'the', 'asparagus', 'ends']","['wash', 'asparagus', 'cut', 'hard', 'stem', 'slice', 'cut', 'asparagus', 'save', 'six', 'ends', 'blend', 'asparagus', 'slices', 'get', 'green', 'cream', 'prepare', 'béchamel', 'sauce', 'put', 'pan', 'milk', 'pre', 'heat', 'butter', 'white', 'flour', 'cook', 'low', 'flame', 'get', 'light', 'condensed', 'white', 'cream', 'add', 'béchamel', 'sauce', 'asparagus', 'blend', 'obtained', 'add', 'egg', 'yolk', 'salt', 'pepper', 'buttering', 'flouring', 'pudding', 'molds', 'better', 'aluminum', 'made', 'add', 'asparagus', 'cream', 'cover', 'pudding', 'molds', 'aluminum', 'foil', 'take', 'ceramic', 'casserole', 'fill', 'water', 'dunk', 'pudding', 'molds', 'inside', 'water', 'level', 'need', 'half', 'pudding', 'molds', 'baking', '180°c', 'oven', 'pre', 'heated', 'remove', 'aluminum', 'foil', 'bake', 'another', 'roast', 'surface', 'flan', 'take', 'molds', 'cooled', 'remove', 'mold', 'decorate', 'asparagus', 'ends']",Italian
8664,"['cut', 'the', 'beef', 'into', 'bite', 'size', 'pieces', 'chop', 'the', 'onion', 'and', 'green', 'chillies', 'grind', 'the', 'coconut', 'make', 'a', 'paste', 'of', 'lemon', 'juice', 'chilli', 'powder', 'and', 'garam', 'masala', 'coat', 'the', 'beef', 'with', 'this', 'masala', 'and', 'keep', 'it', 'aside', 'the', 'lemon', 'juice', 'in', 'this', 'mix', 'will', 'make', 'the', 'meat', 'softer.', 'heat', 'oil', 'in', 'the', 'pan', 'add', 'chopped', 'onion', 'sliced', 'chilli', 'when', 'the', 'onion', 'turns', 'golden', 'brown', 'add', 'the', 'remaining', '1', 'tsp', 'ginger', 'garlic', 'paste', 'chilli', 'powder', 'and', 'coriander', 'leaves', 'cook', 'for', 'another', '2', 'minutes', 'now', 'add', 'the', 'masala', 'coated', 'beef', 'to', 'it', 'and', 'stir', 'fry', 'till', 'the', 'meat', 'turns', 'brown', 'reduce', 'the', 'flame', 'cover', 'the', 'pan', 'the', 'meat', 'will', 'get', 'cooked', 'in', 'the', 'water', 'it', 'releases', 'when', 'the', 'meat', 'gets', 'cooked', '3/4th', 'percent', 'check', 'for', 'salt', 'add', 'the', 'ground', 'coconut/coconut', 'cream', 'cook', 'till', 'the', 'liquid', 'evaporates', 'and', 'the', 'meat', 'becomes', 'soft', 'add', 'the', 'dried', 'coconut', 'pieces', 'garnish', 'it', 'with', 'mint', 'or', 'few', 'sprigs', 'of', 'coriander', 'leaves']","['cut', 'beef', 'bite', 'size', 'pieces', 'chop', 'onion', 'green', 'chillies', 'grind', 'coconut', 'make', 'paste', 'lemon', 'juice', 'chilli', 'powder', 'garam', 'masala', 'coat', 'beef', 'masala', 'keep', 'aside', 'lemon', 'juice', 'mix', 'make', 'meat', 'softer.', 'heat', 'oil', 'pan', 'add', 'chopped', 'onion', 'sliced', 'chilli', 'onion', 'turns', 'golden', 'brown', 'add', 'remaining', 'ginger', 'garlic', 'paste', 'chilli', 'powder', 'coriander', 'leaves', 'cook', 'another', 'add', 'masala', 'coated', 'beef', 'stir', 'fry', 'till', 'meat', 'turns', 'brown', 'reduce', 'flame', 'cover', 'pan', 'meat', 'get', 'cooked', 'water', 'releases', 'meat', 'gets', 'cooked', '3/4th', 'percent', 'check', 'salt', 'add', 'ground', 'coconut/coconut', 'cream', 'cook', 'till', 'liquid', 'evaporates', 'meat', 'becomes', 'soft', 'add', 'dried', 'coconut', 'pieces', 'garnish', 'mint', 'sprigs', 'coriander', 'leaves']",Indian
11771,"['combine', 'all', 'the', 'ingredients', 'except', 'for', 'the', 'oil', 'heat', '1', 'tbs', 'oil', 'in', 'a', 'pan', 'or', 'skillet', 'with', 'the', 'biggest', 'flat', 'frying', 'surface', 'you', 'have', 'drop', '1/4', 'cup', 'balls', 'of', 'the', 'mixture', 'into', 'the', 'oil', 'and', 'flatten', 'each', 'one', 'use', 'smaller', 'sizes', 'for', 'cute', '``', 'mini-latkes', ""''"", 'fry', 'on', 'each', 'side', 'for', 'about', '5', 'minutes', 'until', 'cooked', 'add', 'more', 'oil', 'as', 'needed']","['combine', 'ingredients', 'except', 'oil', 'heat', 'tbs', 'oil', 'pan', 'skillet', 'biggest', 'flat', 'frying', 'surface', 'drop', 'balls', 'mixture', 'oil', 'flatten', 'one', 'use', 'smaller', 'sizes', 'cute', '``', 'mini', 'latkes', ""''"", 'fry', 'side', 'cooked', 'add', 'oil', 'needed']",Indian
338,"['lightly', 'grease', 'a', '9', ""''"", 'x', '13', ""''"", 'pan', 'and', 'drizzle', '1', 'to', '2', 'tablespoons', 'olive', 'oil', 'in', 'the', 'bottom', 'combine', 'all', 'of', 'the', 'ingredients', 'and', 'beat', 'at', 'high', 'speed', 'with', 'an', 'electric', 'mixer', 'for', '60', 'seconds', 'scoop', 'the', 'sticky', 'batter', 'into', 'the', 'prepared', 'pan', 'cover', 'the', 'pan', 'and', 'let', 'it', 'rise', 'at', 'room', 'temperature', 'for', '60', 'minutes', 'till', 'it', ""'s"", 'become', 'puffy', 'while', 'the', 'dough', 'is', 'rising', 'preheat', 'the', 'oven', 'to', '375°f', 'gently', 'poke', 'the', 'dough', 'all', 'over', 'with', 'your', 'index', 'finger', 'drizzle', 'it', 'lightly', 'with', 'olive', 'oil', 'and', 'sprinkle', 'with', 'italian', 'seasoning', 'and/or', 'the', 'dried', 'herbs', 'of', 'your', 'choice', 'if', 'desired', 'bake', 'the', 'bread', 'till', 'it', ""'s"", 'golden', 'brown', '35', 'to', '40', 'minutes', 'remove', 'it', 'from', 'the', 'oven', 'wait', '5', 'minutes', 'then', 'turn', 'it', 'out', 'of', 'the', 'pan', 'onto', 'a', 'rack', 'serve', 'warm', 'or', 'at', 'room', 'temperature']","['lightly', 'grease', ""''"", 'x', ""''"", 'pan', 'drizzle', 'olive', 'oil', 'bottom', 'combine', 'ingredients', 'beat', 'high', 'speed', 'electric', 'mixer', 'seconds', 'scoop', 'sticky', 'batter', 'prepared', 'pan', 'cover', 'pan', 'let', 'rise', 'room', 'temperature', 'till', 'become', 'puffy', 'dough', 'rising', 'preheat', 'oven', '375°f', 'gently', 'poke', 'dough', 'index', 'finger', 'drizzle', 'lightly', 'olive', 'oil', 'sprinkle', 'italian', 'seasoning', 'and/or', 'dried', 'herbs', 'choice', 'desired', 'bake', 'bread', 'till', 'golden', 'brown', 'remove', 'oven', 'wait', 'turn', 'pan', 'onto', 'rack', 'serve', 'warm', 'room', 'temperature']",Italian
10524,"['preheat', 'oven', 'to', '300f', 'place', 'cardamom', 'pods', 'in', 'a', 'spice', 'grinder', 'or', 'coffee', 'mill', 'and', 'pulse', 'lightly', 'sift', 'out', 'husks', 'removing', 'any', 'stray', 'seeds', 'inside', 'discard', 'husks', 'place', 'cardamom', 'seeds', 'cinnamon', 'cloves', 'peppercorns', 'cumin', 'seeds', 'and', 'coriander', 'seeds', 'on', 'a', 'baking', 'sheet', 'roast', 'the', 'spices', 'in', 'the', 'oven', 'for', '12-15', 'minutes', 'stirring', 'once', 'or', 'twice', 'until', 'spices', 'become', 'fragrant', 'and', 'slightly', 'darker', 'but', 'not', 'burnt', 'cool', 'spices', 'and', 'grind', 'in', 'a', 'spice', 'grinder', 'or', 'spice', 'mill', 'to', 'a', 'fine', 'powder', 'add', 'the', 'nutmeg', 'and', 'stir', 'well', 'store', 'mixture', 'in', 'an', 'airtight', 'container', 'until', 'needed', 'no', 'more', 'than', 'three', 'months']","['preheat', 'oven', '300f', 'place', 'cardamom', 'pods', 'spice', 'grinder', 'coffee', 'mill', 'pulse', 'lightly', 'sift', 'husks', 'removing', 'stray', 'seeds', 'inside', 'discard', 'husks', 'place', 'cardamom', 'seeds', 'cinnamon', 'cloves', 'peppercorns', 'cumin', 'seeds', 'coriander', 'seeds', 'baking', 'sheet', 'roast', 'spices', 'oven', 'stirring', 'twice', 'spices', 'become', 'fragrant', 'slightly', 'darker', 'burnt', 'cool', 'spices', 'grind', 'spice', 'grinder', 'spice', 'mill', 'fine', 'powder', 'add', 'nutmeg', 'stir', 'well', 'store', 'mixture', 'airtight', 'container', 'needed', 'three', 'months']",Indian
7589,"['soak', 'the', 'chickpeas', 'overnight', 'in', 'water', 'the', 'next', 'day', 'drain', 'out', 'the', 'water', 'put', 'the', 'chickpeas', 'in', 'a', 'large', 'and', 'wide', 'pot', 'add', 'fresh', 'water', 'and', 'boil', 'the', 'chickpeas', 'in', 'it', 'on', 'high', 'heat', 'heat', 'oil', 'in', 'a', 'pot', 'add', 'cumin', 'seeds', 'and', 'allow', 'to', 'splutter', 'once', 'they', 'stop', 'spluttering', 'add', 'the', 'potato', 'cubes', 'stir-fry', 'on', 'high', 'heat', 'for', '5', 'minutes', 'add', 'fenugreek', 'powder', 'asafoetida', 'powder', 'corriander', 'powder', 'turmeric', 'and', 'red', 'chilli', 'powders', 'and', 'salt', 'to', 'taste', 'mix', 'thoroughly', 'stir', 'in', '1', 'cup', 'of', 'thick', 'yogurt', 'i', 'use', 'plain', 'fat-free', 'cook', 'stirring', 'every', '2', 'minutes', 'for', '10', 'minutes', 'add', 'the', 'boiled', 'and', 'drained', 'chickpeas', 'stir', 'in', '2', '1/2', 'cups', 'of', 'water', 'bring', 'to', 'a', 'boil', 'lower', 'flame', 'cover', 'and', 'cook', 'for', '5', 'minutes', 'on', 'low', 'heat', 'remove', 'from', 'flame', 'garnish', 'with', 'garam', 'masala', 'powder', 'and', 'corriander', 'leaves', 'serve', 'hot', 'over', 'long-grain', 'basmati', 'white', 'rice', 'enjoy']","['soak', 'chickpeas', 'overnight', 'water', 'next', 'day', 'drain', 'water', 'put', 'chickpeas', 'large', 'wide', 'pot', 'add', 'fresh', 'water', 'boil', 'chickpeas', 'high', 'heat', 'heat', 'oil', 'pot', 'add', 'cumin', 'seeds', 'allow', 'splutter', 'stop', 'spluttering', 'add', 'potato', 'cubes', 'stir', 'fry', 'high', 'heat', 'add', 'fenugreek', 'powder', 'asafoetida', 'powder', 'corriander', 'powder', 'turmeric', 'red', 'chilli', 'powders', 'salt', 'taste', 'mix', 'thoroughly', 'stir', 'thick', 'yogurt', 'use', 'plain', 'fat', 'free', 'cook', 'stirring', 'every', 'add', 'boiled', 'drained', 'chickpeas', 'stir', 'water', 'bring', 'boil', 'lower', 'flame', 'cover', 'cook', 'low', 'heat', 'remove', 'flame', 'garnish', 'garam', 'masala', 'powder', 'corriander', 'leaves', 'serve', 'hot', 'long', 'grain', 'basmati', 'white', 'rice', 'enjoy']",Indian
7574,"['heat', 'milk', 'and', 'cream', 'add', 'in', 'the', 'sugar', 'and', 'gelatin', 'allow', 'to', 'melt', 'add', 'rosewater', 'and', 'stir', 'allow', 'to', 'cool', 'and', 'pt', 'into', 'moulds', 'and', 'refrigerate', 'melt', 'jam', 'on', 'a', 'double', 'boiler', 'add', 'berries', 'and', 'sugar', 'and', 'allow', 'to', 'cool', 'as', 'berries', 'have', 'been', 'frozen', 'they', 'will', 'break', 'down', 'and', 'make', 'a', 'beautiful', 'sauce', 'berries', 'do', ""n't"", 'need', 'to', 'cook', 'brush', 'every', 'rose', 'petal', 'with', 'the', 'egg', 'white', 'and', 'sprinkle', 'sugar', 'allow', 'to', 'sit', 'in', 'a', 'dry', 'place', 'and', 'will', 'become', 'stiff', 'do', 'not', 'over', 'beat', 'the', 'egg', 'whites', 'as', 'they', 'will', 'become', 'watery', 'on', 'a', 'plate', 'put', 'the', 'pannacota', 'in', 'the', 'center', 'and', 'then', 'spoon', 'out', 'berry', 'compote', 'all', 'over', 'the', 'plate', 'gently', 'place', 'the', 'frosted', 'petals', 'over', 'the', 'panacotta', 'just', 'before', 'service', 'you', 'can', 'add', 'a', 'contemporary', 'look', 'by', 'serving', 'it', 'in', 'a', 'champagne', 'saucer', 'and', 'using', 'frosted', 'leaves', 'of', 'roses', 'sticking', 'out', 'on', 'the', 'side']","['heat', 'milk', 'cream', 'add', 'sugar', 'gelatin', 'allow', 'melt', 'add', 'rosewater', 'stir', 'allow', 'cool', 'pt', 'moulds', 'refrigerate', 'melt', 'jam', 'double', 'boiler', 'add', 'berries', 'sugar', 'allow', 'cool', 'berries', 'frozen', 'break', 'make', 'beautiful', 'sauce', 'berries', 'need', 'cook', 'brush', 'every', 'rose', 'petal', 'egg', 'white', 'sprinkle', 'sugar', 'allow', 'sit', 'dry', 'place', 'become', 'stiff', 'beat', 'egg', 'whites', 'become', 'watery', 'plate', 'put', 'pannacota', 'center', 'spoon', 'berry', 'compote', 'plate', 'gently', 'place', 'frosted', 'petals', 'panacotta', 'service', 'add', 'contemporary', 'look', 'serving', 'champagne', 'saucer', 'using', 'frosted', 'leaves', 'roses', 'sticking', 'side']",Indian
11502,"['mix', 'mashed', 'potatoes', 'with', 'chilies', 'coriander', 'cumin', 'and', 'mango', 'powder', 'add', 'salt', 'to', 'taste', 'shape', 'mixture', 'into', 'little', 'cakes', 'fry', 'each', 'side', 'until', 'golden', 'brown']","['mix', 'mashed', 'potatoes', 'chilies', 'coriander', 'cumin', 'mango', 'powder', 'add', 'salt', 'taste', 'shape', 'mixture', 'little', 'cakes', 'fry', 'side', 'golden', 'brown']",Indian
1956,"['preheat', 'oven', 'to', '350.', 'boil', 'ziti', 'just', 'shy', 'of', 'al', 'dente', 'place', 'a', 'medium', 'sauce', 'pan', 'on', 'medium-high', 'head', 'and', 'add', 'evoo', 'cook', 'onion', 'and', 'garlic', '4-5', 'minutes', 'then', 'add', 'the', 'tomatoes', 'smash', 'the', 'tomatoes', 'with', 'the', 'back', 'of', 'a', 'large', 'spoon', 'then', 'add', 'basil', 'salt', 'and', 'pepper', 'and', 'simmer', '15', 'minutes', 'heat', 'a', 'separate', 'medium', 'sauce', 'pan', 'on', 'medium-high', 'heat', 'then', 'add', 'butter', 'and', 'alllow', 'to', 'melt', 'add', 'flour', 'and', 'brown', '2-4', 'minutes', 'then', 'stir', 'in', 'bay', 'leaf', 'salt', 'and', 'pepper', 'and', 'cook', '5', 'minutes', 'on', 'low', 'heat', 'remove', 'bay', 'leaf', 'mix', 'red', 'sauce', 'with', 'pasta', 'and', 'transfer', 'to', 'a', 'casserole', 'dish', 'top', 'with', 'white', 'sauce', 'and', 'both', 'cheeses', 'bake', '25-30', 'minutes', 'at', '350', 'degrees']","['preheat', 'oven', 'boil', 'ziti', 'shy', 'al', 'dente', 'place', 'medium', 'sauce', 'pan', 'medium', 'high', 'head', 'add', 'evoo', 'cook', 'onion', 'garlic', 'add', 'tomatoes', 'smash', 'tomatoes', 'back', 'large', 'spoon', 'add', 'basil', 'salt', 'pepper', 'simmer', 'heat', 'separate', 'medium', 'sauce', 'pan', 'medium', 'high', 'heat', 'add', 'butter', 'alllow', 'melt', 'add', 'flour', 'brown', 'stir', 'bay', 'leaf', 'salt', 'pepper', 'cook', 'low', 'heat', 'remove', 'bay', 'leaf', 'mix', 'red', 'sauce', 'pasta', 'transfer', 'casserole', 'dish', 'top', 'white', 'sauce', 'cheeses', 'bake']",Italian
2535,"['cook', 'pasta', 'according', 'to', 'package', 'directions', 'drain', 'and', 'keep', 'warm', 'meanwhile', 'in', 'a', 'stir-fry', 'pan', 'or', 'large', 'skillet', 'heat', 'olive', 'oil', 'crumble', 'and', 'cook', 'italian', 'sausage', 'until', 'almost', 'done', 'add', 'garlic', 'zucchini', 'and', 'onion', 'stir-fry', '2-3', 'minutes', 'add', 'tomatoes', 'parsley', 'basil', 'and', 'the', 'rest', 'of', 'the', 'seasonings', 'stir-fry', 'an', 'additional', '1-2', 'minutes', 'remove', 'from', 'heat', 'and', 'stir', 'in', 'pasta', 'you', 'could', 'also', 'plate', 'the', 'pasta', 'and', 'just', 'serve', 'the', 'stir-fry', 'over', 'the', 'top', 'if', 'desired', 'top', 'with', 'parmesan', 'cheese', 'and', 'serve', 'immediately']","['cook', 'pasta', 'according', 'package', 'directions', 'drain', 'keep', 'warm', 'meanwhile', 'stir', 'fry', 'pan', 'large', 'skillet', 'heat', 'olive', 'oil', 'crumble', 'cook', 'italian', 'sausage', 'almost', 'done', 'add', 'garlic', 'zucchini', 'onion', 'stir', 'fry', 'add', 'tomatoes', 'parsley', 'basil', 'rest', 'seasonings', 'stir', 'fry', 'additional', 'remove', 'heat', 'stir', 'pasta', 'could', 'also', 'plate', 'pasta', 'serve', 'stir', 'fry', 'top', 'desired', 'top', 'parmesan', 'cheese', 'serve', 'immediately']",Italian
9909,"['toast', 'all', 'the', 'seeds', 'in', 'a', 'dry', 'skillet', 'stirring', 'well', 'until', 'they', 'begin', 'popping', 'lower', 'the', 'heat', 'and', 'cook', 'for', 'an', 'additional', '5', 'minutes', 'taking', 'care', 'not', 'to', 'burn', 'the', 'seeds', 'cool', 'the', 'seeds', 'and', 'grind', 'them', 'all', 'together', 'finely', 'in', 'a', 'spice', 'mill', 'or', 'with', 'a', 'mortar', 'and', 'pestle', 'add', 'the', 'turmeric', 'and', 'mix', 'well', 'if', 'you', 'wish', 'to', 'make', 'a', 'curry', 'powder', 'add', 'the', 'habanero', 'powder', 'for', 'a', 'hotter', 'masala', 'store', 'in', 'a', 'tightly', 'closed', 'container', 'in', 'your', 'spice', 'cabinet']","['toast', 'seeds', 'dry', 'skillet', 'stirring', 'well', 'begin', 'popping', 'lower', 'heat', 'cook', 'additional', 'taking', 'care', 'burn', 'seeds', 'cool', 'seeds', 'grind', 'together', 'finely', 'spice', 'mill', 'mortar', 'pestle', 'add', 'turmeric', 'mix', 'well', 'wish', 'make', 'curry', 'powder', 'add', 'habanero', 'powder', 'hotter', 'masala', 'store', 'tightly', 'closed', 'container', 'spice', 'cabinet']",Indian
11616,"['mix', 'the', 'garlic', 'chili', 'ginger', 'and', 'lemon', 'or', 'lime', 'juice', 'into', 'a', 'paste', 'then', 'mix', 'in', 'the', 'turmeric', 'powder', 'coat', 'fish', 'fillets', 'with', 'paste', 'and', 'let', 'sit', 'for', '30', 'minutes', 'in', 'a', 'heavy-bottomed', 'frying', 'pan', 'heat', 'the', 'oil', 'sieve', 'the', 'flour', 'lightly', 'over', 'the', 'fillets', 'and', 'fry', 'on', 'both', 'sides', 'until', 'golden', '2', '3', 'minutes', 'place', 'on', 'a', 'serving', 'dish', 'and', 'cover', 'with', 'foil', 'to', 'keep', 'warm', 'reserve', 'cooking', 'oil', 'if', 'needed', 'add', 'one', 'tablespoon', 'oil', 'to', 'the', 'reserved', 'oil', 'and', 'heat', 'add', 'ginger', 'garlic', 'cumin', 'and', 'pomegranate', 'seeds', 'stir-fry', '1', 'minute', 'then', 'add', 'the', 'tomatoes', 'basil', 'coriander', 'leaves', 'and', 'salt', 'simmer', 'gently', 'for', '2', 'minutes', 'and', 'pour', 'over', 'the', 'fillets']","['mix', 'garlic', 'chili', 'ginger', 'lemon', 'lime', 'juice', 'paste', 'mix', 'turmeric', 'powder', 'coat', 'fish', 'fillets', 'paste', 'let', 'sit', 'heavy', 'bottomed', 'frying', 'pan', 'heat', 'oil', 'sieve', 'flour', 'lightly', 'fillets', 'fry', 'sides', 'golden', 'place', 'serving', 'dish', 'cover', 'foil', 'keep', 'warm', 'reserve', 'cooking', 'oil', 'needed', 'add', 'one', 'oil', 'reserved', 'oil', 'heat', 'add', 'ginger', 'garlic', 'cumin', 'pomegranate', 'seeds', 'stir', 'fry', 'add', 'tomatoes', 'basil', 'coriander', 'leaves', 'salt', 'simmer', 'gently', 'pour', 'fillets']",Indian
5016,"['beat', 'all', 'ingredients', 'together', 'until', 'smooth', 'pour', 'about', '1/4', 'cup', 'in', 'small', 'frying', 'pan', 'do', 'not', 'add', 'oil', 'butter', 'or', 'pam', 'to', 'the', 'frying', 'pan', 'and', 'tip', 'pan', 'until', 'mixture', 'is', 'evenly', 'spread', 'or', 'use', 'back', 'of', 'spoon', 'and', 'spread', 'crepe', 'should', 'be', 'as', 'thin', 'as', 'possible', 'when', 'edges', 'get', 'dry', 'and', 'turn', 'upward', 'flip', 'crepe', 'over', 'and', 'fry', 'other', 'side', 'until', 'lightly', 'browned', '1', 'minute', 'fill', 'each', 'crepe', 'with', 'your', 'favorite', 'manicotti', 'filling']","['beat', 'ingredients', 'together', 'smooth', 'pour', 'small', 'frying', 'pan', 'add', 'oil', 'butter', 'pam', 'frying', 'pan', 'tip', 'pan', 'mixture', 'evenly', 'spread', 'use', 'back', 'spoon', 'spread', 'crepe', 'thin', 'possible', 'edges', 'get', 'dry', 'turn', 'upward', 'flip', 'crepe', 'fry', 'side', 'lightly', 'browned', 'fill', 'crepe', 'favorite', 'manicotti', 'filling']",Italian
1074,"['rinse', 'the', 'broccoli', 'and', 'trim', 'off', 'the', 'very', 'bottom', 'of', 'the', 'thick', 'stem', 'you', 'can', 'either', 'steam', 'the', 'entire', 'head', 'whole', 'or', 'cut', 'it', 'up', 'into', 'florets', 'steam', 'the', 'broccoli', 'but', 'do', ""n't"", 'over', 'cook', 'it', 'lay', 'out', 'on', 'a', 'platter', 'drizzle', 'with', 'lots', 'of', 'fresh', 'lemon', 'juice', 'drizzle', 'with', 'extra', 'virgin', 'olive', 'oil', 'to', 'taste', 'optional', 'add', 'fresh', 'minced', 'garlic', 'to', 'taste', 'add', 'salt', 'and', 'pepper', 'to', 'taste', 'this', 'can', 'be', 'served', 'either', 'hot', 'or', 'room', 'temperature']","['rinse', 'broccoli', 'trim', 'bottom', 'thick', 'stem', 'either', 'steam', 'entire', 'head', 'whole', 'cut', 'florets', 'steam', 'broccoli', 'cook', 'lay', 'platter', 'drizzle', 'lots', 'fresh', 'lemon', 'juice', 'drizzle', 'extra', 'virgin', 'olive', 'oil', 'taste', 'optional', 'add', 'fresh', 'minced', 'garlic', 'taste', 'add', 'salt', 'pepper', 'taste', 'served', 'either', 'hot', 'room', 'temperature']",Italian
2201,"['combine', 'flour', 'semolina', 'flour', 'and', 'salt', 'in', 'a', 'bowl', 'in', 'food', 'processor', 'lightly', 'beat', '4', 'eggs', 'then', 'add', '2/3', 'of', 'the', 'flour', 'mixture', 'to', 'the', 'eggs', 'and', 'process', 'check', 'dough', 'and', 'add', 'enough', 'to', 'make', 'a', 'ball', 'that', 'hangs', 'together', 'but', 'not', 'too', 'sticky', 'depending', 'upon', 'the', 'weather', 'you', 'may', 'need', 'a', 'bit', 'more', 'flour', 'than', 'listed', 'above.', 'place', 'dough', 'on', 'floured', 'board', 'and', 'cover', 'with', 'an', 'inverted', 'bowl', 'and', 'let', 'rest', '20', 'minutes', 'place', 'meat', 'in', 'the', 'food', 'processor', 'and', 'grind', 'to', 'a', 'coarse', 'chop', 'add', '1', 'egg', 'lemon', 'rind', 'cheese', 'herbs', 'and', 'spices', 'process', 'again', 'until', 'it', 'is', 'a', 'dry', 'ground', 'up', 'crumbly', 'fine', 'filling', 'heat', 'chicken', 'broth', 'to', 'boiling', 'take', 'dough', 'and', 'divide', 'into', 'quarters', 'roll', 'on', 'floured', 'surface', 'to', 'the', 'thickness', 'of', 'a', 'dime', 'dough', 'should', 'be', 'elastic', 'but', 'not', 'sticky', 'turn', 'dough', 'often', 'to', 'ensure', 'it', 'does', 'not', 'stick', 'cut', 'circles', 'out', 'of', 'the', 'dough', 'with', 'a', 'cutter', 'glass', 'or', 'pam', 'lid', 'take', 'a', 'pinch', 'of', 'meat', 'filling', 'not', 'too', 'much', 'place', 'in', 'center', 'of', 'circle', 'make', 'sure', 'your', 'hands', 'are', 'clean', 'at', 'this', 'point', 'fold', 'over', 'in', '1/2', 'then', 'take', 'the', 'points', 'and', 'fold', 'around', 'and', 'pinch', 'them', 'together', 'to', 'look', 'like', 'a', 'pope', ""'s"", 'hat', 'place', 'into', 'chicken', 'broth', 'they', 'are', 'cooked', 'when', 'they', 'float', 'to', 'the', 'surface', 'about', '2-3', 'minutes', 'they', 'will', 'swell', 'up', 'as', 'they', 'cook', 'the', 'cappalleti', 'freeze', 'well', 'place', 'on', 'a', 'cookie', 'sheet', 'with', 'a', 'little', 'flour', 'and', 'place', 'in', 'freezer', 'once', 'frozen', 'place', 'in', 'plastic', 'freezer', 'bags', 'and', 'use', 'as', 'wanted']","['combine', 'flour', 'semolina', 'flour', 'salt', 'bowl', 'food', 'processor', 'lightly', 'beat', 'eggs', 'add', 'flour', 'mixture', 'eggs', 'process', 'check', 'dough', 'add', 'enough', 'make', 'ball', 'hangs', 'together', 'sticky', 'depending', 'upon', 'weather', 'may', 'need', 'bit', 'flour', 'listed', 'above.', 'place', 'dough', 'floured', 'board', 'cover', 'inverted', 'bowl', 'let', 'rest', 'place', 'meat', 'food', 'processor', 'grind', 'coarse', 'chop', 'add', 'egg', 'lemon', 'rind', 'cheese', 'herbs', 'spices', 'process', 'dry', 'ground', 'crumbly', 'fine', 'filling', 'heat', 'chicken', 'broth', 'boiling', 'take', 'dough', 'divide', 'quarters', 'roll', 'floured', 'surface', 'thickness', 'dime', 'dough', 'elastic', 'sticky', 'turn', 'dough', 'often', 'ensure', 'stick', 'cut', 'circles', 'dough', 'cutter', 'glass', 'pam', 'lid', 'take', 'pinch', 'meat', 'filling', 'much', 'place', 'center', 'circle', 'make', 'sure', 'hands', 'clean', 'point', 'fold', 'take', 'points', 'fold', 'around', 'pinch', 'together', 'look', 'like', 'pope', 'hat', 'place', 'chicken', 'broth', 'cooked', 'float', 'surface', 'swell', 'cook', 'cappalleti', 'freeze', 'well', 'place', 'cookie', 'sheet', 'little', 'flour', 'place', 'freezer', 'frozen', 'place', 'plastic', 'freezer', 'bags', 'use', 'wanted']",Italian
928,"['whisk', 'oil', '1', 't.', 'vinegar', '2', 't.', 'garlic', 'rosemary', 'and', 'pepper', 'in', '13x9x2-inch', 'glass', 'baking', 'dish', 'add', 'steaks', 'turn', 'to', 'coat', 'let', 'stand', '1', 'hour', 'heat', 'heavy', 'large', 'skillet', 'over', 'high', 'heat', 'remove', 'steaks', 'from', 'marinade', 'sprinkle', 'with', 'salt', 'place', 'in', 'skillet', 'saute', 'to', 'desired', 'doneness', 'about', '4', 'minutes', 'per', 'side', 'for', 'medium-rate', 'transfer', 'to', 'plates', 'add', 'peppers', '1-1/2', 't.', 'vinegar', 'and', '1', 't.', 'garlic', 'to', 'skillet', 'stir', 'until', 'heated', 'through', 'about', '1', 'minute', 'spoon', 'peppers', 'and', 'pan', 'juices', 'over', 'steaks']","['whisk', 'oil', 't.', 'vinegar', 't.', 'garlic', 'rosemary', 'pepper', '13x9x2', 'inch', 'glass', 'baking', 'dish', 'add', 'steaks', 'turn', 'coat', 'let', 'stand', 'heat', 'heavy', 'large', 'skillet', 'high', 'heat', 'remove', 'steaks', 'marinade', 'sprinkle', 'salt', 'place', 'skillet', 'saute', 'desired', 'doneness', 'per', 'side', 'medium', 'rate', 'transfer', 'plates', 'add', 'peppers', 't.', 'vinegar', 't.', 'garlic', 'skillet', 'stir', 'heated', 'spoon', 'peppers', 'pan', 'juices', 'steaks']",Italian
5496,"['combine', 'quark', 'and', 'sugar', 'in', 'a', 'bowl', 'set', 'aside', 'combine', 'coffee', 'and', 'kahlua', 'in', 'a', 'separate', 'bowl', 'prepare', '6', 'large', 'clean', 'wine', 'glasses', 'in', 'the', 'bottom', 'place', 'one', 'large', 'tablespoon', 'of', 'the', 'quark', 'mix', 'on', 'top', 'of', 'this', 'place', 'a', 'medium', 'sized', 'amount', 'of', 'berries', 'just', 'enough', 'to', 'cover', 'break', 'the', 'sponge', 'finger', 'in', 'half', 'dip', '4', 'halves', 'into', 'the', 'bowl', 'of', 'coffee', 'mix', 'until', 'soaked', 'through', 'remove', 'and', 'place', 'on', 'top', 'of', 'berries', 'add', 'a', 'pinch', 'off', 'chocolate', 'repeat', 'until', 'the', 'glass', 'is', 'filled', 'at', 'least', 'twice', 'top', 'off', 'with', 'an', 'extra', 'layer', 'of', 'quark', 'a', 'few', 'berries', 'and', 'a', 'generous', 'grating', 'of', 'chocolate', 'repeat', 'with', 'the', 'rest', 'of', 'the', 'glasses', 'and', 'chill', 'until', 'serving']","['combine', 'quark', 'sugar', 'bowl', 'set', 'aside', 'combine', 'coffee', 'kahlua', 'separate', 'bowl', 'prepare', 'large', 'clean', 'wine', 'glasses', 'bottom', 'place', 'one', 'large', 'quark', 'mix', 'top', 'place', 'medium', 'sized', 'amount', 'berries', 'enough', 'cover', 'break', 'sponge', 'finger', 'half', 'dip', 'halves', 'bowl', 'coffee', 'mix', 'soaked', 'remove', 'place', 'top', 'berries', 'add', 'pinch', 'chocolate', 'repeat', 'glass', 'filled', 'least', 'twice', 'top', 'extra', 'layer', 'quark', 'berries', 'generous', 'grating', 'chocolate', 'repeat', 'rest', 'glasses', 'chill', 'serving']",Italian
8765,"['clean', 'all', 'the', 'lentils', 'dals', 'individually', 'to', 'remove', 'stones', 'other', 'grains', 'dirt', 'etc', 'wash', 'all', 'the', 'dals', 'individually', 'in', '5', 'to', '6', 'changes', 'of', 'water', 'soak', 'all', 'the', 'dals', 'for', 'atleast', '6', 'hours', 'or', 'overnight', 'drain', 'the', 'soaked', 'dals', 'the', 'following', 'morning', 'i.e', 'the', 'morning', 'when', 'you', 'will', 'be', 'preparing', 'this', 'lentil', 'curry', 'add', '6', 'cups', 'of', 'water', 'to', 'the', 'dals', 'and', 'pressure', 'cook', 'them', 'until', 'they', 'are', 'completely', 'cooked', 'mix', 'well', 'and', 'use', 'a', 'round', 'ladle', 'to', 'do', 'so', 'keep', 'aside', 'heat', 'oil', 'in', 'a', 'pot', 'once', 'hot', 'add', 'onions', 'garlic', 'and', 'green', 'chillies', 'saute', 'until', 'the', 'onions', 'are', 'golden', 'brown', 'in', 'colour', 'and', 'the', 'raw', 'smell', 'of', 'garlic', 'is', 'gone', 'fold', 'in', 'the', 'red', 'chilli', 'powder', 'and', 'cumin', 'powder', 'stir-fry', 'briefly', 'add', 'the', 'chopped', 'tomatoes', 'and', 'mix', 'well', 'allow', 'to', 'cook', 'for', '5-7', 'minutes', 'stirring', 'continuously', 'until', 'they', 'are', 'softened', 'stir', 'in', 'the', 'cooked', 'dals', 'and', 'mix', 'well', 'add', 'salt', 'to', 'taste', 'and', 'corriander', 'leaves', 'cook', 'the', 'dal', 'on', 'low', 'flame', 'for', '10', 'minutes', 'stirring', 'occasionally', 'sprinkle', 'kasoori', 'methi', 'on', 'the', 'dal', 'and', 'mix', 'well', 'garnish', 'with', 'corriander', 'leaves', 'serve', 'hot', 'with', 'long', 'grain', 'basmati', 'rice']","['clean', 'lentils', 'dals', 'individually', 'remove', 'stones', 'grains', 'dirt', 'etc', 'wash', 'dals', 'individually', 'changes', 'water', 'soak', 'dals', 'atleast', 'overnight', 'drain', 'soaked', 'dals', 'following', 'morning', 'i.e', 'morning', 'preparing', 'lentil', 'curry', 'add', 'water', 'dals', 'pressure', 'cook', 'completely', 'cooked', 'mix', 'well', 'use', 'round', 'ladle', 'keep', 'aside', 'heat', 'oil', 'pot', 'hot', 'add', 'onions', 'garlic', 'green', 'chillies', 'saute', 'onions', 'golden', 'brown', 'colour', 'raw', 'smell', 'garlic', 'gone', 'fold', 'red', 'chilli', 'powder', 'cumin', 'powder', 'stir', 'fry', 'briefly', 'add', 'chopped', 'tomatoes', 'mix', 'well', 'allow', 'cook', 'stirring', 'continuously', 'softened', 'stir', 'cooked', 'dals', 'mix', 'well', 'add', 'salt', 'taste', 'corriander', 'leaves', 'cook', 'dal', 'low', 'flame', 'stirring', 'occasionally', 'sprinkle', 'kasoori', 'methi', 'dal', 'mix', 'well', 'garnish', 'corriander', 'leaves', 'serve', 'hot', 'long', 'grain', 'basmati', 'rice']",Indian
1566,"['in', 'a', 'shallow', 'dish', 'stir', 'together', 'flour', 'salt', 'and', 'black', 'pepper', 'dredge', 'meat', 'in', 'seasoned', 'flour', 'in', 'a', 'large', 'skillet', 'melt', 'butter', 'with', 'oil', 'over', 'medium', 'heat', 'brown', 'meat', 'in', 'skillet', 'remove', 'meat', 'from', 'pan', 'and', 'set', 'aside', 'add', 'onion', 'carrots', 'celery', 'and', 'garlic', 'to', 'drippings', 'in', 'pan', 'cook', 'and', 'stir', 'for', 'about', '5', 'minutes', 'stir', 'in', 'tomato', 'sauce', 'water', 'basil', 'thyme', 'parsley', 'and', 'bay', 'leaf', 'return', 'meat', 'to', 'pan', 'bring', 'to', 'a', 'boil', 'and', 'reduce', 'heat', 'to', 'simmer', 'cover', 'and', 'cook', 'for', '2', '1/2', 'hours', 'serve', 'the', 'delicious', 'sauce', 'over', 'meat', 'a', 'bed', 'of', 'rice', 'or', 'mashed', 'potatoes']","['shallow', 'dish', 'stir', 'together', 'flour', 'salt', 'black', 'pepper', 'dredge', 'meat', 'seasoned', 'flour', 'large', 'skillet', 'melt', 'butter', 'oil', 'medium', 'heat', 'brown', 'meat', 'skillet', 'remove', 'meat', 'pan', 'set', 'aside', 'add', 'onion', 'carrots', 'celery', 'garlic', 'drippings', 'pan', 'cook', 'stir', 'stir', 'tomato', 'sauce', 'water', 'basil', 'thyme', 'parsley', 'bay', 'leaf', 'return', 'meat', 'pan', 'bring', 'boil', 'reduce', 'heat', 'simmer', 'cover', 'cook', 'serve', 'delicious', 'sauce', 'meat', 'bed', 'rice', 'mashed', 'potatoes']",Italian
9189,"['cut', 'the', 'onions', 'into', 'quarters', 'and', 'place', 'in', 'food', 'processor/blender', 'for', 'one', 'minute', 'add', 'tomato', 'paste', 'cashew', 'nuts', 'garam', 'masala', 'garlic', 'ginger', 'chili', 'powder', 'curry', 'powder', 'cumin', 'lemon', 'juice', 'turmeric', 'salt', 'and', 'yogurt', 'to', 'the', 'processed', 'onions', 'process', 'all', 'ingredients', 'until', 'well', 'combined', 'to', 'form', 'a', 'puree', 'in', 'a', 'saucepan', 'heat', 'the', 'oil', 'lower', 'the', 'heat', 'to', 'medium', 'and', 'pour', 'in', 'the', 'puree', 'mixture', 'add', 'in', 'the', 'half', 'and', 'half', 'chicken', 'broth', 'and', 'butter', 'add', 'in', 'chicken', 'and', 'cilantro', 'cover', 'the', 'saucepan', 'and', 'cook', 'over', 'low', 'heat', 'for', 'about', '10', 'minutes', 'until', 'chicken', 'is', 'cooked', 'through', 'serve', 'garnished', 'with', 'chopped', 'fresh', 'cilantro', 'over', 'basmati', 'rice', 'you', 'may', 'add', 'additional', 'chili', 'powder/cayenne', 'pepper', 'to', 'increase', 'the', 'spiciness']","['cut', 'onions', 'quarters', 'place', 'food', 'processor/blender', 'one', 'add', 'tomato', 'paste', 'cashew', 'nuts', 'garam', 'masala', 'garlic', 'ginger', 'chili', 'powder', 'curry', 'powder', 'cumin', 'lemon', 'juice', 'turmeric', 'salt', 'yogurt', 'processed', 'onions', 'process', 'ingredients', 'well', 'combined', 'form', 'puree', 'saucepan', 'heat', 'oil', 'lower', 'heat', 'medium', 'pour', 'puree', 'mixture', 'add', 'half', 'half', 'chicken', 'broth', 'butter', 'add', 'chicken', 'cilantro', 'cover', 'saucepan', 'cook', 'low', 'heat', 'chicken', 'cooked', 'serve', 'garnished', 'chopped', 'fresh', 'cilantro', 'basmati', 'rice', 'may', 'add', 'additional', 'chili', 'powder/cayenne', 'pepper', 'increase', 'spiciness']",Indian
71,"['preheat', 'oven', 'to', '425', 'degrees', 'pat', 'dry', 'filets', 'season', 'with', 'salt', 'and', 'pepper', 'spray', 'a', 'baking', 'dish', 'with', 'canola', 'oil', 'spread', 'evenly', 'about', '1/2', 'cup', 'of', 'the', 'marinara', 'sprinkle', 'diced', 'peppers', 'and', 'onions', 'layer', 'snapper', 'filets', 'on', 'top', 'spread', 'remaining', 'marinara', 'evenly', 'over', 'the', 'filets', 'to', 'cover', 'sprinkle', 'to', 'taste', 'garlic', 'salt', 'and', 'italian', 'seasoning', 'sprinkle', 'top', 'with', 'parmesan', 'bake', 'for', '20', 'to', '25', 'minutes', 'sauce', 'will', 'be', 'bubbly', 'and', 'parmesan', 'will', 'be', 'lightly', 'browned', 'let', 'sit', 'for', '5', 'to', '10', 'minutes', 'and', 'serve']","['preheat', 'oven', 'pat', 'dry', 'filets', 'season', 'salt', 'pepper', 'spray', 'baking', 'dish', 'canola', 'oil', 'spread', 'evenly', 'marinara', 'sprinkle', 'diced', 'peppers', 'onions', 'layer', 'snapper', 'filets', 'top', 'spread', 'remaining', 'marinara', 'evenly', 'filets', 'cover', 'sprinkle', 'taste', 'garlic', 'salt', 'italian', 'seasoning', 'sprinkle', 'top', 'parmesan', 'bake', 'sauce', 'bubbly', 'parmesan', 'lightly', 'browned', 'let', 'sit', 'serve']",Italian
5829,"['in', 'a', 'medium', 'mixing', 'bowl', 'whisk', 'together', 'yoghurt', 'and', 'buttermilk', 'in', 'a', 'small', 'bowl', 'combine', 'gelatine', 'and', 'water', 'microwave', 'gelatine', 'and', 'water', 'for', 'about', '30-45', 'seconds', 'until', 'gelatine', 'is', 'melted', 'then', 'stir', 'in', 'sugar', 'and', 'vanilla', 'whisk', 'gelatine', 'mixture', 'thoroughly', 'into', 'yoghurt', 'divide', 'into', 'four', 'very', 'lightly', 'greased', 'ramekins', 'and', 'refrigerate', 'until', 'firm', 'at', 'least', '3', 'hours', 'to', 'unmold', 'dip', 'ramekins', 'in', 'very', 'hot', 'water', 'for', 'a', 'few', 'seconds', 'and', 'invert', 'onto', 'plates', 'serve', 'the', 'panna', 'cotta', 'with', 'a', 'raspberry', 'puree', 'or', 'simply', 'with', 'some', 'fresh', 'fruit']","['medium', 'mixing', 'bowl', 'whisk', 'together', 'yoghurt', 'buttermilk', 'small', 'bowl', 'combine', 'gelatine', 'water', 'microwave', 'gelatine', 'water', 'seconds', 'gelatine', 'melted', 'stir', 'sugar', 'vanilla', 'whisk', 'gelatine', 'mixture', 'thoroughly', 'yoghurt', 'divide', 'four', 'lightly', 'greased', 'ramekins', 'refrigerate', 'firm', 'least', 'unmold', 'dip', 'ramekins', 'hot', 'water', 'seconds', 'invert', 'onto', 'plates', 'serve', 'panna', 'cotta', 'raspberry', 'puree', 'simply', 'fresh', 'fruit']",Italian
4448,"['cook', 'the', 'onion', 'and', 'garlic', 'in', 'olive', 'oil', 'in', 'a', 'dutch', 'oven', 'over', 'medium-high', 'heat', 'until', 'the', 'onion', 'and', 'garlic', 'are', 'beginning', 'to', 'turn', 'golden', 'add', 'the', 'meat', 'to', 'the', 'onions', 'and', 'garlic', 'and', 'brown', 'add', 'the', 'remaining', 'ingredients', 'bring', 'the', 'mixture', 'to', 'a', 'boil', 'reduce', 'heat', 'to', 'medium', 'and', 'cook', 'uncovered', 'for', '20', 'minutes', 'or', 'until', 'most', 'of', 'the', 'excess', 'liquid', 'evaporates', 'stirring', 'occasionally', 'remove', 'and', 'discard', 'the', 'bay', 'leaves', 'before', 'serving']","['cook', 'onion', 'garlic', 'olive', 'oil', 'dutch', 'oven', 'medium', 'high', 'heat', 'onion', 'garlic', 'beginning', 'turn', 'golden', 'add', 'meat', 'onions', 'garlic', 'brown', 'add', 'remaining', 'ingredients', 'bring', 'mixture', 'boil', 'reduce', 'heat', 'medium', 'cook', 'uncovered', 'excess', 'liquid', 'evaporates', 'stirring', 'occasionally', 'remove', 'discard', 'bay', 'leaves', 'serving']",Italian
6664,"['preheat', 'oven', 'to', '300°f', 'grease', 'a', '2-quart', 'casserole', 'dish', 'beat', 'eggs', 'and', 'add', 'milk', 'stir', 'in', 'sugar', 'uncooked', 'rice', 'butter', 'vanilla', 'essence', 'raisins', 'and', 'nutmeg', 'pour', 'into', 'the', 'prepared', 'pan', 'bake', 'uncovered', 'for', '2', '1/2', 'hours', 'and', 'make', 'sure', 'to', 'stir', 'frequently', 'during', 'the', 'first', 'hour', 'serve', 'warm/cold', 'as', 'per', 'your', 'choice']","['preheat', 'oven', '300°f', 'grease', '2', 'quart', 'casserole', 'dish', 'beat', 'eggs', 'add', 'milk', 'stir', 'sugar', 'uncooked', 'rice', 'butter', 'vanilla', 'essence', 'raisins', 'nutmeg', 'pour', 'prepared', 'pan', 'bake', 'uncovered', 'make', 'sure', 'stir', 'frequently', 'first', 'serve', 'warm/cold', 'per', 'choice']",Indian
9321,"['warm', 'fat', 'in', 'a', 'large', 'pan', 'add', 'cinnamon', 'cardamon', 'fry', 'until', 'fragrant', 'add', 'rice', 'and', 'fry', 'until', 'covered', 'and', 'translucent', 'crush', 'or', 'pound', 'saffron', 'to', 'release', 'flavors', 'meanwhile', 'bring', 'saffron', 'and', 'water/stock', 'in', 'milk', 'pan', 'when', 'nearly', 'boiling', 'ad', 'to', 'rice', 'cover', 'and', 'cook', 'for', '12-15', 'minutes']","['warm', 'fat', 'large', 'pan', 'add', 'cinnamon', 'cardamon', 'fry', 'fragrant', 'add', 'rice', 'fry', 'covered', 'translucent', 'crush', 'saffron', 'release', 'flavors', 'meanwhile', 'bring', 'saffron', 'water/stock', 'milk', 'pan', 'nearly', 'boiling', 'ad', 'rice', 'cover', 'cook']",Indian
3998,"['in', 'a', 'frying', 'pan', 'or', 'wok', 'heat', '2', 'tablespoons', 'of', 'olive', 'oil', 'cook', 'sweet', 'italian', 'sausage', 'over', 'medium-low', 'heat', 'until', 'done', 'remove', 'sausage', 'and', 'drain', 'sauté', 'chopped', 'onion', 'and', 'minced', 'garlic', 'in', 'olive', 'oil', 'and', 'sausage', 'drippings', 'until', 'onions', 'are', 'soft', 'and', 'clear', 'do', 'not', 'brown', 'open', 'two', '28', 'oz', 'cans', 'of', 'tomato', 'puree', 'into', 'each', 'can', 'put', 'the', 'following', 'ingredients', '1', 'teaspoon', 'dried', 'oregano', '1', 'teaspoon', 'dried', 'parsley', '1/2', 'teaspoon', 'dried', 'thyme', '3/4', 'teaspoon', 'italian', 'allspice', '2', 'heaping', 'teaspoons', 'garlic', 'powder', '1/2', 'teaspoon', 'salt', '1/2', 'teaspoon', 'black', 'pepper', 'pour', 'contents', 'of', 'tomato', 'puree', 'cans', 'into', 'large', 'saucepan', 'add', 'sautéed', 'onions', 'garlic', 'and', 'sweet', 'italian', 'sausage', 'to', 'sauce', 'pan', 'heat', 'over', 'a', 'medium', 'flame', 'stirring', 'in', '19', 'oz', 'of', 'water', '1/4', 'cup', 'sugar', 'or', 'honey', 'and', '1/2', 'cup', 'or', 'white', 'wine', 'add', 'a', 'pinch', 'of', 'crushed', 'red', 'pepper', 'bring', 'sauce', 'to', 'boil', 'and', 'cook', 'for', 'several', 'minutes', 'stirring', 'constantly', 'lower', 'heat', 'and', 'simmer', 'sauce', 'for', '2', 'hours', 'stirring', 'occasionally', 'for', 'a', 'little', 'extra', 'flavor', 'simmer', 'with', 'meatballs']","['frying', 'pan', 'wok', 'heat', 'olive', 'oil', 'cook', 'sweet', 'italian', 'sausage', 'medium', 'low', 'heat', 'done', 'remove', 'sausage', 'drain', 'sauté', 'chopped', 'onion', 'minced', 'garlic', 'olive', 'oil', 'sausage', 'drippings', 'onions', 'soft', 'clear', 'brown', 'open', 'two', 'cans', 'tomato', 'puree', 'put', 'following', 'ingredients', 'dried', 'oregano', 'dried', 'parsley', 'dried', 'thyme', 'italian', 'allspice', 'heaping', 'garlic', 'powder', 'salt', 'black', 'pepper', 'pour', 'contents', 'tomato', 'puree', 'cans', 'large', 'saucepan', 'add', 'sautéed', 'onions', 'garlic', 'sweet', 'italian', 'sausage', 'sauce', 'pan', 'heat', 'medium', 'flame', 'stirring', 'water', 'sugar', 'honey', 'white', 'wine', 'add', 'pinch', 'crushed', 'red', 'pepper', 'bring', 'sauce', 'boil', 'cook', 'several', 'stirring', 'constantly', 'lower', 'heat', 'simmer', 'sauce', 'stirring', 'occasionally', 'little', 'extra', 'flavor', 'simmer', 'meatballs']",Italian
11028,"['combine', 'sugar', 'yeast', 'and', '375ml', 'warm', 'water', 'in', 'a', 'bowl', 'and', 'stand', 'in', 'a', 'warm', 'place', 'for', '10', 'minutes', 'or', 'until', 'mixture', 'begins', 'to', 'foam', 'combine', 'flour', 'and', 'salt', 'in', 'a', 'large', 'bowl', 'then', 'add', 'yeast', 'mixture', 'yoghurt', 'and', 'combine', 'well', 'turn', 'dough', 'out', 'onto', 'a', 'lightly', 'floured', 'surface', 'and', 'knead', 'for', '5', 'minutes', 'or', 'until', 'smooth', 'place', 'dough', 'in', 'a', 'lightly', 'oiled', 'bowl', 'cover', 'with', 'cloth', 'or', 'tea', 'towel', 'and', 'stand', 'for', '2', 'hours', 'punch', 'dough', 'down', 'then', 'divide', 'it', 'into', '8', 'portions', 'place', 'on', 'lightly', 'oiled', 'trays', 'cover', 'with', 'cloth', 'and', 'stand', 'for', 'another', '15', 'minutes', 'heat', 'a', 'cast', 'iron', 'skillet', 'or', 'frying', 'pan', 'over', 'medium', 'heat', 'and', 'brush', 'with', 'oil', 'place', 'one', 'piece', 'of', 'dough', 'on', 'a', 'lightly', 'floured', 'surface', 'and', 'roll', 'out', 'into', 'a', 'thin', '22cm', 'round', 'when', 'skillet', 'is', 'very', 'hot', 'place', 'dough', 'round', 'into', 'pan', 'and', 'cook', 'for', '1', 'minute', 'or', 'until', 'brown', 'spots', 'appear', 'on', 'the', 'base', 'it', 'will', 'also', 'bubble', 'a', 'little', 'bit', 'turn', 'and', 'cook', 'for', 'another', 'minute', 'then', 'place', 'on', 'a', 'plate', 'and', 'cover', 'with', 'a', 'cloth', 'to', 'keep', 'warm', 'lightly', 'brush', 'the', 'pan', 'with', 'a', 'little', 'more', 'oil', 'and', 'repeat', 'with', 'the', 'remaining', 'dough', 'rounds', 'store', 'any', 'leftover', 'flatbreads', 'in', 'an', 'airtight', 'container', 'or', 'freeze']","['combine', 'sugar', 'yeast', '375ml', 'warm', 'water', 'bowl', 'stand', 'warm', 'place', 'mixture', 'begins', 'foam', 'combine', 'flour', 'salt', 'large', 'bowl', 'add', 'yeast', 'mixture', 'yoghurt', 'combine', 'well', 'turn', 'dough', 'onto', 'lightly', 'floured', 'surface', 'knead', 'smooth', 'place', 'dough', 'lightly', 'oiled', 'bowl', 'cover', 'cloth', 'tea', 'towel', 'stand', 'punch', 'dough', 'divide', 'portions', 'place', 'lightly', 'oiled', 'trays', 'cover', 'cloth', 'stand', 'another', 'heat', 'cast', 'iron', 'skillet', 'frying', 'pan', 'medium', 'heat', 'brush', 'oil', 'place', 'one', 'piece', 'dough', 'lightly', 'floured', 'surface', 'roll', 'thin', '22cm', 'round', 'skillet', 'hot', 'place', 'dough', 'round', 'pan', 'cook', 'brown', 'spots', 'appear', 'base', 'also', 'bubble', 'little', 'bit', 'turn', 'cook', 'another', 'place', 'plate', 'cover', 'cloth', 'keep', 'warm', 'lightly', 'brush', 'pan', 'little', 'oil', 'repeat', 'remaining', 'dough', 'rounds', 'store', 'leftover', 'flatbreads', 'airtight', 'container', 'freeze']",Indian
5344,"['brown', 'the', 'italian', 'sausage', 'and', 'onion', 'in', 'a', 'skillet', 'put', 'all', 'ingredients', 'including', 'the', 'browned', 'sausage', 'and', 'onion', 'into', 'the', 'crock', 'pot', 'and', 'heat', 'until', 'hot', 'about', '1', 'hour', 'depending', 'on', 'your', 'crock', 'pot', 'if', 'you', 'are', 'in', 'a', 'hurry', 'the', 'beans', 'pepper', 'and', 'bbq', 'sauce', 'can', 'be', 'added', 'to', 'the', 'skillet', 'and', 'heated', 'if', 'you', 'are', 'camping', 'this', 'can', 'be', 'heated', 'in', 'a', 'dutch', 'oven']","['brown', 'italian', 'sausage', 'onion', 'skillet', 'put', 'ingredients', 'including', 'browned', 'sausage', 'onion', 'crock', 'pot', 'heat', 'hot', 'depending', 'crock', 'pot', 'hurry', 'beans', 'pepper', 'bbq', 'sauce', 'added', 'skillet', 'heated', 'camping', 'heated', 'dutch', 'oven']",Italian
11592,"['stir', 'together', 'the', 'yogurt', 'ground', 'cumin', 'mint', 'coriander', 'ginger', 'and', 'chilli', 'season', 'well', 'and', 'sprinkle', 'with', 'cumin', 'seeds']","['stir', 'together', 'yogurt', 'ground', 'cumin', 'mint', 'coriander', 'ginger', 'chilli', 'season', 'well', 'sprinkle', 'cumin', 'seeds']",Indian
11786,"['cook', 'and', 'stir', 'onion', 'tumeric', 'ginger', 'in', 'the', 'oil', 'in', 'a', 'large', 'frypan', 'over', 'medium', 'heat', 'until', 'onion', 'is', 'tender', 'this', 'should', 'take', 'about', 'three', 'minutes', 'stir', 'in', 'the', 'mushrooms', 'peas', 'salt', 'and', 'lemon', 'juice', 'cook', 'uncovered', 'stirring', 'until', 'peas', 'are', 'tender', 'about', '7', 'minutes', 'stir', 'in', 'the', 'tomatoes', 'and', 'heat', 'thru', 'until', 'just', 'hot']","['cook', 'stir', 'onion', 'tumeric', 'ginger', 'oil', 'large', 'frypan', 'medium', 'heat', 'onion', 'tender', 'take', 'three', 'stir', 'mushrooms', 'peas', 'salt', 'lemon', 'juice', 'cook', 'uncovered', 'stirring', 'peas', 'tender', 'stir', 'tomatoes', 'heat', 'thru', 'hot']",Indian
11421,"['prepare', 'rice', 'according', 'to', 'package', 'directions', 'using', 'butter', 'or', 'ghee', 'cumin', 'seeds', 'and', 'salt', 'once', 'cooked', 'add', 'over', 'the', 'top', 'the', 'dried', 'fruit', 'and', 'almonds', 'do', 'not', 'stir', 'place', 'lid', 'loosely', 'over', 'pot', 'and', 'let', 'stand', '10', 'minutes', 'fluff', 'with', 'fork', 'to', 'toast', 'almonds', 'spread', 'in', 'single', 'layer', 'on', 'metal', 'baking', 'sheet', 'bake', 'in', '350°f', 'oven', '3', 'to', '5', 'minutes', 'or', 'until', 'lightly', 'browned', 'stirring', 'occasionally', 'watch', 'carefully', 'to', 'prevent', 'burning', 'set', 'aside', 'to', 'cool']","['prepare', 'rice', 'according', 'package', 'directions', 'using', 'butter', 'ghee', 'cumin', 'seeds', 'salt', 'cooked', 'add', 'top', 'dried', 'fruit', 'almonds', 'stir', 'place', 'lid', 'loosely', 'pot', 'let', 'stand', 'fluff', 'fork', 'toast', 'almonds', 'spread', 'single', 'layer', 'metal', 'baking', 'sheet', 'bake', '350°f', 'oven', 'lightly', 'browned', 'stirring', 'occasionally', 'watch', 'carefully', 'prevent', 'burning', 'set', 'aside', 'cool']",Indian
4155,"['preheat', 'the', 'oven', 'to', '325', 'degrees', 'use', 'a', 'small', 'knife', 'to', 'insert', 'the', 'garlic', 'slivers', 'into', 'the', 'roast', 'all', 'over', 'put', 'the', 'water', 'in', 'a', 'deep', 'baking', 'pan', 'not', 'much', 'larger', 'than', 'the', 'roast', 'add', 'the', 'roast', 'and', 'seasonings', 'cover', 'tightly', 'and', 'bake', '2', 'hours', 'basting', '3', 'or', '4', 'times', 'adding', 'water', 'if', 'necessary', 'to', 'keep', 'plenty', 'of', 'juice', 'in', 'the', 'pan', 'remove', 'the', 'beef', 'from', 'the', 'pan', 'and', 'allow', 'it', 'to', 'settle', 'with', 'an', 'extremely', 'sharp', 'knife', 'slice', 'it', 'into', 'razor-thin', 'pieces', 'degrease', 'the', 'pan', 'and', 'taste', 'the', 'gravy', 'it', 'should', 'be', 'highly', 'seasoned', 'with', 'a', 'pepper', 'bite', 'adjust', 'the', 'seasonings', 'to', 'taste', 'and', 'place', 'the', 'sliced', 'beef', 'in', 'the', 'gravy', 'allow', 'it', 'to', 'wallow', 'at', 'least', '15-20', 'minutes', 'before', 'serving', 'serve', 'on', 'lengths', 'of', 'italian', 'bread', 'with', 'roasted', 'peppers', 'or', 'spicy', 'giardiniera']","['preheat', 'oven', 'use', 'small', 'knife', 'insert', 'garlic', 'slivers', 'roast', 'put', 'water', 'deep', 'baking', 'pan', 'much', 'larger', 'roast', 'add', 'roast', 'seasonings', 'cover', 'tightly', 'bake', 'basting', 'times', 'adding', 'water', 'necessary', 'keep', 'plenty', 'juice', 'pan', 'remove', 'beef', 'pan', 'allow', 'settle', 'extremely', 'sharp', 'knife', 'slice', 'razor', 'thin', 'pieces', 'degrease', 'pan', 'taste', 'gravy', 'highly', 'seasoned', 'pepper', 'bite', 'adjust', 'seasonings', 'taste', 'place', 'sliced', 'beef', 'gravy', 'allow', 'wallow', 'least', 'serving', 'serve', 'lengths', 'italian', 'bread', 'roasted', 'peppers', 'spicy', 'giardiniera']",Italian
70,"['-sauce-', 'simmer', 'tomatoes', 'uncovered', 'for', 'about', 'l', 'hour', 'or', 'until', 'thickened', 'medium-low', 'heat', 'stir', 'occasionally', 'puree', 'until', 'smooth', 'stir', 'in', 'the', 'basil', 'cream', 'butter', 'salt', 'pepper', 'set', 'aside', '-filling-', '̈', 'cook', 'spinach', 'until', 'just', 'wilted', 'cool', 'until', 'you', 'can', 'handle', 'it', 'then', 'squeeze', 'and', 'squeeze', 'again', 'chop', 'finely', 'melt', 'butter', 'in', 'a', 'skillet', 'add', 'spinach', 'and', 'saute', '1', 'minute', 'in', 'a', 'bowl', 'blend', 'the', 'spinach', 'with', 'the', 'riccota', 'cheese', 'pine', 'nuts', 'egg', 'yolks', 'parmesan', 'parsley', 'nutmeg', 'salt', 'pepper-putting', 'it', 'together-', 'in', 'a', 'large', 'baking', 'dish', 'put', 'in', 'a', 'little', 'of', 'the', 'sauce', 'about', 'a', '1/8', ""''"", 'spread', 'evenly', 'fill', 'each', 'of', 'the', 'patially', 'cooked', 'pasta', 'shells', 'with', 'the', 'riccota/spinach', 'mixture', 'completely', 'fill', 'them', 'sprinkle', 'a', 'little', 'semolina', 'over', 'each', 'to', 'seal', 'them', 'place', 'the', 'filled', 'shells', 'in', 'the', 'baking', 'dish', 'spoon', 'the', 'remaining', 'sauce', 'over', 'the', 'shells', 'if', 'there', 'is', 'too', 'much', 'sauce', 'save', 'it', 'for', 'something', 'else', 'you', 'want', 'sauce', 'but', 'not', 'sloppy', 'sprinkle', 'mozzarella', 'over', 'it', 'all', 'cover', 'with', 'foil', 'bake', 'in', '350f', 'degrees', 'oven', 'for', '30-40', 'minutes', 'check', 'during', 'baking', 'and', 'add', 'a', 'little', 'sauce', 'if', 'it', 'looks', 'dry', 'remove', 'foil', 'and', 'let', 'brown', 'slightly', '5-10', 'minutes', 'let', 'it', 'rest', 'for', '10', 'minutes', 'before', 'serving']","['sauce', 'simmer', 'tomatoes', 'uncovered', 'thickened', 'medium', 'low', 'heat', 'stir', 'occasionally', 'puree', 'smooth', 'stir', 'basil', 'cream', 'butter', 'salt', 'pepper', 'set', 'aside', 'filling', '̈', 'cook', 'spinach', 'wilted', 'cool', 'handle', 'squeeze', 'squeeze', 'chop', 'finely', 'melt', 'butter', 'skillet', 'add', 'spinach', 'saute', 'bowl', 'blend', 'spinach', 'riccota', 'cheese', 'pine', 'nuts', 'egg', 'yolks', 'parmesan', 'parsley', 'nutmeg', 'salt', 'pepper', 'putting', 'together', 'large', 'baking', 'dish', 'put', 'little', 'sauce', ""''"", 'spread', 'evenly', 'fill', 'patially', 'cooked', 'pasta', 'shells', 'riccota/spinach', 'mixture', 'completely', 'fill', 'sprinkle', 'little', 'semolina', 'seal', 'place', 'filled', 'shells', 'baking', 'dish', 'spoon', 'remaining', 'sauce', 'shells', 'much', 'sauce', 'save', 'something', 'else', 'want', 'sauce', 'sloppy', 'sprinkle', 'mozzarella', 'cover', 'foil', 'bake', '350f', 'oven', 'check', 'baking', 'add', 'little', 'sauce', 'looks', 'dry', 'remove', 'foil', 'let', 'brown', 'slightly', 'let', 'rest', 'serving']",Italian
2393,"['in', 'a', 'medium', 'size', 'saucepan', 'saute', 'the', 'prosciutto', 'in', 'the', 'olive', 'oil', 'until', 'crisp', 'add', 'in', 'the', 'onion', 'and', 'bell', 'pepper', 'cook', 'stirring', 'frequently', 'until', 'crisp', 'tender', 'stir', 'in', 'the', 'garlic', 'and', 'tomato', 'paste', 'cook', 'an', 'additional', '2', 'to', '3', 'minutes', 'add', 'in', 'the', 'tomato', 'juice', 'from', 'the', 'canned', 'tomatoes', 'and', 'stir', 'mixture', 'scraping', 'up', 'browned', 'bits', 'from', 'bottom', 'of', 'pan', 'add', 'the', 'tomatoes', 'vinegar', 'and', 'red', 'pepper', 'flakes', 'cook', 'until', 'most', 'of', 'the', 'liquid', 'has', 'evaporated', 'add', 'in', 'the', 'fresh', 'basil', 'and', 'season', 'with', 'salt', 'and', 'pepper', 'to', 'taste', 'keep', 'warm', 'while', 'preparing', 'the', 'zucchini', 'cakes', 'using', 'the', 'large', 'side', 'of', 'the', 'box', 'grater', 'grate', 'the', 'zucchini', 'and', 'onion', 'place', 'in', 'the', 'center', 'of', 'a', 'clean', 'kitchen', 'towel', 'bring', 'up', 'sides', 'and', 'gently', 'squeeze', 'out', 'the', 'moisture', 'place', 'in', 'a', 'medium', 'bowl', 'add', 'the', 'remaining', 'ingredients', 'and', 'combine', 'well', 'with', 'a', 'spatula', 'heat', 'oil', 'in', 'a', 'non-stick', 'skillet', 'over', 'medium', 'heat', 'and', 'when', 'hot', 'drop', 'the', 'mixture', 'into', 'the', 'hot', 'pan', 'forming', 'into', '4', 'equal', 'cakes', 'cook', 'the', 'bottom', 'until', 'crisp', 'turn', 'and', 'gently', 'press', 'down', 'on', 'top', 'continue', 'to', 'cook', 'until', 'the', 'other', 'side', 'is', 'crisp', 'and', 'browned', 'divide', 'the', 'sauce', 'among', '2', 'plates', 'top', 'with', '2', 'cakes', 'per', 'each', 'and', 'using', 'a', 'vegetable', 'peeler', 'garnish', 'all', 'with', 'strips', 'of', 'fresh', 'parmesan', 'cheese']","['medium', 'size', 'saucepan', 'saute', 'prosciutto', 'olive', 'oil', 'crisp', 'add', 'onion', 'bell', 'pepper', 'cook', 'stirring', 'frequently', 'crisp', 'tender', 'stir', 'garlic', 'tomato', 'paste', 'cook', 'additional', 'add', 'tomato', 'juice', 'canned', 'tomatoes', 'stir', 'mixture', 'scraping', 'browned', 'bits', 'bottom', 'pan', 'add', 'tomatoes', 'vinegar', 'red', 'pepper', 'flakes', 'cook', 'liquid', 'evaporated', 'add', 'fresh', 'basil', 'season', 'salt', 'pepper', 'taste', 'keep', 'warm', 'preparing', 'zucchini', 'cakes', 'using', 'large', 'side', 'box', 'grater', 'grate', 'zucchini', 'onion', 'place', 'center', 'clean', 'kitchen', 'towel', 'bring', 'sides', 'gently', 'squeeze', 'moisture', 'place', 'medium', 'bowl', 'add', 'remaining', 'ingredients', 'combine', 'well', 'spatula', 'heat', 'oil', 'non', 'stick', 'skillet', 'medium', 'heat', 'hot', 'drop', 'mixture', 'hot', 'pan', 'forming', 'equal', 'cakes', 'cook', 'bottom', 'crisp', 'turn', 'gently', 'press', 'top', 'continue', 'cook', 'side', 'crisp', 'browned', 'divide', 'sauce', 'among', 'plates', 'top', 'cakes', 'per', 'using', 'vegetable', 'peeler', 'garnish', 'strips', 'fresh', 'parmesan', 'cheese']",Italian
12937,"['heat', 'oil', 'and', 'add', 'salt', 'black', 'pepper', 'powder', 'onion', 'tomato', 'and', 'spinach', 'in', 'that', 'order', 'one', 'by', 'one', 'saute', 'on', 'medium', 'heat', 'for', '8', 'minutes', 'serve', 'warm', 'as', 'a', 'wonderful', 'side', 'dish']","['heat', 'oil', 'add', 'salt', 'black', 'pepper', 'powder', 'onion', 'tomato', 'spinach', 'order', 'one', 'one', 'saute', 'medium', 'heat', 'serve', 'warm', 'wonderful', 'side', 'dish']",Indian
7305,"['sieve', 'flour', 'with', 'baking', 'powder', 'and', 'salt', 'add', '1/4', 'cup', 'ghee', 'and', 'mix', 'well', 'add', 'water', 'gradually', 'knead', 'into', 'a', 'soft', 'pliable', 'dough', 'keep', 'aside', 'for', '2', 'hours', 'knead', 'dough', 'again', 'for', '2', 'minutes', 'divide', 'into', '12-14', 'equal', 'portions', 'shape', 'each', 'portion', 'into', 'a', 'ball', 'flatten', 'each', 'ball', 'roll', 'out', 'each', 'ball', 'into', 'a', 'disc', 'paratha', 'brush', 'one', 'side', 'of', 'each', 'paratha', 'with', 'ghee', 'sprinkle', 'a', 'little', 'dry', 'flour', 'over', 'the', 'ghee', 'hold', 'one', 'end', 'of', 'each', 'paratha', 'one', 'at', 'a', 'time', 'do', 'it', 'individually', 'for', 'each', 'paratha', 'and', 'fold', 'into', 'a', 'semi-circle', 'brush', 'the', 'folded', 'side', 'of', 'the', 'paratha', 'with', 'ghee', 'sprinkle', 'a', 'little', 'dry', 'flour', 'over', 'it', 'fold', 'over', 'once', 'again', 'the', 'roti', 'will', 'now', 'have', 'a', 'triangular', 'shape', 'run', 'the', 'rolling', 'pin', 'over', 'the', 'paratha', 'to', 'flatten', 'it', 'slightly', 'heat', 'a', 'griddle', 'tawa', 'place', 'a', 'paratha', 'on', 'the', 'tawa', 'half-cook', 'each', 'paratha', 'by', 'flipping', 'the', 'paratha', 'to', 'the', 'other', 'side', 'very', 'quickly', 'remove', 'from', 'heat', 'set', 'aside', 'repeat', 'this', 'procedure', 'with', 'all', 'the', 'other', 'parathas', 'just', 'before', 'serving', 'place', 'parathas', 'in', 'a', 'toaster', 'when', 'done', 'remove', 'from', 'toaster', 'brush', 'with', 'ghee', 'or', 'butter', 'serve', 'hot', 'with', 'a', 'curry', 'of', 'your', 'choice', 'accompanied', 'with', 'chilled', 'yogurt', 'or', 'a', 'yogurt-based', 'raita', 'of', 'your', 'choice', 'note', 'traditionally', 'this', 'paratha', 'is', 'made', 'in', 'a', 'tandoor', 'or', 'clay', 'oven', 'cooking', 'it', 'in', 'a', 'toaster', 'is', 'a', 'modern', 'day', 'kitchen', 'variation']","['sieve', 'flour', 'baking', 'powder', 'salt', 'add', 'ghee', 'mix', 'well', 'add', 'water', 'gradually', 'knead', 'soft', 'pliable', 'dough', 'keep', 'aside', 'knead', 'dough', 'divide', 'equal', 'portions', 'shape', 'portion', 'ball', 'flatten', 'ball', 'roll', 'ball', 'disc', 'paratha', 'brush', 'one', 'side', 'paratha', 'ghee', 'sprinkle', 'little', 'dry', 'flour', 'ghee', 'hold', 'one', 'end', 'paratha', 'one', 'time', 'individually', 'paratha', 'fold', 'semi', 'circle', 'brush', 'folded', 'side', 'paratha', 'ghee', 'sprinkle', 'little', 'dry', 'flour', 'fold', 'roti', 'triangular', 'shape', 'run', 'rolling', 'pin', 'paratha', 'flatten', 'slightly', 'heat', 'griddle', 'tawa', 'place', 'paratha', 'tawa', 'half', 'cook', 'paratha', 'flipping', 'paratha', 'side', 'quickly', 'remove', 'heat', 'set', 'aside', 'repeat', 'procedure', 'parathas', 'serving', 'place', 'parathas', 'toaster', 'done', 'remove', 'toaster', 'brush', 'ghee', 'butter', 'serve', 'hot', 'curry', 'choice', 'accompanied', 'chilled', 'yogurt', 'yogurt', 'based', 'raita', 'choice', 'note', 'traditionally', 'paratha', 'made', 'tandoor', 'clay', 'oven', 'cooking', 'toaster', 'modern', 'day', 'kitchen', 'variation']",Indian
563,"['in', 'a', 'large', 'stockpot', 'over', 'medium', 'high', 'heat', 'saute', 'meatballs', 'and', 'chicken', 'until', 'cooked', 'through', 'i', 'usually', 'start', 'with', 'the', 'meatballs', 'then', 'remove', 'them', 'while', 'i', 'cook', 'the', 'chicken', 'in', 'their', 'fat', 'if', 'there', 'is', ""n't"", 'enough', 'fat', 'to', 'saute', 'chicken', 'that', ""'s"", 'when', 'to', 'add', 'an', 'appropriate', 'amount', 'of', 'olive', 'oil.', 'when', 'meatballs', 'and', 'chicken', 'have', 'finished', 'cooking', 'add', 'the', 'garlic', 'red', 'pepper', 'flakes', 'and', 'diced', 'red', 'pepper', 'saute', 'over', 'medium', 'heat', 'for', 'one', 'minute', 'add', 'chicken', 'broth', 'and', 'bring', 'to', 'soft', 'boil', 'over', 'medium', 'high', 'heat', 'add', 'spinach', 'and', 'cooked', 'pasta', 'and', 'heat', 'until', 'spinach', 'wilts', 'salt', 'and', 'pepper', 'to', 'taste', 'ladle', 'into', 'bowls', 'and', 'garnish', 'each', 'serving', 'with', '1-2', 'tbls', 'grated', 'cheese', 'you', 'may', 'also', 'garnish', 'with', 'additional', 'roasted', 'red', 'peppers', 'if', 'desired', 'note', 'do', 'not', 'add', 'the', 'pasta', 'until', 'right', 'before', 'serving', 'or', 'it', 'will', 'get', 'large', 'and', 'mushy', 'from', 'absorbing', 'a', 'lot', 'of', 'the', 'broth', 'if', 'making', 'the', 'soup', 'in', 'advance', 'omit', 'the', 'pasta', 'until', 'you', ""'re"", 'ready', 'to', 'serve', 'then', 'heat', 'the', 'mix', 'and', 'add', 'the', 'pasta', 'as', 'directed']","['large', 'stockpot', 'medium', 'high', 'heat', 'saute', 'meatballs', 'chicken', 'cooked', 'usually', 'start', 'meatballs', 'remove', 'cook', 'chicken', 'fat', 'enough', 'fat', 'saute', 'chicken', 'add', 'appropriate', 'amount', 'olive', 'oil.', 'meatballs', 'chicken', 'finished', 'cooking', 'add', 'garlic', 'red', 'pepper', 'flakes', 'diced', 'red', 'pepper', 'saute', 'medium', 'heat', 'one', 'add', 'chicken', 'broth', 'bring', 'soft', 'boil', 'medium', 'high', 'heat', 'add', 'spinach', 'cooked', 'pasta', 'heat', 'spinach', 'wilts', 'salt', 'pepper', 'taste', 'ladle', 'bowls', 'garnish', 'serving', 'tbls', 'grated', 'cheese', 'may', 'also', 'garnish', 'additional', 'roasted', 'red', 'peppers', 'desired', 'note', 'add', 'pasta', 'right', 'serving', 'get', 'large', 'mushy', 'absorbing', 'lot', 'broth', 'making', 'soup', 'advance', 'omit', 'pasta', 'ready', 'serve', 'heat', 'mix', 'add', 'pasta', 'directed']",Italian
3706,"['thaw', 'frozen', 'puff', 'pastry', 'by', 'bringing', 'to', 'room', 'temperature', 'covered', 'in', 'plastic', 'wrap', 'for', '30', 'minutes', 'preheat', 'oven', 'to', '400', 'and', 'line', 'two', 'baking', 'sheets', 'with', 'parchment', 'paper', 'sprinkle', 'a', 'large', 'cutting', 'surface', 'with', 'flour', 'place', 'puff', 'pastry', 'sheet', 'on', 'top', 'of', 'prepared', 'surface', 'and', 'carefully', 'unfold', 'making', 'a', '9-10', 'inch', 'square', 'brush', 'with', 'beaten', 'egg', 'top', 'with', 'cheese', 'and', 'press', 'into', 'the', 'pastry', 'dough', 'cut', 'the', 'square', 'into', '16', 'strips', 'place', 'strips', '1/2', 'inch', 'apart', 'and', 'bake', 'for', '10', 'minutes', 'grissini', 'should', 'be', 'lightly', 'golden', 'cool', 'for', '15', 'minutes', 'cut', 'each', 'slice', 'of', 'prosciutto', 'into', 'four', 'thin', 'strips', 'and', 'wrap', 'one', 'diagonally', 'around', 'each', 'breadstick', 'serve', 'immediately', 'freezing', 'grissini', 'can', 'be', 'frozen', 'after', 'the', '15-minute', 'cooling', 'period', 'when', 'ready', 'to', 'serve', 'bake', 'at', '350', 'for', '6-8', 'minutes', 'if', 'frozen', 'and', '2-3', 'minutes', 'if', 'thawed']","['thaw', 'frozen', 'puff', 'pastry', 'bringing', 'room', 'temperature', 'covered', 'plastic', 'wrap', 'preheat', 'oven', 'line', 'two', 'baking', 'sheets', 'parchment', 'paper', 'sprinkle', 'large', 'cutting', 'surface', 'flour', 'place', 'puff', 'pastry', 'sheet', 'top', 'prepared', 'surface', 'carefully', 'unfold', 'making', 'square', 'brush', 'beaten', 'egg', 'top', 'cheese', 'press', 'pastry', 'dough', 'cut', 'square', 'strips', 'place', 'strips', 'apart', 'bake', 'grissini', 'lightly', 'golden', 'cool', 'cut', 'slice', 'prosciutto', 'four', 'thin', 'strips', 'wrap', 'one', 'diagonally', 'around', 'breadstick', 'serve', 'immediately', 'freezing', 'grissini', 'frozen', '15', 'minute', 'cooling', 'period', 'ready', 'serve', 'bake', 'frozen', 'thawed']",Italian
10045,"['preheat', 'oven', 'to', '350f', 'and', 'butter', 'a', '13', 'x', '9', ""''"", 'pan', 'combine', 'brown', 'sugar', 'spices', 'salt', 'milk', 'and', 'butter', 'in', 'a', 'large', 'saucepan', 'and', 'mix', 'well', 'bring', 'to', 'a', 'boil', 'gradually', 'add', 'cornmeal', 'stirring', 'occasionally', 'stir', 'in', 'molasses', 'pour', 'mixture', 'into', 'buttered', 'pan', 'bake', 'for', 'an', 'hour', 'and', '15', 'minutes', 'or', 'until', 'pudding', 'is', 'set']","['preheat', 'oven', '350f', 'butter', 'x', ""''"", 'pan', 'combine', 'brown', 'sugar', 'spices', 'salt', 'milk', 'butter', 'large', 'saucepan', 'mix', 'well', 'bring', 'boil', 'gradually', 'add', 'cornmeal', 'stirring', 'occasionally', 'stir', 'molasses', 'pour', 'mixture', 'buttered', 'pan', 'bake', 'pudding', 'set']",Indian
11650,"['pre-heat', 'oven', 'to', '180', 'degrees', 'c.', 'lightly', 'grease', 'a', 'deep', 'ovenproof', 'bowl', 'with', 'a', 'little', 'butter', 'combine', 'butter', 'milk', 'and', 'eggs', 'sift', 'together', 'flour', 'cocoa', 'powder', 'and', 'castor', 'sugar', 'in', 'a', 'bowl', 'make', 'a', 'well', 'in', 'the', 'middle', 'pour', 'combined', 'butter-milk-egg', 'mixture', 'into', 'the', 'well', 'mix', 'with', 'a', 'spoon', 'until', 'the', 'mixture', 'is', 'well', 'combined', 'and', 'smooth', 'do', 'not', 'beat', 'mixture', 'vigorously', 'stir', 'in', 'chopped', 'dates', 'pour', 'mixture', 'into', 'the', 'greased', 'bowl', 'combine', 'water', 'chocolate', 'and', 'milk', 'in', 'a', 'small', 'pan', 'stir', 'over', 'low', 'heat', 'until', 'chocolate', 'melts', 'and', 'is', 'smooth', 'pour', 'gently', 'over', 'the', 'pudding', 'mixture', 'sprinkle', 'chopped', 'walnuts', 'over', 'it', 'bake', 'for', '45', 'minutes-1', 'hour', 'until', 'the', 'pudding', 'is', 'firm', 'serve', 'hot', 'with', 'ice', 'cream', 'and', 'strawberries']","['pre', 'heat', 'oven', 'c.', 'lightly', 'grease', 'deep', 'ovenproof', 'bowl', 'little', 'butter', 'combine', 'butter', 'milk', 'eggs', 'sift', 'together', 'flour', 'cocoa', 'powder', 'castor', 'sugar', 'bowl', 'make', 'well', 'middle', 'pour', 'combined', 'butter', 'milk', 'egg', 'mixture', 'well', 'mix', 'spoon', 'mixture', 'well', 'combined', 'smooth', 'beat', 'mixture', 'vigorously', 'stir', 'chopped', 'dates', 'pour', 'mixture', 'greased', 'bowl', 'combine', 'water', 'chocolate', 'milk', 'small', 'pan', 'stir', 'low', 'heat', 'chocolate', 'melts', 'smooth', 'pour', 'gently', 'pudding', 'mixture', 'sprinkle', 'chopped', 'walnuts', 'bake', 'minutes', '1', 'pudding', 'firm', 'serve', 'hot', 'ice', 'cream', 'strawberries']",Indian
1308,"['bring', 'a', 'large', 'saucepan', 'of', 'salted', 'water', 'to', 'a', 'boil', 'add', 'the', 'pasta', 'and', 'cook', 'according', 'to', 'package', 'directions', 'drain', 'and', 'set', 'aside', 'heat', 'a', 'large', 'saute', 'pan', 'over', 'medium-high', 'add', 'the', 'pork', 'and', 'saute', 'for', '2', 'minutes', 'or', 'until', 'fat', 'begins', 'to', 'render', 'from', 'the', 'meat', 'add', 'the', 'onion', 'celery', 'carrot', 'and', 'garlic', 'saute', 'until', 'the', 'carrots', 'are', 'tender', 'about', '5', 'minutes', 'stir', 'in', 'the', 'five-spice', 'powder', 'and', 'tomatoes', 'bring', 'to', 'a', 'simmer', 'stir', 'in', 'the', 'parmesan', 'then', 'season', 'with', 'salt', 'and', 'pepper', 'stir', 'in', 'a', 'bit', 'of', 'basil', 'add', 'the', 'pasta', 'tossing', 'to', 'coat', 'well', 'serve', 'topped', 'with', 'additional', 'basil']","['bring', 'large', 'saucepan', 'salted', 'water', 'boil', 'add', 'pasta', 'cook', 'according', 'package', 'directions', 'drain', 'set', 'aside', 'heat', 'large', 'saute', 'pan', 'medium', 'high', 'add', 'pork', 'saute', 'fat', 'begins', 'render', 'meat', 'add', 'onion', 'celery', 'carrot', 'garlic', 'saute', 'carrots', 'tender', 'stir', 'five', 'spice', 'powder', 'tomatoes', 'bring', 'simmer', 'stir', 'parmesan', 'season', 'salt', 'pepper', 'stir', 'bit', 'basil', 'add', 'pasta', 'tossing', 'coat', 'well', 'serve', 'topped', 'additional', 'basil']",Italian
706,"['cook', 'pasta', 'as', 'directed', 'on', 'the', 'box', 'but', 'do', ""n't"", 'drain', 'until', 'the', 'sauce', 'is', 'done', 'and', 'your', 'ready', 'to', 'serve', 'drain', 'the', 'water', 'from', 'the', 'two', 'cans', 'of', 'tuna', 'and', 'set', 'aside', 'warm', 'a', 'large', 'skillet', 'over', 'med-low', 'with', 'olive', 'oil', 'once', 'the', 'oil', 'is', 'hot', 'sizzles', 'when', 'you', 'flick', 'water', 'on', 'it', 'add', 'your', 'chopped', 'garlic', 'and', 'onions', 'and', 'saute', 'approx', '4', 'min', 'or', 'until', 'onions', 'caramelize', 'add', 'both', 'cans', 'of', 'tuna', 'to', 'the', 'skillet', 'and', 'allow', 'to', 'brown', 'stirring', 'occasionally', 'with', 'a', 'wooden', 'spoon', 'or', 'similar', 'tool', 'approx', '2', 'min', 'add', 'your', 'spaghetti', 'sauce', 'to', 'the', 'skillet', 'and', 'fold', 'the', 'onions', 'and', 'tuna', 'into', 'the', 'sauce', 'so', 'that', 'it', 'is', 'evenly', 'coated', 'once', 'the', 'sauce', 'begins', 'to', 'bubble', 'turn', 'your', 'flame', 'down', 'to', 'low', 'and', 'cover', 'let', 'simmer', 'for', '2min', 'drain', 'pasta', 'and', 'return', 'to', 'pot', 'add', 'the', 'sauce', 'from', 'the', 'skillet', 'and', 'the', 'parmigiana', 'cheese', 'bon', 'apetite']","['cook', 'pasta', 'directed', 'box', 'drain', 'sauce', 'done', 'ready', 'serve', 'drain', 'water', 'two', 'cans', 'tuna', 'set', 'aside', 'warm', 'large', 'skillet', 'med', 'low', 'olive', 'oil', 'oil', 'hot', 'sizzles', 'flick', 'water', 'add', 'chopped', 'garlic', 'onions', 'saute', 'approx', 'min', 'onions', 'caramelize', 'add', 'cans', 'tuna', 'skillet', 'allow', 'brown', 'stirring', 'occasionally', 'wooden', 'spoon', 'similar', 'tool', 'approx', 'min', 'add', 'spaghetti', 'sauce', 'skillet', 'fold', 'onions', 'tuna', 'sauce', 'evenly', 'coated', 'sauce', 'begins', 'bubble', 'turn', 'flame', 'low', 'cover', 'let', 'simmer', '2min', 'drain', 'pasta', 'return', 'pot', 'add', 'sauce', 'skillet', 'parmigiana', 'cheese', 'bon', 'apetite']",Italian
8842,"['heat', '1', 'tblsp', 'oil', 'in', 'a', 'wok', 'or', 'large', 'heavy', 'frying', 'pan', 'and', 'stir', 'fry', 'the', 'chicken', 'pieces', 'over', 'a', 'medium', 'heat', 'until', 'the', 'meat', 'changes', 'colour', 'about', '2', 'or', '3', 'minutes', 'remove', 'the', 'chicken', 'and', 'set', 'aside.add', 'the', 'rest', 'of', 'the', 'oil', 'to', 'the', 'wok', 'and', 'stir', 'fry', 'the', 'whole', 'dried', 'chilies', 'over', 'a', 'medium', 'heat', 'until', 'they', 'swell', 'add', 'the', 'onions', 'and', 'stir', 'fry', 'until', 'golden', 'brown', 'about', '5', 'minutes', 'turn', 'the', 'heat', 'to', 'low', 'and', 'add', '2', 'tblsp', 'of', 'the', 'curry', 'sauce', 'stir', 'a', 'few', 'times', 'then', 'add', 'the', 'chili', 'powder', 'ground', 'cumin', 'seeds', 'ground', 'coriander', 'seeds', 'and', 'paprika', 'stir', 'fry', 'very', 'gently', 'for', '1', 'minute', 'add', 'the', 'remainder', 'of', 'the', 'curry', 'sauce', 'the', 'chicken', 'pieces', 'and', 'salt', 'and', 'simmer', 'for', '20', 'minutes', 'stirring', 'occasionally', 'add', 'a', 'little', 'hot', 'water', 'if', 'the', 'sauce', 'dries', 'out', 'now', 'add', 'the', 'yoghurt', 'take', 'one', 'tblsp', 'of', 'the', 'yoghurt', 'and', 'add', 'to', 'the', 'curry', 'stir', 'until', 'the', 'yogurt', 'blends', 'inches', 'add', 'a', 'further', 'tablespoon', 'and', 'stir', 'until', 'it', 'blends', 'inches', 'add', 'all', 'the', 'yogurt', 'in', 'this', 'manner', '1', 'tblsp', 'at', 'a', 'time', 'add', 'the', 'crushed', 'fenugreek', 'seeds', 'and', 'simmer', 'for', 'a', 'further', '10', 'minutes', 'or', 'until', 'the', 'chicken', 'is', 'cooked', 'stirring', 'frequently', 'add', 'the', 'garam', 'masala', 'stir', 'for', '30', 'seconds', 'and', 'remove', 'from', 'the', 'heat', 'stir', 'in', 'the', 'shredded', 'coriander', 'leaf', 'and', 'serve', 'with', 'the', 'hard', 'boiled', 'quartered', 'eggs', 'as', 'a', 'variation', 'scrub', 'or', 'peel', 'and', '15', 'mm', 'dice', 'two', 'medium', 'size', 'potatoes', 'and', 'fry', 'in', 'hot', 'oil', 'until', 'brown', 'on', 'all', 'sides', 'about', '10', 'minutes', 'add', 'to', 'the', 'curry', 'before', 'adding', 'the', 'yoghurt']","['heat', 'tblsp', 'oil', 'wok', 'large', 'heavy', 'frying', 'pan', 'stir', 'fry', 'chicken', 'pieces', 'medium', 'heat', 'meat', 'changes', 'colour', 'remove', 'chicken', 'set', 'aside.add', 'rest', 'oil', 'wok', 'stir', 'fry', 'whole', 'dried', 'chilies', 'medium', 'heat', 'swell', 'add', 'onions', 'stir', 'fry', 'golden', 'brown', 'turn', 'heat', 'low', 'add', 'tblsp', 'curry', 'sauce', 'stir', 'times', 'add', 'chili', 'powder', 'ground', 'cumin', 'seeds', 'ground', 'coriander', 'seeds', 'paprika', 'stir', 'fry', 'gently', 'add', 'remainder', 'curry', 'sauce', 'chicken', 'pieces', 'salt', 'simmer', 'stirring', 'occasionally', 'add', 'little', 'hot', 'water', 'sauce', 'dries', 'add', 'yoghurt', 'take', 'one', 'tblsp', 'yoghurt', 'add', 'curry', 'stir', 'yogurt', 'blends', 'add', 'stir', 'blends', 'add', 'yogurt', 'manner', 'tblsp', 'time', 'add', 'crushed', 'fenugreek', 'seeds', 'simmer', 'chicken', 'cooked', 'stirring', 'frequently', 'add', 'garam', 'masala', 'stir', 'seconds', 'remove', 'heat', 'stir', 'shredded', 'coriander', 'leaf', 'serve', 'hard', 'boiled', 'quartered', 'eggs', 'variation', 'scrub', 'peel', 'mm', 'dice', 'two', 'medium', 'size', 'potatoes', 'fry', 'hot', 'oil', 'brown', 'sides', 'add', 'curry', 'adding', 'yoghurt']",Indian
3571,"['preheat', 'oven', 'to', '350', 'degrees', 'brush', 'the', 'cut', 'sides', 'of', 'the', 'rolls', 'with', 'italian', 'dressing', 'layer', 'the', 'bottom', 'halves', 'with', 'meats', 'cheeses', 'onion', 'and', 'tomato', 'replace', 'hoagie', 'tops', 'wrap', 'each', 'sandwich', 'in', 'foil', 'tightly', 'bake', '12-15', 'minutes', 'or', 'until', 'cheese', 'is', 'melted', 'remove', 'foil', 'and', 'serve']","['preheat', 'oven', 'brush', 'cut', 'sides', 'rolls', 'italian', 'dressing', 'layer', 'bottom', 'halves', 'meats', 'cheeses', 'onion', 'tomato', 'replace', 'hoagie', 'tops', 'wrap', 'sandwich', 'foil', 'tightly', 'bake', 'cheese', 'melted', 'remove', 'foil', 'serve']",Italian
8671,"['soak', 'whole', 'black', 'gram', 'dal', 'in', 'water', 'for', '2', 'hours', 'strain', 'the', 'water', 'and', 'grind', 'the', 'dal', 'to', 'a', 'paste', 'sprinkling', 'very', 'little', 'water', 'remove', 'from', 'the', 'grinder', 'to', 'the', 'ground', 'urad', 'dal', 'add', 'rice', 'flour', 'salt', 'and', 'chili', 'powder', 'mix', 'well', 'add', 'little', 'water', 'to', 'make', 'a', 'smooth', 'dough', 'heat', 'oil', 'for', 'deep', 'frying', 'in', 'a', 'heavy', 'bottomed', 'vessel', 'and', 'heat', 'till', 'piping', 'hot', 'reduce', 'flame', 'to', 'medium', 'make', 'very', 'small', 'balls', 'from', 'the', 'dough', 'grease', 'two', 'sheets', 'or', '2', 'small', 'banana', 'leaves', 'place', 'a', 'small', 'ball', 'in', 'between', 'two', 'greased', 'sheets', 'place', 'a', 'small', 'ball', 'on', 'the', 'greased', 'sheet', 'and', 'place', 'the', 'greased', 'side', 'down', 'of', 'the', 'other', 'sheet', 'over', 'the', 'ball', 'lightly', 'flatten', 'the', 'ball', 'using', 'a', 'flat', 'spatula', 'or', 'tumbler', 'remove', 'the', 'flattened', 'dough', 'and', 'place', 'on', 'a', 'plate', 'prepare', 'with', 'rest', 'of', 'the', 'dough', 'and', 'keep', 'aside', 'slowly', 'drop', 'the', 'flattened', 'rounds', 'into', 'the', 'hot', 'oil', 'and', 'cook', 'them', 'on', 'medium', 'flame', 'they', 'will', 'puff', 'up', 'on', 'touching', 'the', 'hot', 'oil', 'fry', 'the', 'chitti', 'budagalu', 'on', 'both', 'sides', 'to', 'a', 'golden', 'brown', 'color', 'deep', 'fry', '8-10', 'budagalu', 'per', 'batch', 'depending', 'on', 'the', 'size', 'of', 'the', 'vessel', 'remove', 'the', 'chitti', 'budagalu', 'onto', 'a', 'serving', 'plate', 'bring', 'to', 'room', 'temperature', 'and', 'store', 'in', 'an', 'air', 'tight', 'container', 'stays', 'fresh', 'upto', '3-4', 'days']","['soak', 'whole', 'black', 'gram', 'dal', 'water', 'strain', 'water', 'grind', 'dal', 'paste', 'sprinkling', 'little', 'water', 'remove', 'grinder', 'ground', 'urad', 'dal', 'add', 'rice', 'flour', 'salt', 'chili', 'powder', 'mix', 'well', 'add', 'little', 'water', 'make', 'smooth', 'dough', 'heat', 'oil', 'deep', 'frying', 'heavy', 'bottomed', 'vessel', 'heat', 'till', 'piping', 'hot', 'reduce', 'flame', 'medium', 'make', 'small', 'balls', 'dough', 'grease', 'two', 'sheets', 'small', 'banana', 'leaves', 'place', 'small', 'ball', 'two', 'greased', 'sheets', 'place', 'small', 'ball', 'greased', 'sheet', 'place', 'greased', 'side', 'sheet', 'ball', 'lightly', 'flatten', 'ball', 'using', 'flat', 'spatula', 'tumbler', 'remove', 'flattened', 'dough', 'place', 'plate', 'prepare', 'rest', 'dough', 'keep', 'aside', 'slowly', 'drop', 'flattened', 'rounds', 'hot', 'oil', 'cook', 'medium', 'flame', 'puff', 'touching', 'hot', 'oil', 'fry', 'chitti', 'budagalu', 'sides', 'golden', 'brown', 'color', 'deep', 'fry', 'budagalu', 'per', 'batch', 'depending', 'size', 'vessel', 'remove', 'chitti', 'budagalu', 'onto', 'serving', 'plate', 'bring', 'room', 'temperature', 'store', 'air', 'tight', 'container', 'stays', 'fresh', 'upto', 'days']",Indian
10353,"['marinate', 'chicken', 'with', 'ginger', 'garlic', 'paste', 'and', 'salt', 'let', 'it', 'sit', 'for', '10-20', 'minutes', 'heat', 'a', 'skillet', 'to', 'medium', 'high', 'and', 'melt', 'the', 'butter', 'add', 'chicken', 'to', 'the', 'pan', 'and', 'cook', 'until', 'no', 'longer', 'pink', 'remove', 'pan', 'from', 'heat', 'and', 'set', 'aside', 'in', 'another', 'pan', 'heat', 'the', 'oil', 'and', 'add', 'cashews', 'sour', 'cream', 'red', 'chili', 'powder', 'tomato', 'sauce', 'and', 'the', 'fried', 'chicken', 'cook', 'on', 'medium', 'low', 'heat', 'until', 'tender', 'and', 'the', 'oil', 'separates', 'from', 'the', 'sauce', 'serve', 'hot', 'over', 'rice', 'enjoy']","['marinate', 'chicken', 'ginger', 'garlic', 'paste', 'salt', 'let', 'sit', 'heat', 'skillet', 'medium', 'high', 'melt', 'butter', 'add', 'chicken', 'pan', 'cook', 'longer', 'pink', 'remove', 'pan', 'heat', 'set', 'aside', 'another', 'pan', 'heat', 'oil', 'add', 'cashews', 'sour', 'cream', 'red', 'chili', 'powder', 'tomato', 'sauce', 'fried', 'chicken', 'cook', 'medium', 'low', 'heat', 'tender', 'oil', 'separates', 'sauce', 'serve', 'hot', 'rice', 'enjoy']",Indian
8754,"['cut', 'chicken', 'wings', 'between', 'joints', 'this', 'will', 'make', 'them', 'nibble', 'size', 'wash', 'chicken', 'nibble', 'throughly', 'and', 'let', 'it', 'dry', 'in', 'a', 'seive', 'in', 'large', 'bowl', 'mix', 'flour', 'salt', 'cayenne', 'pepper', 'garlic', 'powder', 'add', 'chicken', 'nibble', 'and', 'with', 'hand', 'mix', 'well', 'ensuring', 'nibbles', 'are', 'well', 'evevnly', 'and', 'well', 'coated', 'in', 'a', 'wok', 'heat', 'enough', 'oil', 'to', 'deep', 'fry', 'nibbles', 'when', 'oil', 'is', 'hot', 'put', 'enough', 'nibbles', 'do', 'not', 'over', 'crowd', 'every', 'few', 'minutes', 'stir', 'the', 'chicken', 'so', 'that', 'it', 'cooks', 'evenly', 'cook', 'for', 'about', '6-8', 'minutes', 'till', 'it', 'is', 'lightly', 'golden', 'take', 'out', 'leave', 'aside', 'in', 'a', 'bowl', 'once', 'all', 'chicken', 'is', 'cooked', 'drain', 'oil', 'from', 'wok', 'and', 'clean', 'with', 'paper', 'towel', 'curry', 'sauce', 'on', 'medium', 'heat', 'place', 'wok', 'add', 'butter', 'once', 'its', 'little', 'soft', 'add', 'all', 'ingredients', 'except', 'corrindar', 'stir', 'well', 'on', 'low/medium', 'heat', 'for', 'a', 'minute', 'taste', 'for', 'salt', 'and', 'chilli', 'hotness', 'adjust', 'accordingly', 'now', 'add', 'chopped', 'orriandar', 'and', 'stir', 'for', 'another', 'minute', 'add', 'cooked', 'nibbles', 'to', 'the', 'curry', 'sauce', 'and', 'mix', 'well', 'on', 'low', 'heat', 'for', 'a', 'minute', 'keep', 'stirring', 'until', 'nibbles', 'is', 'well', 'coated', 'ready', 'to', 'serve']","['cut', 'chicken', 'wings', 'joints', 'make', 'nibble', 'size', 'wash', 'chicken', 'nibble', 'throughly', 'let', 'dry', 'seive', 'large', 'bowl', 'mix', 'flour', 'salt', 'cayenne', 'pepper', 'garlic', 'powder', 'add', 'chicken', 'nibble', 'hand', 'mix', 'well', 'ensuring', 'nibbles', 'well', 'evevnly', 'well', 'coated', 'wok', 'heat', 'enough', 'oil', 'deep', 'fry', 'nibbles', 'oil', 'hot', 'put', 'enough', 'nibbles', 'crowd', 'every', 'stir', 'chicken', 'cooks', 'evenly', 'cook', 'till', 'lightly', 'golden', 'take', 'leave', 'aside', 'bowl', 'chicken', 'cooked', 'drain', 'oil', 'wok', 'clean', 'paper', 'towel', 'curry', 'sauce', 'medium', 'heat', 'place', 'wok', 'add', 'butter', 'little', 'soft', 'add', 'ingredients', 'except', 'corrindar', 'stir', 'well', 'low/medium', 'heat', 'taste', 'salt', 'chilli', 'hotness', 'adjust', 'accordingly', 'add', 'chopped', 'orriandar', 'stir', 'another', 'add', 'cooked', 'nibbles', 'curry', 'sauce', 'mix', 'well', 'low', 'heat', 'keep', 'stirring', 'nibbles', 'well', 'coated', 'ready', 'serve']",Indian
4568,"['heat', 'oil', 'in', 'a', 'dutch', 'oven', 'add', 'onions', 'garlic', 'chili', 'italian', 'herbs', 'fennel', 'salt', 'red', 'and', 'black', 'pepper', 'and', 'cook', '1', 'minute', 'over', 'medium', 'high', 'heat', 'stir', 'in', 'wine', 'and', 'mushrooms', 'and', 'cook', '2', 'minutes', 'or', 'until', 'mushrooms', 'have', 'softened', 'add', 'tomatoes', 'and', 'beans', 'bring', 'to', 'a', 'boil', 'reduce', 'heat', 'and', 'simmer', '15', 'minutes', 'or', 'until', 'the', 'pan', 'liquid', 'has', 'reduced', 'somewhat', 'if', 'desired', 'garnish', 'with', 'cheese', 'and', 'parsley', 'before', 'serving']","['heat', 'oil', 'dutch', 'oven', 'add', 'onions', 'garlic', 'chili', 'italian', 'herbs', 'fennel', 'salt', 'red', 'black', 'pepper', 'cook', 'medium', 'high', 'heat', 'stir', 'wine', 'mushrooms', 'cook', 'mushrooms', 'softened', 'add', 'tomatoes', 'beans', 'bring', 'boil', 'reduce', 'heat', 'simmer', 'pan', 'liquid', 'reduced', 'somewhat', 'desired', 'garnish', 'cheese', 'parsley', 'serving']",Italian
2782,"['sauté', 'bacon', 'until', 'fat', 'is', 'rendered', 'drain', 'fat', 'add', 'ground', 'chicken', 'beef', 'and', 'sausage', 'brown', 'and', 'drain', 'fat', 'add', 'onion', 'celery', 'carrot', 'zucchini', 'and', 'garlic', 'sauté', 'until', 'onion', 'is', 'clear', 'add', 'tomatoes', 'tomato', 'sauce', 'tomato', 'paste', 'red', 'wine', 'rosemary', 'and', 'nutmeg', 'simmer', '45', 'minutes', 'add', 'sauterne', 'or', 'marsala', 'simmer', '10', 'minutes', 'add', 'evaporated', 'milk', 'to', 'smooth', 'out', 'sauce', 'serve', 'over', 'hot', 'cooked', 'penne', 'pasta']","['sauté', 'bacon', 'fat', 'rendered', 'drain', 'fat', 'add', 'ground', 'chicken', 'beef', 'sausage', 'brown', 'drain', 'fat', 'add', 'onion', 'celery', 'carrot', 'zucchini', 'garlic', 'sauté', 'onion', 'clear', 'add', 'tomatoes', 'tomato', 'sauce', 'tomato', 'paste', 'red', 'wine', 'rosemary', 'nutmeg', 'simmer', 'add', 'sauterne', 'marsala', 'simmer', 'add', 'evaporated', 'milk', 'smooth', 'sauce', 'serve', 'hot', 'cooked', 'penne', 'pasta']",Italian
7821,"['heat', 'oil', 'and', 'add', 'cumin', 'seeds', 'and', 'asafetida', 'powder', 'let', 'it', 'sizzle', 'for', 'about', '30', 'seconds', 'add', 'in', 'the', 'tomatoes', 'turmeric', 'chilli', 'salt', 'and', 'coriander', 'powder', 'and', 'fry', 'for', '30', 'seconds', 'add', 'your', 'potatoes', 'in', 'and', 'fry', 'for', '2', 'minutes', 'add', 'in', 'water', 'bring', 'to', 'a', 'boil', 'lower', 'to', 'a', 'simmer', 'and', 'cook', 'covered', 'for', 'about', '10', 'minutes', 'stir', 'in', 'mushrooms', 'and', 'garam', 'masala', 'stir', 'well', 'for', '1', 'min', 'and', 'cover', 'for', 'around', 'another', '5', 'minutes', 'serve']","['heat', 'oil', 'add', 'cumin', 'seeds', 'asafetida', 'powder', 'let', 'sizzle', 'seconds', 'add', 'tomatoes', 'turmeric', 'chilli', 'salt', 'coriander', 'powder', 'fry', 'seconds', 'add', 'potatoes', 'fry', 'add', 'water', 'bring', 'boil', 'lower', 'simmer', 'cook', 'covered', 'stir', 'mushrooms', 'garam', 'masala', 'stir', 'well', 'min', 'cover', 'around', 'another', 'serve']",Indian
10609,"['put', 'the', 'berries', 'and', 'honey', 'in', 'a', 'blender', 'process', 'to', 'get', 'a', 'thin', 'paste', 'refrigerate', 'everyday', 'take', '1', 'teaspoons', 'of', 'paste', 'and', 'apply', 'on', 'your', 'face', 'remember', 'to', 'wash', 'face', 'with', 'cool', 'water', 'and', 'dry', 'with', 'a', 'clean', 'towel', 'before', 'you', 'apply', 'paste', 'allow', 'paste', 'to', 'stay', 'on', 'face', 'for', 'an', 'hour', 'apply', 'under', 'eyes', 'as', 'well', 'but', 'alongwith', 'some', 'cold', 'nivea', 'cream', 'or', 'canned', 'cream', 'or', 'himalaya', 'nourishing', 'cream', 'repeat', 'for', 'atleast', '3', 'months', 'for', 'best', 'results', 'also', 'make', 'sure', 'you', 'drink', 'atleast', '10-12', 'glasses', 'of', 'water', 'and', 'sleep', 'for', '8-10', 'hours', 'daily']","['put', 'berries', 'honey', 'blender', 'process', 'get', 'thin', 'paste', 'refrigerate', 'everyday', 'take', 'paste', 'apply', 'face', 'remember', 'wash', 'face', 'cool', 'water', 'dry', 'clean', 'towel', 'apply', 'paste', 'allow', 'paste', 'stay', 'face', 'apply', 'eyes', 'well', 'alongwith', 'cold', 'nivea', 'cream', 'canned', 'cream', 'himalaya', 'nourishing', 'cream', 'repeat', 'atleast', 'months', 'best', 'results', 'also', 'make', 'sure', 'drink', 'atleast', 'glasses', 'water', 'sleep', 'daily']",Indian
7463,"['bake', 'the', 'bread', 'cubes', 'in', 'a', '350f', 'oven', 'for', '10', 'minutes', 'or', 'until', 'lightly', 'toasted', 'beat', 'eggs', 'one', 'at', 'a', 'time', 'in', 'a', 'large', 'bowl', 'add', 'sugar', 'and', 'cream', 'well', 'mix', 'in', 'nutmeg', 'milk', 'half', 'and', 'half', 'and', 'essence', 'add', 'toasted', 'bread', 'cubes', 'and', 'grapes', 'mix', 'well', 'spoon', 'bread', 'mixture', 'into', 'a', 'lightly', 'buttered', '2', 'quart', 'baking', 'dish', 'sprinkle', 'almonds', 'and', 'drizzle', 'butter', 'over', 'the', 'top', 'bake', 'at', '350f', 'for', '35', 'minutes', 'or', 'until', 'the', 'top', 'is', 'golden', 'and', 'a', 'knife', 'inserted', 'in', 'the', 'center', 'comes', 'out', 'clean', 'serve', 'warm', 'note', '2', 'cups', 'milk', 'or', '2', 'cups', 'half', 'and', 'half', 'may', 'be', 'substituted', 'for', '1', 'cup', 'each']","['bake', 'bread', 'cubes', '350f', 'oven', 'lightly', 'toasted', 'beat', 'eggs', 'one', 'time', 'large', 'bowl', 'add', 'sugar', 'cream', 'well', 'mix', 'nutmeg', 'milk', 'half', 'half', 'essence', 'add', 'toasted', 'bread', 'cubes', 'grapes', 'mix', 'well', 'spoon', 'bread', 'mixture', 'lightly', 'buttered', 'baking', 'dish', 'sprinkle', 'almonds', 'drizzle', 'butter', 'top', 'bake', '350f', 'top', 'golden', 'knife', 'inserted', 'center', 'comes', 'clean', 'serve', 'warm', 'note', 'milk', 'half', 'half', 'may', 'substituted']",Indian
3984,"['cook', 'the', 'pasta', 'in', 'a', 'saucepan', 'of', 'boiling', 'salted', 'water', 'drain', 'well', 'meanwhile', 'heat', 'the', 'oil', 'in', 'a', 'large', 'saucepan', 'and', 'sauté', 'the', 'garlic', 'and', 'onion', 'for', '1', 'minute', 'add', 'the', 'sliced', 'mushrooms', 'and', 'cook', 'for', '2', 'more', 'minutes', 'add', 'the', 'spinach', 'and', 'cook', 'for', '4-5', 'minutes', 'or', 'until', 'the', 'spinach', 'has', 'wilted', 'stir', 'in', 'the', 'pine', 'nuts', 'and', 'wine', 'season', 'with', 'salt', 'and', 'pepper', 'cook', 'for', '1', 'more', 'minute', 'transfer', 'the', 'pasta', 'to', 'a', 'serving', 'bowl', 'and', 'toss', 'with', 'the', 'sauce', 'garnish', 'with', 'shavings', 'of', 'parmesan', 'cheese', 'and', 'serve']","['cook', 'pasta', 'saucepan', 'boiling', 'salted', 'water', 'drain', 'well', 'meanwhile', 'heat', 'oil', 'large', 'saucepan', 'sauté', 'garlic', 'onion', 'add', 'sliced', 'mushrooms', 'cook', 'add', 'spinach', 'cook', 'spinach', 'wilted', 'stir', 'pine', 'nuts', 'wine', 'season', 'salt', 'pepper', 'cook', 'transfer', 'pasta', 'serving', 'bowl', 'toss', 'sauce', 'garnish', 'shavings', 'parmesan', 'cheese', 'serve']",Italian
121,"['fill', 'a', 'glass', 'with', 'ice', 'cubes', 'then', 'pour', 'juice', 'over', 'ice', 'top', 'off', 'with', 'club', 'soda', 'and', 'stir', 'well', 'garnish', 'with', 'fresh', 'fruit', 'if', 'desired', 'and', 'serve', 'immediately', 'enjoy']","['fill', 'glass', 'ice', 'cubes', 'pour', 'juice', 'ice', 'top', 'club', 'soda', 'stir', 'well', 'garnish', 'fresh', 'fruit', 'desired', 'serve', 'immediately', 'enjoy']",Italian
4127,"['wash', 'rice', 'under', 'cold', 'water', 'add', 'milk', 'to', 'saucepan', 'and', 'add', 'sugar', 'and', 'vanilla', 'essence', 'bring', 'to', 'boil', 'then', 'reduce', 'to', 'a', 'gentle', 'simmer', 'until', 'liquid', 'is', 'absorbed', 'stir', 'frequently', 'to', 'avoid', 'sticking', 'rice', 'to', 'bottom', 'of', 'pan', 'remove', 'from', 'heat', 'and', 'stir', 'in', 'butter', 'and', 'egg', 'yolks', 'quickly', 'place', 'in', 'refrigerator', 'when', 'chilled', 'add', 'cream', 'whipped', 'to', 'a', 'medium', 'peak', 'blend', 'completely', 'and', 'spoon', 'into', 'greased', 'cylindrical-shaped', 'moulds', 'place', 'in', 'refrigerator', 'for', 'at', 'least', 'six', '6', 'hours', 'but', 'overnight', 'a', 'day', 'ahead', 'brings', 'best', 'results', 'serve', 'by', 'gently', 'pushing', 'through', 'mould', 'onto', 'serving', 'plate', 'with', 'a', 'small', 'amount', 'of', 'any', 'fruit', 'you', 'like']","['wash', 'rice', 'cold', 'water', 'add', 'milk', 'saucepan', 'add', 'sugar', 'vanilla', 'essence', 'bring', 'boil', 'reduce', 'gentle', 'simmer', 'liquid', 'absorbed', 'stir', 'frequently', 'avoid', 'sticking', 'rice', 'bottom', 'pan', 'remove', 'heat', 'stir', 'butter', 'egg', 'yolks', 'quickly', 'place', 'refrigerator', 'chilled', 'add', 'cream', 'whipped', 'medium', 'peak', 'blend', 'completely', 'spoon', 'greased', 'cylindrical', 'shaped', 'moulds', 'place', 'refrigerator', 'least', 'six', 'overnight', 'day', 'ahead', 'brings', 'best', 'results', 'serve', 'gently', 'pushing', 'mould', 'onto', 'serving', 'plate', 'small', 'amount', 'fruit', 'like']",Italian
12090,"['put', 'the', 'potato', 'cauliflower', 'and', 'onion', 'in', 'a', 'large', 'sauce', 'pot', 'with', 'the', 'oil', 'and', '3', 'tablespoons', 'of', 'water', 'heat', 'until', 'hot', 'and', 'bubbling', 'then', 'cover', 'and', 'turn', 'the', 'heat', 'down', 'cook', 'for', 'about', 'ten', 'minutes', 'add', 'the', 'garlic', 'ginger', 'and', 'spices', 'stir', 'well', 'and', 'cook', 'for', 'another', 'two', 'minutes', 'stirring', 'occasionally', 'pour', 'in', 'the', 'vegetable', 'stock', 'and', 'season', 'well', 'bring', 'to', 'a', 'boil', 'then', 'cover', 'and', 'simmer', 'for', 'about', '20', 'minutes', 'stir', 'in', 'the', 'yogurt', 'adjust', 'seasonings', 'again', 'if', 'needed', 'serve', 'with', 'cilantro']","['put', 'potato', 'cauliflower', 'onion', 'large', 'sauce', 'pot', 'oil', 'water', 'heat', 'hot', 'bubbling', 'cover', 'turn', 'heat', 'cook', 'ten', 'add', 'garlic', 'ginger', 'spices', 'stir', 'well', 'cook', 'another', 'two', 'stirring', 'occasionally', 'pour', 'vegetable', 'stock', 'season', 'well', 'bring', 'boil', 'cover', 'simmer', 'stir', 'yogurt', 'adjust', 'seasonings', 'needed', 'serve', 'cilantro']",Indian
10523,"['cut', 'pork', 'into', 'cubes', 'and', 'marinate', 'in', 'turmeric', 'chilli', 'salt', 'and', 'vinager', 'overnight', 'fry', 'onions', 'in', 'oil', 'till', 'brown', 'fry', 'ginger', 'and', 'garlic', 'add', 'coriander', 'add', 'meat', 'and', 'marinade', 'and', 'cook', 'on', 'low', 'heat', 'till', 'tender', 'and', 'only', 'oil', 'remains', 'bottle', 'when', 'cool', 'keep', 'in', 'fridge', 'and', 'eat', 'within', '60', 'days', 'let', 'mature', 'for', 'a.', 'week', 'after', 'cooking', 'before', 'eating']","['cut', 'pork', 'cubes', 'marinate', 'turmeric', 'chilli', 'salt', 'vinager', 'overnight', 'fry', 'onions', 'oil', 'till', 'brown', 'fry', 'ginger', 'garlic', 'add', 'coriander', 'add', 'meat', 'marinade', 'cook', 'low', 'heat', 'till', 'tender', 'oil', 'remains', 'bottle', 'cool', 'keep', 'fridge', 'eat', 'within', 'days', 'let', 'mature', 'a.', 'week', 'cooking', 'eating']",Indian
6786,"['in', 'a', 'pan', 'heat', 'the', 'oil', 'and', 'crackle', 'the', 'mustard', 'throw', 'in', 'the', 'curry', 'leaves', 'and', 'let', 'it', 'splutter', 'for', '2/3', 'seconds', 'add', 'the', 'ginger-garlic', 'paste', 'turmeric', 'powder', 'coriander', 'powder', 'sugar', 'and', 'salt', 'stir', 'add', 'to', 'this', 'the', 'washed', 'cabbages', 'and', 'potatoes', 'close', 'the', 'lid', 'and', 'let', 'it', 'cook', 'for', '15', 'to', '20', 'minutes', 'while', 'stirring', 'once', 'to', 'avoid', 'burning', 'cook', 'until', 'the', 'potatoes', 'are', 'done', 'serve', 'hot', 'with', 'chappatis']","['pan', 'heat', 'oil', 'crackle', 'mustard', 'throw', 'curry', 'leaves', 'let', 'splutter', 'seconds', 'add', 'ginger', 'garlic', 'paste', 'turmeric', 'powder', 'coriander', 'powder', 'sugar', 'salt', 'stir', 'add', 'washed', 'cabbages', 'potatoes', 'close', 'lid', 'let', 'cook', 'stirring', 'avoid', 'burning', 'cook', 'potatoes', 'done', 'serve', 'hot', 'chappatis']",Indian
12480,"['combine', 'first', '6', 'ingredients', 'into', 'slow', 'cooker', 'mix', 'spices', 'and', 'sprinkle', 'over', 'the', 'food', 'add', 'tomatoes', 'cover', 'and', 'cook', 'on', 'high', '4', 'hours']","['combine', 'first', 'ingredients', 'slow', 'cooker', 'mix', 'spices', 'sprinkle', 'food', 'add', 'tomatoes', 'cover', 'cook', 'high']",Indian
2890,"['cook', 'pasta', 'according', 'to', 'package', 'directions', 'meanwhile', 'heat', 'olive', 'oil', 'in', 'a', 'large', 'skillet', 'over', 'medium-high', 'heat', 'saute', 'garlic', 'until', 'lightly', 'browned', 'add', 'wine', 'tomatoes', 'clams', 'and', 'their', 'liquid', 'bring', 'to', 'a', 'simmer', 'add', 'basil', 'oregano', 'red', 'pepper', 'flakes', 'black', 'pepper', 'and', 'capers', 'stir', 'in', 'roasted', 'tomato', 'puree', 'cook', 'at', 'a', 'simmer', 'until', 'flavors', 'blend', 'and', 'sauce', 'is', 'heated', 'through', 'about', '10', 'minutes', 'toss', 'with', 'hot', 'pasta', 'and', 'serve', 'with', 'fresh', 'parmesan', 'if', 'desired']","['cook', 'pasta', 'according', 'package', 'directions', 'meanwhile', 'heat', 'olive', 'oil', 'large', 'skillet', 'medium', 'high', 'heat', 'saute', 'garlic', 'lightly', 'browned', 'add', 'wine', 'tomatoes', 'clams', 'liquid', 'bring', 'simmer', 'add', 'basil', 'oregano', 'red', 'pepper', 'flakes', 'black', 'pepper', 'capers', 'stir', 'roasted', 'tomato', 'puree', 'cook', 'simmer', 'flavors', 'blend', 'sauce', 'heated', 'toss', 'hot', 'pasta', 'serve', 'fresh', 'parmesan', 'desired']",Italian
3503,"['prepare', 'pasta', 'according', 'to', 'directions', 'on', 'package', 'add', 'asparagus', 'one', 'or', 'two', 'minutes', 'before', 'fully', 'cooked', 'drain', 'place', 'pasta', 'asparagus', 'and', 'chicken', 'in', 'a', '13', ""''"", 'x9', ""''"", 'baking', 'pan', 'mix', 'in', 'remaining', 'ingredients', 'broil', 'for', '5', 'minutes', 'or', 'until', 'top', 'is', 'crispy']","['prepare', 'pasta', 'according', 'directions', 'package', 'add', 'asparagus', 'one', 'two', 'fully', 'cooked', 'drain', 'place', 'pasta', 'asparagus', 'chicken', ""''"", 'x9', ""''"", 'baking', 'pan', 'mix', 'remaining', 'ingredients', 'broil', 'top', 'crispy']",Italian
12098,"['in', 'a', 'saucepan', 'over', 'medium', 'heat', 'bring', 'the', 'vinegar', 'and', 'brown', 'sugar', 'to', 'a', 'low', 'boil', 'whisk', 'until', 'the', 'sugar', 'is', 'dissolved', 'and', 'reduce', 'by', 'half', 'to', 'produce', 'a', 'syrup', 'reduce', 'the', 'heat', 'to', 'low', 'and', 'stir', 'in', 'the', 'pre-heated', 'beef', 'broth', 'i', 'do', 'this', 'in', 'the', 'microwave', 'until', 'it', ""'s"", 'about', '110', 'degrees', 'f.', 'then', 'stir', 'in', 'the', 'tamarind', 'paste', 'garlic', 'and', 'the', 'ginger', 'allow', 'to', 'reduce', 'just', 'a', 'little', 'and', 'then', 'strain', 'the', 'sauce', 'into', 'a', 'serving', 'bowl', 'note', 'tamarind', 'sauce', 'can', 'be', 'obtained', 'at', 'an', 'ethnic', 'grocer', 'some', 'sell', 'online']","['saucepan', 'medium', 'heat', 'bring', 'vinegar', 'brown', 'sugar', 'low', 'boil', 'whisk', 'sugar', 'dissolved', 'reduce', 'half', 'produce', 'syrup', 'reduce', 'heat', 'low', 'stir', 'pre', 'heated', 'beef', 'broth', 'microwave', 'f.', 'stir', 'tamarind', 'paste', 'garlic', 'ginger', 'allow', 'reduce', 'little', 'strain', 'sauce', 'serving', 'bowl', 'note', 'tamarind', 'sauce', 'obtained', 'ethnic', 'grocer', 'sell', 'online']",Indian
7915,"['grease', 'a', '9', 'inch', 'square', 'baking', 'pan', 'in', 'a', 'large', 'microwave', 'safe', 'bowl', 'combine', 'coconut', 'condensed', 'milk', 'and', 'sugar', 'mix', 'well', 'and', 'heat', 'in', 'microwave', 'on', 'high', '7', 'minutes', 'stopping', 'oven', 'to', 'stir', 'the', 'mixture', 'every', '30', 'seconds', 'the', 'mixture', 'will', 'reach', 'a', 'fudge-like', 'consistency', 'pour', 'into', 'a', 'prepared', 'pan', 'spreading', 'it', 'in', 'an', 'even', 'layer', 'allow', 'to', 'cool', 'around', '45', 'minutes', 'and', 'then', 'garnish', 'with', 'almonds', 'use', 'a', 'plastic', 'knife', 'to', 'cut', 'into', 'squares', 'or', 'cut', 'into', 'shapes', 'using', 'cookie', 'cutters']","['grease', 'square', 'baking', 'pan', 'large', 'microwave', 'safe', 'bowl', 'combine', 'coconut', 'condensed', 'milk', 'sugar', 'mix', 'well', 'heat', 'microwave', 'high', 'stopping', 'oven', 'stir', 'mixture', 'every', 'seconds', 'mixture', 'reach', 'fudge', 'like', 'consistency', 'pour', 'prepared', 'pan', 'spreading', 'even', 'layer', 'allow', 'cool', 'around', 'garnish', 'almonds', 'use', 'plastic', 'knife', 'cut', 'squares', 'cut', 'shapes', 'using', 'cookie', 'cutters']",Indian
11283,"['stir', 'together', 'the', 'yogurt', 'gram', 'flour', 'and', 'the', 'water', 'puree', 'the', 'ginger', 'with', 'the', 'chilli', 'boil', 'the', 'yogurt', 'mixture', 'in', 'a', 'pot', 'and', 'add', 'the', 'ginger/chilli', 'puree', 'sugar', 'and', 'salt', 'stir', 'well', 'add', 'the', 'okra', 'and', 'reduce', 'the', 'heat', 'in', 'another', 'pan', 'melt', 'the', 'ghee', 'and', 'fry', 'the', 'cloves', 'fenugreek', 'and', 'cumin', 'seeds', 'for', '1', 'minute', 'add', 'this', 'to', 'the', 'pan', 'with', 'the', 'okra', 'and', 'stir', 'the', 'curry', 'leaves', 'inches', 'cook', 'on', 'low', 'heat', 'for', '20', 'mins', 'till', 'okra', 'is', 'tender']","['stir', 'together', 'yogurt', 'gram', 'flour', 'water', 'puree', 'ginger', 'chilli', 'boil', 'yogurt', 'mixture', 'pot', 'add', 'ginger/chilli', 'puree', 'sugar', 'salt', 'stir', 'well', 'add', 'okra', 'reduce', 'heat', 'another', 'pan', 'melt', 'ghee', 'fry', 'cloves', 'fenugreek', 'cumin', 'seeds', 'add', 'pan', 'okra', 'stir', 'curry', 'leaves', 'cook', 'low', 'heat', 'mins', 'till', 'okra', 'tender']",Indian
1476,"['heat', '1', 'tbsp', 'oil', 'in', 'a', 'pan', 'add', 'the', 'mushrooms', 'then', 'fry', 'over', 'a', 'high', 'heat', 'for', '3', 'mins', 'until', 'golden', 'and', 'softened', 'add', 'the', 'garlic', 'fry', 'for', '1', 'min', 'more', 'then', 'tip', 'into', 'a', 'bowl', 'with', 'the', 'parsley', 'add', 'the', 'onion', 'and', 'celery', 'to', 'the', 'pan', 'with', 'the', 'rest', 'of', 'the', 'oil', 'then', 'fry', 'for', '5', 'mins', 'until', 'lightly', 'coloured', 'stir', 'in', 'the', 'tomatoes', 'chili', 'and', 'a', 'little', 'salt', 'then', 'bring', 'to', 'the', 'boil', 'reduce', 'the', 'heat', 'and', 'simmer', 'uncovered', 'for', '10', 'mins', 'until', 'thickened', 'meanwhile', 'boil', 'the', 'spaghetti', 'then', 'drain', 'toss', 'with', 'the', 'sauce', 'top', 'with', 'the', 'garlicky', 'mushrooms', 'then', 'serve']","['heat', 'oil', 'pan', 'add', 'mushrooms', 'fry', 'high', 'heat', 'mins', 'golden', 'softened', 'add', 'garlic', 'fry', 'min', 'tip', 'bowl', 'parsley', 'add', 'onion', 'celery', 'pan', 'rest', 'oil', 'fry', 'mins', 'lightly', 'coloured', 'stir', 'tomatoes', 'chili', 'little', 'salt', 'bring', 'boil', 'reduce', 'heat', 'simmer', 'uncovered', 'mins', 'thickened', 'meanwhile', 'boil', 'spaghetti', 'drain', 'toss', 'sauce', 'top', 'garlicky', 'mushrooms', 'serve']",Italian
2577,"['in', 'a', 'medium', 'bowl', 'whisk', 'the', 'eggs', 'stir', 'breadcrumbs', 'and', 'cheese', 'into', 'the', 'eggs', 'to', 'create', 'a', 'pancake', 'batter', 'consistency', 'bring', 'the', 'stock', 'to', 'a', 'boil', 'and', 'add', 'chicken', 'if', 'desired', 'stir', 'in', 'the', 'egg', 'batter', 'in', 'a', 'slow', 'steady', 'stream', 'the', 'batter', 'will', 'form', 'fine', 'light', 'flakes', 'simmer', 'the', 'soup', 'for', '5', 'minutes']","['medium', 'bowl', 'whisk', 'eggs', 'stir', 'breadcrumbs', 'cheese', 'eggs', 'create', 'pancake', 'batter', 'consistency', 'bring', 'stock', 'boil', 'add', 'chicken', 'desired', 'stir', 'egg', 'batter', 'slow', 'steady', 'stream', 'batter', 'form', 'fine', 'light', 'flakes', 'simmer', 'soup']",Italian
1624,"['pour', 'water', 'over', 'mushrooms', 'in', 'small', 'bowl', 'cover', 'and', 'soak', 'until', 'soft', 'about', '30', 'minutes', 'strain', 'soaking', 'liquid', 'through', 'fine', 'sieve', 'reserving', 'soaking', 'liquid', 'rinse', 'mushoorms', 'cut', 'out', 'any', 'tough', 'stems', 'pat', 'chicken', 'dry', 'sprinkle', 'with', 'salt', 'and', 'pepper', 'melt', 'butter', 'with', 'oil', 'in', 'heavy', 'dutch', 'oven', 'over', 'medium-high', 'heat', 'add', 'chicke', 'and', 'brown', 'on', 'all', 'sides', 'transfer', 'to', 'plate', 'pierce', 'sausages', 'with', 'fork', 'add', 'to', 'dutch', 'oven', 'reduce', 'heat', 'to', 'medium', 'and', 'cook', 'until', 'brown', 'on', 'all', 'sides', 'add', 'to', 'chicken', 'add', 'coppa', 'to', 'dutch', 'oven', 'and', 'stir', '2', 'minutes', 'add', 'leeks', 'onion', 'carrot', 'and', 'celery', 'reduce', 'heat', 'to', 'low', 'and', 'cook', 'until', 'vegetables', 'soften', 'stirring', 'occasionally', 'about', '15', 'minutes', 'add', 'garlic', 'and', 'cook', '2', 'minutes', 'stirring', 'occasionally', 'add', 'wine', 'increase', 'heat', 'and', 'boil', 'until', 'almost', 'evaporated', 'add', 'mushrooms', 'and', 'soaking', 'liquid', 'tomatoes', 'stock', 'and', 'tomato', 'paste', 'bring', 'to', 'a', 'boil', 'add', '2', 'tablespoons', 'fresh', 'basil', 'and', 'oregano', 'reduce', 'heat', 'and', 'simmer', '15', 'minutes', 'return', 'chicken', 'and', 'sausages', 'to', 'dutch', 'oven', 'simmer', 'until', 'chicken', 'is', 'tender', 'and', 'sausages', 'are', 'cook', 'through', 'about', '25', 'minutes', 'transfer', 'chicken', 'and', 'sausages', 'to', 'heated', 'plate', 'tent', 'with', 'aluminum', 'foil', 'to', 'keep', 'warm', 'boil', 'sauce', 'until', 'thick', 'enought', 'to', 'coat', 'spoon', 'stirring', 'frequently', 'about', '20', 'minutes', 'season', 'with', 'salt', 'and', 'pepper', 'degrease', 'sauce', 'spoon', 'polenta', 'onto', 'large', 'platter', 'top', 'with', 'chicken', 'and', 'sausage', 'spoon', 'some', 'sauce', 'over', 'garnish', 'with', '1', 'tablespoon', 'fresh', 'basil', 'serve', 'passing', 'remaining', 'sauce', 'separately', 'classic', 'polenta', 'bring', 'stock', 'and', 'salt', 'to', 'boil', 'in', 'heavy', '4', 'quart', 'saucepan', 'add', 'polenta', 'in', 'very', 'thin', 'stream', 'stirring', 'constantly', 'reduce', 'heat', 'and', 'simmer', 'until', 'polenta', 'is', 'consistency', 'of', 'thick', 'oatmeal', 'stirring', 'frequently', 'about', '30', 'minutes', 'mix', 'in', 'butter', 'servce', 'immediately']","['pour', 'water', 'mushrooms', 'small', 'bowl', 'cover', 'soak', 'soft', 'strain', 'soaking', 'liquid', 'fine', 'sieve', 'reserving', 'soaking', 'liquid', 'rinse', 'mushoorms', 'cut', 'tough', 'stems', 'pat', 'chicken', 'dry', 'sprinkle', 'salt', 'pepper', 'melt', 'butter', 'oil', 'heavy', 'dutch', 'oven', 'medium', 'high', 'heat', 'add', 'chicke', 'brown', 'sides', 'transfer', 'plate', 'pierce', 'sausages', 'fork', 'add', 'dutch', 'oven', 'reduce', 'heat', 'medium', 'cook', 'brown', 'sides', 'add', 'chicken', 'add', 'coppa', 'dutch', 'oven', 'stir', 'add', 'leeks', 'onion', 'carrot', 'celery', 'reduce', 'heat', 'low', 'cook', 'vegetables', 'soften', 'stirring', 'occasionally', 'add', 'garlic', 'cook', 'stirring', 'occasionally', 'add', 'wine', 'increase', 'heat', 'boil', 'almost', 'evaporated', 'add', 'mushrooms', 'soaking', 'liquid', 'tomatoes', 'stock', 'tomato', 'paste', 'bring', 'boil', 'add', 'fresh', 'basil', 'oregano', 'reduce', 'heat', 'simmer', 'return', 'chicken', 'sausages', 'dutch', 'oven', 'simmer', 'chicken', 'tender', 'sausages', 'cook', 'transfer', 'chicken', 'sausages', 'heated', 'plate', 'tent', 'aluminum', 'foil', 'keep', 'warm', 'boil', 'sauce', 'thick', 'enought', 'coat', 'spoon', 'stirring', 'frequently', 'season', 'salt', 'pepper', 'degrease', 'sauce', 'spoon', 'polenta', 'onto', 'large', 'platter', 'top', 'chicken', 'sausage', 'spoon', 'sauce', 'garnish', 'fresh', 'basil', 'serve', 'passing', 'remaining', 'sauce', 'separately', 'classic', 'polenta', 'bring', 'stock', 'salt', 'boil', 'heavy', 'saucepan', 'add', 'polenta', 'thin', 'stream', 'stirring', 'constantly', 'reduce', 'heat', 'simmer', 'polenta', 'consistency', 'thick', 'oatmeal', 'stirring', 'frequently', 'mix', 'butter', 'servce', 'immediately']",Italian
7981,"['quarter', 'the', 'tomatoes', 'put', 'them', 'in', 'a', 'pressure', 'cooker', 'along', 'with', 'salt', 'half', 'of', 'the', 'kashmiri', 'red', 'chilli', 'powder', 'ginger', 'and', 'two', 'cups', 'of', 'water', 'pressure', 'cook', 'till', 'two', 'whistles', 'remove', 'and', 'set', 'aside', 'to', 'cool', 'blend', 'the', 'mixture', 'in', 'a', 'blender', 'and', 'strain', 'heat', 'butter', 'in', 'a', 'pan', 'add', 'garlic', 'paste', 'ginger', 'paste', 'and', 'two', 'tablespoons', 'of', 'water', 'cook', 'for', 'a', 'minute', 'add', 'the', 'pureed', 'tomatoes', 'and', 'cook', 'for', 'two', 'to', 'three', 'minutes.dry', 'roast', 'the', 'kasuri', 'methi', 'in', 'a', 'microwave', 'or', 'on', 'a', 'tawa', 'crush', 'add', 'the', 'remaining', 'kashmiri', 'red', 'chilli', 'powder', 'to', 'the', 'gravy', 'along', 'with', 'salt', 'sugar', 'or', 'honey', 'stir', 'and', 'cook', 'for', 'a', 'minute', 'add', 'the', 'crushed', 'kasuri', 'methi', 'and', 'garam', 'masala', 'powder', 'mix', 'and', 'cook', 'for', 'a', 'minute.add', 'cream', 'only', 'if', 'you', 'need', 'to', 'use', 'the', 'gravy', 'immediately']","['quarter', 'tomatoes', 'put', 'pressure', 'cooker', 'along', 'salt', 'half', 'kashmiri', 'red', 'chilli', 'powder', 'ginger', 'two', 'water', 'pressure', 'cook', 'till', 'two', 'whistles', 'remove', 'set', 'aside', 'cool', 'blend', 'mixture', 'blender', 'strain', 'heat', 'butter', 'pan', 'add', 'garlic', 'paste', 'ginger', 'paste', 'two', 'water', 'cook', 'add', 'pureed', 'tomatoes', 'cook', 'two', 'three', 'minutes.dry', 'roast', 'kasuri', 'methi', 'microwave', 'tawa', 'crush', 'add', 'remaining', 'kashmiri', 'red', 'chilli', 'powder', 'gravy', 'along', 'salt', 'sugar', 'honey', 'stir', 'cook', 'add', 'crushed', 'kasuri', 'methi', 'garam', 'masala', 'powder', 'mix', 'cook', 'minute.add', 'cream', 'need', 'use', 'gravy', 'immediately']",Indian
12445,"['de-stem', 'the', 'green', 'chillies', 'chop', 'finely', 'chop', 'corriander', 'leaves', 'finely', 'as', 'well', 'heat', 'oil', 'in', 'a', 'pan', 'add', 'mustard', 'seeds', 'cumin', 'seeds', 'and', 'curry', 'leaves', 'add', 'chopped', 'green', 'chillies', 'turmeric', 'powder', 'and', 'peanuts', 'saute', 'well', 'add', 'rice', 'season', 'and', 'miz', 'well', 'serve', 'hot', 'garnished', 'with', 'chopped', 'corriander', 'leaves']","['de', 'stem', 'green', 'chillies', 'chop', 'finely', 'chop', 'corriander', 'leaves', 'finely', 'well', 'heat', 'oil', 'pan', 'add', 'mustard', 'seeds', 'cumin', 'seeds', 'curry', 'leaves', 'add', 'chopped', 'green', 'chillies', 'turmeric', 'powder', 'peanuts', 'saute', 'well', 'add', 'rice', 'season', 'miz', 'well', 'serve', 'hot', 'garnished', 'chopped', 'corriander', 'leaves']",Indian
11384,"['dry', 'fry', 'the', 'coriander', 'seeds', 'until', 'they', 'are', 'brown', 'but', 'not', 'burnt', 'grind', 'seeds', 'with', 'the', 'tumeric', 'and', 'chilli', 'toss', 'stuff', 'in', 'it']","['dry', 'fry', 'coriander', 'seeds', 'brown', 'burnt', 'grind', 'seeds', 'tumeric', 'chilli', 'toss', 'stuff']",Indian
12495,"['take', 'maida', 'in', 'a', 'bowl', 'add', 'ghee', 'add', 'salt', 'turmeric', 'powder', '.add', 'little', 'water', 'and', 'start', 'kneading', 'the', 'dough', 'the', 'dough', 'should', 'be', 'soft', 'not', 'too', 'tight', 'keep', 'it', 'aside', 'for', '1', 'hour', 'take', 'cashewnut', 'and', 'pista', 'in', 'a', 'microwave', 'bowl', 'microwave', 'the', 'nuts', 'for', 'one', 'minute', 'and', 'let', 'it', 'cool', 'grind', 'the', 'nuts', 'with', 'cardamom', 'and', 'dry', 'coconut', 'powder', 'into', 'a', 'fine', 'powder', 'add', 'sugar', 'blend', 'again', 'to', 'a', 'fine', 'powder', 'and', 'keep', 'aside', 'divide', 'the', 'dough', 'into', '8', 'equal', 'portions', 'dust', 'it', 'with', 'flour', 'roll', 'it', 'to', 'thin', 'circle', 'add', '1', 'tbsp', 'nuts', 'mixture', 'in', 'it', 'and', 'cover', 'and', 'seal', 'the', 'edges', 'and', 'roll', 'out', 'heat', 'a', 'tawa', 'and', 'cook', 'on', 'both', 'sides', 'and', 'smear', 'a', 'tsp', 'of', 'ghee', 'serve', 'hot', 'and', 'enjoy']","['take', 'maida', 'bowl', 'add', 'ghee', 'add', 'salt', 'turmeric', 'powder', '.add', 'little', 'water', 'start', 'kneading', 'dough', 'dough', 'soft', 'tight', 'keep', 'aside', 'take', 'cashewnut', 'pista', 'microwave', 'bowl', 'microwave', 'nuts', 'one', 'let', 'cool', 'grind', 'nuts', 'cardamom', 'dry', 'coconut', 'powder', 'fine', 'powder', 'add', 'sugar', 'blend', 'fine', 'powder', 'keep', 'aside', 'divide', 'dough', 'equal', 'portions', 'dust', 'flour', 'roll', 'thin', 'circle', 'add', 'nuts', 'mixture', 'cover', 'seal', 'edges', 'roll', 'heat', 'tawa', 'cook', 'sides', 'smear', 'ghee', 'serve', 'hot', 'enjoy']",Indian
5155,"['melt', 'butter', 'in', 'medium', 'saucepan', 'over', 'medium-low', 'heat', 'add', 'mushrooms', 'and', 'onion', 'and', 'cook', 'until', 'onion', 'is', 'translucent', 'stirring', 'occasionally', 'about', '10', 'minutes', 'stir', 'in', 'tomato', 'paste', 'add', 'stock', 'and', 'vermouth', 'and', 'simmer', '10', 'minutes', 'to', 'blend', 'flavors', 'degrease', 'soup', 'if', 'necessary', 'season', 'with', 'salt', 'and', 'pepper', 'serve', 'immediately', 'passing', 'parmesan', 'separately']","['melt', 'butter', 'medium', 'saucepan', 'medium', 'low', 'heat', 'add', 'mushrooms', 'onion', 'cook', 'onion', 'translucent', 'stirring', 'occasionally', 'stir', 'tomato', 'paste', 'add', 'stock', 'vermouth', 'simmer', 'blend', 'flavors', 'degrease', 'soup', 'necessary', 'season', 'salt', 'pepper', 'serve', 'immediately', 'passing', 'parmesan', 'separately']",Italian
13032,"['heat', 'the', 'ghee', 'or', 'vegetable', 'oil', 'in', 'a', 'saucepan', 'add', 'the', 'mustard', 'seeds', 'whey', 'they', 'start', 'to', 'sputter', 'add', 'the', 'cumin', 'seeds', 'peanuts', 'cashew', 'nuts', 'peas', 'curry', 'leaves', 'and', 'turmeric', 'stir-fry', 'for', '2-3', 'minutes', 'add', 'the', 'rice', 'and', 'fry', 'carefully', 'until', 'the', 'grains', 'are', 'well', 'coated', 'in', 'oil', 'add', 'the', 'water', 'and', 'salt', 'stir', 'well', 'and', 'bring', 'to', 'a', 'boil', 'reduce', 'the', 'heat', 'cover', 'and', 'cook', 'for', '15-20', 'minutes', 'until', 'done', 'remove', 'from', 'the', 'heat', 'and', 'fluff', 'with', 'a', 'fork', 'garnish', 'with', 'the', 'shredded', 'coconut', 'and', 'coriander', 'and', 'set', 'aside', 'for', '5', 'minutes', 'before', 'serving']","['heat', 'ghee', 'vegetable', 'oil', 'saucepan', 'add', 'mustard', 'seeds', 'whey', 'start', 'sputter', 'add', 'cumin', 'seeds', 'peanuts', 'cashew', 'nuts', 'peas', 'curry', 'leaves', 'turmeric', 'stir', 'fry', 'add', 'rice', 'fry', 'carefully', 'grains', 'well', 'coated', 'oil', 'add', 'water', 'salt', 'stir', 'well', 'bring', 'boil', 'reduce', 'heat', 'cover', 'cook', 'done', 'remove', 'heat', 'fluff', 'fork', 'garnish', 'shredded', 'coconut', 'coriander', 'set', 'aside', 'serving']",Indian
6718,"['heat', 'oil', 'in', 'a', 'large', 'saucepan', 'over', 'moderate', 'heat', 'cook', 'and', 'stir', 'onion', 'for', '8-10', 'minutes', 'or', 'until', 'golden', 'transfer', 'to', 'a', 'plate', 'set', 'aside', 'reheat', 'pan', 'add', 'curry', 'powder', 'cardamom', 'cinnamon', 'cloves', 'and', 'bay', 'leaves', 'cook', 'and', 'stir', 'for', '1', 'minute', 'add', 'rice', 'stir', 'to', 'combine', 'add', 'stock', 'cover', 'with', 'a', 'lid', 'bring', 'to', 'boil', 'reduce', 'heat', 'cook', 'for', '15', 'minutes', 'or', 'until', 'liquid', 'is', 'absorbed', 'remove', 'from', 'heat', 'stand', 'for', '5', 'minutes', 'using', 'a', 'fork', 'seperate', 'grains', 'remove', 'cardamom', 'pods', 'cinnamon', 'stick', 'cloves', 'and', 'bay', 'leaves', 'stir', 'in', 'spinach', 'until', 'it', 'wilts', 'season', 'with', 'salt', 'spoon', 'rice', 'into', 'a', 'large', 'serving', 'bowl', 'top', 'with', 'onion', 'almonds', 'and', 'chilli']","['heat', 'oil', 'large', 'saucepan', 'moderate', 'heat', 'cook', 'stir', 'onion', 'golden', 'transfer', 'plate', 'set', 'aside', 'reheat', 'pan', 'add', 'curry', 'powder', 'cardamom', 'cinnamon', 'cloves', 'bay', 'leaves', 'cook', 'stir', 'add', 'rice', 'stir', 'combine', 'add', 'stock', 'cover', 'lid', 'bring', 'boil', 'reduce', 'heat', 'cook', 'liquid', 'absorbed', 'remove', 'heat', 'stand', 'using', 'fork', 'seperate', 'grains', 'remove', 'cardamom', 'pods', 'cinnamon', 'stick', 'cloves', 'bay', 'leaves', 'stir', 'spinach', 'wilts', 'season', 'salt', 'spoon', 'rice', 'large', 'serving', 'bowl', 'top', 'onion', 'almonds', 'chilli']",Indian
1622,"['cook', 'bacon', 'in', 'pan', 'and', 'put', 'aside', 'brown', 'beef', 'and', 'then', 'transfer', 'to', 'plate', 'add', 'sliced', 'onions', 'to', 'pan', 'cook', 'until', 'browned', 'add', 'garlic', 'and', 'beef', 'to', 'onions', 'stir', 'in', 'the', 'white', 'wine', 'passata', 'cinnamon', 'rosemary', 'and', 'bay', 'leaf', 'and', 'season', 'with', 'salt', 'and', 'pepper', 'cook', 'gently', 'for', '30', 'minute', 'stirring', 'often', 'add', 'enough', 'water', 'to', 'cover', 'along', 'with', 'mushroom', 'broth', 'or', 'liquid', 'if', 'available', 'bring', 'to', 'boil', 'cover', 'and', 'simmer', 'very', 'gently', 'for', '3', 'hours', 'until', 'meat', 'is', 'very', 'tender', 'add', 'mushrooms', 'during', 'cooking', 'cook', 'macaroni', 'serve', 'macaroni', 'with', 'meat', 'and', 'gravy', 'and', 'cheese']","['cook', 'bacon', 'pan', 'put', 'aside', 'brown', 'beef', 'transfer', 'plate', 'add', 'sliced', 'onions', 'pan', 'cook', 'browned', 'add', 'garlic', 'beef', 'onions', 'stir', 'white', 'wine', 'passata', 'cinnamon', 'rosemary', 'bay', 'leaf', 'season', 'salt', 'pepper', 'cook', 'gently', 'stirring', 'often', 'add', 'enough', 'water', 'cover', 'along', 'mushroom', 'broth', 'liquid', 'available', 'bring', 'boil', 'cover', 'simmer', 'gently', 'meat', 'tender', 'add', 'mushrooms', 'cooking', 'cook', 'macaroni', 'serve', 'macaroni', 'meat', 'gravy', 'cheese']",Italian
8762,"['cut', 'the', 'peerkangai', 'ridge', 'gourd', 'onion', 'and', 'tomatoes.put', 'this', 'vegetables', 'and', 'moon', 'dal', 'into', 'the', 'bowl.now', 'add', 'chilli', 'powder', 'and', 'turmeric', 'powder.dont', 'add', 'salt', 'to', 'this', 'mixture', 'right', 'now.now', 'boiled', 'this', 'sabji', 'into', '15', 'minutes', 'in', 'pressure', 'cooker.now', 'add', 'salt', 'and', 'seasoning', 'it']","['cut', 'peerkangai', 'ridge', 'gourd', 'onion', 'tomatoes.put', 'vegetables', 'moon', 'dal', 'bowl.now', 'add', 'chilli', 'powder', 'turmeric', 'powder.dont', 'add', 'salt', 'mixture', 'right', 'now.now', 'boiled', 'sabji', 'pressure', 'cooker.now', 'add', 'salt', 'seasoning']",Indian
6549,"['marinate', 'the', 'shrimp', 'in', 'the', 'other', 'ingredients', 'for', 'one', 'hour', 'before', 'cooking', 'heat', 'a', 'frying', 'on', 'high', 'and', 'once', 'hot', 'add', 'the', 'shrimp', 'and', 'marinade', 'mixture', 'cook', 'for', '4-5', 'minutes', 'or', 'until', 'the', 'shrimp', 'become', 'slightly', 'browned', 'and', 'opaque']","['marinate', 'shrimp', 'ingredients', 'one', 'cooking', 'heat', 'frying', 'high', 'hot', 'add', 'shrimp', 'marinade', 'mixture', 'cook', 'shrimp', 'become', 'slightly', 'browned', 'opaque']",Italian
7285,"['heat', '1/2', 'teaspoon', 'oil', 'in', 'a', 'skillet', 'over', 'medium', 'and', 'add', 'the', 'chopped', 'pumpkins', '+approximately', '1/4', 'cup', 'water', 'if', 'you', ""'re"", 'using', 'carrots', 'instead', 'of', 'pumpkins', 'saute', 'for', '1', 'minute', 'and', 'then', 'cover', 'after', '5', 'minutes', 'uncover', 'stir', 'and', 'cover', 'and', 'now', 'after', 'another', '5', 'minutes', 'remove', 'the', 'pumpkin', 'from', 'the', 'skillet', 'and', 'keep', 'aside', 'in', 'the', 'same', 'skillet', 'add', 'the', 'remaining', '1', 'teaspoon', 'oil', 'urad', 'dal', 'or', 'yellow', 'lentils', 'if', 'you', ""'re"", 'using', 'eggplant', 'instead', 'of', 'pumpkin', 'and', 'red', 'chilies', 'and', 'fry', 'until', 'the', 'dal', 'start', 'turning', 'pale', 'brown', 'add', 'the', 'asafoetida', 'powder', 'just', 'around', 'the', 'time', 'when', 'you', 'think', 'the', 'dal', 'is', 'starting', 'to', 'turn', 'pale', 'brown', 'the', 'powder', 'should', ""n't"", 'be', 'fried', 'too', 'much', 'grind', 'the', 'above', 'fried', 'mixture', 'in', 'a', 'grinder', 'along', 'with', 'grated', 'coconut', 'and', 'salt', 'and', 'grind', 'coarsely', 'without', 'water', 'now', 'add', 'the', 'tamarind', 'paste', 'and', 'cooked', 'pumpkin', 'and', 'grind', 'until', 'it', 'is', 'a', 'coarse', 'paste', 'do', ""n't"", 'add', 'water', 'unless', 'it', 'is', 'too', 'thick', 'add', 'upto', '1', 'tablespoon', 'water', 'if', 'required', 'serve', 'with', 'rice', 'bread', 'chappatis', 'you', 'name', 'it']","['heat', 'oil', 'skillet', 'medium', 'add', 'chopped', 'pumpkins', '+approximately', 'water', 'using', 'carrots', 'instead', 'pumpkins', 'saute', 'cover', 'uncover', 'stir', 'cover', 'another', 'remove', 'pumpkin', 'skillet', 'keep', 'aside', 'skillet', 'add', 'remaining', 'oil', 'urad', 'dal', 'yellow', 'lentils', 'using', 'eggplant', 'instead', 'pumpkin', 'red', 'chilies', 'fry', 'dal', 'start', 'turning', 'pale', 'brown', 'add', 'asafoetida', 'powder', 'around', 'time', 'think', 'dal', 'starting', 'turn', 'pale', 'brown', 'powder', 'fried', 'much', 'grind', 'fried', 'mixture', 'grinder', 'along', 'grated', 'coconut', 'salt', 'grind', 'coarsely', 'without', 'water', 'add', 'tamarind', 'paste', 'cooked', 'pumpkin', 'grind', 'coarse', 'paste', 'add', 'water', 'unless', 'thick', 'add', 'upto', 'water', 'required', 'serve', 'rice', 'bread', 'chappatis', 'name']",Indian
7560,"['gather', 'and', 'prepare', 'all', 'ingredients', 'prior', 'to', 'commencing', 'cooking', 'heat', 'a', 'medium', 'to', 'large', 'heavy-based', 'saucepan', 'on', 'high', 'then', 'reduce', 'heat', 'slightly', 'and', 'add', 'peanut', 'oil', 'when', 'hot', 'add', 'cumin', 'seeds', 'mustard', 'seeds', 'and', 'curry', 'seeds', 'and', 'cook', 'stirring', 'until', 'mustard', 'seeds', 'start', 'to', 'pop', 'and', 'splutter', 'add', 'onions', 'and', 'continue', 'sauteing', 'until', 'golden', 'brown', 'add', 'ginger', 'and', 'garlic', 'paste', 'and', 'cook', '1', 'minute', 'then', 'reduce', 'heat', 'to', 'medium', 'before', 'adding', 'peanut', 'butter', 'stir', 'continuously', 'until', 'peanut', 'butter', 'forms', 'a', 'sauce', 'and', 'add', 'as', 'much', 'water', 'as', 'necessary', 'to', 'prevent', 'the', 'mixture', 'catching', 'on', 'the', 'bottom', 'of', 'the', 'pan', 'add', 'bell', 'pepper', 'and', 'tomatoes', 'and', 'cook', 'for', '10', 'minutes', 'until', 'pulpy', 'adding', 'a', 'little', 'more', 'water', 'as', 'necessary', 'add', 'turmeric', 'garam', 'masala', 'sesame', 'seeds', 'and', 'dry', 'coconut', 'powder', 'and', 'cook', 'for', 'another', '15', 'minutes', 'stirring', 'from', 'time', 'to', 'time', 'add', 'yoghurt', 'chile', 'powder', 'lemon', 'juice', 'and', 'tamarind', 'concentrate', 'and', 'heat', 'through', 'gently', 'until', 'hot', 'and', 'flavors', 'have', 'blended', 'serve', 'hot', 'garnished', 'with', 'chopped', 'cilantro', 'please', 'note', 'omitting', 'the', 'peanut', 'butter', 'which', 'is', 'an', 'essential', 'component', 'of', 'this', 'dish', 'completely', 'changes', 'its', 'character', 'and', 'flavour', 'it', 'also', 'requires', 'the', 'full', 'amount', 'of', 'coconut', 'powder', 'and', 'yoghurt', 'as', 'specified', 'in', 'the', 'ingredients', 'for', 'an', 'authentic', 'taste']","['gather', 'prepare', 'ingredients', 'prior', 'commencing', 'cooking', 'heat', 'medium', 'large', 'heavy', 'based', 'saucepan', 'high', 'reduce', 'heat', 'slightly', 'add', 'peanut', 'oil', 'hot', 'add', 'cumin', 'seeds', 'mustard', 'seeds', 'curry', 'seeds', 'cook', 'stirring', 'mustard', 'seeds', 'start', 'pop', 'splutter', 'add', 'onions', 'continue', 'sauteing', 'golden', 'brown', 'add', 'ginger', 'garlic', 'paste', 'cook', 'reduce', 'heat', 'medium', 'adding', 'peanut', 'butter', 'stir', 'continuously', 'peanut', 'butter', 'forms', 'sauce', 'add', 'much', 'water', 'necessary', 'prevent', 'mixture', 'catching', 'bottom', 'pan', 'add', 'bell', 'pepper', 'tomatoes', 'cook', 'pulpy', 'adding', 'little', 'water', 'necessary', 'add', 'turmeric', 'garam', 'masala', 'sesame', 'seeds', 'dry', 'coconut', 'powder', 'cook', 'another', 'stirring', 'time', 'time', 'add', 'yoghurt', 'chile', 'powder', 'lemon', 'juice', 'tamarind', 'concentrate', 'heat', 'gently', 'hot', 'flavors', 'blended', 'serve', 'hot', 'garnished', 'chopped', 'cilantro', 'please', 'note', 'omitting', 'peanut', 'butter', 'essential', 'component', 'dish', 'completely', 'changes', 'character', 'flavour', 'also', 'requires', 'full', 'amount', 'coconut', 'powder', 'yoghurt', 'specified', 'ingredients', 'authentic', 'taste']",Indian
2557,"['in', 'a', 'large', 'mixing', 'bowl', 'put', 'the', 'tomatoes', 'red', 'onion', 'green', 'bell', 'pepper', 'basil', 'oregano', 'olive', 'oil', 'and', 'salt', 'and', 'pepper', 'to', 'taste', 'diced', 'mozzarella', 'cheese', 'can', 'also', 'be', 'added', 'if', 'desired', 'mix', 'carefully', 'so', 'that', 'the', 'tomatoes', 'do', ""n't"", 'get', 'broken', 'serve', 'this', 'with', 'french', 'italian', 'or', 'even', 'garlic', 'bread', 'and', 'slices', 'of', 'salami', 'and', 'provolone', 'cheese', 'on', 'the', 'side', 'if', 'serving', 'the', 'tomato', 'salad', 'with', 'mozzarella', 'cheese', 'leave', 'out', 'the', 'provolone', 'cheese', 'slices']","['large', 'mixing', 'bowl', 'put', 'tomatoes', 'red', 'onion', 'green', 'bell', 'pepper', 'basil', 'oregano', 'olive', 'oil', 'salt', 'pepper', 'taste', 'diced', 'mozzarella', 'cheese', 'also', 'added', 'desired', 'mix', 'carefully', 'tomatoes', 'get', 'broken', 'serve', 'french', 'italian', 'even', 'garlic', 'bread', 'slices', 'salami', 'provolone', 'cheese', 'side', 'serving', 'tomato', 'salad', 'mozzarella', 'cheese', 'leave', 'provolone', 'cheese', 'slices']",Italian
13028,"['boil', 'the', 'potatoes', 'mash', 'them', 'add', 'the', 'ginger', 'garlic', 'tumeric', 'powder', 'and', 'cilantro', 'and', 'salt', 'heat', '3', 'tsp', 'on', 'oil', 'in', 'a', 'saucepan', 'add', 'the', 'mustard', 'seeds', 'and', 'wait', 'for', 'them', 'to', 'crackle', 'burst', 'then', 'add', 'the', 'asefetida', 'pour', 'the', 'oil', 'over', 'the', 'potatoes', 'and', 'mix', 'it', 'in', 'well', 'till', 'blended', 'mix', 'all', 'the', 'ingredients', 'with', 'the', 'water', 'divide', 'the', 'potato', 'mix', 'into', '16', 'balls', 'heat', 'the', 'oil', 'dip', 'the', 'potatoes', 'into', 'the', 'batter', 'the', 'batter', 'should', 'be', 'thick', 'enough', 'to', 'coat', 'the', 'potatoes', 'nicely', 'but', 'not', 'too', 'thick', 'place', 'the', 'coated', 'potatoes', 'balls', 'in', 'the', 'hot', 'oil', 'fry', 'till', 'done', 'the', 'coating', 'will', 'be', 'a', 'golden', 'color', 'with', 'a', 'reddish', 'tinge', 'enjoy']","['boil', 'potatoes', 'mash', 'add', 'ginger', 'garlic', 'tumeric', 'powder', 'cilantro', 'salt', 'heat', 'oil', 'saucepan', 'add', 'mustard', 'seeds', 'wait', 'crackle', 'burst', 'add', 'asefetida', 'pour', 'oil', 'potatoes', 'mix', 'well', 'till', 'blended', 'mix', 'ingredients', 'water', 'divide', 'potato', 'mix', 'balls', 'heat', 'oil', 'dip', 'potatoes', 'batter', 'batter', 'thick', 'enough', 'coat', 'potatoes', 'nicely', 'thick', 'place', 'coated', 'potatoes', 'balls', 'hot', 'oil', 'fry', 'till', 'done', 'coating', 'golden', 'color', 'reddish', 'tinge', 'enjoy']",Indian
7568,"['in', 'a', 'large', 'shallow', 'dish', 'mix', 'together', 'the', 'garlic', 'cumin', 'chilli', 'tumeric', 'salt', 'yogurt', 'and', 'food', 'colouring', 'add', 'the', 'prawns', 'and', 'stir', 'well', 'to', 'coat', 'preheat', 'a', 'large', 'non', 'stick', 'frying', 'pan', 'thread', 'the', 'prawns', 'on', 'to', 'soaked', 'bamboo', 'skewers', 'and', 'cook', 'for', '5', 'minutes', 'turning', 'until', 'the', 'coating', 'is', 'dark', 'red', 'and', 'prawns', 'cooked', 'through', 'serve', 'with', 'lemon', 'wedges', 'raita', 'and', 'chapatis']","['large', 'shallow', 'dish', 'mix', 'together', 'garlic', 'cumin', 'chilli', 'tumeric', 'salt', 'yogurt', 'food', 'colouring', 'add', 'prawns', 'stir', 'well', 'coat', 'preheat', 'large', 'non', 'stick', 'frying', 'pan', 'thread', 'prawns', 'soaked', 'bamboo', 'skewers', 'cook', 'turning', 'coating', 'dark', 'red', 'prawns', 'cooked', 'serve', 'lemon', 'wedges', 'raita', 'chapatis']",Indian
5272,"['preheat', 'the', 'oven', 'to', '400°f', 'use', 'a', 'large', 'saucepan', 'to', 'cook', 'the', 'macaroni', 'in', 'lightly', 'salted', 'boiling', 'water', 'according', 'to', 'pack', 'instructions', 'drain', 'carefully', 'in', 'a', 'colander', 'melt', 'the', 'butter', 'in', 'another', 'saucepan', 'and', 'stir', 'in', 'the', 'flour', 'and', 'mustard', 'to', 'make', 'a', 'paste', 'cook', 'over', 'a', 'low', 'heat', 'for', '1', 'minute', 'stirring', 'all', 'the', 'time', 'slowly', 'whisk', 'in', 'the', 'milk', 'a', 'little', 'at', 'a', 'time', 'until', 'smooth', 'then', 'simmer', 'the', 'sauce', 'until', 'thickened', 'stir', 'two-thirds', 'of', 'the', 'cheese', 'into', 'the', 'sauce', 'then', 'mix', 'in', 'the', 'macaroni', 'and', 'season', 'to', 'taste', 'transfer', 'the', 'macaroni', 'cheese', 'to', 'a', 'baking', 'dish', 'scraping', 'out', 'all', 'the', 'sauce', 'with', 'a', 'wooden', 'spoon', 'then', 'level', 'the', 'top', 'flat', 'sprinkle', 'over', 'the', 'crushed', 'chips', 'cover', 'with', 'the', 'remaining', 'cheese', 'and', 'cook', 'in', 'the', 'oven', 'for', '20', 'minutes', 'until', 'golden', 'and', 'bubbling']","['preheat', 'oven', '400°f', 'use', 'large', 'saucepan', 'cook', 'macaroni', 'lightly', 'salted', 'boiling', 'water', 'according', 'pack', 'instructions', 'drain', 'carefully', 'colander', 'melt', 'butter', 'another', 'saucepan', 'stir', 'flour', 'mustard', 'make', 'paste', 'cook', 'low', 'heat', 'stirring', 'time', 'slowly', 'whisk', 'milk', 'little', 'time', 'smooth', 'simmer', 'sauce', 'thickened', 'stir', 'two', 'thirds', 'cheese', 'sauce', 'mix', 'macaroni', 'season', 'taste', 'transfer', 'macaroni', 'cheese', 'baking', 'dish', 'scraping', 'sauce', 'wooden', 'spoon', 'level', 'top', 'flat', 'sprinkle', 'crushed', 'chips', 'cover', 'remaining', 'cheese', 'cook', 'oven', 'golden', 'bubbling']",Italian
6101,"['in', 'a', 'medium', 'skillet', 'cook', 'sausage', 'onion', 'and', 'mushrooms', 'until', 'sausage', 'is', 'brown', 'drain', 'off', 'fat', 'cool', 'slightly', 'in', 'a', 'medium', 'bowl', 'stir', 'together', 'the', 'cream', 'cheese', 'roasted', 'red', 'pepper', 'salt', 'black', 'pepper', 'basil', 'and', 'the', '1/4', 'cup', 'parmesan', 'cheese', 'stir', 'sausage', 'mixture', 'into', 'cheese', 'mixture', 'preheat', 'oven', 'to', '425', 'degrees', 'spray', 'two', 'large', 'baking', 'sheets', 'with', 'cooking', 'spray', 'set', 'aside', 'on', 'a', 'lightly', 'floured', 'surface', 'unroll', 'each', 'package', 'of', 'the', 'pizza', 'dough', 'if', 'necessary', 'gently', 'stretch', 'each', 'dough', 'piece', 'into', 'a', '12', 'x', '9', 'inch', 'rectangle', 'using', 'a', 'sharp', 'knife', 'cut', 'each', 'rectangle', 'into', 'twelve', '3-inch', 'squares', 'place', 'about', '1', 'tablespoon', 'of', 'the', 'sausage/cheese', 'mixture', 'in', 'the', 'center', 'of', 'each', 'square', 'fold', 'dough', 'over', 'filling', 'forming', 'triangles', 'press', 'edges', 'of', 'triangles', 'with', 'tines', 'of', 'a', 'fork', 'to', 'seal', 'place', 'triangles', 'on', 'prepared', 'baking', 'sheets', 'prick', 'tops', 'with', 'a', 'fork', 'in', 'a', 'small', 'bowl', 'beat', 'together', 'egg', 'and', 'the', 'water', 'brush', 'on', 'triangles', 'sprinkle', 'with', 'additional', 'parmesan', 'cheese', 'bake', 'about', '12', 'minutes', 'or', 'until', 'pockets', 'are', 'golden', 'serve', 'warm', 'with', 'pizza', 'sauce', 'make', 'ahead', 'tips', 'prepare', 'as', 'directed', 'through', 'step', '13.', 'cover', 'loosely', 'with', 'plastic', 'wrap', 'chill', 'up', 'to', '4', 'hours', 'proceed', 'with', 'step', '14', 'and', 'bake', 'as', 'directed', 'or', 'if', 'freezing', 'prepare', 'as', 'directed', 'place', 'baked', 'pockets', 'in', 'freezer', 'containers', 'seal', 'label', 'and', 'freeze', 'for', 'up', 'to', '1', 'month', 'to', 'serve', 'preheat', 'oven', 'to', '350', 'degrees', 'arrange', 'frozen', 'pockets', 'on', 'lightly', 'greased', 'baking', 'sheets', 'bake', 'for', '10', 'to', '12', 'minutes', 'or', 'until', 'heated', 'through']","['medium', 'skillet', 'cook', 'sausage', 'onion', 'mushrooms', 'sausage', 'brown', 'drain', 'fat', 'cool', 'slightly', 'medium', 'bowl', 'stir', 'together', 'cream', 'cheese', 'roasted', 'red', 'pepper', 'salt', 'black', 'pepper', 'basil', 'parmesan', 'cheese', 'stir', 'sausage', 'mixture', 'cheese', 'mixture', 'preheat', 'oven', 'spray', 'two', 'large', 'baking', 'sheets', 'cooking', 'spray', 'set', 'aside', 'lightly', 'floured', 'surface', 'unroll', 'package', 'pizza', 'dough', 'necessary', 'gently', 'stretch', 'dough', 'piece', 'x', 'rectangle', 'using', 'sharp', 'knife', 'cut', 'rectangle', 'twelve', '3', 'inch', 'squares', 'place', 'sausage/cheese', 'mixture', 'center', 'square', 'fold', 'dough', 'filling', 'forming', 'triangles', 'press', 'edges', 'triangles', 'tines', 'fork', 'seal', 'place', 'triangles', 'prepared', 'baking', 'sheets', 'prick', 'tops', 'fork', 'small', 'bowl', 'beat', 'together', 'egg', 'water', 'brush', 'triangles', 'sprinkle', 'additional', 'parmesan', 'cheese', 'bake', 'pockets', 'golden', 'serve', 'warm', 'pizza', 'sauce', 'make', 'ahead', 'tips', 'prepare', 'directed', 'step', 'cover', 'loosely', 'plastic', 'wrap', 'chill', 'proceed', 'step', 'bake', 'directed', 'freezing', 'prepare', 'directed', 'place', 'baked', 'pockets', 'freezer', 'containers', 'seal', 'label', 'freeze', 'month', 'serve', 'preheat', 'oven', 'arrange', 'frozen', 'pockets', 'lightly', 'greased', 'baking', 'sheets', 'bake', 'heated']",Italian
6703,"['sweat', 'potatoes', 'onion', 'and', 'garlic', 'in', 'butter', 'in', 'a', 'large', 'saucepan', 'over', 'medium', 'heat', 'cook', 'until', 'translucent', 'about', '5', 'minutes', 'stir', 'in', 'flour', 'and', 'spices', 'saute', 'for', '30', 'seconds', 'stirring', 'constantly', 'add', 'broth', 'milk', 'and', 'sugar', 'bring', 'to', 'boil', 'reduce', 'heat', 'to', 'low', 'cover', 'and', 'simmer', 'for', '15', 'minutes', 'or', 'until', 'potatoes', 'are', 'tender', 'stir', 'occasionally', 'stir', 'in', 'peas', 'and', 'cook', 'uncovered', 'for', '5', 'minutes', 'garnish', 'with', 'plain', 'yogurt', 'and/or', 'chopped', 'fresh', 'cilantro', 'if', 'you', 'wish']","['sweat', 'potatoes', 'onion', 'garlic', 'butter', 'large', 'saucepan', 'medium', 'heat', 'cook', 'translucent', 'stir', 'flour', 'spices', 'saute', 'seconds', 'stirring', 'constantly', 'add', 'broth', 'milk', 'sugar', 'bring', 'boil', 'reduce', 'heat', 'low', 'cover', 'simmer', 'potatoes', 'tender', 'stir', 'occasionally', 'stir', 'peas', 'cook', 'uncovered', 'garnish', 'plain', 'yogurt', 'and/or', 'chopped', 'fresh', 'cilantro', 'wish']",Indian
12399,"['melt', 'the', 'ghee', 'and', 'add', 'the', 'semolina', 'fry', 'until', 'light', 'brown', 'in', 'colour', 'add', 'water', 'milk', 'and', 'sugar', 'cook', 'over', 'medium', 'heat', 'until', 'it', 'is', 'of', 'porridge', 'consistency', 'serve', 'in', 'a', 'deep', 'dish', 'decorate', 'with', 'grated', 'nutmeg', 'almonds', 'and', 'sultanas']","['melt', 'ghee', 'add', 'semolina', 'fry', 'light', 'brown', 'colour', 'add', 'water', 'milk', 'sugar', 'cook', 'medium', 'heat', 'porridge', 'consistency', 'serve', 'deep', 'dish', 'decorate', 'grated', 'nutmeg', 'almonds', 'sultanas']",Indian
77,"['place', 'first', '4', 'ingredients', 'in', 'processor', 'and', 'fine', 'chop.you', 'may', 'also', 'do', 'tomatoes', 'in', 'processor.use', 'fresh', 'canned', 'or', 'frozen', 'or', 'thawed', 'tomatoes', 'with', 'puree', 'cook', 'and', 'drain', 'meats', 'add', 'all', 'to', 'large', 'pot', 'and', 'bring', 'to', 'boil', 'simmer', 'on', 'low', 'for', '2', 'hours', 'serve', 'with', 'cooked', 'tortelloni', 'and', 'drained', 'top', 'with', 'parmesean', 'cheese.full', 'recipe', 'takes', '4', 'pound', 'tortelloni', 'adjust', 'to', 'your', 'needs']","['place', 'first', 'ingredients', 'processor', 'fine', 'chop.you', 'may', 'also', 'tomatoes', 'processor.use', 'fresh', 'canned', 'frozen', 'thawed', 'tomatoes', 'puree', 'cook', 'drain', 'meats', 'add', 'large', 'pot', 'bring', 'boil', 'simmer', 'low', 'serve', 'cooked', 'tortelloni', 'drained', 'top', 'parmesean', 'cheese.full', 'recipe', 'takes', 'tortelloni', 'adjust', 'needs']",Italian
7973,"['in', 'a', 'bowl', 'mix', 'together', 'tumeric', 'cayenne', 'pepper', 'salt', 'and', 'black', 'pepper', 'set-up', 'a', 'clean', 'plate', 'next', 'to', 'the', 'bowl', 'to', 'make', 'an', 'assembly', 'line', 'pat', 'chicken', 'strips', 'dry', 'and', 'then', 'rub', 'each', 'strip', 'all', 'over', 'with', 'spice', 'mixture', 'do', ""n't"", 'be', 'afraid', 'to', 'get', 'a', 'lot', 'on', 'them', 'as', 'this', 'will', 'just', 'add', 'to', 'the', 'flavor', 'later', 'shake', 'off', 'any', 'excess', 'and', 'continue', 'coating', 'once', 'all', 'the', 'chicken', 'is', 'coated', 'heat', 'oil', 'in', 'a', 'large', 'skillet', 'over', 'medium-high', 'heat', 'set-up', 'another', 'plate', 'near', 'skillet', 'once', 'hot', 'add', 'batches', 'of', 'chicken', 'strips', 'in', 'a', 'single', 'layer', 'brown', 'on', 'all', 'sides', 'but', 'do', ""n't"", 'cook', 'all', 'the', 'way', 'through', 'just', 'a', 'few', 'minutes', 'each', 'should', 'do', 'set', 'cooked', 'strips', 'on', 'a', 'separate', 'plate', 'and', 'once', 'all', 'are', 'browned', 'set', 'chicken', 'aside', 'keep', 'the', 'skillet', 'on', 'the', 'heat', 'as', 'you', ""'re"", 'going', 'to', 'use', 'it', 'next', 'in', 'the', 'same', 'skillet', 'add', 'the', 'additional', 'oil', 'once', 'the', 'oil', 'is', 'hot', 'add', 'the', 'mustard', 'seeds-', 'these', 'should', 'start', 'popping', 'in', 'a', 'matter', 'of', 'seconds', 'add', 'in', 'the', 'onion', 'garlic', 'and', 'ginger', 'reduce', 'the', 'heat', 'to', 'medium', 'and', 'cook', 'mixture', 'until', 'brown', 'once', 'mixture', 'as', 'taken', 'on', 'a', 'caramel-colored', 'apperance', 'add', 'in', 'the', 'rest', 'of', 'the', 'ingredients', 'and', 'bring', 'to', 'a', 'simmer', 'return', 'chicken', 'and', 'its', 'juices', 'to', 'the', 'simmering', 'sauce', 'allowing', 'the', 'sauce', 'to', 'cover', 'as', 'much', 'of', 'the', 'chicken', 'as', 'possible', 'reduce', 'the', 'heat', 'to', 'medium', 'low', 'and', 'cover', 'cook', 'for', '10-15', 'minutes', 'stirring', 'occasionally', 'until', 'chicken', 'is', 'cooked', 'through', 'serve', 'immediately']","['bowl', 'mix', 'together', 'tumeric', 'cayenne', 'pepper', 'salt', 'black', 'pepper', 'set', 'clean', 'plate', 'next', 'bowl', 'make', 'assembly', 'line', 'pat', 'chicken', 'strips', 'dry', 'rub', 'strip', 'spice', 'mixture', 'afraid', 'get', 'lot', 'add', 'flavor', 'later', 'shake', 'excess', 'continue', 'coating', 'chicken', 'coated', 'heat', 'oil', 'large', 'skillet', 'medium', 'high', 'heat', 'set', 'another', 'plate', 'near', 'skillet', 'hot', 'add', 'batches', 'chicken', 'strips', 'single', 'layer', 'brown', 'sides', 'cook', 'way', 'set', 'cooked', 'strips', 'separate', 'plate', 'browned', 'set', 'chicken', 'aside', 'keep', 'skillet', 'heat', 'going', 'use', 'next', 'skillet', 'add', 'additional', 'oil', 'oil', 'hot', 'add', 'mustard', 'seeds', 'start', 'popping', 'matter', 'seconds', 'add', 'onion', 'garlic', 'ginger', 'reduce', 'heat', 'medium', 'cook', 'mixture', 'brown', 'mixture', 'taken', 'caramel', 'colored', 'apperance', 'add', 'rest', 'ingredients', 'bring', 'simmer', 'return', 'chicken', 'juices', 'simmering', 'sauce', 'allowing', 'sauce', 'cover', 'much', 'chicken', 'possible', 'reduce', 'heat', 'medium', 'low', 'cover', 'cook', 'stirring', 'occasionally', 'chicken', 'cooked', 'serve', 'immediately']",Indian
8894,"['in', 'a', 'bowl', 'mix', 'yoghurt', 'and', 'tandoori', 'paste', 'add', 'in', 'chicken', 'breast', 'and', 'coat', 'evenly', 'season', 'with', 'salt', 'and', 'pepper', 'cover', 'and', 'refrigerate', 'for', 'no', 'less', 'than', '2', 'hours', 'add', 'all', 'ingredients', 'for', 'the', 'tahini', 'sauce', 'in', 'a', 'blender', 'transfer', 'to', 'a', 'covered', 'container', 'and', 'refrigerate', 'prepare', 'the', 'moutabelle', 'by', 'cutting', 'the', 'eggplant/aubergine', 'into', 'slices', 'brush', 'with', 'olive', 'oil', 'and', 'season', 'with', 'salt', 'grill', 'over', 'high', 'heat', 'until', 'fully', 'cooked', 'allow', 'eggplant/aubergine', 'to', 'cool', 'enough', 'to', 'touch', 'peel', 'the', 'grilled', 'eggplants/aubergines', 'and', 'transfer', 'the', 'flesh', 'to', 'a', 'blender', 'or', 'food', 'processor', 'add', 'in', 'the', 'remaining', 'ingredients', 'and', 'process', 'until', 'smooth', 'you', 'may', 'add', 'a', 'little', 'warm', 'water', 'if', 'it', 'is', 'too', 'thick', 'to', 'process', 'place', 'the', 'chicken', 'breasts', 'onto', 'a', 'preheated', '250c/480f', 'grill', 'grill', 'for', '3-5', 'minutes', 'per', 'side', 'basting', 'regularly', 'with', 'olive', 'oil', 'heat', 'the', 'pieces', 'of', 'tortilla', 'over', 'the', 'grill', 'until', 'surface', 'starts', 'to', 'bubble', 'lay', 'each', 'tortilla', 'on', 'a', 'chopping', 'board', 'spread', 'a', 'tablespoon', 'of', 'the', 'moutabelle', 'on', 'one', 'side', 'top', 'with', 'lettuce', 'tandoori', 'chicken', 'tomato', 'onions', 'and', 'cucumber', 'drizzle', 'with', 'the', 'garlic', 'tahini', 'paste', 'and', 'roll', 'to', 'close', 'secure', 'with', 'bamboo', 'skewers', 'and', 'enjoy']","['bowl', 'mix', 'yoghurt', 'tandoori', 'paste', 'add', 'chicken', 'breast', 'coat', 'evenly', 'season', 'salt', 'pepper', 'cover', 'refrigerate', 'less', 'add', 'ingredients', 'tahini', 'sauce', 'blender', 'transfer', 'covered', 'container', 'refrigerate', 'prepare', 'moutabelle', 'cutting', 'eggplant/aubergine', 'slices', 'brush', 'olive', 'oil', 'season', 'salt', 'grill', 'high', 'heat', 'fully', 'cooked', 'allow', 'eggplant/aubergine', 'cool', 'enough', 'touch', 'peel', 'grilled', 'eggplants/aubergines', 'transfer', 'flesh', 'blender', 'food', 'processor', 'add', 'remaining', 'ingredients', 'process', 'smooth', 'may', 'add', 'little', 'warm', 'water', 'thick', 'process', 'place', 'chicken', 'breasts', 'onto', 'preheated', '250c/480f', 'grill', 'grill', 'per', 'side', 'basting', 'regularly', 'olive', 'oil', 'heat', 'pieces', 'tortilla', 'grill', 'surface', 'starts', 'bubble', 'lay', 'tortilla', 'chopping', 'board', 'spread', 'moutabelle', 'one', 'side', 'top', 'lettuce', 'tandoori', 'chicken', 'tomato', 'onions', 'cucumber', 'drizzle', 'garlic', 'tahini', 'paste', 'roll', 'close', 'secure', 'bamboo', 'skewers', 'enjoy']",Indian
6426,"['sauté', 'the', 'onion', 'carrots', 'and', 'garlic', 'in', 'the', 'olive', 'oil', 'for', '5', 'minutes', 'over', 'medium', 'heat', 'when', 'the', 'onions', 'are', 'tender', 'pour', 'in', 'the', 'white', 'wine', 'and', 'cook', 'until', 'all', 'the', 'liquid', 'has', 'evaporated', 'stir', 'in', 'the', 'dried', 'herbs', 'and', 'some', 'salt', 'and', 'pepper', 'pour', 'in', 'the', 'chicken', 'stock', 'crushed', 'tomatoes', 'tomato', 'sauce', 'and', 'brown', 'sugar', 'bring', 'to', 'a', 'boil', 'and', 'reduce', 'the', 'heat', 'to', 'a', 'simmer', 'cover', 'and', 'cook', '30', 'minutes', 'taste', 'the', 'seasoning', 'and', 'add', 'more', 'brown', 'sugar', 'if', 'it', 'is', 'too', 'acidic', 'add', 'the', 'fresh', 'basil', 'if', 'using', 'you', 'can', 'purée', 'the', 'soup', 'in', 'a', 'blender', 'at', 'this', 'point', 'if', 'you', 'would', 'like', 'a', 'smoother', 'texture', 'do', 'it', 'in', 'batches', 'only', 'fill', 'the', 'blender', 'half', 'full', 'when', 'blending', 'hot', 'liquids', 'return', 'the', 'soup', 'back', 'to', 'the', 'pot', 'remove', 'from', 'the', 'heat', 'and', 'stir', 'in', 'the', 'cream', 'this', 'soup', 'could', 'be', 'simmered', 'for', 'hours', 'to', 'deepen', 'the', 'flavor', 'or', 'made', 'the', 'day', 'before', 'add', 'the', 'fresh', 'basil', 'and', 'cream', 'just', 'before', 'serving']","['sauté', 'onion', 'carrots', 'garlic', 'olive', 'oil', 'medium', 'heat', 'onions', 'tender', 'pour', 'white', 'wine', 'cook', 'liquid', 'evaporated', 'stir', 'dried', 'herbs', 'salt', 'pepper', 'pour', 'chicken', 'stock', 'crushed', 'tomatoes', 'tomato', 'sauce', 'brown', 'sugar', 'bring', 'boil', 'reduce', 'heat', 'simmer', 'cover', 'cook', 'taste', 'seasoning', 'add', 'brown', 'sugar', 'acidic', 'add', 'fresh', 'basil', 'using', 'purée', 'soup', 'blender', 'point', 'would', 'like', 'smoother', 'texture', 'batches', 'fill', 'blender', 'half', 'full', 'blending', 'hot', 'liquids', 'return', 'soup', 'back', 'pot', 'remove', 'heat', 'stir', 'cream', 'soup', 'could', 'simmered', 'deepen', 'flavor', 'made', 'day', 'add', 'fresh', 'basil', 'cream', 'serving']",Italian
1405,"['line', 'a', 'cookie', 'sheet', 'with', 'non-stick', 'foil', 'set', 'aside', 'melt', 'butter', 'in', 'a', 'large', 'skillet', 'add', 'onions', 'salt', 'pepper', 'and', 'parsley', 'cook', 'onions', 'until', 'they', 'are', 'translucent', 'then', 'add', 'the', 'garlic', 'cook', 'the', 'onions', 'until', 'they', 'are', 'carmelized', 'remove', 'the', 'onions', 'to', 'a', 'bowl', 'leaving', 'the', 'extra', 'butter', 'in', 'the', 'pan', 'put', 'the', 'sausage', 'into', 'pan', 'and', 'chop', 'it', 'into', 'bite', 'sized', 'chunks', 'cook', 'the', 'sausage', 'until', 'it', 'is', 'browned', 'add', 'the', 'onions', 'back', 'to', 'the', 'pan', 'with', 'the', 'sausage', 'and', 'cover', 'with', 'a', 'lid', 'simmer', 'on', 'low', 'heat', 'for', 'about', '15-20', 'minutes', 'stirring', 'occasionally', 'do', 'not', 'let', 'it', 'burn', 'meanwhile', 'preheat', 'the', 'oven', 'to', '350.', 'flour', 'a', 'surface', 'and', 'roll', 'out', 'one', 'dough', 'ball', 'with', 'a', 'rolling', 'pin', 'until', 'it', 'is', 'the', 'size', 'of', 'a', 'large', 'pizza', 'try', 'not', 'to', 'let', 'it', 'get', 'any', 'thin', 'spots', 'or', 'holes', 'when', 'the', 'sausage', 'mixture', 'is', 'finished', 'use', 'a', 'slotted', 'spoon', 'to', 'scoop', 'half', 'of', 'it', 'onto', 'the', 'dough', 'and', 'spread', 'it', 'evenly', 'over', 'the', 'surface', 'you', 'will', 'save', 'the', 'other', 'half', 'for', 'the', 'second', 'dough', 'cover', 'with', 'a', 'layer', 'of', 'half', 'the', 'shredded', 'mozzarella', 'roll', 'the', 'dough', 'up', 'like', 'a', 'cinnamon', 'roll', 'but', 'tuck', 'in', 'the', 'ends', 'like', 'a', 'burrito', 'before', 'you', 'get', 'to', 'the', 'end', 'of', 'the', 'roll', 'lay', 'it', 'with', 'the', 'flap', 'down', 'on', 'the', 'cookie', 'sheet', 'and', 'brush', 'with', 'the', 'egg', 'white', 'bake', 'in', 'the', 'oven', 'until', 'golden', 'brown', 'approximately', '25-30', 'minutes', 'after', 'baking', 'let', 'the', 'bread', 'rest', 'for', '10', 'minutes', 'before', 'slicing', 'repeat', 'process', 'for', 'second', 'loaf', 'slice', 'and', 'serve', 'with', 'marinara', 'sauce', 'for', 'dipping']","['line', 'cookie', 'sheet', 'non', 'stick', 'foil', 'set', 'aside', 'melt', 'butter', 'large', 'skillet', 'add', 'onions', 'salt', 'pepper', 'parsley', 'cook', 'onions', 'translucent', 'add', 'garlic', 'cook', 'onions', 'carmelized', 'remove', 'onions', 'bowl', 'leaving', 'extra', 'butter', 'pan', 'put', 'sausage', 'pan', 'chop', 'bite', 'sized', 'chunks', 'cook', 'sausage', 'browned', 'add', 'onions', 'back', 'pan', 'sausage', 'cover', 'lid', 'simmer', 'low', 'heat', 'stirring', 'occasionally', 'let', 'burn', 'meanwhile', 'preheat', 'oven', 'flour', 'surface', 'roll', 'one', 'dough', 'ball', 'rolling', 'pin', 'size', 'large', 'pizza', 'try', 'let', 'get', 'thin', 'spots', 'holes', 'sausage', 'mixture', 'finished', 'use', 'slotted', 'spoon', 'scoop', 'half', 'onto', 'dough', 'spread', 'evenly', 'surface', 'save', 'half', 'second', 'dough', 'cover', 'layer', 'half', 'shredded', 'mozzarella', 'roll', 'dough', 'like', 'cinnamon', 'roll', 'tuck', 'ends', 'like', 'burrito', 'get', 'end', 'roll', 'lay', 'flap', 'cookie', 'sheet', 'brush', 'egg', 'white', 'bake', 'oven', 'golden', 'brown', 'approximately', 'baking', 'let', 'bread', 'rest', 'slicing', 'repeat', 'process', 'second', 'loaf', 'slice', 'serve', 'marinara', 'sauce', 'dipping']",Italian
10014,"['rinse', 'the', 'chickpeas', 'fry', 'the', 'eggplant', 'cubes', 'in', 'the', 'oil', 'until', 'golden', 'on', 'the', 'outside', 'and', 'tender', 'inside', 'this', 'will', 'take', 'about', '10', 'minutes', 'remove', 'with', 'a', 'draining', 'spoon', 'if', 'there', 'is', 'no', 'oil', 'left', 'in', 'the', 'pan', 'then', 'add', 'a', 'little', 'more', 'and', 'when', 'it', 'is', 'hot', 'add', 'the', 'ginger', 'garlic', 'and', 'chilli', 'and', 'fry', 'for', 'one', 'minute', 'stir', 'constantly', 'add', 'the', 'coriander', 'and', 'cumin', 'and', 'cook', 'for', '30', 'seconds', 'taking', 'care', 'not', 'to', 'burn', 'the', 'spices', 'add', 'the', 'tomatoes', 'and', 'their', 'juice', 'chickpeas', 'and', 'water', 'bring', 'to', 'a', 'boil', 'and', 'simmer', 'cook', 'for', '15', 'minutes', 'add', 'the', 'spinach', 'and', 'bring', 'to', 'a', 'boil', 'cook', 'for', 'a', 'further', 'minute', 'or', 'two', 'until', 'the', 'spinach', 'is', 'tender', 'stir', 'the', 'eggplant', 'back', 'in', 'season', 'with', 'salt', 'and', 'pepper', 'and', 'serve', 'hot']","['rinse', 'chickpeas', 'fry', 'eggplant', 'cubes', 'oil', 'golden', 'outside', 'tender', 'inside', 'take', 'remove', 'draining', 'spoon', 'oil', 'left', 'pan', 'add', 'little', 'hot', 'add', 'ginger', 'garlic', 'chilli', 'fry', 'one', 'stir', 'constantly', 'add', 'coriander', 'cumin', 'cook', 'seconds', 'taking', 'care', 'burn', 'spices', 'add', 'tomatoes', 'juice', 'chickpeas', 'water', 'bring', 'boil', 'simmer', 'cook', 'add', 'spinach', 'bring', 'boil', 'cook', 'two', 'spinach', 'tender', 'stir', 'eggplant', 'back', 'season', 'salt', 'pepper', 'serve', 'hot']",Indian
12120,"['in', 'a', 'tall', 'glass', 'first', 'add', 'the', 'strawberry', 'syrup', 'then', 'add', 'pineapple', 'juice', 'orange', 'juice', 'lemonade', 'and', 'crushed', 'ice', 'and', 'top', 'it', 'with', 'strawberry', 'syrup', 'serve', 'over', 'crushed', 'ice', 'cubes']","['tall', 'glass', 'first', 'add', 'strawberry', 'syrup', 'add', 'pineapple', 'juice', 'orange', 'juice', 'lemonade', 'crushed', 'ice', 'top', 'strawberry', 'syrup', 'serve', 'crushed', 'ice', 'cubes']",Indian
12927,"['roast', 'the', 'wheat', 'flour', 'until', 'it', 'changes', 'the', 'color', 'when', 'you', 'feel', 'the', 'roasted', 'smell', 'the', 'flour', 'should', 'have', 'been', 'roasted', 'thoroughly', 'take', 'time', 'and', 'care', 'during', 'this', 'roasting', 'period', 'since', 'the', 'flour', 'gets', 'heated', 'very', 'easily', 'mix', 'salt', 'in', 'warm', 'water', 'when', 'the', 'flour', 'is', 'completely', 'cooled', 'to', 'room', 'temperature', 'sprinkle', 'water', 'little', 'by', 'little', 'to', 'the', 'flour', 'and', 'scribble', 'the', 'flour', 'with', 'fingers', 'keep', 'sprinkling', 'and', 'scribbling', 'continuously', 'until', 'nice', 'small', 'granules', 'are', 'formed', 'out', 'of', 'the', 'flour', 'pre-heat', 'your', 'idli-cooker', 'or', 'a', 'puttu', 'pipe', 'along', 'with', 'the', 'idli', 'cloth', 'spread', 'in', 'the', 'idli', 'plate', 'when', 'the', 'granuled', 'flour', 'is', 'ready', 'spread', 'them', 'in', 'the', 'idli', 'plate', 'and', 'steam', 'them', 'in', 'medium', 'high', '5', 'mins', 'after', 'in', 'stove', 'reduce', 'the', 'flame', 'to', 'low', 'and', 'steam', 'for', '10', 'more', 'minutes', 'you', 'will', 'feel', 'a', 'nice', 'cooked', 'puttu', 'smell', 'from', 'the', 'cooker', 'also', 'if', 'you', 'touch', 'the', 'steamed', 'puttu', 'it', 'will', 'not', 'be', 'sticky', 'remove', 'them', 'from', 'stove', 'and', 'spread', 'them', 'in', 'a', 'wide', 'mouthed', 'vesse', 'after', 'some', '3', 'mins', 'add', 'sugar', 'freshly', 'grated', 'coconut', 'and', 'gingelly', 'or', 'sesame', 'oil', 'mix', 'them', 'up', 'well']","['roast', 'wheat', 'flour', 'changes', 'color', 'feel', 'roasted', 'smell', 'flour', 'roasted', 'thoroughly', 'take', 'time', 'care', 'roasting', 'period', 'since', 'flour', 'gets', 'heated', 'easily', 'mix', 'salt', 'warm', 'water', 'flour', 'completely', 'cooled', 'room', 'temperature', 'sprinkle', 'water', 'little', 'little', 'flour', 'scribble', 'flour', 'fingers', 'keep', 'sprinkling', 'scribbling', 'continuously', 'nice', 'small', 'granules', 'formed', 'flour', 'pre', 'heat', 'idli', 'cooker', 'puttu', 'pipe', 'along', 'idli', 'cloth', 'spread', 'idli', 'plate', 'granuled', 'flour', 'ready', 'spread', 'idli', 'plate', 'steam', 'medium', 'high', 'mins', 'stove', 'reduce', 'flame', 'low', 'steam', 'feel', 'nice', 'cooked', 'puttu', 'smell', 'cooker', 'also', 'touch', 'steamed', 'puttu', 'sticky', 'remove', 'stove', 'spread', 'wide', 'mouthed', 'vesse', 'mins', 'add', 'sugar', 'freshly', 'grated', 'coconut', 'gingelly', 'sesame', 'oil', 'mix', 'well']",Indian
11978,"['place', 'the', 'almonds', 'and', 'pistachios', 'in', 'a', 'bowl', 'and', 'pour', 'boiling', 'water', 'over', 'leave', 'for', 'an', 'hour', 'chop', 'half', 'the', 'almonds', 'and', 'pistachios', 'fine', 'and', 'place', 'the', 'other', 'half', 'in', 'a', 'blender', 'place', 'the', 'milk', 'condensed', 'milk', 'cardamom', 'powder', 'and', 'ice', 'in', 'the', 'blender', 'too', 'blend', 'till', 'well', 'mixed', 'and', 'serve', 'garnished', 'with', 'the', 'chopped', 'almonds', 'and', 'thinly', 'sliced', 'pistachios']","['place', 'almonds', 'pistachios', 'bowl', 'pour', 'boiling', 'water', 'leave', 'chop', 'half', 'almonds', 'pistachios', 'fine', 'place', 'half', 'blender', 'place', 'milk', 'condensed', 'milk', 'cardamom', 'powder', 'ice', 'blender', 'blend', 'till', 'well', 'mixed', 'serve', 'garnished', 'chopped', 'almonds', 'thinly', 'sliced', 'pistachios']",Indian
12976,"['peel', 'the', 'potatoes', 'mash', 'finely', 'add', 'greenpeas', 'and', 'beetroot', 'dip', 'the', 'bread', 'slices', 'in', 'water', 'for', 'a', 'few', 'seconds', 'remove', 'press', 'softly', 'to', 'drain', 'water', 'mix', 'with', 'the', 'potato', 'mixture', 'add', 'all', 'the', 'spices', 'and', 'salt', 'add', 'onion', 'coriander', 'leaves', 'and', 'lime', 'juice', 'mix', 'make', 'small', 'sized', 'balls', 'of', 'this', 'mixture', 'press', 'them', 'and', 'give', 'them', 'an', 'oval', 'shape', 'roll', 'the', 'cutlets', 'in', 'breadcrumbs', 'shallow', 'fry', 'in', 'hot', 'oil', 'meanwhile', 'prepare', 'the', 'chutney', 'by', 'grinding', 'all', 'the', 'ingredients', 'together', 'in', 'a', 'grinder/blender', 'serve', 'cutlets', 'with', 'green', 'chutney', 'and', 'tomato', 'ketchup']","['peel', 'potatoes', 'mash', 'finely', 'add', 'greenpeas', 'beetroot', 'dip', 'bread', 'slices', 'water', 'seconds', 'remove', 'press', 'softly', 'drain', 'water', 'mix', 'potato', 'mixture', 'add', 'spices', 'salt', 'add', 'onion', 'coriander', 'leaves', 'lime', 'juice', 'mix', 'make', 'small', 'sized', 'balls', 'mixture', 'press', 'give', 'oval', 'shape', 'roll', 'cutlets', 'breadcrumbs', 'shallow', 'fry', 'hot', 'oil', 'meanwhile', 'prepare', 'chutney', 'grinding', 'ingredients', 'together', 'grinder/blender', 'serve', 'cutlets', 'green', 'chutney', 'tomato', 'ketchup']",Indian
8813,"['for', 'the', 'ginger-garlic', 'paste', 'throw', 'the', 'garlic', 'ginger', 'and', 'canola', 'oil', 'in', 'a', 'mini-food', 'processor', 'and', 'let', 'it', 'go', 'until', 'it', 'forms', 'a', 'semi-smooth', 'paste', 'there', 'will', 'still', 'be', 'tiny', 'little', 'pieces', 'in', 'there', 'but', 'overall', 'it', 'should', 'resemble', 'a', 'paste', 'for', 'the', 'aloo', 'gobi', 'mix', 'the', 'ginger-garlic', 'paste', 'coriander', 'turmeric', 'and', '1/2', 'cup', 'water', 'in', 'a', 'small', 'bowl', 'this', 'is', 'a', 'simple', 'wet', 'masala', 'spice', 'mix', 'set', 'aside', 'in', 'a', 'large', 'pot', 'warm', 'the', 'oil', 'over', 'medium-high', 'heat', 'until', 'shimmering', 'but', 'not', 'smoking', 'add', 'the', 'serrano', 'pepper', 'wait', '30', 'seconds', 'and', 'then', 'add', 'the', 'cumin', 'seeds', 'and', 'wait', 'until', 'they', ""'re"", 'done', 'spluttering', 'add', 'the', 'wet', 'masala', 'and', 'hing', 'careful', 'it', 'will', 'also', 'splutter', 'cook', 'until', 'the', 'paste', 'thickens', 'deepens', 'in', 'color', 'slightly', 'and', 'oil', 'oozes', 'out', 'of', 'the', 'perimeter', 'of', 'the', 'masala', 'about', '2', 'minutes', 'add', 'the', 'cauliflower', 'and', 'potatoes', 'stirring', 'to', 'coat', 'the', 'vegetables', 'with', 'the', 'masala', 'season', 'with', 'salt', 'and', 'add', '1/2', 'cup', 'water', 'cover', 'and', 'cook', 'over', 'medium', 'heat', '10', 'to', '15', 'minutes', 'then', 'remove', 'the', 'lid', 'stir', 'and', 'cook', 'until', 'the', 'cauliflower', 'and', 'potatoes', 'are', 'cooked', 'through', 'about', '5', 'minutes', 'garnish', 'with', 'cilantro', 'and', 'serve']","['ginger', 'garlic', 'paste', 'throw', 'garlic', 'ginger', 'canola', 'oil', 'mini', 'food', 'processor', 'let', 'go', 'forms', 'semi', 'smooth', 'paste', 'still', 'tiny', 'little', 'pieces', 'overall', 'resemble', 'paste', 'aloo', 'gobi', 'mix', 'ginger', 'garlic', 'paste', 'coriander', 'turmeric', 'water', 'small', 'bowl', 'simple', 'wet', 'masala', 'spice', 'mix', 'set', 'aside', 'large', 'pot', 'warm', 'oil', 'medium', 'high', 'heat', 'shimmering', 'smoking', 'add', 'serrano', 'pepper', 'wait', 'seconds', 'add', 'cumin', 'seeds', 'wait', 'done', 'spluttering', 'add', 'wet', 'masala', 'hing', 'careful', 'also', 'splutter', 'cook', 'paste', 'thickens', 'deepens', 'color', 'slightly', 'oil', 'oozes', 'perimeter', 'masala', 'add', 'cauliflower', 'potatoes', 'stirring', 'coat', 'vegetables', 'masala', 'season', 'salt', 'add', 'water', 'cover', 'cook', 'medium', 'heat', 'remove', 'lid', 'stir', 'cook', 'cauliflower', 'potatoes', 'cooked', 'garnish', 'cilantro', 'serve']",Indian
1894,"['poach', 'raw', 'sausages', 'in', '1/2', 'cup', 'water', 'in', 'a', 'covered', 'skillet', 'simmering', 'until', 'almost', 'done', 'this', 'takes', 'about', '8', 'to', '10', 'minutes', 'sautè', 'onions', 'and', 'peppers', 'with', 'olive', 'oil', 'salt', 'pepper', 'and', 'oregano', '4', 'minutes', 'on', 'medium-high', 'heat', 'add', 'the', 'wine', 'cover', 'and', 'cook', '4', 'minutes', 'more', 'uncover', 'and', 'cook', 'until', 'moisture', 'is', 'absorbed', 'on', 'either', 'a', 'grill', 'or', 'in', 'a', 'skillet', 'with', 'a', 'little', 'extra-virgin', 'olive', 'oil', 'cook', 'the', 'poached', 'sausages', 'over', 'medium-high', 'heat', '7', 'to', '10', 'minutes', 'turning', 'often', 'to', 'ensure', 'even', 'browning', 'in', 'a', 'large', 'baking', 'dish', 'or', 'pan', 'place', 'the', 'opened', 'rolls', 'fill', 'the', 'rolls', 'with', '1', 'sausage', 'in', 'each', 'roll', 'and', 'evenly', 'distribute', 'the', 'onions', 'and', 'peppers', 'mix', 'the', '3', 'shredded', 'cheeses', 'and', 'evenly', 'sprinkle', 'that', 'on', 'top', 'place', 'in', 'oven', 'uncovered', 'on', '400°f', 'or', 'until', 'the', 'cheese', 'is', 'melted', 'remove', 'from', 'oven', 'top', 'with', 'some', 'marinara', 'sauce', 'close', 'the', 'sandwiches', 'and', 'serve', 'note', 'see', 'my', 'recipe', 'for', 'marinara', 'sauce', '84217']","['poach', 'raw', 'sausages', 'water', 'covered', 'skillet', 'simmering', 'almost', 'done', 'takes', 'sautè', 'onions', 'peppers', 'olive', 'oil', 'salt', 'pepper', 'oregano', 'medium', 'high', 'heat', 'add', 'wine', 'cover', 'cook', 'uncover', 'cook', 'moisture', 'absorbed', 'either', 'grill', 'skillet', 'little', 'extra', 'virgin', 'olive', 'oil', 'cook', 'poached', 'sausages', 'medium', 'high', 'heat', 'turning', 'often', 'ensure', 'even', 'browning', 'large', 'baking', 'dish', 'pan', 'place', 'opened', 'rolls', 'fill', 'rolls', 'sausage', 'roll', 'evenly', 'distribute', 'onions', 'peppers', 'mix', 'shredded', 'cheeses', 'evenly', 'sprinkle', 'top', 'place', 'oven', 'uncovered', '400°f', 'cheese', 'melted', 'remove', 'oven', 'top', 'marinara', 'sauce', 'close', 'sandwiches', 'serve', 'note', 'see', 'recipe', 'marinara', 'sauce']",Italian
9168,"['make', 'a', 'smooth', 'paste', 'of', 'yogurt', 'garlic', 'ginger', 'lime', 'juice', 'cinnamon', 'cloves', 'cardamoms', 'peppercorns', 'and', 'the', 'oil', 'marinate', 'the', 'chicken', 'in', 'this', 'for', '6', 'hours', 'in', 'a', 'fridge', 'bake', 'the', 'chicken', 'in', 'a', 'preheated', 'oven', 'for', '15', 'minutes', 'at', '250', 'f', '130', 'c', 'put', 'it', 'aside', 'cut', 'tomatoes', 'put', 'them', 'in', 'a', 'pan', 'no', 'water', 'and', 'boil', 'when', 'the', 'quantity', 'has', 'dropped', 'by', 'half', 'strain', 'through', 'a', 'fine', 'sieve', 'what', 'comes', 'out', 'of', 'the', 'sieve', 'is', 'the', 'tomato', 'sauce', 'take', 'a', 'pan', 'start', 'heating', 'the', 'sauce', 'add', 'the', 'butter', 'when', 'the', 'butter', 'is', 'melted', 'add', 'the', 'white', 'pepper', 'salt', 'fenugreek', 'leaves', 'and', 'cream', 'cook', 'for', '2-3', 'minutes', 'mix', 'the', 'chicken', 'pieces', 'into', 'this', 'sauce', 'cover', 'and', 'cook', 'on', 'a', 'low', 'flame', 'until', 'the', 'chicken', 'is', 'done', 'garnish', 'with', 'fresh', 'coriander', 'and', 'serve', 'with', 'rice']","['make', 'smooth', 'paste', 'yogurt', 'garlic', 'ginger', 'lime', 'juice', 'cinnamon', 'cloves', 'cardamoms', 'peppercorns', 'oil', 'marinate', 'chicken', 'fridge', 'bake', 'chicken', 'preheated', 'oven', 'f', 'c', 'put', 'aside', 'cut', 'tomatoes', 'put', 'pan', 'water', 'boil', 'quantity', 'dropped', 'half', 'strain', 'fine', 'sieve', 'comes', 'sieve', 'tomato', 'sauce', 'take', 'pan', 'start', 'heating', 'sauce', 'add', 'butter', 'butter', 'melted', 'add', 'white', 'pepper', 'salt', 'fenugreek', 'leaves', 'cream', 'cook', 'mix', 'chicken', 'pieces', 'sauce', 'cover', 'cook', 'low', 'flame', 'chicken', 'done', 'garnish', 'fresh', 'coriander', 'serve', 'rice']",Indian
91,"['preheat', 'the', 'oven', 'to', '450', 'degrees', 'f.', 'mix', 'together', 'flour', 'salt', 'and', 'pepper', 'heat', 'the', 'oil', 'in', 'large', 'ovenproof', 'pot', 'over', 'high', 'heat', 'coat', 'the', 'chicken', 'w/', 'the', 'flour', 'mixture', 'and', 'shake', 'off', 'excess', 'cook', 'the', 'chicken', 'in', 'the', 'pot', 'until', 'golden', 'brown', 'on', 'all', 'sides', 'about', '10', 'minutes', 'transfer', 'the', 'chicken', 'to', 'a', 'large', 'plate', 'carefully', 'add', 'the', 'potatoes', 'to', 'the', 'same', 'pot', 'and', 'cook', 'until', 'they', 'are', 'golden', 'brown', 'stirring', 'occasionally', 'about', '10', 'minutes', 'add', 'the', 'garlic', 'and', 'saute', 'for', '1', 'minute', 'add', 'the', 'wine', 'and', 'stir', 'scraping', 'up', 'the', 'brown', 'bits', 'on', 'the', 'bottom', 'of', 'the', 'pot', 'add', 'the', 'broth', 'oregano', 'and', 'thyme', 'return', 'the', 'chicken', 'to', 'the', 'pot', 'stir', 'gently', 'to', 'combine', 'bring', 'to', 'a', 'boil', 'over', 'medium-high', 'heat', 'cover', 'and', 'bake', 'in', 'the', 'oven', 'until', 'the', 'chicken', 'is', 'cooked', 'through', 'about', '20-30', 'minutes', 'transfer', 'the', 'chicken', 'to', 'a', 'platter', 'arrange', 'the', 'potatoes', 'around', 'chicken', 'turn', 'heat', 'to', 'low', 'stir', 'in', 'the', 'butter', 'pour', 'the', 'sauce', 'over', 'chicken', 'and', 'potatoes', 'and', 'serve']","['preheat', 'oven', 'f.', 'mix', 'together', 'flour', 'salt', 'pepper', 'heat', 'oil', 'large', 'ovenproof', 'pot', 'high', 'heat', 'coat', 'chicken', 'w/', 'flour', 'mixture', 'shake', 'excess', 'cook', 'chicken', 'pot', 'golden', 'brown', 'sides', 'transfer', 'chicken', 'large', 'plate', 'carefully', 'add', 'potatoes', 'pot', 'cook', 'golden', 'brown', 'stirring', 'occasionally', 'add', 'garlic', 'saute', 'add', 'wine', 'stir', 'scraping', 'brown', 'bits', 'bottom', 'pot', 'add', 'broth', 'oregano', 'thyme', 'return', 'chicken', 'pot', 'stir', 'gently', 'combine', 'bring', 'boil', 'medium', 'high', 'heat', 'cover', 'bake', 'oven', 'chicken', 'cooked', 'transfer', 'chicken', 'platter', 'arrange', 'potatoes', 'around', 'chicken', 'turn', 'heat', 'low', 'stir', 'butter', 'pour', 'sauce', 'chicken', 'potatoes', 'serve']",Italian
12283,"['put', 'sugar', 'milk', 'condensed', 'milk', 'and', 'ghee', 'into', 'a', 'large', 'heated', 'saucepan', 'a', 'non', 'stick', 'pan', 'is', 'excellent', 'for', 'this', 'cook', 'over', 'medium', 'heat', 'stirring', 'constantly', 'until', 'mixture', 'reaches', 'soft', 'ball', 'stage', 'or', '116°c', '240°f', 'on', 'a', 'candy', 'thermometer', 'to', 'test', 'for', 'softball', 'stage', 'drop', 'a', 'little', 'into', 'a', 'cup', 'of', 'ice.cold', 'water', 'if', 'it', 'firms', 'enough', 'to', 'be', 'moulded', 'into', 'a', 'soft', 'ball', 'it', 'has', 'reached', 'the', 'required', 'temperature.', 'remove', 'from', 'heat', 'add', 'smoothly', 'mashed', 'potato', 'and', 'beat', 'with', 'a', 'rotary', 'beater', 'until', 'all', 'lumps', 'are', 'beaten', 'out', 'if', 'using', 'a', 'pan', 'with', 'non', 'stick', 'lining', 'pour', 'mixture', 'into', 'a', 'bowl', 'before', 'doing', 'this', 'or', 'the', 'metal', 'beaters', 'will', 'scratch', 'the', 'non', 'stick', 'surface', 'return', 'to', 'heat', 'and', 'cook', 'to', 'soft', 'ball', 'stage', 'or', '116°c', '240°f', 'once', 'more', 'remove', 'from', 'heat', 'stir', 'in', 'nuts', 'rose', 'water', 'and', 'cardamom', 'and', 'mix', 'well', 'pour', 'into', 'a', 'well', 'buttered', 'shallow', 'dish', 'or', 'baking', 'tin', 'pres', 'lightly', 'with', 'a', 'piece', 'of', 'buttered', 'banana', 'leaf', 'or', 'aluminium', 'foil', 'to', 'smooth', 'and', 'flatten', 'the', 'surface', 'allow', 'to', 'cool', 'and', 'set', 'then', 'cut', 'into', 'diamond', 'shapes']","['put', 'sugar', 'milk', 'condensed', 'milk', 'ghee', 'large', 'heated', 'saucepan', 'non', 'stick', 'pan', 'excellent', 'cook', 'medium', 'heat', 'stirring', 'constantly', 'mixture', 'reaches', 'soft', 'ball', 'stage', '116°c', '240°f', 'candy', 'thermometer', 'test', 'softball', 'stage', 'drop', 'little', 'ice.cold', 'water', 'firms', 'enough', 'moulded', 'soft', 'ball', 'reached', 'required', 'temperature.', 'remove', 'heat', 'add', 'smoothly', 'mashed', 'potato', 'beat', 'rotary', 'beater', 'lumps', 'beaten', 'using', 'pan', 'non', 'stick', 'lining', 'pour', 'mixture', 'bowl', 'metal', 'beaters', 'scratch', 'non', 'stick', 'surface', 'return', 'heat', 'cook', 'soft', 'ball', 'stage', '116°c', '240°f', 'remove', 'heat', 'stir', 'nuts', 'rose', 'water', 'cardamom', 'mix', 'well', 'pour', 'well', 'buttered', 'shallow', 'dish', 'baking', 'tin', 'pres', 'lightly', 'piece', 'buttered', 'banana', 'leaf', 'aluminium', 'foil', 'smooth', 'flatten', 'surface', 'allow', 'cool', 'set', 'cut', 'diamond', 'shapes']",Indian
12084,"['heat', 'ghee', 'in', 'medium', 'pot', 'on', 'high', 'for', '1', 'minute', 'add', 'mustard', 'seeds', 'and', 'cook', 'until', 'you', 'hear', 'the', 'first', 'popping', 'noise', 'immediately', 'add', 'the', 'curry', 'leaves', 'the', 'curry', 'leaves', 'will', 'shrivel', 'as', 'soon', 'as', 'you', 'stir', 'them', 'in', 'the', 'hot', 'oil', 'reduce', 'heat', 'to', 'medium-low', 'add', 'tomatoes', 'turmeric', 'cumin', 'and', 'salt', 'stir', 'and', 'cook', 'the', 'masala', 'for', '5', 'minutes', 'stir', 'in', 'the', 'mangoes', 'increase', 'the', 'heat', 'to', 'medium', 'cover', 'and', 'cook', 'for', '10', 'minutes', 'stirring', 'halfway', 'through', 'stir', 'in', 'green', 'onions', 'and', 'cook', 'uncovered', 'for', '2', 'to', '3', 'minutes']","['heat', 'ghee', 'medium', 'pot', 'high', 'add', 'mustard', 'seeds', 'cook', 'hear', 'first', 'popping', 'noise', 'immediately', 'add', 'curry', 'leaves', 'curry', 'leaves', 'shrivel', 'soon', 'stir', 'hot', 'oil', 'reduce', 'heat', 'medium', 'low', 'add', 'tomatoes', 'turmeric', 'cumin', 'salt', 'stir', 'cook', 'masala', 'stir', 'mangoes', 'increase', 'heat', 'medium', 'cover', 'cook', 'stirring', 'halfway', 'stir', 'green', 'onions', 'cook', 'uncovered']",Indian
12860,"['combine', 'warm', 'water', 'sugar', 'and', 'yeast', 'in', 'a', 'bowl', 'let', 'stand', 'for', '5', 'minutes', 'until', 'foamy', 'add', 'salt', 'and', 'flour', 'mix', 'thoroughly', 'knead', 'dough', 'on', 'a', 'floured', 'workspace', 'about', '20', 'times', 'and', 'form', 'into', 'a', 'tight', 'ball', 'put', 'dough', 'in', 'a', 'well', 'oiled', 'bowl', 'and', 'cover', 'with', 'a', 'damp', 'towel', 'put', 'in', 'a', 'warm', 'place', 'to', 'rise', 'for', '30-45', 'minutes', 'dough', 'wo', ""n't"", 'rise', 'much', 'but', 'it', 'does', ""n't"", 'need', 'to', 'turn', 'dough', 'out', 'onto', 'a', 'floured', 'workspace', 'divide', 'dough', 'into', '8', 'pieces', 'and', 'roll', 'out', 'with', 'a', 'rolling', 'pin', 'to', 'about', '1/8', ""''"", 'thick', 'grill', 'naan', 'pieces', 'on', 'a', 'grill', 'or', 'electric', 'griddle', 'in', 'a', 'pinch', 'a', 'frying', 'pan', 'sprayed', 'with', 'some', 'nonstick', 'cooking', 'spray', 'will', 'work', 'grill', 'for', '1-2', 'minutes', 'on', 'each', 'side', 'this', 'recipe', 'yields', 'a', 'very', 'soft', 'chewey', 'naan', 'just', 'the', 'way', 'i', 'like', 'it']","['combine', 'warm', 'water', 'sugar', 'yeast', 'bowl', 'let', 'stand', 'foamy', 'add', 'salt', 'flour', 'mix', 'thoroughly', 'knead', 'dough', 'floured', 'workspace', 'times', 'form', 'tight', 'ball', 'put', 'dough', 'well', 'oiled', 'bowl', 'cover', 'damp', 'towel', 'put', 'warm', 'place', 'rise', 'dough', 'wo', 'rise', 'much', 'need', 'turn', 'dough', 'onto', 'floured', 'workspace', 'divide', 'dough', 'pieces', 'roll', 'rolling', 'pin', ""''"", 'thick', 'grill', 'naan', 'pieces', 'grill', 'electric', 'griddle', 'pinch', 'frying', 'pan', 'sprayed', 'nonstick', 'cooking', 'spray', 'work', 'grill', 'side', 'recipe', 'yields', 'soft', 'chewey', 'naan', 'way', 'like']",Indian
941,"['heat', 'olive', 'oil', 'on', 'medium', 'high', 'heat', 'in', 'a', 'large', 'fryig', 'pan', 'remove', 'sausage', 'from', 'casing', 'and', 'cut', 'into', '1/2', 'inch', 'slices', 'peel', 'onion', 'and', 'slice', 'in', '1/4', 'inch', 'slices', 'after', 'heating', 'oil', 'in', 'large', 'fryinng', 'pan', 'add', 'italian', 'sausage', 'once', 'the', 'italian', 'sausage', 'is', 'browned', 'add', 'the', 'onions', 'and', 'garlic', 'cook', 'until', 'onions', 'are', 'transluccent', 'add', 'tomatoes', 'undrained', 'add', 'all', 'spices', 'and', 'mix', 'thoroughly', 'taking', 'care', 'not', 'to', 'break', 'up', 'sausage', 'bring', 'to', 'a', 'boil', 'and', 'turn', 'down', 'to', 'medium', 'low', 'cover', 'tightly', 'wash', 'squash', 'slice', 'squash', 'into', '1/4', 'inch', 'slices', 'remove', 'cover', 'add', 'squash', 'into', 'sauce', 'and', 'stir', 'lightly', 'replace', 'cover', 'turn', 'down', 'burner', 'to', 'low', 'simmer', 'for', 'approximately', '30', 'minutes', 'serve', 'over', 'jasmine', 'rice', 'or', 'pasta']","['heat', 'olive', 'oil', 'medium', 'high', 'heat', 'large', 'fryig', 'pan', 'remove', 'sausage', 'casing', 'cut', 'slices', 'peel', 'onion', 'slice', 'slices', 'heating', 'oil', 'large', 'fryinng', 'pan', 'add', 'italian', 'sausage', 'italian', 'sausage', 'browned', 'add', 'onions', 'garlic', 'cook', 'onions', 'transluccent', 'add', 'tomatoes', 'undrained', 'add', 'spices', 'mix', 'thoroughly', 'taking', 'care', 'break', 'sausage', 'bring', 'boil', 'turn', 'medium', 'low', 'cover', 'tightly', 'wash', 'squash', 'slice', 'squash', 'slices', 'remove', 'cover', 'add', 'squash', 'sauce', 'stir', 'lightly', 'replace', 'cover', 'turn', 'burner', 'low', 'simmer', 'approximately', 'serve', 'jasmine', 'rice', 'pasta']",Italian
10017,"['bring', 'a', 'pot', 'of', 'water', 'to', 'boil', 'add', 'the', 'eggs', 'and', 'boil', 'for', '10', 'minutes', 'after', 'ten', 'minutes', 'add', 'the', 'salt', 'to', 'the', 'water', 'and', 'add', 'the', 'potatoes', 'with', 'the', 'eggs', 'and', 'boil', 'for', 'another', 'five', 'minutes', 'in', 'a', 'small', 'frying', 'pan', 'add', 'the', 'spices', 'coriander', 'ginger', 'curry', 'pepper', 'and', 'toast', 'them', 'over', 'low', 'heat', 'for', 'about', 'two', 'minutes', 'or', 'until', 'the', 'spices', 'become', 'aromatic', 'drain', 'the', 'potatoes', 'and', 'eggs', 'and', 'add', 'the', 'butter', 'to', 'the', 'pan', 'with', 'the', 'spices', 'stir', 'the', 'spices', 'into', 'the', 'melting', 'butter', 'and', 'add', 'the', 'potatoes', 'and', 'coat', 'peel', 'and', 'chop', 'the', 'eggs', 'into', 'bite', 'sized', 'pieces', 'and', 'add', 'to', 'the', 'pan', 'and', 'toss', 'again', 'if', 'the', 'spices', 'and', 'butter', 'become', 'to', 'dry', 'to', 'toss', 'the', 'potatoes', 'and', 'eggs', 'with', 'add', '1/4', 'cup', 'of', 'water', 'or', 'milk', 'to', 'thin', 'it', 'out', 'add', 'the', 'cilantro', 'and', 'salt', 'to', 'taste', 'and', 'cook', 'for', 'about', 'a', 'minute', 'longer', 'until', 'all', 'flavors', 'are', 'combined']","['bring', 'pot', 'water', 'boil', 'add', 'eggs', 'boil', 'ten', 'add', 'salt', 'water', 'add', 'potatoes', 'eggs', 'boil', 'another', 'five', 'small', 'frying', 'pan', 'add', 'spices', 'coriander', 'ginger', 'curry', 'pepper', 'toast', 'low', 'heat', 'two', 'spices', 'become', 'aromatic', 'drain', 'potatoes', 'eggs', 'add', 'butter', 'pan', 'spices', 'stir', 'spices', 'melting', 'butter', 'add', 'potatoes', 'coat', 'peel', 'chop', 'eggs', 'bite', 'sized', 'pieces', 'add', 'pan', 'toss', 'spices', 'butter', 'become', 'dry', 'toss', 'potatoes', 'eggs', 'add', 'water', 'milk', 'thin', 'add', 'cilantro', 'salt', 'taste', 'cook', 'longer', 'flavors', 'combined']",Indian
6836,"['first', 'combine', 'khoya', 'and', 'sugar', 'in', 'a', 'sauce', 'pan', 'and', 'heat', 'on', 'low', 'stirring', 'constantly', 'until', 'it', 'thickens', 'when', 'thickened', 'it', 'should', 'form', 'into', 'a', 'soft', 'mass', 'allow', 'it', 'to', 'cool', 'for', 'approximately', '10-12', 'minutes', 'next', 'you', 'will', 'add', 'the', 'cardamom', 'powder', 'yellow', 'coloring', 'and', 'combine', 'very', 'well', 'roll', 'a', 'nice', 'amount', 'of', 'dough', 'into', 'a', 'ball', '2', 'inch', 'balls', 'and', 'press', 'finger', 'into', 'center', 'to', 'make', 'a', 'small', 'well', 'and', 'press', '2-3', 'slices', 'of', 'pistachio', 'in', 'the', 'centers', 'use', 'the', 'same', 'process', 'for', 'the', 'remaining', 'dough', 'enjoy']","['first', 'combine', 'khoya', 'sugar', 'sauce', 'pan', 'heat', 'low', 'stirring', 'constantly', 'thickens', 'thickened', 'form', 'soft', 'mass', 'allow', 'cool', 'approximately', 'next', 'add', 'cardamom', 'powder', 'yellow', 'coloring', 'combine', 'well', 'roll', 'nice', 'amount', 'dough', 'ball', 'balls', 'press', 'finger', 'center', 'make', 'small', 'well', 'press', 'slices', 'pistachio', 'centers', 'use', 'process', 'remaining', 'dough', 'enjoy']",Indian
1157,"['in', 'a', '1-', 'to', '12', 'inch', 'saute', 'pan', 'heat', 'the', 'olive', 'oil', 'over', 'medium', 'high', 'heat', 'until', 'smoking', 'add', 'the', 'onion', 'and', 'cook', 'until', 'just', 'softened', '6', 'to', '7', 'minutes', 'add', 'the', 'eggplant', 'and', 'cook', 'stirring', 'frequently', 'until', 'soft', 'and', 'golden', 'brown', 'about', '7', 'minutes', 'removed', 'from', 'the', 'heat', 'season', 'with', 'salt', 'and', 'pepper', 'and', 'allow', 'to', 'cool', 'meanwhile', 'preheat', 'the', 'grill', 'or', 'broiler', 'toast', 'the', 'bread', 'on', 'the', 'grill', 'or', 'under', 'the', 'broiler', 'until', 'golden', 'brown', 'on', 'both', 'sides', 'stir', 'the', 'parsley', 'into', 'the', 'eggplant', 'mixture', 'spoon', 'the', 'mixture', 'onto', 'the', 'toasts', 'and', 'serve']","['saute', 'pan', 'heat', 'olive', 'oil', 'medium', 'high', 'heat', 'smoking', 'add', 'onion', 'cook', 'softened', 'add', 'eggplant', 'cook', 'stirring', 'frequently', 'soft', 'golden', 'brown', 'removed', 'heat', 'season', 'salt', 'pepper', 'allow', 'cool', 'meanwhile', 'preheat', 'grill', 'broiler', 'toast', 'bread', 'grill', 'broiler', 'golden', 'brown', 'sides', 'stir', 'parsley', 'eggplant', 'mixture', 'spoon', 'mixture', 'onto', 'toasts', 'serve']",Italian
10958,"['in', 'a', 'large', 'pot', 'combine', 'the', 'broth', 'chickpeas', 'tomatoes', 'chilies', 'potatoes', 'onion', 'butter', 'ginger', '1', 'teaspoon', 'of', 'salt', 'cumin', 'coriander', 'and', 'cayenne', 'stir', 'to', 'mix', 'and', 'nestle', 'the', 'potatoes', 'into', 'the', 'liquid', 'set', 'the', 'pot', 'uncovered', 'over', 'medium', 'heat', 'simmer', 'vigorously', 'for', 'about', '35', 'minutes', 'or', 'until', 'the', 'potatoes', 'are', 'tender', 'add', 'more', 'salt', 'to', 'taste', 'serve', 'the', 'curry', 'in', 'bowls', 'over', 'jasmine', 'rice']","['large', 'pot', 'combine', 'broth', 'chickpeas', 'tomatoes', 'chilies', 'potatoes', 'onion', 'butter', 'ginger', 'salt', 'cumin', 'coriander', 'cayenne', 'stir', 'mix', 'nestle', 'potatoes', 'liquid', 'set', 'pot', 'uncovered', 'medium', 'heat', 'simmer', 'vigorously', 'potatoes', 'tender', 'add', 'salt', 'taste', 'serve', 'curry', 'bowls', 'jasmine', 'rice']",Indian
5632,"['spaghetti', 'and', 'spicy', 'eggplant', 'place', 'eggplant', 'in', 'colander', 'sprinkle', 'with', 'salt', 'and', 'let', 'rest', 'for', 'one', 'hour', 'pat', 'eggplant', 'dry', 'in', 'a', 'large', 'skillet', 'heat', '1/4', 'cup', 'olive', 'oil', 'on', 'high', 'add', 'in', 'one', 'layer', 'of', 'eggplant', 'and', 'cook', 'until', 'crispy', 'on', 'one', 'side', 'do', 'not', 'stir', 'turn', 'to', 'crisp', 'other', 'side', 'eggplant', 'will', 'shrink', 'and', 'crisp', 'repeat', 'until', 'all', 'the', 'eggplant', 'is', 'crispy', 'in', 'a', 'wide', 'pot', 'heat', '1/4', 'cup', 'olive', 'oil', 'add', 'diced', 'tomatoes', 'and', 'peppers', 'and', 'cook', 'on', 'high', 'stirring', 'for', 'about', '3', 'minutes', 'lower', 'heat', 'add', 'garlic', 'and', 'cook', 'for', '2', 'more', 'minutes', 'add', 'eggplant', 'and', 'salsa', 'rossa', 'and', 'cook', 'stirring', 'gently', 'a', 'couple', 'of', 'times', 'add', 'basil', 'italian', 'seasoning', 'if', 'using', 'red', 'pepper', 'flakes', 'oregano', 'and', 'parsley', 'in', 'a', 'large', 'pot', 'bring', 'salted', 'water', 'to', 'boil', 'and', 'cook', 'spaghetti', 'until', 'al', 'dente', 'drain', 'reserving', '2', 'cups', 'cooking', 'water', 'add', 'pasta', 'to', 'sauce', 'and', 'cook', 'over', 'high', 'heat', '2', 'to', '3', 'minutes', 'adding', 'a', 'little', 'pasta', 'water', 'if', 'needed', 'to', 'keep', 'everything', 'juicy', 'serve', 'with', 'shaved', 'parmigiano', 'a', 'nice', 'salad', 'and', 'why', 'not', 'some', 'chianti', 'salsa', 'rossa', 'heat', 'the', 'olive', 'oil', 'in', 'a', 'skillet', 'add', 'tomatoes', 'garlic', 'and', 'red', 'pepper', 'flakes', 'and', 'sauté', 'until', 'tomatoes', 'are', 'soft', 'stir', 'in', 'fresh', 'basil', 'and', 'add', 'salt', 'and', 'pepper', 'to', 'taste', 'puree', 'or', 'leave', 'chunky']","['spaghetti', 'spicy', 'eggplant', 'place', 'eggplant', 'colander', 'sprinkle', 'salt', 'let', 'rest', 'one', 'pat', 'eggplant', 'dry', 'large', 'skillet', 'heat', 'olive', 'oil', 'high', 'add', 'one', 'layer', 'eggplant', 'cook', 'crispy', 'one', 'side', 'stir', 'turn', 'crisp', 'side', 'eggplant', 'shrink', 'crisp', 'repeat', 'eggplant', 'crispy', 'wide', 'pot', 'heat', 'olive', 'oil', 'add', 'diced', 'tomatoes', 'peppers', 'cook', 'high', 'stirring', 'lower', 'heat', 'add', 'garlic', 'cook', 'add', 'eggplant', 'salsa', 'rossa', 'cook', 'stirring', 'gently', 'couple', 'times', 'add', 'basil', 'italian', 'seasoning', 'using', 'red', 'pepper', 'flakes', 'oregano', 'parsley', 'large', 'pot', 'bring', 'salted', 'water', 'boil', 'cook', 'spaghetti', 'al', 'dente', 'drain', 'reserving', 'cooking', 'water', 'add', 'pasta', 'sauce', 'cook', 'high', 'heat', 'adding', 'little', 'pasta', 'water', 'needed', 'keep', 'everything', 'juicy', 'serve', 'shaved', 'parmigiano', 'nice', 'salad', 'chianti', 'salsa', 'rossa', 'heat', 'olive', 'oil', 'skillet', 'add', 'tomatoes', 'garlic', 'red', 'pepper', 'flakes', 'sauté', 'tomatoes', 'soft', 'stir', 'fresh', 'basil', 'add', 'salt', 'pepper', 'taste', 'puree', 'leave', 'chunky']",Italian
400,"['put', 'chicken', 'legs', 'in', 'a', 'saucepan', 'with', '4', 'c', 'water', 'and', 'cook', 'over', 'medium', 'heat', 'until', 'no', 'longer', 'pink', 'about', '30', 'minutes', 'check', 'for', 'doneness', 'let', 'cool', 'take', 'off', 'skin', 'chop', 'meat', 'into', 'bite', 'size', 'pieces', 'reserve', 'cooking', 'water', 'for', 'chicken', 'broth', 'meanwhile', 'melt', 'butter', 'in', 'a', 'skillet', 'brown', 'sausage', 'drain', 'chop', 'up', 'celery', 'zucchini', 'carrots', 'and', 'onion', 'in', 'the', 'crock', 'pot', 'spray', 'with', 'cooking', 'spray', 'or', 'use', 'a', 'crock', 'pot', 'liner', 'put', 'the', 'stuffing', 'mix', 'on', 'the', 'bottom', 'break', 'rye', 'bread', 'into', 'bite', 'size', 'pieces', 'and', 'add', 'add', 'chopped', 'vegetables', 'and', 'sausage', 'add', 'spinach', 'add', 'chopped', 'chicken', 'add', 'crushed', 'garlic', 'cumin', 'nutmeg', 'add', 'chicken', 'broth—either', 'the', 'water', 'the', 'chicken', 'cooked', 'in', 'or', '4', 'c', 'prepared', 'broth', 'in', 'the', 'can', 'or', 'package', 'add', 'black', 'pepper', 'to', 'taste', 'cook', 'on', 'low', '4-5', 'hours', 'stirring', 'occasionally', 'add', 'water', '1/4', 'c', 'at', 'a', 'time', 'if', 'the', 'stuffing', 'is', 'looking', 'dry']","['put', 'chicken', 'legs', 'saucepan', 'c', 'water', 'cook', 'medium', 'heat', 'longer', 'pink', 'check', 'doneness', 'let', 'cool', 'take', 'skin', 'chop', 'meat', 'bite', 'size', 'pieces', 'reserve', 'cooking', 'water', 'chicken', 'broth', 'meanwhile', 'melt', 'butter', 'skillet', 'brown', 'sausage', 'drain', 'chop', 'celery', 'zucchini', 'carrots', 'onion', 'crock', 'pot', 'spray', 'cooking', 'spray', 'use', 'crock', 'pot', 'liner', 'put', 'stuffing', 'mix', 'bottom', 'break', 'rye', 'bread', 'bite', 'size', 'pieces', 'add', 'add', 'chopped', 'vegetables', 'sausage', 'add', 'spinach', 'add', 'chopped', 'chicken', 'add', 'crushed', 'garlic', 'cumin', 'nutmeg', 'add', 'chicken', 'broth—either', 'water', 'chicken', 'cooked', 'c', 'prepared', 'broth', 'package', 'add', 'black', 'pepper', 'taste', 'cook', 'low', 'stirring', 'occasionally', 'add', 'water', 'c', 'time', 'stuffing', 'looking', 'dry']",Italian
9537,"['in', 'a', 'small', 'bowl', 'combine', 'the', 'chili', 'powder', 'turmeric', 'coriander', 'and', 'salt', 'with', 'a', 'sharp', 'knife', 'cut', 'lengthwise', 'slit', 'in', 'each', 'okra', 'pod', 'taking', 'care', 'not', 'to', 'cut', 'completely', 'through', 'stuff', 'each', 'pod', 'with', 'a', 'little', 'of', 'the', 'spice', 'mixture', 'in', 'a', 'medium', 'saucepan', 'heat', 'the', 'oil', 'over', 'high', 'heat', 'add', 'onions', 'and', 'cook', 'stirring', 'constantly', '12', 'minutes', 'or', 'until', 'browned', 'reduce', 'the', 'heat', 'to', 'low', 'and', 'add', 'the', 'okra', 'add', 'the', 'water', 'if', 'the', 'mixture', 'seems', 'to', 'dry', 'cook', 'covered', '10', 'minutes', 'or', 'until', 'the', 'okra', 'is', 'tender', 'but', 'still', 'retains', 'it', ""'s"", 'color', 'serve', 'garnished', 'with', 'fresh', 'coriander', 'and', 'lemons']","['small', 'bowl', 'combine', 'chili', 'powder', 'turmeric', 'coriander', 'salt', 'sharp', 'knife', 'cut', 'lengthwise', 'slit', 'okra', 'pod', 'taking', 'care', 'cut', 'completely', 'stuff', 'pod', 'little', 'spice', 'mixture', 'medium', 'saucepan', 'heat', 'oil', 'high', 'heat', 'add', 'onions', 'cook', 'stirring', 'constantly', 'browned', 'reduce', 'heat', 'low', 'add', 'okra', 'add', 'water', 'mixture', 'seems', 'dry', 'cook', 'covered', 'okra', 'tender', 'still', 'retains', 'color', 'serve', 'garnished', 'fresh', 'coriander', 'lemons']",Indian
9261,"['heat', 'milk', 'until', 'it', 'reduces', 'to', 'half', 'its', 'original', 'volume', 'meanwhile', 'grind', 'the', 'choliya', 'in', 'a', 'mixer', 'and', 'keep', 'aside', 'add', 'sugar', 'cardamom', 'and', 'ground', 'choliya', 'to', 'the', 'milk', 'mix', 'well', 'until', 'sugar', 'melts', 'transfer', 'to', 'a', 'serving', 'bowl', 'add', 'some', 'saffron', 'dissolved', 'in', 'water', 'allow', 'to', 'cool', 'down', 'to', 'room', 'temperature', 'refrigerate', 'and', 'serve', 'chilled']","['heat', 'milk', 'reduces', 'half', 'original', 'volume', 'meanwhile', 'grind', 'choliya', 'mixer', 'keep', 'aside', 'add', 'sugar', 'cardamom', 'ground', 'choliya', 'milk', 'mix', 'well', 'sugar', 'melts', 'transfer', 'serving', 'bowl', 'add', 'saffron', 'dissolved', 'water', 'allow', 'cool', 'room', 'temperature', 'refrigerate', 'serve', 'chilled']",Indian
3133,"['seed', 'the', 'cucumber', 'chop', 'the', 'cucumber', 'and', 'tomatoes', 'into', 'uniform', 'pieces', 'add', 'oil', 'lemon', 'juice', 'crushed', 'garlic', 'start', 'out', 'with', 'very', 'little', 'and', 'add', 'to', 'taste', 'salt', 'and', 'a', 'little', 'basil', 'to', 'enhance', 'the', 'flavor', 'not', 'to', 'cover', 'it', 'up', 'enjoy']","['seed', 'cucumber', 'chop', 'cucumber', 'tomatoes', 'uniform', 'pieces', 'add', 'oil', 'lemon', 'juice', 'crushed', 'garlic', 'start', 'little', 'add', 'taste', 'salt', 'little', 'basil', 'enhance', 'flavor', 'cover', 'enjoy']",Italian
5040,"['mix', 'flour', 'oil', 'eggs', 'milk', 'yeast', 'and', 'salt', 'together', 'in', 'a', 'large', 'bowl', 'pour', 'half', 'of', 'the', 'mixture', 'into', 'the', 'buttered', '8', 'inches', 'cake', 'pan', 'layered', 'on', 'the', 'cheese', 'spinach', 'and', 'prosciutto', 'pour', 'the', 'rest', 'of', 'the', 'mixture', 'on', 'top', 'of', 'the', 'filling', 'bake', 'at', '350f', 'for', '40', 'to', '50', 'minutes']","['mix', 'flour', 'oil', 'eggs', 'milk', 'yeast', 'salt', 'together', 'large', 'bowl', 'pour', 'half', 'mixture', 'buttered', 'cake', 'pan', 'layered', 'cheese', 'spinach', 'prosciutto', 'pour', 'rest', 'mixture', 'top', 'filling', 'bake', '350f']",Italian
4305,"['heat', 'oven', 'to', '375.', 'grease', '10', 'muffin', 'cups', 'in', 'a', 'small', 'bowl', 'combine', 'walnuts', '1/4', 'cup', 'sugar', 'and', 'cinnamon', 'separate', 'dough', 'into', '10', 'biscuits', 'press', 'or', 'roll', 'each', 'into', 'a', '4-inch', 'circle', 'dip', 'biscuits', 'in', 'margarine', 'then', 'in', 'coat', 'lightly', 'in', 'walnut', 'mixture', 'in', 'a', 'small', 'bowl', 'combine', 'cream', 'cheese', '2', 'tbsp', 'sugar', 'and', 'lemon', 'juice', 'until', 'well', 'blended', 'spoon', '1', 'rounded', 'tablespoonful', 'of', 'cream', 'cheese', 'mixture', 'onto', 'center', 'of', 'each', 'biscuit', 'bring', '4', 'opposite', 'points', 'of', 'dough', 'to', 'center', 'of', 'filling', 'pinch', 'edges', 'to', 'seal', 'place', 'seam', 'side', 'up', 'in', 'prepared', 'muffin', 'cups', 'bake', 'at', '375', 'for', '15-25', 'minutes', 'or', 'until', 'deep', 'golden', 'brown', 'cool', '5', 'minutes', 'remove', 'from', 'pans', 'store', 'in', 'refrigerator']","['heat', 'oven', 'grease', 'muffin', 'small', 'bowl', 'combine', 'walnuts', 'sugar', 'cinnamon', 'separate', 'dough', 'biscuits', 'press', 'roll', '4', 'inch', 'circle', 'dip', 'biscuits', 'margarine', 'coat', 'lightly', 'walnut', 'mixture', 'small', 'bowl', 'combine', 'cream', 'cheese', 'sugar', 'lemon', 'juice', 'well', 'blended', 'spoon', 'rounded', 'tablespoonful', 'cream', 'cheese', 'mixture', 'onto', 'center', 'biscuit', 'bring', 'opposite', 'points', 'dough', 'center', 'filling', 'pinch', 'edges', 'seal', 'place', 'seam', 'side', 'prepared', 'muffin', 'bake', 'deep', 'golden', 'brown', 'cool', 'remove', 'pans', 'store', 'refrigerator']",Italian
1615,"['spread', 'the', 'eggplant', 'in', '1', 'layer', 'on', 'paper', 'towels', 'sprinkle', 'generously', 'with', 'salt', 'place', 'the', 'eggplant', 'in', 'a', 'colander', 'and', 'cover', 'with', 'a', 'plate', 'place', 'a', 'weight', 'on', 'the', 'plate', 'to', 'weigh', 'down', 'the', 'eggplant', 'let', 'sit', 'for', '30', 'minutes', 'remove', 'the', 'weights', 'and', 'shake', 'off', 'any', 'excess', 'salt', 'preheat', 'the', 'oven', 'to', '350°f', 'combine', 'the', 'eggs', 'grated', 'cheese', 'parsley', 'and', 'salt', 'and', 'pepper', 'in', 'a', 'medium', 'bowl', 'set', 'out', 'a', 'plate', 'of', 'flour', 'and', 'a', 'plate', 'of', 'bread', 'crumbs', 'lightly', 'flour', 'the', 'eggplant', 'shaking', 'off', 'any', 'excess', 'dip', 'the', 'slices', 'in', 'the', 'egg', 'mixture', 'then', 'the', 'bread', 'crumbs', 'heat', 'the', 'oil', 'in', 'a', 'large', 'skillet', 'over', 'medium', 'heat', 'until', 'hot', 'fry', 'the', 'eggplant', 'in', 'batches', 'turning', 'them', 'when', 'the', 'edges', 'are', 'browned', 'about', '3', 'to', '4', 'minutes', 'per', 'side', 'place', 'the', 'fried', 'eggplant', 'on', 'a', 'folded', 'brown', 'paper', 'bag', 'or', 'on', 'paper', 'towels', 'to', 'drain', 'layer', 'the', 'ingredients', 'in', 'a', '9', 'x', '15', 'x', '2', 'inch', 'pan', 'begin', 'by', 'spreading', 'approximately', '1/4', 'cup', 'of', 'the', 'sauce', 'in', 'the', 'bottom', 'of', 'the', 'pan', 'add', 'an', 'overlapping', 'layer', 'of', 'eggplant', 'then', 'more', 'sauce', 'followed', 'by', 'i', 'teaspoon', 'of', 'grated', 'cheese', 'then', 'sprinkle', 'with', 'a', 'handful', 'or', 'two', 'of', 'mozzarella', 'add', 'another', 'layer', 'of', 'eggplant', 'and', 'continue', 'layering', 'ending', 'with', 'a', 'layer', 'of', 'sauce', 'and', 'a', 'handful', 'of', 'mozzarella', 'cover', 'the', 'dish', 'with', 'foil', 'and', 'bake', 'for', '30', 'minutes', 'uncover', 'and', 'cook', 'for', '15', 'to', '30', 'minutes', 'until', 'the', 'cheese', 'begins', 'to', 'brown', 'and', 'the', 'sauce', 'is', 'bubbling', 'serve']","['spread', 'eggplant', 'layer', 'paper', 'towels', 'sprinkle', 'generously', 'salt', 'place', 'eggplant', 'colander', 'cover', 'plate', 'place', 'weight', 'plate', 'weigh', 'eggplant', 'let', 'sit', 'remove', 'weights', 'shake', 'excess', 'salt', 'preheat', 'oven', '350°f', 'combine', 'eggs', 'grated', 'cheese', 'parsley', 'salt', 'pepper', 'medium', 'bowl', 'set', 'plate', 'flour', 'plate', 'bread', 'crumbs', 'lightly', 'flour', 'eggplant', 'shaking', 'excess', 'dip', 'slices', 'egg', 'mixture', 'bread', 'crumbs', 'heat', 'oil', 'large', 'skillet', 'medium', 'heat', 'hot', 'fry', 'eggplant', 'batches', 'turning', 'edges', 'browned', 'per', 'side', 'place', 'fried', 'eggplant', 'folded', 'brown', 'paper', 'bag', 'paper', 'towels', 'drain', 'layer', 'ingredients', 'x', 'x', 'pan', 'begin', 'spreading', 'approximately', 'sauce', 'bottom', 'pan', 'add', 'overlapping', 'layer', 'eggplant', 'sauce', 'followed', 'grated', 'cheese', 'sprinkle', 'handful', 'two', 'mozzarella', 'add', 'another', 'layer', 'eggplant', 'continue', 'layering', 'ending', 'layer', 'sauce', 'handful', 'mozzarella', 'cover', 'dish', 'foil', 'bake', 'uncover', 'cook', 'cheese', 'begins', 'brown', 'sauce', 'bubbling', 'serve']",Italian
7653,"['heat', 'the', 'oil', 'in', 'a', 'pan', 'and', 'sauté', 'the', 'potato', 'for', '5-6', 'minutes', 'add', 'mushrooms', 'chilli', 'and', 'curry', 'powder', 'fry', 'for', 'a', 'further', 'few', 'minutes', 'stir', 'in', 'the', 'yoghurt', 'and', 'cook', 'for', '2-5', 'minutes', 'or', 'until', 'the', 'potatoe', 'is', 'done', 'season', 'with', 'salt', 'and', 'pepper']","['heat', 'oil', 'pan', 'sauté', 'potato', 'add', 'mushrooms', 'chilli', 'curry', 'powder', 'fry', 'stir', 'yoghurt', 'cook', 'potatoe', 'done', 'season', 'salt', 'pepper']",Indian
10881,"['in', 'a', 'small', 'pan', 'toast', 'the', 'saffron', 'over', 'low', 'heat', 'stirring', 'until', 'brittle', 'about', '2', 'minutes', 're', 'move', 'and', 'pulverize', 'in', 'a', 'mortar', 'with', 'a', 'pestle', 'or', 'on', 'a', 'cutting', 'board', 'with', 'the', 'side', 'of', 'a', 'large', 'knife', 'blade', 'put', 'the', 'yogurt', 'in', 'a', 'large', 'bowl', 'put', 'the', 'saffron', 'back', 'into', 'the', 'pan', 'and', 'add', 'the', 'cardamom', 'and', 'water', 'bring', 'just', 'to', 'a', 'simmer', 'stirring', 'whisk', 'the', 'saffron', 'mixture', 'into', 'the', 'yogurt', 'put', 'the', 'yogurt', 'mixture', 'in', 'a', 'strainer', 'lined', 'with', 'cheesecloth', 'a', 'coffee', 'filter', 'or', 'a', 'paper', 'towel', 'and', 'set', 'it', 'over', 'a', 'bowl', 'let', 'drain', 'in', 'the', 'refrigerator', 'for', '1', 'hour', 'transfer', 'the', 'yogurt', 'to', 'a', 'bowl', 'add', 'the', '1/3', 'cup', 'sugar', 'or', 'more', 'to', 'taste', 'with', 'an', 'electric', 'mixer', 'beat', 'the', 'yogurt', 'until', 'slightly', 'thickened', '2', 'to', '3', 'minutes', 'pour', 'into', 'bowls', 'and', 'refrigerate', 'until', 'well', 'chilled', 'or', 'put', 'in', 'the', 'freezer', 'until', 'very', 'cold', 'but', 'not', 'frozen', 'about', '30', 'minutes', 'meanwhile', 'in', 'a', 'small', 'frying', 'pan', 'toast', 'the', 'coconut', 'over', 'low', 'heat', 'stirring', 'until', 'golden', 'about', '2', 'minutes', 'serve', 'the', 'shrikhand', 'topped', 'with', 'the', 'mango', 'and', 'coconut']","['small', 'pan', 'toast', 'saffron', 'low', 'heat', 'stirring', 'brittle', 'move', 'pulverize', 'mortar', 'pestle', 'cutting', 'board', 'side', 'large', 'knife', 'blade', 'put', 'yogurt', 'large', 'bowl', 'put', 'saffron', 'back', 'pan', 'add', 'cardamom', 'water', 'bring', 'simmer', 'stirring', 'whisk', 'saffron', 'mixture', 'yogurt', 'put', 'yogurt', 'mixture', 'strainer', 'lined', 'cheesecloth', 'coffee', 'filter', 'paper', 'towel', 'set', 'bowl', 'let', 'drain', 'refrigerator', 'transfer', 'yogurt', 'bowl', 'add', 'sugar', 'taste', 'electric', 'mixer', 'beat', 'yogurt', 'slightly', 'thickened', 'pour', 'bowls', 'refrigerate', 'well', 'chilled', 'put', 'freezer', 'cold', 'frozen', 'meanwhile', 'small', 'frying', 'pan', 'toast', 'coconut', 'low', 'heat', 'stirring', 'golden', 'serve', 'shrikhand', 'topped', 'mango', 'coconut']",Indian
2997,"['bring', 'a', 'large', 'pot', 'of', 'salted', 'water', 'to', 'a', 'boil', 'in', 'a', 'large', 'bowl', 'mix', 'ricotta', 'spinach', 'parmesan', 'cheese', 'eggs', 'and', 'yolks', 'stir', 'in', 'nutmeg', 'salt', 'pepper', 'and', 'flour', 'form', 'mixture', 'in', 'to', 'small', 'flattened', 'balls', 'dredge', 'the', 'formed', 'gnudi', 'in', 'flour', 'to', 'coat', 'tapping', 'off', 'the', 'excess', 'slide', 'formed', 'gnudi', 'into', 'the', 'boiling', 'water', 'be', 'gentle', 'so', 'they', 'do', ""n't"", 'break', 'apart', 'be', 'careful', 'not', 'to', 'overcrowd', 'the', 'pan', 'work', 'in', 'batches', 'if', 'necessary', 'remove', 'the', 'gnudi', 'using', 'a', 'slotted', 'spoon', 'after', 'they', 'float', 'to', 'the', 'top', 'and', 'have', 'cooked', 'for', 'about', '4', 'minutes', 'arrange', 'gnudi', 'on', 'a', 'platter', 'and', 'lightly', 'drizzle', 'with', 'marinara', 'sauce']","['bring', 'large', 'pot', 'salted', 'water', 'boil', 'large', 'bowl', 'mix', 'ricotta', 'spinach', 'parmesan', 'cheese', 'eggs', 'yolks', 'stir', 'nutmeg', 'salt', 'pepper', 'flour', 'form', 'mixture', 'small', 'flattened', 'balls', 'dredge', 'formed', 'gnudi', 'flour', 'coat', 'tapping', 'excess', 'slide', 'formed', 'gnudi', 'boiling', 'water', 'gentle', 'break', 'apart', 'careful', 'overcrowd', 'pan', 'work', 'batches', 'necessary', 'remove', 'gnudi', 'using', 'slotted', 'spoon', 'float', 'top', 'cooked', 'arrange', 'gnudi', 'platter', 'lightly', 'drizzle', 'marinara', 'sauce']",Italian
1693,"['preheat', 'the', 'oven', 'to', '350', 'degrees', 'place', 'the', 'roast', 'in', 'an', 'oven', 'safe', 'roasting', 'pan', 'cut', 'several', 'slits', 'in', 'the', 'top', 'of', 'the', 'meat', 'mix', 'the', 'onion', 'cheese', 'and', 'spices', 'together', 'sprinkle', 'the', 'spice', 'mixture', 'into', 'the', 'slits', 'in', 'the', 'meat', 'then', 'pour', 'the', 'rest', 'on', 'top', 'add', 'water', 'up', 'to', 'the', 'top', 'of', 'the', 'roast', 'but', 'not', 'covering', 'it', 'roast', 'uncovered', 'at', '350', 'degrees', 'for', 'one', 'hour', 'your', 'can', 'now', 'add', 'more', 'water', 'if', 'you', 'wish', 'cover', 'and', 'continue', 'roasting', 'until', 'tender', 'about', '2', 'more', 'hours', 'adding', 'more', 'water', 'if', 'needed', 'slice', 'shave', 'or', 'shred', 'as', 'desired', 'and', 'serve', 'on', 'french', 'rolls']","['preheat', 'oven', 'place', 'roast', 'oven', 'safe', 'roasting', 'pan', 'cut', 'several', 'slits', 'top', 'meat', 'mix', 'onion', 'cheese', 'spices', 'together', 'sprinkle', 'spice', 'mixture', 'slits', 'meat', 'pour', 'rest', 'top', 'add', 'water', 'top', 'roast', 'covering', 'roast', 'uncovered', 'one', 'add', 'water', 'wish', 'cover', 'continue', 'roasting', 'tender', 'adding', 'water', 'needed', 'slice', 'shave', 'shred', 'desired', 'serve', 'french', 'rolls']",Italian
12819,"['have', 'the', 'onion', 'and', 'tomatoes', 'chopped', 'into', 'small', 'pieces', 'boil', 'the', 'peas', 'and', 'corn', 'in', 'water', 'with', '1/4', 'tsp', 'salt', 'heat', '1', 'tbsp', 'oil', 'in', 'a', 'pan', 'add', 'the', 'cumin', 'seeds', 'to', 'it', 'add', 'the', 'onions', 'and', 'saute', 'till', 'brown', 'add', 'the', 'tomatoes', 'and', 'fry', 'for', 'few', 'minutes', 'add', 'salt', 'and', 'pepper', 'add', 'the', 'peas', 'and', 'cook', 'for', 'a', 'few', 'minutes', 'and', 'remove', 'from', 'gas', 'heat', 'the', 'taco', 'shell', 'in', 'a', 'microwave', 'till', 'they', 'are', 'warm', 'take', 'a', 'shell', 'add', '1', 'tbsp', 'of', 'guacamole', 'dip', 'salsa', '3', 'tbsp', 'of', 'the', 'peas', 'and', 'corn', 'mixture', '1', 'tbsp', 'of', 'sour', 'cream', 'garnish', 'with', 'cheese', 'if', 'you', 'like', 'it', 'that', 'way', 'repeat', 'for', 'the', 'other', '5', 'tacos']","['onion', 'tomatoes', 'chopped', 'small', 'pieces', 'boil', 'peas', 'corn', 'water', 'salt', 'heat', 'oil', 'pan', 'add', 'cumin', 'seeds', 'add', 'onions', 'saute', 'till', 'brown', 'add', 'tomatoes', 'fry', 'add', 'salt', 'pepper', 'add', 'peas', 'cook', 'remove', 'gas', 'heat', 'taco', 'shell', 'microwave', 'till', 'warm', 'take', 'shell', 'add', 'guacamole', 'dip', 'salsa', 'peas', 'corn', 'mixture', 'sour', 'cream', 'garnish', 'cheese', 'like', 'way', 'repeat', 'tacos']",Indian
905,"['in', 'a', 'medium', 'sized', 'bowl', 'combine', 'chopped', 'seeded', 'fresh', 'tomatoe', ""'s"", 'with', 'finely', 'chopped', 'red', 'onion', 'set', 'aside', 'combine', 'the', 'arugual', 'basil', 'garlic', 'and', 'lemon', 'juice', 'in', 'a', 'food', 'processor', 'season', 'with', 'red', 'pepper', 'flakes', 'salt', 'pepper', 'stream', 'in', 'olive', 'oil', 'while', 'running', 'processor', 'to', 'form', 'a', 'pesto-like', 'sauce', 'toss', 'sauce', 'with', 'tomato', 'onion', 'mixture', 'let', 'sit', 'while', 'preparing', 'chosen', 'meat', 'veggie', 'or', 'pasta', 'base']","['medium', 'sized', 'bowl', 'combine', 'chopped', 'seeded', 'fresh', 'tomatoe', 'finely', 'chopped', 'red', 'onion', 'set', 'aside', 'combine', 'arugual', 'basil', 'garlic', 'lemon', 'juice', 'food', 'processor', 'season', 'red', 'pepper', 'flakes', 'salt', 'pepper', 'stream', 'olive', 'oil', 'running', 'processor', 'form', 'pesto', 'like', 'sauce', 'toss', 'sauce', 'tomato', 'onion', 'mixture', 'let', 'sit', 'preparing', 'chosen', 'meat', 'veggie', 'pasta', 'base']",Italian
8791,"['to', 'prepare', 'this', 'dish', 'we', 'will', 'start', 'with', 'marinating', 'the', 'chicken', 'breast.so', 'to', 'start', 'we', 'will', 'first', 'cut', 'up', 'our', 'chicken', 'either', 'in', 'chucks', 'or', 'strips.and', 'it', 'to', 'a', 'bowl', 'that', 'has', 'enough', 'space.now', 'we', 'have', 'the', 'done', 'we', 'will', 'start', 'trowing', 'in', 'the', 'est', 'of', 'the', 'marinade', 'ingredients', 'so', 'start', 'with', 'the', 'lemon', 'juice', 'and', 'add', 'in', 'the', 'rest', 'how', 'ever', 'you', 'like.and', 'add', 'to', 'the', 'refrigerator.let', 'it', 'marinate', 'for', '1-2', 'hours.or', 'it', 'can', 'marinate', 'over', 'night.note', 'the', 'longer', 'the', 'better', 'and', 'more', 'flavorful', 'but', 'for', 'any', 'reason', 'you', 'ca', ""n't"", 'the', '30', 'minutes', 'will', 'be', 'fine', 'heat', 'a', 'griddle', 'that', 'is', 'for', 'grilling', 'on', 'the', 'stove', 'to', 'med', 'high', 'heat.note', 'you', 'can', 'grill', 'outside', 'inside', 'broil', 'its', 'your', 'choice.but', 'the', 'grill', 'marks', 'give', 'it', 'that', 'special', 'flavor.and', 'start', 'on', 'adding', 'the', 'pieces.but', 'do', ""n't"", 'over', 'crowed.cook', 'about', '10', 'mins', 'or', 'until', 'its', 'done', 'continue', 'until', 'all', 'is', 'cooked.set', 'aside', 'note', 'you', 'can', 'cook', 'the', 'meat', 'and', 'the', 'masala', 'at', 'the', 'same', 'time', 'if', 'you', 'like.so', 'you', 'will', 'finish', 'faster', 'now', 'its', 'time', 'to', 'make', 'the', 'masala.so', 'in', 'a', 'pan', 'you', 'will', 'heat', 'on', 'med', 'high', 'heat.add', 'in', 'the', 'butter', 'and', 'melt', 'toss', 'in', 'the', 'chili', 'but', 'first', 'prick', 'it', 'with', 'a', 'knife', 'and', 'add', 'to', 'the', 'pan', 'with', 'the', 'garlic', 'and', 'ginger.saute', 'for', '1-2', 'minutes', 'then', 'toss', 'in', 'the', 'spices.stir', 'and', 'let', 'it', 'cook', 'for', 'a', '1', 'min', 'and', 'add', 'the', 'tomato', 'sauce.stir', 'and', 'let', 'it', 'cook', 'for', '10-15', 'mins', 'on', 'medium', 'heat.now', 'that', 'this', 'is', 'done', 'add', 'in', 'the', 'heavy', 'cream', 'stir.then', 'add', 'in', 'the', 'meat', 'and', 'cilantro', 'and', 'stir', 'cook', 'for', 'a', 'additional', '5-8', 'mins.remove', 'from', 'heat', 'and', 'serve']","['prepare', 'dish', 'start', 'marinating', 'chicken', 'breast.so', 'start', 'first', 'cut', 'chicken', 'either', 'chucks', 'strips.and', 'bowl', 'enough', 'space.now', 'done', 'start', 'trowing', 'est', 'marinade', 'ingredients', 'start', 'lemon', 'juice', 'add', 'rest', 'ever', 'like.and', 'add', 'refrigerator.let', 'marinate', 'hours.or', 'marinate', 'night.note', 'longer', 'better', 'flavorful', 'reason', 'ca', 'fine', 'heat', 'griddle', 'grilling', 'stove', 'med', 'high', 'heat.note', 'grill', 'outside', 'inside', 'broil', 'choice.but', 'grill', 'marks', 'give', 'special', 'flavor.and', 'start', 'adding', 'pieces.but', 'crowed.cook', 'mins', 'done', 'continue', 'cooked.set', 'aside', 'note', 'cook', 'meat', 'masala', 'time', 'like.so', 'finish', 'faster', 'time', 'make', 'masala.so', 'pan', 'heat', 'med', 'high', 'heat.add', 'butter', 'melt', 'toss', 'chili', 'first', 'prick', 'knife', 'add', 'pan', 'garlic', 'ginger.saute', 'toss', 'spices.stir', 'let', 'cook', 'min', 'add', 'tomato', 'sauce.stir', 'let', 'cook', 'mins', 'medium', 'heat.now', 'done', 'add', 'heavy', 'cream', 'stir.then', 'add', 'meat', 'cilantro', 'stir', 'cook', 'additional', 'mins.remove', 'heat', 'serve']",Indian
4089,"['heat', 'small', 'amount', 'of', 'olive', 'oil', 'in', 'pan', 'on', 'medium', 'heat', 'put', 'ground', 'beef', 'garlic', 'powder', 'chopped', 'green', 'bell', 'peppers', 'salt', 'whole', 'sazon', 'packet', 'tomato', 'sauce', 'and', 'onions', 'in', 'pan', 'stir', 'all', 'ingredients', 'together', 'in', 'pan', 'cook', 'on', 'medium', 'heat', 'for', '25', 'minutes', 'or', 'until', 'beef', 'is', 'cooked', 'thoroughly', 'and', 'most', 'of', 'liquid', 'is', 'evaporated', 'remove', 'from', 'heat', 'serve', 'with', 'white', 'rice', 'and', 'any', 'favorite', 'side', 'dish']","['heat', 'small', 'amount', 'olive', 'oil', 'pan', 'medium', 'heat', 'put', 'ground', 'beef', 'garlic', 'powder', 'chopped', 'green', 'bell', 'peppers', 'salt', 'whole', 'sazon', 'packet', 'tomato', 'sauce', 'onions', 'pan', 'stir', 'ingredients', 'together', 'pan', 'cook', 'medium', 'heat', 'beef', 'cooked', 'thoroughly', 'liquid', 'evaporated', 'remove', 'heat', 'serve', 'white', 'rice', 'favorite', 'side', 'dish']",Italian
7916,"['soften', 'the', 'onion', 'in', 'a', 'medium-large', 'pot', 'in', 'about', 'a', '1/4', 'cup', 'water', 'till', 'the', 'water', 'is', 'just', 'about', 'gone', 'meanwhile', 'heat', 'oil', 'over', 'medium', 'in', 'a', 'small', 'pan', 'add', 'garlic', 'and', 'saute', 'for', 'just', 'a', 'minute', 'or', 'so', 'not', 'quite', 'till', 'golden', 'add', 'remaining', 'spices', 'and', 'stir', 'to', 'coat', 'saute', 'these', 'for', 'another', 'couple', 'of', 'minutes', 'reducing', 'heat', 'if', 'necessary', 'you', 'can', 'use', 'more', 'oil', 'if', 'you', 'wish', 'the', 'spices', 'will', 'be', 'sort', 'of', 'crumbly', 'rather', 'than', 'pasty', 'but', 'the', 'flavor', 'still', 'develops', 'just', 'as', 'well.', 'add', 'spices', 'to', 'onion', 'and', 'stir', 'to', 'coat', 'well-a', 'silicon', 'spatula', 'works', 'really', 'well', 'for', 'this', 'or', 'a', 'wooden', 'or', 'regular', 'spoon', 'probably', 'would', 'too', 'add', 'the', '6', 'cups', 'water', 'and', 'cover', 'to', 'bring', 'to', 'a', 'boil', 'faster', 'when', 'a', 'boil', 'has', 'been', 'achieved', 'add', 'the', 'split', 'peas', 'and', 'let', 'it', 'continue', 'to', 'bubble', 'for', 'a', 'minute', 'reduce', 'heat', 'to', 'very', 'low', 'cover', 'and', 'let', 'simmer', 'for', 'about', '1', '1/2', 'hours', 'stirring', 'occasionally', 'till', 'the', 'split', 'peas', 'are', 'soft', 'and', 'mostly', 'lost', 'their', 'shape', 'add', 'lime', 'juice', 'salt', 'to', 'taste', 'and', 'serve', 'slices', 'of', 'whole-wheat', 'bread', 'are', 'wonderful', 'for', 'dipping', 'or', 'if', 'you', 'use', 'a', 'little', 'less', 'water', 'say', '1/2-1', 'cup', 'less', 'this', 'would', 'be', 'thick', 'enough', 'to', 'serve', 'like', 'a', 'dahl', 'over', 'rice', 'enjoy']","['soften', 'onion', 'medium', 'large', 'pot', 'water', 'till', 'water', 'gone', 'meanwhile', 'heat', 'oil', 'medium', 'small', 'pan', 'add', 'garlic', 'saute', 'quite', 'till', 'golden', 'add', 'remaining', 'spices', 'stir', 'coat', 'saute', 'another', 'couple', 'reducing', 'heat', 'necessary', 'use', 'oil', 'wish', 'spices', 'sort', 'crumbly', 'rather', 'pasty', 'flavor', 'still', 'develops', 'well.', 'add', 'spices', 'onion', 'stir', 'coat', 'well', 'silicon', 'spatula', 'works', 'really', 'well', 'wooden', 'regular', 'spoon', 'probably', 'would', 'add', 'water', 'cover', 'bring', 'boil', 'faster', 'boil', 'achieved', 'add', 'split', 'peas', 'let', 'continue', 'bubble', 'reduce', 'heat', 'low', 'cover', 'let', 'simmer', 'stirring', 'occasionally', 'till', 'split', 'peas', 'soft', 'mostly', 'lost', 'shape', 'add', 'lime', 'juice', 'salt', 'taste', 'serve', 'slices', 'whole', 'wheat', 'bread', 'wonderful', 'dipping', 'use', 'little', 'less', 'water', 'say', 'less', 'would', 'thick', 'enough', 'serve', 'like', 'dahl', 'rice', 'enjoy']",Indian
3632,"['cut', 'the', 'peeled', 'and', 'seeded', 'butternut', 'squash', 'into', '1', ""''"", 'cubes', 'or', 'chunks', 'and', 'place', 'them', 'in', 'to', 'a', 'well', 'buttered', 'gratin', 'dish', 'season', 'the', 'butternut', 'squash', 'generously', 'with', 'black', 'pepper', 'and', 'a', 'little', 'salt', 'mix', 'the', 'grated', 'parmesan', 'cheese', 'with', 'the', 'fresh', 'bread', 'crumbs', 'nuts', 'and', 'chopped', 'thyme', 'and', 'then', 'sprinkle', 'over', 'the', 'top', 'of', 'the', 'butternut', 'squash', 'dot', 'the', 'butter', 'all', 'over', 'the', 'cheese', 'and', 'nut', 'topping', 'bake', 'it', 'in', 'a', 'pre-heated', 'oven', '200c/400f/gas', '6', 'for', 'about', '35', 'to', '45', 'minutes', 'until', 'the', 'butternut', 'squash', 'is', 'soft', 'and', 'the', 'topping', 'is', 'golden', 'brown', 'serves', '2', 'as', 'a', 'main', 'course', 'and', '4', 'as', 'a', 'vegetable', 'accompaniment', 'serve', 'piping', 'hot', 'with', 'crusty', 'bread', 'and', 'salad', 'if', 'serving', 'as', 'a', 'main', 'course']","['cut', 'peeled', 'seeded', 'butternut', 'squash', ""''"", 'cubes', 'chunks', 'place', 'well', 'buttered', 'gratin', 'dish', 'season', 'butternut', 'squash', 'generously', 'black', 'pepper', 'little', 'salt', 'mix', 'grated', 'parmesan', 'cheese', 'fresh', 'bread', 'crumbs', 'nuts', 'chopped', 'thyme', 'sprinkle', 'top', 'butternut', 'squash', 'dot', 'butter', 'cheese', 'nut', 'topping', 'bake', 'pre', 'heated', 'oven', '200c/400f/gas', 'butternut', 'squash', 'soft', 'topping', 'golden', 'brown', 'serves', 'main', 'course', 'vegetable', 'accompaniment', 'serve', 'piping', 'hot', 'crusty', 'bread', 'salad', 'serving', 'main', 'course']",Italian
5789,"['in', 'a', 'small', 'saucepan', 'combine', 'the', 'cranberries', 'with', 'the', 'sugar', 'and', 'water', 'and', 'bring', 'to', 'a', 'boil', 'simmer', 'over', 'moderate', 'heat', 'stirring', 'occasionally', 'until', 'the', 'cranberries', 'soften', 'about', '5', 'minutes', 'mash', 'the', 'cranberries', 'with', 'the', 'back', 'of', 'a', 'spoon', 'to', 'make', 'a', 'thick', 'sauce', 'transfer', 'the', 'sauce', 'to', 'a', 'large', 'bowl', 'and', 'refrigerate', 'stirring', 'often', 'until', 'cool', 'about', '15', 'minutes', 'stir', '3', 'cups', 'of', 'the', 'buttermilk', 'into', 'the', 'cooled', 'cranberry', 'sauce', 'in', 'a', 'small', 'saucepan', 'sprinkle', 'the', 'gelatin', 'over', 'the', 'remaining', '1/2', 'cup', 'of', 'buttermilk', 'let', 'stand', 'until', 'the', 'gelatin', 'has', 'dissolved', 'about', '5', 'minutes', 'heat', 'the', 'mixture', 'over', 'low', 'heat', 'stirring', 'a', 'few', 'times', 'with', 'a', 'rubber', 'spatula', 'until', 'the', 'buttermilk', 'is', 'just', 'warm', 'and', 'the', 'gelatin', 'is', 'melted', 'about', '1', '1/2', 'minutes', 'fold', 'into', 'the', 'cranberry', 'mixture', 'pour', 'the', 'panna', 'cotta', 'into', '8', 'glasses', 'cover', 'and', 'refrigerate', 'for', 'about', '2', 'hours', 'until', 'they', 'are', 'set', 'top', 'each', 'with', 'a', 'small', 'dollop', 'of', 'yogurt', 'and', 'a', 'few', 'candied', 'rose', 'petals', 'and', 'serve']","['small', 'saucepan', 'combine', 'cranberries', 'sugar', 'water', 'bring', 'boil', 'simmer', 'moderate', 'heat', 'stirring', 'occasionally', 'cranberries', 'soften', 'mash', 'cranberries', 'back', 'spoon', 'make', 'thick', 'sauce', 'transfer', 'sauce', 'large', 'bowl', 'refrigerate', 'stirring', 'often', 'cool', 'stir', 'buttermilk', 'cooled', 'cranberry', 'sauce', 'small', 'saucepan', 'sprinkle', 'gelatin', 'remaining', 'buttermilk', 'let', 'stand', 'gelatin', 'dissolved', 'heat', 'mixture', 'low', 'heat', 'stirring', 'times', 'rubber', 'spatula', 'buttermilk', 'warm', 'gelatin', 'melted', 'fold', 'cranberry', 'mixture', 'pour', 'panna', 'cotta', 'glasses', 'cover', 'refrigerate', 'set', 'top', 'small', 'dollop', 'yogurt', 'candied', 'rose', 'petals', 'serve']",Italian
9114,"['mix', 'the', 'flour', 'with', 'room', 'temperature', 'water', 'and', 'stir', 'to', 'combine', 'knead', 'for', 'about', '5', 'minutes', 'the', 'dough', 'should', 'be', 'slightly', 'sticky', 'let', 'it', 'rest', 'for', '10', 'minutes', 'divide', 'into', 'small', 'balls', 'about', 'half', 'the', 'size', 'of', 'a', 'golf', 'ball', 'and', 'dip', 'into', 'extra', 'flour', 'roll', 'with', 'a', 'rolling', 'pin', 'into', 'thin', '1/2', 'cm', 'round', 'pancakes', 'heat', 'a', 'heavy', 'cast', 'iron', 'pan', 'put', 'the', 'chapati', 'onto', 'the', 'pan', 'and', 'cook', 'for', 'about', '30', 'seconds', 'than', 'turn', 'over', 'and', 'cook', 'on', 'the', 'other', 'side', 'when', 'it', 'starts', 'to', 'get', 'golden', 'on', 'the', 'bottom', 'side', 'turn', 'it', 'over', 'again', 'and', 'cook', 'for', 'another', 'minute', 'a', 'sign', 'of', 'well', 'done', 'chapati', 'is', 'if', 'it', 'puffs', 'up', 'remove', 'from', 'the', 'heat', 'and', 'spread', '1/2', 'tsp', 'ghee', 'on', 'the', 'top', 'side', 'of', 'the', 'chapati', 'wrap', 'in', 'a', 'clean', 'tea', 'towel', 'until', 'ready', 'to', 'serve']","['mix', 'flour', 'room', 'temperature', 'water', 'stir', 'combine', 'knead', 'dough', 'slightly', 'sticky', 'let', 'rest', 'divide', 'small', 'balls', 'half', 'size', 'golf', 'ball', 'dip', 'extra', 'flour', 'roll', 'rolling', 'pin', 'thin', 'cm', 'round', 'pancakes', 'heat', 'heavy', 'cast', 'iron', 'pan', 'put', 'chapati', 'onto', 'pan', 'cook', 'seconds', 'turn', 'cook', 'side', 'starts', 'get', 'golden', 'bottom', 'side', 'turn', 'cook', 'another', 'sign', 'well', 'done', 'chapati', 'puffs', 'remove', 'heat', 'spread', 'ghee', 'top', 'side', 'chapati', 'wrap', 'clean', 'tea', 'towel', 'ready', 'serve']",Indian
855,"['on', 'the', 'afternoon', 'of', 'christmas', 'eve', 'place', 'a', 'layer', 'of', 'bread', 'slices', 'into', 'a', '9x13', 'inch-baking', 'dish', 'sprinkle', 'half', 'of', 'the', 'meats', 'and', 'cheese', 'over', 'bread', 'repeat', 'with', 'another', 'layer', 'of', 'bread', 'and', 'balance', 'of', 'meats', 'and', 'cheese', 'whip', 'together', 'butter', 'eggs', 'milk', 'dry', 'mustard', 'and', 'salt', 'pour', 'over', 'bread', 'meats', 'and', 'cheese', 'mixture', 'should', 'cover', 'bread', 'or', 'add', 'milk', 'to', 'cover', 'refrigerate', 'overnight', 'next', 'morning', 'bake', 'at', '350', 'degrees', 'for', '1', 'hour', 'or', 'until', 'done', 'cool', '10', 'minutes', 'before', 'serving']","['afternoon', 'christmas', 'eve', 'place', 'layer', 'bread', 'slices', '9x13', 'inch', 'baking', 'dish', 'sprinkle', 'half', 'meats', 'cheese', 'bread', 'repeat', 'another', 'layer', 'bread', 'balance', 'meats', 'cheese', 'whip', 'together', 'butter', 'eggs', 'milk', 'dry', 'mustard', 'salt', 'pour', 'bread', 'meats', 'cheese', 'mixture', 'cover', 'bread', 'add', 'milk', 'cover', 'refrigerate', 'overnight', 'next', 'morning', 'bake', 'done', 'cool', 'serving']",Italian
12050,"['put', 'butter', 'in', 'microwave', 'dish', 'for', 'i', 'minute', 'set', 'aside', 'in', '3', 'qt', 'micro', 'casserole', 'combine', 'milk', 'molasses', 'sugar', 'cornmeal', 'cinnamon', 'nutmeg', 'ginger', 'and', 'cover', 'cook', 'on', 'hi', 'for', '5-10', 'minutes', 'until', 'thickened', 'stirring', 'once', 'meanwhile', 'beat', 'eggs', 'into', 'melted', 'butter', 'and', 'add', 'vanilla', 'add', 'to', 'casserole', 'pan', 'stirring', 'constantly', 'por', 'into', '6', 'ramekins', 'and', 'put', 'in', 'a', 'circle', 'in', 'the', 'microwave', 'cook', 'uncovered', 'for', '10-12', 'minutes', 'on', 'medium', 'let', 'stand', '10', 'minutes', 'to', 'serve', 'loosen', 'with', 'a', 'knife', 'and', 'invert', 'onto', 'plates']","['put', 'butter', 'microwave', 'dish', 'set', 'aside', 'micro', 'casserole', 'combine', 'milk', 'molasses', 'sugar', 'cornmeal', 'cinnamon', 'nutmeg', 'ginger', 'cover', 'cook', 'hi', 'thickened', 'stirring', 'meanwhile', 'beat', 'eggs', 'melted', 'butter', 'add', 'vanilla', 'add', 'casserole', 'pan', 'stirring', 'constantly', 'por', 'ramekins', 'put', 'circle', 'microwave', 'cook', 'uncovered', 'medium', 'let', 'stand', 'serve', 'loosen', 'knife', 'invert', 'onto', 'plates']",Indian
12627,"['heat', 'oil', 'in', 'a', 'skillet', 'add', 'mustard', 'seeds', 'and', 'allow', 'to', 'crackle', 'add', 'lady', 'finger', 'followed', 'by', 'paste', 'of', 'green', 'chillies', 'poppy', 'seeds', 'khus-khus', 'and', 'mustard', 'seeds', 'add', 'a', 'pinch', 'of', 'turmeric', 'powder', 'and', 'salt', 'mix', 'well', 'add', 'water', 'as', 'much', 'as', 'is', 'required', 'to', 'cook', 'the', 'lady', 'finger', 'add', 'lemon', 'juice', 'cover', 'and', 'cook', 'for', '2', 'minutes', 'uncover', 'and', 'cook', 'for', '3', 'minutes', 'serve', 'hot', 'with', 'white', 'basmati', 'rice']","['heat', 'oil', 'skillet', 'add', 'mustard', 'seeds', 'allow', 'crackle', 'add', 'lady', 'finger', 'followed', 'paste', 'green', 'chillies', 'poppy', 'seeds', 'khus', 'khus', 'mustard', 'seeds', 'add', 'pinch', 'turmeric', 'powder', 'salt', 'mix', 'well', 'add', 'water', 'much', 'required', 'cook', 'lady', 'finger', 'add', 'lemon', 'juice', 'cover', 'cook', 'uncover', 'cook', 'serve', 'hot', 'white', 'basmati', 'rice']",Indian
2222,"['heat', 'broiler', 'lightly', 'coat', 'broiler', 'pan', 'with', 'nonstick', 'spray', 'combine', 'ground', 'turkey', 'italian', 'seasoning', 'salt', 'garlic', 'powder', 'and', 'pepper', 'shape', 'turkey', 'into', '4', 'burgers', 'and', 'place', 'on', 'on', 'broiler', 'pan', 'broil', '2', 'inches', 'from', 'heat', 'for', '4', 'to', '5', 'minutes', 'turn', 'burgers', 'over', 'and', 'flatten', 'with', 'spatula', 'broil', 'another', '4', 'to', '5', 'minutes', 'and', 'remove', 'from', 'oven', 'place', 'frozen', 'garlic', 'toast', 'on', 'baking', 'sheet', 'and', 'broil', 'until', 'lightly', 'browned', 'about', '1', 'to', '4', 'minutes', 'per', 'side', 'top', 'each', 'burger', 'with', '1/4', 'cup', 'marinara', 'sauce', 'and', '1', 'slice', 'cheese', 'broil', '4', 'to', '6', 'inches', 'from', 'heat', 'until', 'cheese', 'is', 'melted', 'and', 'the', 'sauce', 'is', 'heated', 'through', 'about', '2', 'to', '3', 'minutes', 'spoon', 'remaining', 'sauce', 'over', 'toast', 'and', 'top', 'with', 'burger', 'and', 'a', 'second', 'slice', 'of', 'toast']","['heat', 'broiler', 'lightly', 'coat', 'broiler', 'pan', 'nonstick', 'spray', 'combine', 'ground', 'turkey', 'italian', 'seasoning', 'salt', 'garlic', 'powder', 'pepper', 'shape', 'turkey', 'burgers', 'place', 'broiler', 'pan', 'broil', 'heat', 'turn', 'burgers', 'flatten', 'spatula', 'broil', 'another', 'remove', 'oven', 'place', 'frozen', 'garlic', 'toast', 'baking', 'sheet', 'broil', 'lightly', 'browned', 'per', 'side', 'top', 'burger', 'marinara', 'sauce', 'slice', 'cheese', 'broil', 'heat', 'cheese', 'melted', 'sauce', 'heated', 'spoon', 'remaining', 'sauce', 'toast', 'top', 'burger', 'second', 'slice', 'toast']",Italian
12958,"['put', 'all', 'in', 'the', 'juicer', 'process', 'until', 'smooth', 'drink', 'this', 'good', 'summer', 'juice', 'immediately']","['put', 'juicer', 'process', 'smooth', 'drink', 'good', 'summer', 'juice', 'immediately']",Indian
4554,"['drain', 'peaches', 'set', 'aside', 'in', 'top', 'of', 'double', 'boiler', 'combine', '1/4', 'cup', 'of', 'sugar', 'and', 'gelatin', 'add', 'egg', 'yolks', 'and', 'beat', 'until', 'light', 'and', 'frothy', 'add', 'salt', 'and', 'milk', 'cook', 'over', 'simmering', 'water', 'until', 'mixture', 'forms', 'a', 'custard', 'thick', 'enough', 'to', 'eat', 'with', 'a', 'spoon', 'whirl', 'ricotta', 'in', 'a', 'food', 'processor', 'or', 'blender', 'until', 'smooth', 'stir', 'into', 'custard', 'mixture', 'with', 'lemon', 'juice', 'peel', 'and', 'vanilla', 'in', 'large', 'bowl', 'beat', 'egg', 'whites', 'until', 'stiff', 'peaks', 'form', 'using', 'remaining', '1/2', 'cup', 'sugar', 'fold', 'custard', 'into', 'egg', 'whites', 'pour', 'into', '9-inch', 'spring-form', 'pan', 'arrange', 'peaches', 'cut', 'side', 'down', 'cover', 'and', 'refrigerate', 'at', 'least', '4', 'hours', 'unmold', 'crush', 'gingersnaps', 'and', 'sprinkle', 'on', 'top', 'of', 'cake']","['drain', 'peaches', 'set', 'aside', 'top', 'double', 'boiler', 'combine', 'sugar', 'gelatin', 'add', 'egg', 'yolks', 'beat', 'light', 'frothy', 'add', 'salt', 'milk', 'cook', 'simmering', 'water', 'mixture', 'forms', 'custard', 'thick', 'enough', 'eat', 'spoon', 'whirl', 'ricotta', 'food', 'processor', 'blender', 'smooth', 'stir', 'custard', 'mixture', 'lemon', 'juice', 'peel', 'vanilla', 'large', 'bowl', 'beat', 'egg', 'whites', 'stiff', 'peaks', 'form', 'using', 'remaining', 'sugar', 'fold', 'custard', 'egg', 'whites', 'pour', '9', 'inch', 'spring', 'form', 'pan', 'arrange', 'peaches', 'cut', 'side', 'cover', 'refrigerate', 'least', 'unmold', 'crush', 'gingersnaps', 'sprinkle', 'top', 'cake']",Italian
2728,"['cut', 'mozzarella', 'cheese', 'into', 'sticks', 'approximately', '3', '1/2', '1/2-inches', 'place', 'flour', 'in', 'one', 'bowl', 'the', 'egg', 'in', 'another', 'bowl', 'and', 'the', 'bread', 'crumbs', 'and', 'oregano', 'in', 'another', 'bowl', 'dredge', 'each', 'piece', 'of', 'cheese', 'into', 'flour', 'to', 'coat', 'dip', 'floured', 'cheese', 'stick', 'into', 'egg', 'then', 'dredge', 'in', 'bread', 'crumb', 'mixture', 'place', 'on', 'a', 'plate', 'in', 'a', 'single', 'layer', 'refrigerate', 'for', '1', 'hour', 'in', 'a', 'large', 'skillet', 'heat', 'olive', 'oil', 'or', 'shortening', '1/2-inch', 'deep', 'to', '350°f', 'fry', 'mozzarella', 'sticks', 'a', 'few', 'pieces', 'at', 'a', 'time', 'until', 'browned', 'on', 'all', 'sides', 'about', '3', 'minutes', 'drain', 'on', 'paper', 'towels', 'serve', 'hot', 'with', 'lemon', 'wedges', 'or', 'marinara', 'sauce', 'for', 'dipping', '~note~', 'preparation', 'time', 'includes', '1', 'hour', 'refrigeration', 'time']","['cut', 'mozzarella', 'cheese', 'sticks', 'approximately', '1/2', 'inches', 'place', 'flour', 'one', 'bowl', 'egg', 'another', 'bowl', 'bread', 'crumbs', 'oregano', 'another', 'bowl', 'dredge', 'piece', 'cheese', 'flour', 'coat', 'dip', 'floured', 'cheese', 'stick', 'egg', 'dredge', 'bread', 'crumb', 'mixture', 'place', 'plate', 'single', 'layer', 'refrigerate', 'large', 'skillet', 'heat', 'olive', 'oil', 'shortening', '1/2', 'inch', 'deep', '350°f', 'fry', 'mozzarella', 'sticks', 'pieces', 'time', 'browned', 'sides', 'drain', 'paper', 'towels', 'serve', 'hot', 'lemon', 'wedges', 'marinara', 'sauce', 'dipping', '~note~', 'preparation', 'time', 'includes', 'refrigeration', 'time']",Italian
7304,"['place', 'flour', 'in', 'a', 'large', 'mixing', 'bowl', 'add', 'water', 'knead', 'into', 'a', 'smooth', 'soft', 'and', 'pliable', 'dough', 'cover', 'with', 'a', 'damp', 'cloth', 'keep', 'aside', 'for', '20', 'minutes', 'heat', '1', 'tbsp', 'ghee', 'in', 'a', 'non-stick', 'frying', 'pan', 'add', 'onion', 'fry', 'till', 'golden', 'in', 'colour', 'add', 'the', 'peeled', 'and', 'chopped', 'tomato', 'grated', 'ginger', 'red', 'chilli', 'powder', 'and', 'green', 'chillies', 'saute', 'for', 'a', 'few', 'minutes', 'until', 'the', 'mixture', 'is', 'dry', 'add', 'paneer', 'saute', 'till', 'the', 'mixture', 'turns', 'light', 'brown', 'remove', 'from', 'heat', 'add', 'salt', 'pepper', 'and', 'corriander', 'leaves', 'mix', 'well', 'keep', 'aside', 'remove', 'the', 'damp', 'cloth', 'from', 'the', 'dough', 'knead', 'the', 'dough', 'once', 'again', 'for', '2', 'minutes', 'divide', 'the', 'dough', 'into', '10', 'equal', 'portions', 'shape', 'each', 'portion', 'into', 'a', 'ball', 'flatten', 'each', 'ball', 'of', 'dough', 'roll', 'into', 'flat', 'round', 'discs', 'rotis', 'place', '1', 'tbsp', 'of', 'the', 'paneer', 'mixture', 'in', 'the', 'center', 'of', 'the', 'roti', 'fold', 'up', 'the', 'edges', 'from', 'all', 'sides', 'to', 'cover', 'up', 'and', 'enclose', 'the', 'paneer', 'mixture', 'dip', 'the', 'stuffed', 'dough', 'balls', 'into', 'dry', 'whole', 'wheat', 'flour', 'known', 'as', ""''"", 'atta', ""''"", 'in', 'hindi', 'roll', 'out', 'again', 'into', 'flat', 'discs', 'rotis', 'cook', 'each', 'roti', 'on', 'a', 'hot', 'griddle', 'tawa', 'adding', 'a', 'little', 'ghee', 'on', 'both', 'sides', 'as', 'the', 'rotis', 'cook', 'make', 'sure', 'the', 'rotis', 'are', 'well', 'cooked', 'on', 'both', 'sides', 'and', 'the', 'edges', 'serve', 'hot', 'with', 'chilled', 'plain', 'low-fat', 'yogurt']","['place', 'flour', 'large', 'mixing', 'bowl', 'add', 'water', 'knead', 'smooth', 'soft', 'pliable', 'dough', 'cover', 'damp', 'cloth', 'keep', 'aside', 'heat', 'ghee', 'non', 'stick', 'frying', 'pan', 'add', 'onion', 'fry', 'till', 'golden', 'colour', 'add', 'peeled', 'chopped', 'tomato', 'grated', 'ginger', 'red', 'chilli', 'powder', 'green', 'chillies', 'saute', 'mixture', 'dry', 'add', 'paneer', 'saute', 'till', 'mixture', 'turns', 'light', 'brown', 'remove', 'heat', 'add', 'salt', 'pepper', 'corriander', 'leaves', 'mix', 'well', 'keep', 'aside', 'remove', 'damp', 'cloth', 'dough', 'knead', 'dough', 'divide', 'dough', 'equal', 'portions', 'shape', 'portion', 'ball', 'flatten', 'ball', 'dough', 'roll', 'flat', 'round', 'discs', 'rotis', 'place', 'paneer', 'mixture', 'center', 'roti', 'fold', 'edges', 'sides', 'cover', 'enclose', 'paneer', 'mixture', 'dip', 'stuffed', 'dough', 'balls', 'dry', 'whole', 'wheat', 'flour', 'known', ""''"", 'atta', ""''"", 'hindi', 'roll', 'flat', 'discs', 'rotis', 'cook', 'roti', 'hot', 'griddle', 'tawa', 'adding', 'little', 'ghee', 'sides', 'rotis', 'cook', 'make', 'sure', 'rotis', 'well', 'cooked', 'sides', 'edges', 'serve', 'hot', 'chilled', 'plain', 'low', 'fat', 'yogurt']",Indian
1306,"['put', 'all', 'ingredients', 'in', 'a', 'roasting', 'pan', 'cover', 'and', 'bake', 'all', 'afternoon', 'at', '300', 'degrees', 'or', 'until', 'beef', 'shreds', 'easily', 'can', 'be', 'shredded', 'using', '2', 'forks', 'and', 'left', 'sitting', 'in', 'the', 'juice', 'for', 'an', 'hour', 'to', 'absorb', 'the', 'flavors', 'then', 'served', 'on', 'buns']","['put', 'ingredients', 'roasting', 'pan', 'cover', 'bake', 'afternoon', 'beef', 'shreds', 'easily', 'shredded', 'using', 'forks', 'left', 'sitting', 'juice', 'absorb', 'flavors', 'served', 'buns']",Italian
774,"['coat', 'a', 'large', 'nonstick', 'skillet', 'with', 'cooking', 'spray', 'add', 'oil', 'and', 'place', 'over', 'medium-high', 'heat', 'until', 'hot', 'add', 'minced', 'garlic', 'and', 'saute', '15', 'seconds', 'add', 'shrimp', 'and', 'saute', 'until', 'pink', 'add', 'peas', 'and', 'carrot', 'saute', '1', 'minute', 'remove', 'from', 'skillet', 'and', 'set', 'aside', 'add', 'broth', 'and', 'cream', 'cheese', 'to', 'skillet', 'cook', 'over', 'medium-high', 'heat', '3', 'minutes', 'or', 'until', 'cheese', 'melts', 'stirring', 'constantly', 'with', 'a', 'wire', 'whisk', 'stir', 'in', 'shrimp', 'mixture', 'farfalle', 'and', 'next', '4', 'ingredients', 'cook', '1', 'minute', 'if', 'desired', 'garnish', 'with', 'chives']","['coat', 'large', 'nonstick', 'skillet', 'cooking', 'spray', 'add', 'oil', 'place', 'medium', 'high', 'heat', 'hot', 'add', 'minced', 'garlic', 'saute', 'seconds', 'add', 'shrimp', 'saute', 'pink', 'add', 'peas', 'carrot', 'saute', 'remove', 'skillet', 'set', 'aside', 'add', 'broth', 'cream', 'cheese', 'skillet', 'cook', 'medium', 'high', 'heat', 'cheese', 'melts', 'stirring', 'constantly', 'wire', 'whisk', 'stir', 'shrimp', 'mixture', 'farfalle', 'next', 'ingredients', 'cook', 'desired', 'garnish', 'chives']",Italian
11838,"['step', '1.', 'peel', 'and', 'chop', 'all', 'veggies', 'into', 'diced', 'form', 'step', '2.', 'heat', 'the', 'pan', 'add', 'oil', 'and', 'heat', 'it', 'step', '3.', 'now', 'add', 'bay', 'leaf', 'cumin', 'seeds', 'asafoetida', 'and', 'whole', 'dried', 'red', 'chilli', 'when', 'they', 'start', 'to', 'splutter', 'add', 'chopped', 'onions', 'ginger', 'and', 'green', 'chili', 'turmeric', 'powder', 'and', 'saute', 'till', 'the', 'onions', 'turn', 'golden', 'step', '4.', 'add', 'all', 'mixed', 'veggies', 'sweet', 'potato', 'salt', 'and', 'water', 'cover', 'with', 'lid', 'and', 'cook', 'till', 'the', 'veggies', 'are', 'cooked', 'step', '5.', 'garnish', 'with', 'green', 'coriander', 'and', 'serve', 'hot']","['step', 'peel', 'chop', 'veggies', 'diced', 'form', 'step', 'heat', 'pan', 'add', 'oil', 'heat', 'step', 'add', 'bay', 'leaf', 'cumin', 'seeds', 'asafoetida', 'whole', 'dried', 'red', 'chilli', 'start', 'splutter', 'add', 'chopped', 'onions', 'ginger', 'green', 'chili', 'turmeric', 'powder', 'saute', 'till', 'onions', 'turn', 'golden', 'step', 'add', 'mixed', 'veggies', 'sweet', 'potato', 'salt', 'water', 'cover', 'lid', 'cook', 'till', 'veggies', 'cooked', 'step', 'garnish', 'green', 'coriander', 'serve', 'hot']",Indian
9849,"['heat', 'oil', 'in', 'a', 'pot', 'over', 'medium', 'high', 'heat', 'add', 'cumin', 'and', 'onions', 'and', 'cook', 'stirring', 'occasionally', 'until', 'onions', 'are', 'almost', 'browned', '7', 'minutes', 'add', 'ginger', 'and', 'cook', '1', 'minute', 'more', 'add', 'tomatoes', 'beans', 'tomato', 'paste', 'thyme', 'salt', 'and', 'pepper', 'stir', 'to', 'mix', 'reduce', 'heat', 'to', 'low', 'cover', 'and', 'let', 'flavors', 'blend', '13', 'minutes', 'you', 'can', 'prepare', 'until', 'this', 'step', 'and', 'keep', 'in', 'the', 'fridge', 'up', 'to', '3', 'days', 'remove', 'cover', 'and', 'reduce', 'liquid', 'on', 'high', 'heat', 'stirring', 'frequently', 'until', 'beans', 'are', 'covered', 'by', 'thick', 'sauce', '1-2', 'minutes', 'adjust', 'seasonings', 'stir', 'half', 'of', 'the', 'cilantro', 'or', 'parsley', 'into', 'the', 'beans', 'serve', 'sprinkled', 'with', 'green', 'onion', 'and', 'rest', 'of', 'herbs', 'serve', 'chili', 'on', 'the', 'side', 'so', 'that', 'everone', 'can', 'add', 'heat', 'as', 'they', 'like']","['heat', 'oil', 'pot', 'medium', 'high', 'heat', 'add', 'cumin', 'onions', 'cook', 'stirring', 'occasionally', 'onions', 'almost', 'browned', 'add', 'ginger', 'cook', 'add', 'tomatoes', 'beans', 'tomato', 'paste', 'thyme', 'salt', 'pepper', 'stir', 'mix', 'reduce', 'heat', 'low', 'cover', 'let', 'flavors', 'blend', 'prepare', 'step', 'keep', 'fridge', 'days', 'remove', 'cover', 'reduce', 'liquid', 'high', 'heat', 'stirring', 'frequently', 'beans', 'covered', 'thick', 'sauce', 'adjust', 'seasonings', 'stir', 'half', 'cilantro', 'parsley', 'beans', 'serve', 'sprinkled', 'green', 'onion', 'rest', 'herbs', 'serve', 'chili', 'side', 'everone', 'add', 'heat', 'like']",Indian
5246,"['in', 'a', 'large', 'mixing', 'bowl', 'dissolve', 'the', 'active', 'dry', 'yeast', 'in', '3', 'tablespoons', 'tepid', 'water', 'add', 'the', 'salt', 'olive', 'oil', 'and', 'approximately', '8', 'fluid', 'ounces', 'tepid', 'water', 'depending', 'on', 'the', 'flour', 'you', 'use.', 'combine', 'the', 'flour', 'and', 'fennel', 'seeds', 'in', 'another', 'bowl', 'then', 'work', 'in', 'the', 'liquid', 'mixture', 'including', 'the', 'yeast', 'plus', 'the', 'water', 'making', 'a', 'smooth', 'elastic', 'dough', 'divide', 'the', 'dough', 'into', '24', 'pieces', 'and', 'roll', 'out', 'to', 'make', 'finger-sized', 'sausage', 'shapes', 'twist', 'each', 'dough', 'shape', 'round', 'to', 'form', 'a', 'ring', 'using', 'a', 'little', 'bit', 'of', 'water', 'to', 'seal', 'the', 'ends', 'to', 'join', 'leave', 'the', 'biscuits', 'to', 'rise', 'uncovered', 'for', 'about', '2', 'hours', 'preheat', 'oven', 'to', '375', 'degrees', '190', 'celsius', 'bring', 'a', 'large', 'pan', 'of', 'lightly', 'salted', 'water', 'to', 'the', 'boil', 'throw', 'in', 'a', 'few', 'rings', 'at', 'a', 'time', 'remove', 'them', 'with', 'a', 'slotted', 'spoon', 'as', 'soon', 'as', 'they', 'float', 'to', 'the', 'top', 'drain', 'on', 'paper', 'towels', 'grease', 'aluminum', 'baking', 'pans', 'arranging', 'the', 'rings', 'on', 'them', 'and', 'bake', 'for', 'approximately', '30', 'minutes']","['large', 'mixing', 'bowl', 'dissolve', 'active', 'dry', 'yeast', 'tepid', 'water', 'add', 'salt', 'olive', 'oil', 'approximately', 'fluid', 'tepid', 'water', 'depending', 'flour', 'use.', 'combine', 'flour', 'fennel', 'seeds', 'another', 'bowl', 'work', 'liquid', 'mixture', 'including', 'yeast', 'plus', 'water', 'making', 'smooth', 'elastic', 'dough', 'divide', 'dough', 'pieces', 'roll', 'make', 'finger', 'sized', 'sausage', 'shapes', 'twist', 'dough', 'shape', 'round', 'form', 'ring', 'using', 'little', 'bit', 'water', 'seal', 'ends', 'join', 'leave', 'biscuits', 'rise', 'uncovered', 'preheat', 'oven', 'celsius', 'bring', 'large', 'pan', 'lightly', 'salted', 'water', 'boil', 'throw', 'rings', 'time', 'remove', 'slotted', 'spoon', 'soon', 'float', 'top', 'drain', 'paper', 'towels', 'grease', 'aluminum', 'baking', 'pans', 'arranging', 'rings', 'bake', 'approximately']",Italian
11077,"['heat', 'oil', 'in', 'a', 'small', 'saucepan', 'add', 'tomato', 'paste', 'paprika', 'cumin', 'sugar', 'salt', 'and', 'garlic', 'paste', 'simmer', 'about', '5', 'minutes', 'let', 'cool', 'and', 'stir', 'in', 'onions', 'garnish', 'with', 'cilantro']","['heat', 'oil', 'small', 'saucepan', 'add', 'tomato', 'paste', 'paprika', 'cumin', 'sugar', 'salt', 'garlic', 'paste', 'simmer', 'let', 'cool', 'stir', 'onions', 'garnish', 'cilantro']",Indian
4311,"['squeeze', 'sausages', 'from', 'casings', 'into', 'an', '8-', 'to', '10-quart', 'pan', 'over', 'high', 'heat', 'and', 'stir', 'often', 'breaking', 'them', 'apart', 'with', 'a', 'spoon', 'until', 'browned', 'and', 'crumbly', '8', 'to', '10', 'minutes', 'spoon', 'out', 'and', 'discard', 'all', 'but', '1', 'tablespoon', 'fat', 'from', 'pan', 'add', 'carrots', 'onion', 'and', 'garlic', 'stir', 'often', 'until', 'onion', 'is', 'limp', '5', 'to', '7', 'minutes', 'add', 'broth', 'tomatoes', 'including', 'juice', 'beans', 'and', 'basil', 'and', 'bring', 'to', 'a', 'boil', 'add', 'pasta', 'reduce', 'heat', 'and', 'simmer', 'covered', 'stirring', 'occasionally', 'until', 'pasta', 'is', 'just', 'tender', 'to', 'bite', 'about', '10', 'minutes', 'skim', 'and', 'discard', 'fat', 'stir', 'in', 'spinach', 'and', 'cook', 'just', 'until', 'it', 'is', 'wilted', 'about', '30', 'seconds', 'add', 'salt', 'and', 'pepper', 'to', 'taste', 'serve', 'soup', 'from', 'the', 'pan', 'or', 'pour', 'into', 'a', 'tureen', 'offer', 'parmesan', 'cheese', 'to', 'add', 'to', 'taste']","['squeeze', 'sausages', 'casings', '10', 'quart', 'pan', 'high', 'heat', 'stir', 'often', 'breaking', 'apart', 'spoon', 'browned', 'crumbly', 'spoon', 'discard', 'fat', 'pan', 'add', 'carrots', 'onion', 'garlic', 'stir', 'often', 'onion', 'limp', 'add', 'broth', 'tomatoes', 'including', 'juice', 'beans', 'basil', 'bring', 'boil', 'add', 'pasta', 'reduce', 'heat', 'simmer', 'covered', 'stirring', 'occasionally', 'pasta', 'tender', 'bite', 'skim', 'discard', 'fat', 'stir', 'spinach', 'cook', 'wilted', 'seconds', 'add', 'salt', 'pepper', 'taste', 'serve', 'soup', 'pan', 'pour', 'tureen', 'offer', 'parmesan', 'cheese', 'add', 'taste']",Italian
12940,"['in', 'the', 'mixing', 'bowl', 'of', 'your', 'bread', 'machine', 'combine', 'warm', 'milk', 'about', '80f', 'with', 'yeast', 'butter', 'and', 'half', 'of', 'the', 'sugar-', 'set', 'aside', 'for', '5', 'minutes', 'on', 'a', 'piece', 'of', 'waxed', 'paper', 'sift', 'together', 'flour', 'salt', 'and', 'baking', 'powder', 'add', 'to', 'bread', 'machine', 'bowl', 'add', 'olive', 'oil', 'second', 'half', 'of', 'sugar', 'yogurt', 'and', 'egg', 'set', 'the', 'bread', 'machine', 'to', 'the', 'dough', 'setting', 'and', 'let', 'it', 'run', 'through', 'the', 'cycle', 'when', 'the', 'bread', 'machine', 'has', 'almost', 'finished', 'the', 'dough', 'cycle', 'pre-heat', 'your', 'oven', 'to', '500', 'degrees', 'f.', 'if', 'you', 'have', 'a', 'baking', 'stone', 'place', 'it', 'in', 'the', 'top', 'rack', 'of', 'the', 'oven', 'to', 'preheat', 'as', 'well', 'take', 'dough', 'out', 'and', 'separate', 'it', 'into', 'six', 'equal', 'sections', 'using', 'a', 'rolling', 'pin', 'or', 'your', 'hands', 'flatten', 'dough', 'out', 'to', 'ovals', 'about', '1/3', 'inch', 'thick', 'when', 'oven', 'has', 'pre-heated', 'place', 'rounds', 'on', 'pre-heated', 'stone', 'or', 'heavy', 'baking', 'sheet', 'bake', 'on', 'top', 'shelf', 'of', 'the', 'oven', 'for', '90', 'seconds', 'the', 'naan', 'should', 'start', 'to', 'puff', 'switch', 'the', 'oven', 'from', 'bake', 'to', 'broil', 'for', 'an', 'additional', 'minute', 'or', 'until', 'the', 'top', 'starts', 'to', 'brown', 'when', 'brown', 'on', 'top', 'remove', 'from', 'oven', 'and', 'cover', 'with', 'a', 'towel', 'while', 'you', 'finish', 'baking', 'the', 'remaining', 'loaves', 'you', 'can', 'brush', 'the', 'naan', 'with', 'butter', 'before', 'serving', 'if', 'desired']","['mixing', 'bowl', 'bread', 'machine', 'combine', 'warm', 'milk', '80f', 'yeast', 'butter', 'half', 'sugar', 'set', 'aside', 'piece', 'waxed', 'paper', 'sift', 'together', 'flour', 'salt', 'baking', 'powder', 'add', 'bread', 'machine', 'bowl', 'add', 'olive', 'oil', 'second', 'half', 'sugar', 'yogurt', 'egg', 'set', 'bread', 'machine', 'dough', 'setting', 'let', 'run', 'cycle', 'bread', 'machine', 'almost', 'finished', 'dough', 'cycle', 'pre', 'heat', 'oven', 'f.', 'baking', 'stone', 'place', 'top', 'rack', 'oven', 'preheat', 'well', 'take', 'dough', 'separate', 'six', 'equal', 'sections', 'using', 'rolling', 'pin', 'hands', 'flatten', 'dough', 'ovals', 'thick', 'oven', 'pre', 'heated', 'place', 'rounds', 'pre', 'heated', 'stone', 'heavy', 'baking', 'sheet', 'bake', 'top', 'shelf', 'oven', 'seconds', 'naan', 'start', 'puff', 'switch', 'oven', 'bake', 'broil', 'additional', 'top', 'starts', 'brown', 'brown', 'top', 'remove', 'oven', 'cover', 'towel', 'finish', 'baking', 'remaining', 'loaves', 'brush', 'naan', 'butter', 'serving', 'desired']",Indian
12626,"['dry', 'fry', 'all', 'the', 'ingredients', 'until', 'they', 'are', 'slightly', 'brown', 'and', 'a', 'nice', 'aroma', 'is', 'in', 'the', 'air', 'powder', 'them', 'in', 'a', 'magic', 'bullet', 'or', 'similar', 'store', 'it', 'for', 'use', 'as', 'desired', 'it', 'will', 'keep', 'for', 'a', 'long', 'time']","['dry', 'fry', 'ingredients', 'slightly', 'brown', 'nice', 'aroma', 'air', 'powder', 'magic', 'bullet', 'similar', 'store', 'use', 'desired', 'keep', 'long', 'time']",Indian
4143,"['cut', 'endive', 'in', 'quarters', 'take', 'away', 'the', 'bitter', 'part', 'in', 'the', 'center', 'if', 'you', 'want', 'you', 'can', 'cut', 'them', 'into', 'smaller', 'pieces', 'but', 'the', 'quarts', 'look', 'quite', 'nice', 'imo', 'wash', 'dry', 'drizzle', 'some', 'olive', 'oil', 'over', 'it', 'grind', 'pepper', 'and', 'salt', 'to', 'taste', 'and', 'that', ""'s"", 'it']","['cut', 'endive', 'quarters', 'take', 'away', 'bitter', 'part', 'center', 'want', 'cut', 'smaller', 'pieces', 'look', 'quite', 'nice', 'imo', 'wash', 'dry', 'drizzle', 'olive', 'oil', 'grind', 'pepper', 'salt', 'taste']",Italian
637,"['preheat', 'oven', 'to', '375°f', 'season', 'shanks', 'with', 'salt', 'and', 'pepper', 'dust', 'with', 'flour', 'in', 'a', 'large', 'skillet', 'heat', 'olive', 'oil', 'and', 'butter', 'brown', 'the', 'shanks', 'remove', 'to', 'a', 'large', 'baking', 'dish', 'adjust', 'carrots', 'beside', 'the', 'meat', 'optional', 'to', 'the', 'skillet', 'add', 'the', 'tomatoes', 'broth', 'wine', 'lemon', 'juice', 'basil', 'cinnamon', 'and', 'garlic', 'powder', 'stir', 'together', 'scraping', 'up', 'any', 'browned', 'bits', 'on', 'the', 'bottom', 'of', 'the', 'pan', 'pour', 'over', 'shanks', 'cover', 'the', 'veal', 'shank', 'with', 'aluminum', 'foil', 'and', 'bake', 'at', '375°f', 'for', '1', '1/2', 'hour', 'or', 'until', 'tender', 'and', 'brown', 'note', 'i', 'tried', 'this', 'recipe', 'out', 'it', 'was', 'really', 'delicious', 'we', 'got', 'this', 'meat', 'without', 'bones', 'and', 'this', 'for', 'the', 'same', 'price']","['preheat', 'oven', '375°f', 'season', 'shanks', 'salt', 'pepper', 'dust', 'flour', 'large', 'skillet', 'heat', 'olive', 'oil', 'butter', 'brown', 'shanks', 'remove', 'large', 'baking', 'dish', 'adjust', 'carrots', 'beside', 'meat', 'optional', 'skillet', 'add', 'tomatoes', 'broth', 'wine', 'lemon', 'juice', 'basil', 'cinnamon', 'garlic', 'powder', 'stir', 'together', 'scraping', 'browned', 'bits', 'bottom', 'pan', 'pour', 'shanks', 'cover', 'veal', 'shank', 'aluminum', 'foil', 'bake', '375°f', 'tender', 'brown', 'note', 'tried', 'recipe', 'really', 'delicious', 'got', 'meat', 'without', 'bones', 'price']",Italian
12357,"['in', 'a', 'bowl', 'combine', 'the', 'mashed', 'potatoesm', '1', 'teaspoons', 'salt', 'red', 'chilli', 'corriander', 'and', 'garam', 'masala', 'powders', 'and', 'knead', 'well', 'keep', 'aside', 'place', 'the', 'minced', 'chicken', 'in', 'a', 'pot', 'alongwith', '1/2', 'teaspoons', 'salt', '1', 'teaspoons', 'red', 'chilli', 'powder', 'corriander', 'powder', 'black', 'pepper', 'powder', 'turmeric', 'powder', 'ginger', 'garlic', 'and', 'green', 'chilli', 'pastes', 'mix', 'well', 'and', 'cook', 'till', 'water', 'evaporates', 'allow', 'the', 'mixture', 'to', 'cool', 'fold', 'in', 'green', 'onions', 'corriander', 'and', 'mint', 'leaves', 'divide', 'the', 'potato', 'mixture', 'into', '10', 'balls', 'and', 'fill', '1', 'tablespoons', 'of', 'the', 'prepared', 'chicken', 'mixture', 'into', 'each', 'ball', 'roll', 'the', 'ball', 'into', 'finger', 'shape', 'to', 'make', 'rolls', 'beat', 'eggs', 'in', 'a', 'bowl', 'dip', 'each', 'ball', 'into', 'the', 'beaten', 'eggs', 'and', 'roll', 'in', 'breadcrumbs', 'heat', 'oil', 'in', 'a', 'wok', 'deep', 'fry', 'the', 'bread', 'rolls', 'in', 'the', 'oil', 'until', 'golden', 'brown', 'on', 'either', 'side', 'drain', 'on', 'clean', 'kitchen', 'paper', 'towels', 'serve', 'hot', 'enjoy']","['bowl', 'combine', 'mashed', 'potatoesm', 'salt', 'red', 'chilli', 'corriander', 'garam', 'masala', 'powders', 'knead', 'well', 'keep', 'aside', 'place', 'minced', 'chicken', 'pot', 'alongwith', 'salt', 'red', 'chilli', 'powder', 'corriander', 'powder', 'black', 'pepper', 'powder', 'turmeric', 'powder', 'ginger', 'garlic', 'green', 'chilli', 'pastes', 'mix', 'well', 'cook', 'till', 'water', 'evaporates', 'allow', 'mixture', 'cool', 'fold', 'green', 'onions', 'corriander', 'mint', 'leaves', 'divide', 'potato', 'mixture', 'balls', 'fill', 'prepared', 'chicken', 'mixture', 'ball', 'roll', 'ball', 'finger', 'shape', 'make', 'rolls', 'beat', 'eggs', 'bowl', 'dip', 'ball', 'beaten', 'eggs', 'roll', 'breadcrumbs', 'heat', 'oil', 'wok', 'deep', 'fry', 'bread', 'rolls', 'oil', 'golden', 'brown', 'either', 'side', 'drain', 'clean', 'kitchen', 'paper', 'towels', 'serve', 'hot', 'enjoy']",Indian
12026,"['deep', 'fry', 'green', 'chilies', 'in', 'hot', 'oil', 'remove', 'and', 'keep', 'aside', 'grind', 'together', 'dessicated', 'coconut', 'garlic', 'ginger', 'sesame', 'seeds', 'and', 'roasted', 'onions', 'and', 'peanuts', 'to', 'make', 'a', 'fine', 'paste', 'reheat', 'oil', 'already', 'used', 'for', 'frying', 'chillies', 'ensure', 'that', 'the', 'paste', 'does', 'not', 'stick', 'to', 'the', 'pan', 'fry', 'the', 'salan', 'paste', 'for', '20', 'minutes', 'keep', 'stirring', 'it', 'pour', '15', 'ml', 'of', 'water', 'at', 'regular', 'intervals', 'add', 'yoghurt', 'and', 'salt', 'and', 'stir', 'for', '3-4', 'minutes', 'now', 'add', 'the', 'tamarind', 'pulp', 'and', '15', 'ml', 'of', 'water', 'stir', 'for', '5', 'minutes', 'until', 'the', 'gravy', 'is', 'of', 'sauce', 'consistency', 'and', 'ensure', 'that', 'it', 'does', 'not', 'stick', 'to', 'the', 'pan', 'add', 'the', 'fried', 'chilies', 'to', 'the', 'hot', 'gravy', 'let', 'the', 'gravy', 'come', 'to', 'a', 'boil', 'remove', 'from', 'heat', 'and', 'garnish', 'with', 'finely', 'chopped', 'coriander', 'leaves', 'serve', 'hot', 'with', 'biryani/pulao/paratha']","['deep', 'fry', 'green', 'chilies', 'hot', 'oil', 'remove', 'keep', 'aside', 'grind', 'together', 'dessicated', 'coconut', 'garlic', 'ginger', 'sesame', 'seeds', 'roasted', 'onions', 'peanuts', 'make', 'fine', 'paste', 'reheat', 'oil', 'already', 'used', 'frying', 'chillies', 'ensure', 'paste', 'stick', 'pan', 'fry', 'salan', 'paste', 'keep', 'stirring', 'pour', 'water', 'regular', 'intervals', 'add', 'yoghurt', 'salt', 'stir', 'add', 'tamarind', 'pulp', 'water', 'stir', 'gravy', 'sauce', 'consistency', 'ensure', 'stick', 'pan', 'add', 'fried', 'chilies', 'hot', 'gravy', 'let', 'gravy', 'come', 'boil', 'remove', 'heat', 'garnish', 'finely', 'chopped', 'coriander', 'leaves', 'serve', 'hot', 'biryani/pulao/paratha']",Indian
1142,"['add', 'olive', 'oil', 'to', 'skillet', 'and', 'heat', 'over', 'medium', 'heat', 'add', 'ground', 'meat', 'and', 'chorizo', 'sausage', 'casings', 'removed', 'brown', 'on', 'all', 'sides', 'add', 'the', 'remainder', 'of', 'the', 'ingredients', 'to', 'a', 'slow', 'cooker', 'omitting', 'the', 'pasta', 'once', 'the', 'meat', 'and', 'chorizo', 'are', 'browned', 'add', 'to', 'slow', 'cooker', 'and', 'cook', 'on', 'low', 'for', '4-5', 'hours', 'stirring', 'occasionally', 'about', '30', 'minutes', 'prior', 'to', 'serving', 'add', 'pasta', 'and', 'stir', 'occasionally', 'serve', 'hot', 'with', 'biscuits', 'or', 'muffins']","['add', 'olive', 'oil', 'skillet', 'heat', 'medium', 'heat', 'add', 'ground', 'meat', 'chorizo', 'sausage', 'casings', 'removed', 'brown', 'sides', 'add', 'remainder', 'ingredients', 'slow', 'cooker', 'omitting', 'pasta', 'meat', 'chorizo', 'browned', 'add', 'slow', 'cooker', 'cook', 'low', 'stirring', 'occasionally', 'prior', 'serving', 'add', 'pasta', 'stir', 'occasionally', 'serve', 'hot', 'biscuits', 'muffins']",Italian
4605,"['cook', 'spaghetti', 'al', 'dente', 'in', 'salted', 'water', 'according', 'to', 'package', 'directions', 'drain', 'spaghetti', 'reserving', '1/2', 'cup', 'of', 'the', 'cooking', 'liquid', 'and', 'return', 'spaghetti', 'to', 'the', 'pot', 'add', 'cooking', 'liquid', '2', 'tablespoons', 'at', 'a', 'time', 'alternating', 'with', 'the', 'cheeses', 'tossing', 'well', 'to', 'get', 'a', 'saucy', 'consistency', 'stir', 'in', 'pepper', 'and', 'any', 'additional', 'liquid', 'if', 'needed', 'season', 'with', 'salt', 'if', 'necessary']","['cook', 'spaghetti', 'al', 'dente', 'salted', 'water', 'according', 'package', 'directions', 'drain', 'spaghetti', 'reserving', 'cooking', 'liquid', 'return', 'spaghetti', 'pot', 'add', 'cooking', 'liquid', 'time', 'alternating', 'cheeses', 'tossing', 'well', 'get', 'saucy', 'consistency', 'stir', 'pepper', 'additional', 'liquid', 'needed', 'season', 'salt', 'necessary']",Italian
12306,"['add', 'the', 'salt', 'pepper', 'powder', 'chaat', 'masala', 'to', 'the', 'yoghurt', 'and', 'mix', 'well', 'taste', 'and', 'adjust', 'seasoning', 'add', 'the', 'potatoes', 'green', 'chili', 'and', 'mint', 'leaves', 'mix', 'well', 'transfer', 'to', 'a', 'serving', 'bowl', 'garnish', 'with', 'roasted', 'cumin', 'powder', 'refrigerate', 'until', 'required']","['add', 'salt', 'pepper', 'powder', 'chaat', 'masala', 'yoghurt', 'mix', 'well', 'taste', 'adjust', 'seasoning', 'add', 'potatoes', 'green', 'chili', 'mint', 'leaves', 'mix', 'well', 'transfer', 'serving', 'bowl', 'garnish', 'roasted', 'cumin', 'powder', 'refrigerate', 'required']",Indian
4398,"['in', 'large', 'skillet', 'over', 'medium-high', 'add', '3', 't', 'butter', 'and', 'saute', 'the', 'onions', 'until', 'lightly', 'browned', 'about', '7', 'minutes', 'add', 'mushrooms', 'and', 'salt', 'and', 'pepper', 'to', 'taste', 'and', 'cook', 'for', '3', 'minutes', 'stir', 'in', 'the', 'garlic', 'and', 'cook', 'for', 'another', '2', 'minutes', 'then', 'reduce', 'the', 'heat', 'to', 'medium', 'add', 'another', '2', 't', 'of', 'butter', 'and', 'the', 'flour', 'stir', 'until', 'a', 'paste', 'forms', 'around', 'the', 'veggies', 'add', 'the', 'stock', 'slowly', 'bit', 'by', 'bit', 'stirring', 'until', 'its', 'easy', 'to', 'add', 'a', 'large', 'amount', 'without', 'clumping', 'simmer', 'until', 'reduced', 'by', 'half', 'and', 'thick', 'stir', 'in', 'the', 'pistachio', 'nuts', 'chili', 'flakes', 'and', 'oil', 'and', 'season', 'to', 'taste', 'with', 'salt', 'and', 'pepper', 'set', 'aside', 'in', 'a', 'separate', 'pot', 'cook', 'your', 'favorite', 'pasta', 'penne', 'pappardelle', 'etc', 'according', 'to', 'package', 'instructions', 'put', 'the', 'pasta', 'in', 'the', 'center', 'of', 'each', 'white', 'plate', 'and', 'spoon', 'some', 'sauce', 'over', 'the', 'top', 'garnish', 'with', 'some', 'grated', 'cheese', 'and', 'a', 'sprinkle', 'of', 'chopped', 'pistachios']","['large', 'skillet', 'medium', 'high', 'add', 'butter', 'saute', 'onions', 'lightly', 'browned', 'add', 'mushrooms', 'salt', 'pepper', 'taste', 'cook', 'stir', 'garlic', 'cook', 'another', 'reduce', 'heat', 'medium', 'add', 'another', 'butter', 'flour', 'stir', 'paste', 'forms', 'around', 'veggies', 'add', 'stock', 'slowly', 'bit', 'bit', 'stirring', 'easy', 'add', 'large', 'amount', 'without', 'clumping', 'simmer', 'reduced', 'half', 'thick', 'stir', 'pistachio', 'nuts', 'chili', 'flakes', 'oil', 'season', 'taste', 'salt', 'pepper', 'set', 'aside', 'separate', 'pot', 'cook', 'favorite', 'pasta', 'penne', 'pappardelle', 'etc', 'according', 'package', 'instructions', 'put', 'pasta', 'center', 'white', 'plate', 'spoon', 'sauce', 'top', 'garnish', 'grated', 'cheese', 'sprinkle', 'chopped', 'pistachios']",Italian
10377,"['beat', 'the', 'eggs', 'and', 'keep', 'aside', 'grate', 'the', 'jaggery', 'mix', 'it', 'with', 'coconut', 'milk', 'bring', 'to', 'a', 'boil', 'add', 'the', 'crushed', 'cardamoms', 'bring', 'to', 'a', 'boil', 'again', 'remove', 'from', 'flame', 'allow', 'to', 'cool', 'add', 'the', 'eggs', 'one', 'at', 'a', 'time', 'and', 'mix', 'well', 'steam', 'the', 'mixture', 'for', '45', 'minutes', 'cut', 'into', 'pieces', 'serve', 'topped', 'with', 'a', 'few', 'broken', 'cashewnuts']","['beat', 'eggs', 'keep', 'aside', 'grate', 'jaggery', 'mix', 'coconut', 'milk', 'bring', 'boil', 'add', 'crushed', 'cardamoms', 'bring', 'boil', 'remove', 'flame', 'allow', 'cool', 'add', 'eggs', 'one', 'time', 'mix', 'well', 'steam', 'mixture', 'cut', 'pieces', 'serve', 'topped', 'broken', 'cashewnuts']",Indian
2074,"['blend', 'together', 'ricotta', 'and', 'cream', 'cheese', 'and', 'add', 'sugar', 'beat', 'in', 'eggs', 'one', 'at', 'a', 'time', 'add', 'lemon', 'juice', 'vanilla', 'cornstarch', 'flour', 'and', 'butter', 'and', 'mix', 'well', 'fold', 'in', 'sour', 'cream', 'pour', 'into', 'buttered', '10', 'inch', 'springform', 'pan', 'put', 'cake', 'in', 'cold', 'oven', 'do', 'not', 'preheat', 'heat', 'oven', '325', 'degrees', 'and', 'bake', 'for', '1', 'hour', 'turn', 'oven', 'off', 'and', 'leave', 'cake', 'in', 'there', 'for', '2', 'hours', 'do', 'not', 'open', 'the', 'oven', 'door', 'during', 'this', 'time', 'while', 'its', 'cooling', 'remove', 'cake', 'and', 'finish', 'cooling', 'wrap', 'and', 'refrigerate', 'cake', 'is', 'best', 'the', 'next', 'day']","['blend', 'together', 'ricotta', 'cream', 'cheese', 'add', 'sugar', 'beat', 'eggs', 'one', 'time', 'add', 'lemon', 'juice', 'vanilla', 'cornstarch', 'flour', 'butter', 'mix', 'well', 'fold', 'sour', 'cream', 'pour', 'buttered', 'springform', 'pan', 'put', 'cake', 'cold', 'oven', 'preheat', 'heat', 'oven', 'bake', 'turn', 'oven', 'leave', 'cake', 'open', 'oven', 'door', 'time', 'cooling', 'remove', 'cake', 'finish', 'cooling', 'wrap', 'refrigerate', 'cake', 'best', 'next', 'day']",Italian
9397,"['1.', 'combine', 'yogurt', 'chile', 'powder', 'turmeric', 'salt', 'and', '8', 'pods', 'green', 'cardamom', 'in', 'a', 'large', 'bowl', 'add', 'chicken', 'mix', 'and', 'cover', 'bowl', 'with', 'plastic', 'wrap', 'refrigerate', 'for', 'at', 'least', '30', 'minutes', 'or', 'up', 'to', 'overnight', '2.', 'heat', 'oil', 'in', 'a', '6-qt', 'pot', 'over', 'high', 'heat', 'add', 'remaining', 'green', 'cardamom', 'along', 'with', 'peppercorns', 'black', 'cardamom', 'and', 'cinnamon', 'cook', 'until', 'fragrant', '1–2', 'minutes', 'add', 'onions', 'garlic', 'chiles', 'and', 'ginger', 'cook', 'stirring', 'and', 'adding', 'a', 'few', 'tablespoons', 'of', 'water', 'as', 'needed', 'until', 'onions', 'are', 'browned', '12–15', 'minutes', 'add', 'chicken', 'and', 'marinade', 'cook', 'flipping', 'chicken', 'occasionally', 'until', 'most', 'of', 'liquid', 'has', 'evaporated', '20–30', 'minutes', 'add', '1/3', 'cup', 'water', 'bring', 'to', 'a', 'boil', 'reduce', 'heat', 'to', 'medium-low', 'cook', 'stirring', 'until', 'sauce', 'has', 'thickened', '6–8', 'minutes', 'season', 'with', 'salt', 'and', 'garnish', 'with', 'ginger', 'cilantro', 'and', 'yogurt', 'serve', 'with', 'rice']","['combine', 'yogurt', 'chile', 'powder', 'turmeric', 'salt', 'pods', 'green', 'cardamom', 'large', 'bowl', 'add', 'chicken', 'mix', 'cover', 'bowl', 'plastic', 'wrap', 'refrigerate', 'least', 'overnight', 'heat', 'oil', '6', 'qt', 'pot', 'high', 'heat', 'add', 'remaining', 'green', 'cardamom', 'along', 'peppercorns', 'black', 'cardamom', 'cinnamon', 'cook', 'fragrant', '1–2', 'add', 'onions', 'garlic', 'chiles', 'ginger', 'cook', 'stirring', 'adding', 'water', 'needed', 'onions', 'browned', '12–15', 'add', 'chicken', 'marinade', 'cook', 'flipping', 'chicken', 'occasionally', 'liquid', 'evaporated', '20–30', 'add', 'water', 'bring', 'boil', 'reduce', 'heat', 'medium', 'low', 'cook', 'stirring', 'sauce', 'thickened', '6–8', 'season', 'salt', 'garnish', 'ginger', 'cilantro', 'yogurt', 'serve', 'rice']",Indian
3619,"['in', 'medium', 'bowl', 'combine', 'meat', 'egg', 'bread', 'crumbs', 'parmesan', 'cheese', 'dried', 'basil', 'onion', 'powder', 'shape', 'into', '1/2', ""''"", 'balls', 'set', 'aside', 'in', 'large', 'soup', 'pot', 'heat', 'broth', 'to', 'boiling', 'stir', 'in', 'carrots', 'orzo', 'and', 'meatballs', 'return', 'to', 'a', 'gentle', 'boil', 'cooking', 'for', '10', 'minutes', 'until', 'orzo', 'is', 'tender', 'stirring', 'frequently', 'add', 'spinach', 'serve', 'with', 'grated', 'parmesan', 'sprinkled', 'over', 'top']","['medium', 'bowl', 'combine', 'meat', 'egg', 'bread', 'crumbs', 'parmesan', 'cheese', 'dried', 'basil', 'onion', 'powder', 'shape', ""''"", 'balls', 'set', 'aside', 'large', 'soup', 'pot', 'heat', 'broth', 'boiling', 'stir', 'carrots', 'orzo', 'meatballs', 'return', 'gentle', 'boil', 'cooking', 'orzo', 'tender', 'stirring', 'frequently', 'add', 'spinach', 'serve', 'grated', 'parmesan', 'sprinkled', 'top']",Italian
7256,"['peel', 'and', 'grate', 'a', 'carrot', 'and', 'keep', 'aside', 'chop', 'cucumbers', 'skin', 'on', 'into', 'very', 'small', 'cubes', 'and', 'keep', 'aside', 'in', 'the', 'meantime', 'bring', 'a', 'little', 'over', 'half', 'cup', 'of', 'water', 'to', 'a', 'boil', 'and', 'soak', 'the', 'washed', 'yellow', 'lentils', 'in', 'the', 'same', 'simmer', 'on', 'low', 'flame', 'for', '10-15', 'minutes', 'or', 'until', 'tender', 'now', 'squeeze', 'out', 'the', 'excess', 'water', 'from', 'the', 'grated', 'carrot', 'and', 'the', 'chopped', 'cucumbers', 'by', 'squeezing', 'them', 'in', 'the', 'palm', 'of', 'your', 'hand', 'tightly', 'place', 'the', 'veggies', 'in', 'a', 'large', 'salad', 'serving', 'bowl', 'now', 'heat', 'oil', 'in', 'a', 'frying', 'pan', 'over', 'high', 'flame', 'when', 'hot', 'add', 'mustard', 'seeds', 'and', 'allow', 'to', 'crackle', 'add', 'the', 'chopped', 'green', 'chilli', 'and', 'the', 'white', 'urad', 'dal', 'mix', 'once', 'add', 'the', 'drained', 'yellow', 'lentils', 'and', 'saute', 'for', '2', 'minutes', 'on', 'low-medium', 'flame', 'remove', 'from', 'heat', 'toss', 'the', 'lentil', 'mixture', 'into', 'the', 'veggie', 'mix', 'mix', 'well', 'cover', 'refrigerate', 'and', 'serve', 'chilled', 'i', 'enjoy', 'this', 'on', 'its', 'own', 'as', 'well', 'as', 'when', 'i', 'toss', 'this', ""into'saffron"", 'rice', 'recipe', 'number', '47592', 'this', 'also', 'tastes', 'really', 'nice', 'when', 'mixed', 'into', 'yogurt', 'and', 'eaten']","['peel', 'grate', 'carrot', 'keep', 'aside', 'chop', 'cucumbers', 'skin', 'small', 'cubes', 'keep', 'aside', 'meantime', 'bring', 'little', 'half', 'water', 'boil', 'soak', 'washed', 'yellow', 'lentils', 'simmer', 'low', 'flame', 'tender', 'squeeze', 'excess', 'water', 'grated', 'carrot', 'chopped', 'cucumbers', 'squeezing', 'palm', 'hand', 'tightly', 'place', 'veggies', 'large', 'salad', 'serving', 'bowl', 'heat', 'oil', 'frying', 'pan', 'high', 'flame', 'hot', 'add', 'mustard', 'seeds', 'allow', 'crackle', 'add', 'chopped', 'green', 'chilli', 'white', 'urad', 'dal', 'mix', 'add', 'drained', 'yellow', 'lentils', 'saute', 'low', 'medium', 'flame', 'remove', 'heat', 'toss', 'lentil', 'mixture', 'veggie', 'mix', 'mix', 'well', 'cover', 'refrigerate', 'serve', 'chilled', 'enjoy', 'well', 'toss', ""into'saffron"", 'rice', 'recipe', 'number', 'also', 'tastes', 'really', 'nice', 'mixed', 'yogurt', 'eaten']",Indian
5537,"['put', 'all', 'ingredients', 'in', 'a', 'dutch', 'oven', 'and', 'cover', 'with', 'water', 'cook', 'till', 'meat', 'is', 'falling', 'apart', 'when', 'meat', 'is', 'done', 'remove', 'from', 'pan', 'and', 'cool', 'slightly', 'using', 'scissors', 'or', 'a', 'sharp', 'knife', 'cut', 'the', 'meat', 'into', '1', 'inch', 'pieces', 'and', 'shred', 'return', 'meat', 'to', 'juice', 'and', 'reheat', 'while', 'meat', 'is', 'reheating', 'get', 'out', 'the', 'number', 'of', 'buns', 'you', 'will', 'be', 'needing', 'split', 'them', 'and', 'heavily', 'butter', 'them', 'this', 'is', 'one', 'of', 'the', 'big', 'secrets', 'to', 'great', 'italian', 'beef', 'sandwiches', 'put', 'the', 'hot', 'meat', 'on', 'the', 'buns', 'and', 'wrap', 'in', 'aluminum', 'foil', 'place', 'on', 'plate', 'with', 'chips', 'and', 'serve', 'hot']","['put', 'ingredients', 'dutch', 'oven', 'cover', 'water', 'cook', 'till', 'meat', 'falling', 'apart', 'meat', 'done', 'remove', 'pan', 'cool', 'slightly', 'using', 'scissors', 'sharp', 'knife', 'cut', 'meat', 'pieces', 'shred', 'return', 'meat', 'juice', 'reheat', 'meat', 'reheating', 'get', 'number', 'buns', 'needing', 'split', 'heavily', 'butter', 'one', 'big', 'secrets', 'great', 'italian', 'beef', 'sandwiches', 'put', 'hot', 'meat', 'buns', 'wrap', 'aluminum', 'foil', 'place', 'plate', 'chips', 'serve', 'hot']",Italian
9543,"['in', 'a', 'large', 'measuring', 'bowl', 'or', 'dish', 'mix', 'coconut', 'milk', 'greek', 'yogurt', 'tomato', 'sauce', 'tomato', 'paste', 'and', 'spices', 'set', 'aside', 'sprinkle', 'cut', 'onion', 'and', 'garlic', 'on', 'the', 'bottom', 'of', 'the', 'slow', 'cooker', 'place', 'chicken', 'pieces', 'on', 'top', 'pour', 'sauce', 'over', 'that', 'and', 'make', 'sure', 'chicken', 'is', 'covered', 'combine', 'melted', 'butter', 'and', 'coconut', 'oil', 'and', 'pour', 'on', 'top', 'of', 'everything', 'in', 'the', 'slow', 'cooker', 'place', 'on', 'lid', 'cook', 'low', '6-8', 'hours', 'stirring', '1-2', 'times', 'along', 'the', 'way', 'serve', 'with', 'rice', 'and', 'whole', 'wheat', 'naan']","['large', 'measuring', 'bowl', 'dish', 'mix', 'coconut', 'milk', 'greek', 'yogurt', 'tomato', 'sauce', 'tomato', 'paste', 'spices', 'set', 'aside', 'sprinkle', 'cut', 'onion', 'garlic', 'bottom', 'slow', 'cooker', 'place', 'chicken', 'pieces', 'top', 'pour', 'sauce', 'make', 'sure', 'chicken', 'covered', 'combine', 'melted', 'butter', 'coconut', 'oil', 'pour', 'top', 'everything', 'slow', 'cooker', 'place', 'lid', 'cook', 'low', 'stirring', 'times', 'along', 'way', 'serve', 'rice', 'whole', 'wheat', 'naan']",Indian
1969,"['with', 'sharp', 'knife', 'or', 'ice', 'pick', 'punch', 'holes', 'in', 'the', 'roast', 'about', '2', 'inches', 'apart', 'and', 'stuff', 'with', 'slivers', 'of', 'garlic', 'rub', 'roast', 'generously', 'with', 'salt', 'pepper', 'and', 'creole', 'seasoning', 'heat', 'oil', 'in', 'a', 'heavy', 'pot', 'or', 'dutch', 'oven', 'and', 'brown', 'roast', 'well', 'on', 'all', 'sides', 'over', 'medium-high', 'heat', 'when', 'browned', 'take', 'roast', 'out', 'of', 'pot', 'and', 'set', 'aside', 'in', 'the', 'same', 'oil', 'saute', 'onion', 'bell', 'pepper', 'and', 'celery', 'over', 'medium', 'heat', 'until', 'soft', 'about', '10', 'minutes', 'stirring', 'occasionally', 'add', 'minced', 'garlic', 'and', 'cook', '5', 'more', 'minutes', 'add', 'tomato', 'paste', 'and', 'cook', 'stirring', 'frequently', 'almost', 'until', 'it', 'begins', 'to', 'brown', 'about', '10', 'minutes', 'add', 'tomato', 'sauce', 'and', 'cook', 'over', 'medium', 'heat', 'stirring', 'occasionally', 'for', 'about', '5', 'minutes', 'add', 'wine', 'beef', 'broth', 'italian', 'seasoning', 'cayenne', 'salt', 'if', 'needed', 'and', 'sugar', 'and', 'stir', 'well', 'return', 'roast', 'to', 'pot', 'fat', 'side', 'up', 'turn', 'fire', 'to', 'low', 'cover', 'and', 'simmer', 'for', '4', 'hours', 'until', 'roast', 'is', 'very', 'tender', 'stir', 'well', 'every', 'hour', 'and', 'turn', 'roast', 'over', 'half', 'way', 'through', 'cooking', 'slice', 'roast', 'thickly', 'and', 'return', 'to', 'sauce', 'sprinkle', 'with', 'parsley', 'and', 'serve', 'with', 'spaghetti', 'or', 'pasta', 'of', 'your', 'choice']","['sharp', 'knife', 'ice', 'pick', 'punch', 'holes', 'roast', 'apart', 'stuff', 'slivers', 'garlic', 'rub', 'roast', 'generously', 'salt', 'pepper', 'creole', 'seasoning', 'heat', 'oil', 'heavy', 'pot', 'dutch', 'oven', 'brown', 'roast', 'well', 'sides', 'medium', 'high', 'heat', 'browned', 'take', 'roast', 'pot', 'set', 'aside', 'oil', 'saute', 'onion', 'bell', 'pepper', 'celery', 'medium', 'heat', 'soft', 'stirring', 'occasionally', 'add', 'minced', 'garlic', 'cook', 'add', 'tomato', 'paste', 'cook', 'stirring', 'frequently', 'almost', 'begins', 'brown', 'add', 'tomato', 'sauce', 'cook', 'medium', 'heat', 'stirring', 'occasionally', 'add', 'wine', 'beef', 'broth', 'italian', 'seasoning', 'cayenne', 'salt', 'needed', 'sugar', 'stir', 'well', 'return', 'roast', 'pot', 'fat', 'side', 'turn', 'fire', 'low', 'cover', 'simmer', 'roast', 'tender', 'stir', 'well', 'every', 'turn', 'roast', 'half', 'way', 'cooking', 'slice', 'roast', 'thickly', 'return', 'sauce', 'sprinkle', 'parsley', 'serve', 'spaghetti', 'pasta', 'choice']",Italian
1998,"['preheat', 'oven', 'to', '350', 'degrees', 'f.', 'line', '2', 'average', 'sized', 'baking', 'sheets', 'with', 'parchment', 'paper', 'you', 'must', 'use', 'parchment', 'paper', 'and', 'not', 'use', 'butter', 'or', 'shortening', 'or', 'spray', 'it', 'will', 'still', 'stick', 'to', 'your', 'pan', 'mark', 'parallel', 'lines', 'across', 'the', 'width', 'of', 'the', 'parchment', 'about', '4', 'inches', 'apart', 'in', 'a', 'medium', 'sized', 'mixing', 'bowl', 'beat', 'egg', 'yolks', 'and', 'sugar', 'on', 'medium-high', 'speed', 'until', 'the', 'mixture', 'is', 'thick', 'pale', 'yellow', 'and', 'has', 'tripled', 'in', 'volume', 'about', '8', 'minute', 'in', 'a', 'separate', 'bowl', 'beat', 'egg', 'whites', 'until', 'stiff', 'peaks', 'have', 'formed', 'carefully', 'fold', 'egg', 'whites', 'flour', 'salt', 'and', 'almond', 'extract', 'into', 'the', 'yolk', 'and', 'sugar', 'mixture', 'until', 'everything', 'is', 'completely', 'incorporated', 'and', 'mixture', 'is', 'smooth', 'fill', 'a', 'large', 'pastry', 'bag', 'with', 'the', 'mixture', 'cut', 'tip', 'of', 'pastry', 'bag', 'making', 'the', 'tip', '3/4', 'inch', 'pipe', 'fingers', 'about', '4', '1/2', 'inches', 'in', 'length', 'onto', 'the', 'baking', 'sheet', 'using', 'your', 'pre-drawn', 'lines', 'as', 'a', 'guide', 'bake', 'in', 'oven', 'for', '15', '18', 'minutes', 'or', 'just', 'until', 'firm', 'on', 'the', 'outside', 'and', 'soft', 'in', 'the', 'center', 'after', 'removing', 'from', 'oven', 'while', 'still', 'warm', 'lightly', 'dust', 'your', 'lady', 'fingers', 'with', 'powdered', 'sugar', 'serving', 'size', '2', 'lady', 'fingers', 'one', 'serving', '1', 'ww', 'point']","['preheat', 'oven', 'f.', 'line', 'average', 'sized', 'baking', 'sheets', 'parchment', 'paper', 'must', 'use', 'parchment', 'paper', 'use', 'butter', 'shortening', 'spray', 'still', 'stick', 'pan', 'mark', 'parallel', 'lines', 'across', 'width', 'parchment', 'apart', 'medium', 'sized', 'mixing', 'bowl', 'beat', 'egg', 'yolks', 'sugar', 'medium', 'high', 'speed', 'mixture', 'thick', 'pale', 'yellow', 'tripled', 'volume', 'separate', 'bowl', 'beat', 'egg', 'whites', 'stiff', 'peaks', 'formed', 'carefully', 'fold', 'egg', 'whites', 'flour', 'salt', 'almond', 'extract', 'yolk', 'sugar', 'mixture', 'everything', 'completely', 'incorporated', 'mixture', 'smooth', 'fill', 'large', 'pastry', 'bag', 'mixture', 'cut', 'tip', 'pastry', 'bag', 'making', 'tip', 'pipe', 'fingers', 'length', 'onto', 'baking', 'sheet', 'using', 'pre', 'drawn', 'lines', 'guide', 'bake', 'oven', 'firm', 'outside', 'soft', 'center', 'removing', 'oven', 'still', 'warm', 'lightly', 'dust', 'lady', 'fingers', 'powdered', 'sugar', 'serving', 'size', 'lady', 'fingers', 'one', 'serving', 'ww', 'point']",Italian
6214,"['heat', 'oil', 'in', 'a', 'frying', 'pan', 'add', 'onions', 'and', 'saute', '5', 'minutes', 'add', 'garlic', 'cook', 'until', 'onions', 'start', 'to', 'brown', 'add', 'anchovies', 'crush', 'them', 'with', 'a', 'spoon', 'add', 'tomatoes', 'simmer', 'covered', 'to', 'form', 'a', 'sauce', 'about', '15', 'minutes', 'drain', 'the', 'tuna', 'and', 'break', 'into', 'large', 'flakes', 'add', 'tuna', 'to', 'sauce', 'with', 'a', 'little', 'pepper', 'anchovies', 'and', 'tuna', 'are', 'already', 'salty', 'simmer', 'uncovered', 'for', '5', 'minutes', 'juices', 'will', 'evaporate', 'and', 'sauce', 'will', 'thicken']","['heat', 'oil', 'frying', 'pan', 'add', 'onions', 'saute', 'add', 'garlic', 'cook', 'onions', 'start', 'brown', 'add', 'anchovies', 'crush', 'spoon', 'add', 'tomatoes', 'simmer', 'covered', 'form', 'sauce', 'drain', 'tuna', 'break', 'large', 'flakes', 'add', 'tuna', 'sauce', 'little', 'pepper', 'anchovies', 'tuna', 'already', 'salty', 'simmer', 'uncovered', 'juices', 'evaporate', 'sauce', 'thicken']",Italian
9733,"['combine', 'water', 'and', 'rice', 'in', 'large', 'saucepan', 'bring', 'to', 'a', 'boil', 'cover', 'and', 'simmer', 'over', 'low', 'heat', '10-15', 'minutes', 'or', 'until', 'water', 'is', 'absorbed', 'dry', 'toast', 'the', 'pumpkin', 'seeds', 'in', 'a', 'large', 'skillet', 'over', 'high', 'heat', 'by', 'shaking', 'the', 'pan', 'over', 'the', 'heat', 'until', 'the', 'seeds', 'begin', 'to', 'pop', 'remove', 'from', 'pan', 'and', 'set', 'aside', 'in', 'skillet', 'heat', 'the', 'oil', 'and', 'hing', 'add', 'cumin', 'seeds', 'mustard', 'seeds', 'and', 'sesame', 'seeds', 'saute', 'until', 'they', 'begin', 'to', 'pop', 'this', 'will', 'only', 'take', 'a', 'few', 'seconds', 'add', 'onion', 'and', 'cilantro', 'saute', 'until', 'onion', 'is', 'soft', 'and', 'translucent', 'remove', 'from', 'heat', 'stir', 'remaining', 'ingredients', 'into', 'onion', 'mixture', 'mix', 'well', 'add', 'onion', 'mixture', 'and', 'pumpkin', 'seeds', 'to', 'rice', 'mix', 'well', 'if', 'rice', 'has', 'cooled', 'heat', 'over', 'low', 'heat', 'stirring', 'often']","['combine', 'water', 'rice', 'large', 'saucepan', 'bring', 'boil', 'cover', 'simmer', 'low', 'heat', 'water', 'absorbed', 'dry', 'toast', 'pumpkin', 'seeds', 'large', 'skillet', 'high', 'heat', 'shaking', 'pan', 'heat', 'seeds', 'begin', 'pop', 'remove', 'pan', 'set', 'aside', 'skillet', 'heat', 'oil', 'hing', 'add', 'cumin', 'seeds', 'mustard', 'seeds', 'sesame', 'seeds', 'saute', 'begin', 'pop', 'take', 'seconds', 'add', 'onion', 'cilantro', 'saute', 'onion', 'soft', 'translucent', 'remove', 'heat', 'stir', 'remaining', 'ingredients', 'onion', 'mixture', 'mix', 'well', 'add', 'onion', 'mixture', 'pumpkin', 'seeds', 'rice', 'mix', 'well', 'rice', 'cooled', 'heat', 'low', 'heat', 'stirring', 'often']",Indian
529,"['in', 'a', 'large', 'saucepan', 'heat', '1', 'tablespoons', 'of', 'the', 'oil', 'over', 'medium', 'heat', 'fry', 'the', 'onion', 'garlic', 'mushrooms', 'and', '1/4', 'teaspoons', 'each', 'of', 'the', 'salt', 'and', 'pepper', 'stirring', 'occasionally', 'until', 'softened', 'and', 'the', 'mushroom', 'liquid', 'is', 'evaporated', 'about', '5', 'minutes', 'add', 'the', 'rice', 'and', 'stir', 'to', 'coat', 'the', 'grains', 'add', 'the', 'stock', 'and', 'wine', 'and', 'bring', 'to', 'a', 'boil', 'cover', 'and', 'reduce', 'the', 'heat', 'to', 'low', 'cook', 'stirring', 'once', 'until', 'the', 'rice', 'is', 'almost', 'tender', 'about', '10', 'minutes', 'add', 'the', 'peas', 'and', 'parmesan', 'cheese', 'scrape', 'into', 'a', '13', ""''"", 'x', '9', ""''"", 'baking', 'dish', 'meanwhile', 'cut', 'the', 'pork', 'into', '2', ""''"", 'thick', 'slices', 'with', 'a', 'meat', 'mallet', 'pound', 'to', '1/4', ""''"", 'thickness', 'sprinkle', 'both', 'sides', 'with', 'rosemary', 'and', 'the', 'remaining', 'salt', 'and', 'pepper', 'in', 'a', 'skillet', 'heat', 'the', 'remaining', 'oil', 'over', 'medium-high', 'heat', 'and', 'brown', 'the', 'pork', 'arrange', 'on', 'top', 'of', 'the', 'risotto', 'to', 'make', 'the', 'topping', 'stir', 'together', 'the', 'bread', 'crumbs', 'pine', 'nuts', 'and', 'parsley', 'then', 'drizzle', 'with', 'the', 'butter', 'tossing', 'to', 'combine', 'sprinkle', 'over', 'the', 'pork', 'cover', 'with', 'foil', 'and', 'bake', 'in', 'a', '375', 'degree', 'f', 'oven', 'for', '20', 'minutes', 'uncover', 'and', 'bake', 'until', 'the', 'topping', 'is', 'golden', 'about', '10', 'minutes']","['large', 'saucepan', 'heat', 'oil', 'medium', 'heat', 'fry', 'onion', 'garlic', 'mushrooms', 'salt', 'pepper', 'stirring', 'occasionally', 'softened', 'mushroom', 'liquid', 'evaporated', 'add', 'rice', 'stir', 'coat', 'grains', 'add', 'stock', 'wine', 'bring', 'boil', 'cover', 'reduce', 'heat', 'low', 'cook', 'stirring', 'rice', 'almost', 'tender', 'add', 'peas', 'parmesan', 'cheese', 'scrape', ""''"", 'x', ""''"", 'baking', 'dish', 'meanwhile', 'cut', 'pork', ""''"", 'thick', 'slices', 'meat', 'mallet', ""''"", 'thickness', 'sprinkle', 'sides', 'rosemary', 'remaining', 'salt', 'pepper', 'skillet', 'heat', 'remaining', 'oil', 'medium', 'high', 'heat', 'brown', 'pork', 'arrange', 'top', 'risotto', 'make', 'topping', 'stir', 'together', 'bread', 'crumbs', 'pine', 'nuts', 'parsley', 'drizzle', 'butter', 'tossing', 'combine', 'sprinkle', 'pork', 'cover', 'foil', 'bake', 'f', 'oven', 'uncover', 'bake', 'topping', 'golden']",Italian
8146,"['heat', 'the', 'vegetable', 'oil', 'in', 'a', 'dutch', 'oven', 'or', 'other', 'large', 'pot', 'cook', 'the', 'onions', 'over', 'medium', 'heat', 'until', 'softened', 'add', 'garlic', 'and', 'ginger', 'continue', 'to', 'cook', 'until', 'fragrant', 'and', 'softened', 'remove', 'from', 'heat', 'add', 'curry', 'powder', 'cumin', 'and', 'coriander', 'pour', '1/2', 'cup', 'water', 'into', 'a', 'blender', 'add', 'cooked', 'vegetables', 'and', 'blend', 'on', 'high', 'until', 'very', 'very', 'smooth', 'add', 'additional', 'water', 'if', 'necessary', 'pour', 'sauce', 'back', 'into', 'pot', 'and', 'stir', 'in', 'tomato', 'paste', 'and', 'chilis', 'if', 'using', 'cover', 'and', 'cook', 'for', 'at', 'least', '30', 'minutes', 'but', 'no', 'more', 'than', 'an', 'hour', '-note-', 'sauce', 'will', 'bubble', 'and', 'gloop', 'violently', 'all', 'over', 'your', 'range', 'if', 'you', 'do', 'not', 'cover', 'add', 'chicken', 'pieces', 'cook', 'until', 'tender', 'and', '160', '170', 'degrees', 'f.', 'remove', 'from', 'heat', 'stir', 'in', 'cilantro', 'and', 'yogurt', 'and', 'serve', 'over', 'rice']","['heat', 'vegetable', 'oil', 'dutch', 'oven', 'large', 'pot', 'cook', 'onions', 'medium', 'heat', 'softened', 'add', 'garlic', 'ginger', 'continue', 'cook', 'fragrant', 'softened', 'remove', 'heat', 'add', 'curry', 'powder', 'cumin', 'coriander', 'pour', 'water', 'blender', 'add', 'cooked', 'vegetables', 'blend', 'high', 'smooth', 'add', 'additional', 'water', 'necessary', 'pour', 'sauce', 'back', 'pot', 'stir', 'tomato', 'paste', 'chilis', 'using', 'cover', 'cook', 'least', 'note', 'sauce', 'bubble', 'gloop', 'violently', 'range', 'cover', 'add', 'chicken', 'pieces', 'cook', 'tender', 'f.', 'remove', 'heat', 'stir', 'cilantro', 'yogurt', 'serve', 'rice']",Indian
12628,"['mix', 'the', 'carrots', 'and', 'milk', 'without', 'covering', 'with', 'a', 'lid', 'high', 'the', 'micro', 'for', '15', 'minute', 'again', 'start', 'after', '5', 'minutes', 'add', 'the', 'sugar', 'and', 'mik', 'it', 'well', 'withotu', 'covering', 'high', 'the', 'micro', 'for', '10', 'minutes', 'add', 'the', 'ghee.mix', 'it', 'well', 'and', 'for', '7', 'minutes', 'again', 'high', 'the', 'micro', 'serve', 'hot']","['mix', 'carrots', 'milk', 'without', 'covering', 'lid', 'high', 'micro', 'start', 'add', 'sugar', 'mik', 'well', 'withotu', 'covering', 'high', 'micro', 'add', 'ghee.mix', 'well', 'high', 'micro', 'serve', 'hot']",Indian
4732,"['with', 'a', 'sharp', 'knife', 'score', 'the', 'chicken', 'through', 'the', 'skin', 'if', 'skinless', 'just', 'lightly', 'score', 'the', 'outside', 'rub', 'with', 'the', 'garlic', 'and', 'place', 'in', 'a', 'non-metal', 'dish', 'pour', 'the', 'wine', 'white', 'vinegar', 'and', 'salt/pepper', 'to', 'taste', 'over', 'the', 'chicken', 'marinate', 'several', 'hours', 'or', 'overnight', 'heat', 'butter', 'in', 'a', 'skillet', 'add', 'the', 'shallots', 'and', 'cook', 'for', '2-3', 'minutes', 'or', 'until', 'softened', 'remove', 'the', 'chicken', 'from', 'the', 'dish', 'reserving', 'the', 'marinade', 'place', 'in', 'the', 'pan', 'and', 'cook', 'over', 'medium', 'heat', 'until', 'lightly', 'browned', 'on', 'all', 'sides', 'reduce', 'heat', 'to', 'medium-low', 'and', 'add', 'the', 'marinade', 'cover', 'and', 'cook', 'for', '15-20', 'minutes', 'adding', 'more', 'marinade', 'if', 'necessary', 'when', 'chicken', 'is', 'tender', 'add', 'in', 'the', 'balsamic', 'and', 'thyme', 'then', 'cook', '5', 'minutes', 'longer', 'if', 'the', 'sauce', 'is', 'too', 'acidic', 'or', 'watery', 'for', 'your', 'taste', 'dissolve', 'a', 'tablespoon', 'or', 'so', 'of', 'corn', 'starch', 'in', 'a', 'little', 'water', 'and', 'add', 'to', 'the', 'pan', 'cook', 'for', '5-10', 'more', 'minutes', 'until', 'thickened', 'slightly.', 'transfer', 'chicken', 'to', 'a', 'serving', 'platter', 'serve', 'hot', 'with', 'polenta', 'pasta', 'or', 'rice']","['sharp', 'knife', 'score', 'chicken', 'skin', 'skinless', 'lightly', 'score', 'outside', 'rub', 'garlic', 'place', 'non', 'metal', 'dish', 'pour', 'wine', 'white', 'vinegar', 'salt/pepper', 'taste', 'chicken', 'marinate', 'several', 'overnight', 'heat', 'butter', 'skillet', 'add', 'shallots', 'cook', 'softened', 'remove', 'chicken', 'dish', 'reserving', 'marinade', 'place', 'pan', 'cook', 'medium', 'heat', 'lightly', 'browned', 'sides', 'reduce', 'heat', 'medium', 'low', 'add', 'marinade', 'cover', 'cook', 'adding', 'marinade', 'necessary', 'chicken', 'tender', 'add', 'balsamic', 'thyme', 'cook', 'longer', 'sauce', 'acidic', 'watery', 'taste', 'dissolve', 'corn', 'starch', 'little', 'water', 'add', 'pan', 'cook', 'thickened', 'slightly.', 'transfer', 'chicken', 'serving', 'platter', 'serve', 'hot', 'polenta', 'pasta', 'rice']",Italian
11925,"['put', 'the', 'pineapple', 'tomatoes', 'and', 'capsicums', 'in', 'a', 'bowl', 'add', 'the', 'fresh', 'cream', 'and', 'mix', 'well', 'add', 'garlic', 'paste', 'tomato', 'sauce', 'salt', 'pepper', 'and', 'sugar', 'cover', 'and', 'refrigerate', 'for', '10', 'minutes', 'remove', 'and', 'garnish', 'with', 'shredded', 'cabbage', 'and', 'pineapple', 'pcs', 'serve', 'with', 'a', 'smile']","['put', 'pineapple', 'tomatoes', 'capsicums', 'bowl', 'add', 'fresh', 'cream', 'mix', 'well', 'add', 'garlic', 'paste', 'tomato', 'sauce', 'salt', 'pepper', 'sugar', 'cover', 'refrigerate', 'remove', 'garnish', 'shredded', 'cabbage', 'pineapple', 'pcs', 'serve', 'smile']",Indian
8594,"['combine', 'the', 'flour', 'salt', 'and', 'pepper', 'in', 'a', 'large', 'wide', 'bowl', 'slowly', 'add', 'the', '4', 'tablespoons', 'oil', 'rubbing', 'it', 'into', 'the', 'flour', 'now', 'slowly', 'add', 'about', '1/2', 'cup', 'of', 'water', 'or', 'enough', 'to', 'form', 'a', 'firm', 'dough', 'knead', 'well', 'until', 'the', 'dough', 'is', 'smooth', 'and', 'forms', 'a', 'ball', 'cover', 'the', 'dough', 'ball', 'with', 'plastic', 'wrap', 'and', 'set', 'aside', 'for', '30', 'minutes', 'set', 'a', 'cast-iron', 'griddle', 'cast-iron', 'frying', 'pan', 'or', 'indian', 'tava', 'over', 'medium-high', 'heat', 'divide', 'the', 'dough', 'into', '4', 'parts', 'oil', 'your', 'hands', 'lightly', 'and', 'make', '4', 'balls', 'flatten', 'the', 'balls', 'to', 'make', '4', 'patties', 'keep', '3', 'balls', 'covered', 'while', 'you', 'work', 'with', 'the', 'fourth', 'on', 'a', 'lightly', 'oiled', 'surface', 'roll', 'out', 'the', 'patty', 'into', 'a', '5', '1/4-inch', 'round', 'the', 'edges', 'might', 'be', 'slightly', 'rough', 'but', 'that', 'is', 'as', 'it', 'should', 'be', 'prick', 'a', 'few', 'holes', 'on', 'the', 'bread', 'with', 'a', 'fork', 'slap', 'the', 'bread', 'onto', 'the', 'hot', 'griddle', 'cook', 'about', '1', 'minute', 'on', 'the', 'first', 'side', 'turn', 'the', 'bread', 'over', 'and', 'cook', 'the', 'second', 'side', 'for', 'a', 'minute', 'turn', 'it', 'over', 'again', 'reduce', 'heat', 'to', 'medium', 'now', 'dribble', 'about', '1/2', 'teaspoon', 'oil', 'on', 'the', 'griddle', 'very', 'near', 'the', 'circumference', 'of', 'the', 'bread', 'cook', '30', 'seconds', 'pressing', 'down', 'on', 'the', 'bread', 'with', 'a', 'spatula', 'turn', 'the', 'bread', 'again', 'dribbling', 'another', '1/2', 'teaspoon', 'of', 'oil', 'near', 'its', 'circumference', 'cook', '30', 'seconds', 'pressing', 'down', 'on', 'the', 'bread', 'again', 'keep', 'turning', 'every', '30', 'seconds', 'or', 'so', 'until', 'the', 'bread', 'has', 'a', 'few', 'brown', 'spots', 'and', 'is', 'cooked', 'through', '4-5', 'minutes', 'in', 'all', 'remove', 'and', 'keep', 'covered', 'turn', 'the', 'heat', 'up', 'to', 'medium-high', 'again', 'and', 'make', 'the', 'second', 'bread', 'make', 'all', 'the', 'breads', 'this', 'way']","['combine', 'flour', 'salt', 'pepper', 'large', 'wide', 'bowl', 'slowly', 'add', 'oil', 'rubbing', 'flour', 'slowly', 'add', 'water', 'enough', 'form', 'firm', 'dough', 'knead', 'well', 'dough', 'smooth', 'forms', 'ball', 'cover', 'dough', 'ball', 'plastic', 'wrap', 'set', 'aside', 'set', 'cast', 'iron', 'griddle', 'cast', 'iron', 'frying', 'pan', 'indian', 'tava', 'medium', 'high', 'heat', 'divide', 'dough', 'parts', 'oil', 'hands', 'lightly', 'make', 'balls', 'flatten', 'balls', 'make', 'patties', 'keep', 'balls', 'covered', 'work', 'fourth', 'lightly', 'oiled', 'surface', 'roll', 'patty', '1/4', 'inch', 'round', 'edges', 'might', 'slightly', 'rough', 'prick', 'holes', 'bread', 'fork', 'slap', 'bread', 'onto', 'hot', 'griddle', 'cook', 'first', 'side', 'turn', 'bread', 'cook', 'second', 'side', 'turn', 'reduce', 'heat', 'medium', 'dribble', 'oil', 'griddle', 'near', 'circumference', 'bread', 'cook', 'seconds', 'pressing', 'bread', 'spatula', 'turn', 'bread', 'dribbling', 'another', 'oil', 'near', 'circumference', 'cook', 'seconds', 'pressing', 'bread', 'keep', 'turning', 'every', 'seconds', 'bread', 'brown', 'spots', 'cooked', 'remove', 'keep', 'covered', 'turn', 'heat', 'medium', 'high', 'make', 'second', 'bread', 'make', 'breads', 'way']",Indian
7922,"['slice', 'the', 'thighs', 'in', 'half', 'if', 'you', 'are', 'using', 'breasts', 'then', 'slice', 'into', 'thirds', 'season', 'the', 'chicken', 'strips', 'with', 'salt', 'and', 'pepper', 'heat', 'oil', 'in', 'a', 'large', 'skillet', 'over', 'medium', 'heat', 'add', 'in', 'the', 'chicken', 'strips', 'and', 'cook', 'until', 'browned', 'transfer', 'the', 'chicken', 'to', 'a', 'plate', 'add', 'in', 'onion', 'and', 'cook', 'for', 'about', '6-8', 'minutes', 'add', 'in', 'garlic', 'curry', 'powder', 'and', 'cayenne', 'cook', 'stirring', 'for', '1', 'minute', 'add', 'in', 'coconut', 'milk', 'stewed', 'tomatoes', 'with', 'juice', 'and', 'currants', 'bring', 'to', 'a', 'simmer', 'over', 'medium', 'heat', 'add', 'in', 'peas', 'chicken', 'and', 'any', 'juices', 'from', 'the', 'plate', 'simmer', 'over', 'medium-low', 'heat', 'for', 'about', '20', 'minutes', 'or', 'until', 'the', 'chicken', 'is', 'cooked', 'through', 'season', 'with', 'salt', 'and', 'pepper', 'to', 'taste', 'sprinkle', 'with', 'chopped', 'cashews', 'serve', 'with', 'basmati', 'or', 'jasmine', 'rice']","['slice', 'thighs', 'half', 'using', 'breasts', 'slice', 'thirds', 'season', 'chicken', 'strips', 'salt', 'pepper', 'heat', 'oil', 'large', 'skillet', 'medium', 'heat', 'add', 'chicken', 'strips', 'cook', 'browned', 'transfer', 'chicken', 'plate', 'add', 'onion', 'cook', 'add', 'garlic', 'curry', 'powder', 'cayenne', 'cook', 'stirring', 'add', 'coconut', 'milk', 'stewed', 'tomatoes', 'juice', 'currants', 'bring', 'simmer', 'medium', 'heat', 'add', 'peas', 'chicken', 'juices', 'plate', 'simmer', 'medium', 'low', 'heat', 'chicken', 'cooked', 'season', 'salt', 'pepper', 'taste', 'sprinkle', 'chopped', 'cashews', 'serve', 'basmati', 'jasmine', 'rice']",Indian
7535,"['wash', 'peel', 'and', 'slice', 'a', 'medium-sized', 'potato', 'into', 'thin', 'concentric', 'circles', 'make', 'sure', 'you', 'slice', 'the', 'potato', 'thin', 'and', 'not', 'thick', 'pour', '2', '1/2', 'cups', 'of', 'water', 'in', 'a', 'bowl', 'add', 'salt', 'to', 'taste', '2-3', 'tsps', 'and', 'mix', 'well', 'add', 'the', 'potato', 'slices', 'to', 'this', 'salted', 'water', 'mix', 'well', 'keep', 'aside', 'for', '10', 'minutes', 'in', 'a', 'medium', 'sized', 'bowl', 'make', 'a', 'thick', 'batter', 'with', 'your', 'besan', 'flour', 'red', 'chilli', 'powder', 'baking', 'soda', 'salt', 'and', '1', 'cup', 'of', 'water', 'now', 'drain', 'out', 'the', 'water', 'from', 'the', 'potato', 'slices', 'dip', 'the', 'slices', 'of', 'potato', 'in', 'the', 'gramflour', 'batter', 'allow', 'the', 'slices', 'to', 'be', 'coated', 'with', 'the', 'batter', 'on', 'both', 'sides', 'heat', 'oil', 'in', 'a', 'frying', 'pan', 'while', 'you', 'are', 'doing', 'this', 'once', 'the', 'oil', 'is', 'hot', 'and', 'the', 'slices', 'are', 'ready', 'drop', 'them', 'gently', 'into', 'the', 'oil', 'i', 'always', 'make', 'it', 'a', 'point', 'to', 'lower', 'the', 'flame/heat', 'when', 'adding', 'the', 'slices', 'of', 'potato', 'to', 'the', 'hot', 'oil', 'i', 'dont', 'want', 'any', 'more', 'spillovers', 'or', 'kitchen', 'fires', 'let', 'the', 'slices', 'fry', 'in', 'the', 'oil', 'once', 'the', 'slices', 'are', 'golden', 'brown', 'on', 'one', 'side', 'turn', 'over', 'and', 'allow', 'them', 'to', 'fry', 'the', 'same', 'way', 'till', 'they', 'are', 'golden', 'brown', 'on', 'the', 'other', 'side', 'remove', 'from', 'the', 'pan', 'once', 'fried', 'and', 'drain', 'the', 'excess', 'oil', 'on', 'a', 'clean', 'paper', 'kitchen', 'towel', 'transfer', 'to', 'a', 'serving', 'plate', 'serve', 'immediately', 'hot', 'with', 'tomato', 'ketchup', 'and', 'white/potato', 'bread', 'you', 'can', 'also', 'serve', 'this', 'with', 'green', 'chutney', 'enjoy', 'note', 'the', 'secret', 'of', 'making', 'this', 'very', 'well', 'is', 'to', 'slice', 'the', 'potato', 'thin', 'and', 'not', 'thick', 'if', 'you', 'slice', 'the', 'potato', 'thick', 'then', 'the', 'potato', 'will', 'not', 'cook', 'and', 'remain', 'raw', 'even', 'once', 'fried']","['wash', 'peel', 'slice', 'medium', 'sized', 'potato', 'thin', 'concentric', 'circles', 'make', 'sure', 'slice', 'potato', 'thin', 'thick', 'pour', 'water', 'bowl', 'add', 'salt', 'taste', 'tsps', 'mix', 'well', 'add', 'potato', 'slices', 'salted', 'water', 'mix', 'well', 'keep', 'aside', 'medium', 'sized', 'bowl', 'make', 'thick', 'batter', 'besan', 'flour', 'red', 'chilli', 'powder', 'baking', 'soda', 'salt', 'water', 'drain', 'water', 'potato', 'slices', 'dip', 'slices', 'potato', 'gramflour', 'batter', 'allow', 'slices', 'coated', 'batter', 'sides', 'heat', 'oil', 'frying', 'pan', 'oil', 'hot', 'slices', 'ready', 'drop', 'gently', 'oil', 'always', 'make', 'point', 'lower', 'flame/heat', 'adding', 'slices', 'potato', 'hot', 'oil', 'dont', 'want', 'spillovers', 'kitchen', 'fires', 'let', 'slices', 'fry', 'oil', 'slices', 'golden', 'brown', 'one', 'side', 'turn', 'allow', 'fry', 'way', 'till', 'golden', 'brown', 'side', 'remove', 'pan', 'fried', 'drain', 'excess', 'oil', 'clean', 'paper', 'kitchen', 'towel', 'transfer', 'serving', 'plate', 'serve', 'immediately', 'hot', 'tomato', 'ketchup', 'white/potato', 'bread', 'also', 'serve', 'green', 'chutney', 'enjoy', 'note', 'secret', 'making', 'well', 'slice', 'potato', 'thin', 'thick', 'slice', 'potato', 'thick', 'potato', 'cook', 'remain', 'raw', 'even', 'fried']",Indian
12475,"['heat', 'water', 'in', 'a', 'pan', 'add', 'sugar', 'peppercorns', 'cloves', 'cardamom', 'cinnamon', 'and', 'aniseed', 'and', 'bring', 'to', 'a', 'boil', 'reduce', 'heat', 'and', 'let', 'boil', 'for', '5', 'minutes', 'add', 'tea', 'leaves', 'and', 'milk', 'and', 'bring', 'to', 'boil', 'simmer', 'on', 'stove', 'top', 'for', '30', 'minutes', 'strain', 'into', 'cups']","['heat', 'water', 'pan', 'add', 'sugar', 'peppercorns', 'cloves', 'cardamom', 'cinnamon', 'aniseed', 'bring', 'boil', 'reduce', 'heat', 'let', 'boil', 'add', 'tea', 'leaves', 'milk', 'bring', 'boil', 'simmer', 'stove', 'top', 'strain']",Indian
7303,"['make', 'a', 'paste', 'of', 'the', 'curry', 'powder', 'and', 'chilli', 'powder', 'with', 'a', 'little', 'water', 'fry', 'the', 'onion', 'until', 'translucent', 'in', 'the', 'veg', 'oil', 'then', 'add', 'the', 'garlic', 'ginger', 'and', 'chilli', 'and', 'stir', 'fry', 'on', 'medium', 'for', 'a', 'further', '5', 'minutes', 'add', 'the', 'curry', 'and', 'chilli', 'powder', 'paste', 'and', 'stir', 'in', 'and', 'fry', 'for', 'a', 'further', '30', 'secs', 'add', 'the', 'chicken', 'pieces', 'and', 'seal', 'well', 'on', 'all', 'sides', 'add', 'half', 'the', 'massalla', 'gravy', 'coconut', 'and', 'coconut', 'milk', 'and', 'simmer', 'for', '20', 'minutes', 'or', 'until', 'the', 'chicken', 'is', 'cooked', 'stirring', 'constantly', 'if', 'needed', 'add', 'more', 'massalla', 'gravy', 'and', 'water', 'to', 'prevent', 'the', 'curry', 'becoming', 'too', 'thick', 'or', 'dry', 'now', 'add', 'the', 'finely', 'chopped', 'coriander', 'leaves', 'or', 'seeds', 'and', 'cook', 'for', 'a', 'further', 'minute', 'serve', 'with', 'the', 'whole', 'coriander', 'leaves', 'sprinkled', 'over', 'the', 'top', 'if', 'using', 'massalla', 'gravy', 'fry', 'the', 'onion', 'tomatoes', 'and', 'garlic', 'in', 'the', 'oil', 'on', 'a', 'medium', 'heat', 'until', 'the', 'onions', 'are', 'soft', 'and', 'translucent', 'and', 'the', 'tomatoes', 'are', 'beginning', 'to', 'go', 'mushy', 'approx', '10', 'mins', 'add', 'half', 'the', 'water', 'and', 'simmer', 'for', '5', 'minutes', 'then', 'add', 'the', 'rest', 'of', 'the', 'water', 'and', 'spices', 'stir', 'in', 'well', 'and', 'simmer', 'for', '5', 'more', 'minutes', 'keep', 'stirring', 'regularly', 'throughout', 'cooking', 'take', 'the', 'pan', 'off', 'the', 'heat', 'and', 'leave', 'to', 'cool', 'slightly', 'before', 'pureeing', 'in', 'a', 'food', 'processor', 'enjoy']","['make', 'paste', 'curry', 'powder', 'chilli', 'powder', 'little', 'water', 'fry', 'onion', 'translucent', 'veg', 'oil', 'add', 'garlic', 'ginger', 'chilli', 'stir', 'fry', 'medium', 'add', 'curry', 'chilli', 'powder', 'paste', 'stir', 'fry', 'secs', 'add', 'chicken', 'pieces', 'seal', 'well', 'sides', 'add', 'half', 'massalla', 'gravy', 'coconut', 'coconut', 'milk', 'simmer', 'chicken', 'cooked', 'stirring', 'constantly', 'needed', 'add', 'massalla', 'gravy', 'water', 'prevent', 'curry', 'becoming', 'thick', 'dry', 'add', 'finely', 'chopped', 'coriander', 'leaves', 'seeds', 'cook', 'serve', 'whole', 'coriander', 'leaves', 'sprinkled', 'top', 'using', 'massalla', 'gravy', 'fry', 'onion', 'tomatoes', 'garlic', 'oil', 'medium', 'heat', 'onions', 'soft', 'translucent', 'tomatoes', 'beginning', 'go', 'mushy', 'approx', 'mins', 'add', 'half', 'water', 'simmer', 'add', 'rest', 'water', 'spices', 'stir', 'well', 'simmer', 'keep', 'stirring', 'regularly', 'throughout', 'cooking', 'take', 'pan', 'heat', 'leave', 'cool', 'slightly', 'pureeing', 'food', 'processor', 'enjoy']",Indian
11893,"['preheat', 'oven', 'to', '400', 'degrees', 'divide', 'sheets', 'of', 'phyllo', 'pastry', 'into', 'two', 'stacks', 'of', 'two', 'sheets', 'each', 'on', 'top', 'of', 'each', 'other', 'brush', 'each', 'stack', 'of', 'phyllo', 'with', 'a', 'bit', 'of', 'olive', 'oil', 'place', 'one', 'salmon', 'fillet', 'on', 'each', 'of', 'the', 'phyllo', 'sheets', 'so', 'that', 'they', 'about', 'half', 'a', 'fillet', ""'s"", 'length', 'away', 'from', 'the', 'end', 'of', 'the', 'pastry', 'sheets', 'smear', 'one', 'tablespoon', 'of', 'korma', 'paste', 'onto', 'the', 'top', 'of', 'each', 'salmon', 'fillet', 'fold', 'the', 'end', 'of', 'the', 'phyllo', 'sheet', 'that', 'is', 'nearest', 'the', 'salmon', 'over', 'to', 'cover', 'the', 'fish', 'and', 'tuck', 'the', 'sides', 'in', 'and', 'then', 'roll', 'up', 'put', 'onto', 'a', 'lined', 'baking', 'tray', 'and', 'brush', 'tops', 'of', 'rollups', 'with', 'remaining', 'olive', 'oil', 'bake', 'for', 'about', '20', 'minutes', 'or', 'until', 'the', 'pastry', 'is', 'golden', 'and', 'crisped', 'up']","['preheat', 'oven', 'divide', 'sheets', 'phyllo', 'pastry', 'two', 'stacks', 'two', 'sheets', 'top', 'brush', 'stack', 'phyllo', 'bit', 'olive', 'oil', 'place', 'one', 'salmon', 'fillet', 'phyllo', 'sheets', 'half', 'fillet', 'length', 'away', 'end', 'pastry', 'sheets', 'smear', 'one', 'korma', 'paste', 'onto', 'top', 'salmon', 'fillet', 'fold', 'end', 'phyllo', 'sheet', 'nearest', 'salmon', 'cover', 'fish', 'tuck', 'sides', 'roll', 'put', 'onto', 'lined', 'baking', 'tray', 'brush', 'tops', 'rollups', 'remaining', 'olive', 'oil', 'bake', 'pastry', 'golden', 'crisped']",Indian
8358,"['for', 'the', 'base', 'heat', 'the', 'oil', 'in', 'a', 'large', 'pan', 'or', 'wok', 'add', 'the', 'garlic', 'and', 'ginger', 'then', 'the', 'coriander', 'turmeric', 'and', 'paprika', 'stir', 'together', 'and', 'cook', 'for', '30', 'seconds', 'add', 'the', 'onion', 'and', 'salt', 'and', 'cook', 'stirring', 'until', 'softened', 'if', 'the', 'spices', 'stick', 'to', 'the', 'pan', 'add', 'a', 'little', 'water', 'stir', 'in', 'the', 'tomatoes', 'then', 'fill', 'the', 'can', 'with', 'water', 'and', 'add', 'that', 'bring', 'to', 'the', 'boil', 'then', 'simmer', 'until', 'considerably', 'thickened', 'the', 'original', 'recipe', 'said', 'one', 'hour', 'but', 'i', 'found', 'after', '35', 'minutes', 'it', 'was', 'very', 'thick', 'puree', 'with', 'a', 'hand', 'blender', 'split', 'into', 'three', 'portions', 'and', 'freeze', 'two', 'of', 'them', 'when', 'cooled', 'for', 'the', 'patia', 'put', 'the', 'oil', 'cumin', 'ground', 'coriander', 'garlic', 'ginger', 'and', 'onion', 'in', 'a', 'large', 'pan', 'and', 'heat', 'until', 'the', 'onion', 'is', 'soft', 'stir', 'in', 'the', 'tomatoes', 'base', 'sauce', 'from', 'above', 'chicken', 'stock', 'pot', 'water', 'cinnamon', 'vinegar', 'sugar', 'and', 'chilies', 'add', 'salt', 'to', 'taste', 'add', 'the', 'chicken', 'and', 'simmer', 'gently', 'for', 'about', '20', 'minutes', 'until', 'the', 'chicken', 'is', 'cooked', 'through', 'and', 'the', 'tomatoes', 'have', 'softened', 'stir', 'in', 'the', 'fresh', 'coriander', 'before', 'serving']","['base', 'heat', 'oil', 'large', 'pan', 'wok', 'add', 'garlic', 'ginger', 'coriander', 'turmeric', 'paprika', 'stir', 'together', 'cook', 'seconds', 'add', 'onion', 'salt', 'cook', 'stirring', 'softened', 'spices', 'stick', 'pan', 'add', 'little', 'water', 'stir', 'tomatoes', 'fill', 'water', 'add', 'bring', 'boil', 'simmer', 'considerably', 'thickened', 'original', 'recipe', 'said', 'one', 'found', 'thick', 'puree', 'hand', 'blender', 'split', 'three', 'portions', 'freeze', 'two', 'cooled', 'patia', 'put', 'oil', 'cumin', 'ground', 'coriander', 'garlic', 'ginger', 'onion', 'large', 'pan', 'heat', 'onion', 'soft', 'stir', 'tomatoes', 'base', 'sauce', 'chicken', 'stock', 'pot', 'water', 'cinnamon', 'vinegar', 'sugar', 'chilies', 'add', 'salt', 'taste', 'add', 'chicken', 'simmer', 'gently', 'chicken', 'cooked', 'tomatoes', 'softened', 'stir', 'fresh', 'coriander', 'serving']",Indian
4887,"['cook', 'linguine', 'drain', 'reserving', '1', '1/2', 'cups', 'pasta', 'water', 'return', 'pasta', 'to', 'pot', 'meanwhile', 'cook', 'sausage', 'and', '2', 'tablespoons', 'water', 'in', 'a', 'large', 'covered', 'nonstick', 'skillet', 'over', 'medium', 'until', 'fat', 'renders', '5', 'minutes', 'uncover', 'raise', 'heat', 'to', 'medium-high', 'brown', 'sausage', 'breaking', 'it', 'up', 'with', 'a', 'spoon', '7', 'minutes', 'add', 'garlic', 'bell', 'peppers', 'and', '1/4', 'cup', 'reserved', 'pasta', 'water', 'cook', 'until', 'peppers', 'soften', '6', 'minutes', 'add', '3/4', 'cup', 'pasta', 'water', 'and', 'butter', 'swirl', 'to', 'combine', 'transfer', 'to', 'pot', 'season', 'with', 'salt', 'and', 'pepper', 'toss', 'add', 'more', 'pasta', 'water', 'as', 'desired', 'serve']","['cook', 'linguine', 'drain', 'reserving', 'pasta', 'water', 'return', 'pasta', 'pot', 'meanwhile', 'cook', 'sausage', 'water', 'large', 'covered', 'nonstick', 'skillet', 'medium', 'fat', 'renders', 'uncover', 'raise', 'heat', 'medium', 'high', 'brown', 'sausage', 'breaking', 'spoon', 'add', 'garlic', 'bell', 'peppers', 'reserved', 'pasta', 'water', 'cook', 'peppers', 'soften', 'add', 'pasta', 'water', 'butter', 'swirl', 'combine', 'transfer', 'pot', 'season', 'salt', 'pepper', 'toss', 'add', 'pasta', 'water', 'desired', 'serve']",Italian
5875,"['shuck', 'clams', 'reserving', 'the', 'liquid', 'remove', 'the', 'meat', 'from', 'clams', 'and', 'add', 'to', 'the', 'liquid', 'stir', 'to', 'remove', 'sand', 'and', 'lift', 'clams', 'one', 'at', 'a', 'time', 'cut', 'in', 'half', 'using', 'scissors', 'place', 'in', 'clean', 'bowl', 'let', 'clam', 'liquid', 'rest', 'then', 'pour', 'over', 'the', 'piece', 'leaving', 'behind', 'the', 'residue', 'vegetables', 'heat', 'oil', 'and', 'butter', 'in', 'skillet', 'add', 'all', 'vegetables', 'except', 'tomato', 'add', 'salt', 'and', 'pepper', 'saute', 'over', 'high', 'heat', 'for', '2', 'minutes', 'add', 'tomato', 'and', 'toss', 'lightly', 'clam', 'sauce', 'in', 'a', 'large', 'skillet', 'heat', 'olive', 'oil', 'and', 'butter', 'add', 'onion', 'and', 'saute', 'for', '3', 'minutes', 'add', 'oregano', 'and', 'garlic', 'cook', 'for', '30', 'seconds', 'stir', 'in', 'juice', 'of', 'clams', 'and', 'wine', 'boil', 'gently', 'for', '7-8', 'minutes', 'uncovered', 'add', 'clams', 'and', 'pepper', 'allow', 'to', 'boil', 'then', 'set', 'aside', 'pasta', 'add', 'tsp', 'salt', 'to', 'boiling', 'water', 'add', 'pasta', 'and', 'cook', 'al', 'dente', 'scoop', 'out', '6oz', 'of', 'pasta', 'liquid', 'and', 'add', 'to', 'clams', 'drain', 'pasta', 'and', 'transfer', 'to', 'bowl', 'add', 'oil', 'salt', 'pepper', 'and', '1', 'c', 'juice', 'from', 'clam', 'sauce', 'mix', 'well', 'to', 'serve', 'arrange', 'pasta', 'on', 'large', 'serving', 'dish', 'spoon', 'on', 'clam', 'sauce', 'then', 'arrange', 'vegetables', 'on', 'top', 'and', 'garnish', 'with', 'parmesan', 'cheese', 'serve', 'immediately']","['shuck', 'clams', 'reserving', 'liquid', 'remove', 'meat', 'clams', 'add', 'liquid', 'stir', 'remove', 'sand', 'lift', 'clams', 'one', 'time', 'cut', 'half', 'using', 'scissors', 'place', 'clean', 'bowl', 'let', 'clam', 'liquid', 'rest', 'pour', 'piece', 'leaving', 'behind', 'residue', 'vegetables', 'heat', 'oil', 'butter', 'skillet', 'add', 'vegetables', 'except', 'tomato', 'add', 'salt', 'pepper', 'saute', 'high', 'heat', 'add', 'tomato', 'toss', 'lightly', 'clam', 'sauce', 'large', 'skillet', 'heat', 'olive', 'oil', 'butter', 'add', 'onion', 'saute', 'add', 'oregano', 'garlic', 'cook', 'seconds', 'stir', 'juice', 'clams', 'wine', 'boil', 'gently', 'uncovered', 'add', 'clams', 'pepper', 'allow', 'boil', 'set', 'aside', 'pasta', 'add', 'salt', 'boiling', 'water', 'add', 'pasta', 'cook', 'al', 'dente', 'scoop', '6oz', 'pasta', 'liquid', 'add', 'clams', 'drain', 'pasta', 'transfer', 'bowl', 'add', 'oil', 'salt', 'pepper', 'c', 'juice', 'clam', 'sauce', 'mix', 'well', 'serve', 'arrange', 'pasta', 'large', 'serving', 'dish', 'spoon', 'clam', 'sauce', 'arrange', 'vegetables', 'top', 'garnish', 'parmesan', 'cheese', 'serve', 'immediately']",Italian
9279,"['heat', 'the', 'mustard', 'seeds', 'in', 'the', 'oil', 'over', 'medium', 'heat', 'they', 'will', 'begin', 'to', 'pop', 'so', 'keep', 'the', 'pan', 'covered', 'until', 'they', 'stop', 'now', 'saute', 'the', 'onion', 'garlic', 'chilies', 'bay', 'leaves', 'and', 'cinnamon', 'until', 'onion', 'is', 'soft', 'brown', 'the', 'lamb', 'in', 'a', 'separate', 'pan', 'drain', 'the', 'fat', 'and', 'then', 'add', 'the', 'meat', 'to', 'the', 'onions', 'if', 'you', 'are', 'using', 'a', 'leaner', 'meat', 'you', 'can', 'just', 'brown', 'it', 'in', 'the', 'original', 'pan', 'add', 'the', 'peas', 'and', 'cook', 'about', '5', 'minutes', 'add', 'the', 'tomatoes', 'salt', 'garam', 'masaala', 'and', 'yogurt', 'allow', 'the', 'yogurt', 'to', 'become', 'fully', 'warm', 'then', 'remove', 'pan', 'from', 'heat', 'top', 'with', 'cilantro']","['heat', 'mustard', 'seeds', 'oil', 'medium', 'heat', 'begin', 'pop', 'keep', 'pan', 'covered', 'stop', 'saute', 'onion', 'garlic', 'chilies', 'bay', 'leaves', 'cinnamon', 'onion', 'soft', 'brown', 'lamb', 'separate', 'pan', 'drain', 'fat', 'add', 'meat', 'onions', 'using', 'leaner', 'meat', 'brown', 'original', 'pan', 'add', 'peas', 'cook', 'add', 'tomatoes', 'salt', 'garam', 'masaala', 'yogurt', 'allow', 'yogurt', 'become', 'fully', 'warm', 'remove', 'pan', 'heat', 'top', 'cilantro']",Indian
395,"['mix', 'tomatoes', 'herbs', 'and', 'liquids', 'in', 'a', 'bowl', 'season', 'with', 'salt', 'and', 'pepper', 'can', 'be', 'prepared', '2', 'hours', 'ahead', 'hold', 'at', 'room', 'temperature', 'spoon', 'tomato', 'mix', 'onto', 'toast', 'and', 'serve']","['mix', 'tomatoes', 'herbs', 'liquids', 'bowl', 'season', 'salt', 'pepper', 'prepared', 'ahead', 'hold', 'room', 'temperature', 'spoon', 'tomato', 'mix', 'onto', 'toast', 'serve']",Italian
274,"['lay', 'sliced', 'onions', 'in', 'bottom', 'of', 'crock', 'pot', 'place', 'chicken', 'on', 'top', 'in', 'a', 'large', 'bowl', 'mix', 'all', 'other', 'ingredients', 'and', 'pour', 'over', 'chicken', 'cook', 'on', 'low', 'for', '7', 'hours']","['lay', 'sliced', 'onions', 'bottom', 'crock', 'pot', 'place', 'chicken', 'top', 'large', 'bowl', 'mix', 'ingredients', 'pour', 'chicken', 'cook', 'low']",Italian
4431,"['wash', 'grapes', 'wash', 'hull', 'and', 'quarter', 'berries', 'combine', 'all', 'in', 'a', 'large', 'bowl', 'and', 'toss', 'lightly', 'to', 'coat', 'cover', 'and', 'refrigerate', 'for', '2', 'to', '4', 'hours', 'spoon', 'into', 'small', 'dessert', 'bowls', 'and', 'serve']","['wash', 'grapes', 'wash', 'hull', 'quarter', 'berries', 'combine', 'large', 'bowl', 'toss', 'lightly', 'coat', 'cover', 'refrigerate', 'spoon', 'small', 'dessert', 'bowls', 'serve']",Italian
2294,"['put', 'the', 'butter', 'pancetta', 'and', 'mushrooms', 'in', 'a', 'large', 'skillet', 'and', 'saute', 'until', 'golden', 'add', 'the', 'tomatoes', 'and', 'toss', 'everything', 'together', 'add', 'the', 'cream', 'and', 'simmer', 'over', 'medium', 'heat', 'until', 'the', 'cream', 'is', 'thick', 'and', 'coats', 'the', 'back', 'of', 'a', 'spoon', 'about', '5', 'to', '8', 'minutes', 'season', 'with', 'salt', 'and', 'pepper', 'cook', 'the', 'pasta', 'in', 'a', 'large', 'pot', 'of', 'boiling', 'salted', 'water', 'the', 'ratio', 'is', '1', 'teaspoon', 'of', 'salt', 'to', '1', 'quart', 'of', 'water', 'drain', 'the', 'pasta', 'but', 'do', 'not', 'shake', 'all', 'the', 'water', 'out', 'it', 'should', 'be', 'moist', 'not', 'wet', 'see', 'note.', 'toss', 'the', 'pasta', 'pine', 'nuts', 'and', 'parmesan', 'in', 'a', 'large', 'warm', 'bowl', 'add', 'the', 'sauce', 'and', 'mix', 'again', 'serve', 'in', 'warmed', 'pasta', 'plates', 'or', 'basin-shaped', 'plates', 'sprinkle', 'on', 'the', 'pecorino', 'cheese', 'and', 'add', 'a', 'bit', 'more', 'pepper', 'to', 'garnish', 'pass', 'more', 'cheese', 'at', 'the', 'table']","['put', 'butter', 'pancetta', 'mushrooms', 'large', 'skillet', 'saute', 'golden', 'add', 'tomatoes', 'toss', 'everything', 'together', 'add', 'cream', 'simmer', 'medium', 'heat', 'cream', 'thick', 'coats', 'back', 'spoon', 'season', 'salt', 'pepper', 'cook', 'pasta', 'large', 'pot', 'boiling', 'salted', 'water', 'ratio', 'salt', 'water', 'drain', 'pasta', 'shake', 'water', 'moist', 'wet', 'see', 'note.', 'toss', 'pasta', 'pine', 'nuts', 'parmesan', 'large', 'warm', 'bowl', 'add', 'sauce', 'mix', 'serve', 'warmed', 'pasta', 'plates', 'basin', 'shaped', 'plates', 'sprinkle', 'pecorino', 'cheese', 'add', 'bit', 'pepper', 'garnish', 'pass', 'cheese', 'table']",Italian
8777,"['in', 'a', 'medium', 'saucepan', 'cook', 'the', 'onion', 'and', 'celery', 'in', 'margarine/butter', 'blend', 'until', 'tender', 'stir', 'in', 'the', 'flour', 'and', 'curry', 'powder', 'add', 'chicken', 'broth', 'tomato', 'juice', 'and', 'worcestershire', 'sauce', 'cook', 'and', 'stir', 'over', 'medium', 'heat', 'until', 'thickened', 'and', 'bubbly', 'season', 'with', 'pepper', 'stir', 'in', 'turkey', 'heat', 'through', 'and', 'serve', 'over', 'the', 'rice', 'pass', 'condiments', 'along', 'with', 'entree']","['medium', 'saucepan', 'cook', 'onion', 'celery', 'margarine/butter', 'blend', 'tender', 'stir', 'flour', 'curry', 'powder', 'add', 'chicken', 'broth', 'tomato', 'juice', 'worcestershire', 'sauce', 'cook', 'stir', 'medium', 'heat', 'thickened', 'bubbly', 'season', 'pepper', 'stir', 'turkey', 'heat', 'serve', 'rice', 'pass', 'condiments', 'along', 'entree']",Indian
3832,"['cook', 'shallots', 'in', 'butter', 'in', 'a', '12-inch', 'heavy', 'skillet', 'over', 'medium', 'heat', 'stirring', 'frequently', 'until', 'just', 'tender', 'about', '4', 'minutes', 'stir', 'in', 'asparagus', 'peas', 'sea', 'salt', 'and', '1/4', 'teaspoon', 'pepper', 'then', 'seal', 'skillet', 'with', 'foil', 'cook', 'over', 'medium', 'heat', 'until', 'vegetables', 'are', 'tender', 'but', 'still', 'slightly', 'al', 'dente', 'about', '8', 'minutes', 'stir', 'in', 'basil', 'and', 'sea', 'salt', 'to', 'taste']","['cook', 'shallots', 'butter', '12', 'inch', 'heavy', 'skillet', 'medium', 'heat', 'stirring', 'frequently', 'tender', 'stir', 'asparagus', 'peas', 'sea', 'salt', 'pepper', 'seal', 'skillet', 'foil', 'cook', 'medium', 'heat', 'vegetables', 'tender', 'still', 'slightly', 'al', 'dente', 'stir', 'basil', 'sea', 'salt', 'taste']",Italian
7019,"['top', 'and', 'tail', 'the', 'beans', 'and', 'cut', 'into', 'short', 'lengths', 'i', 'prefer', 'to', 'finely', 'slice', 'the', 'beans', 'as', 'they', 'cook', 'quicker', 'in', 'a', 'pot', 'boil', '4', 'cups', 'water', 'and', 'cook', 'the', 'beans', 'till', 'just', 'soft', 'in', 'the', 'meanwhile', 'heat', 'the', 'oil', 'in', 'a', 'pot', 'and', 'fry', 'the', 'onions', 'add', 'the', 'cooked', 'lentils', 'and', 'all', 'of', 'the', 'spices', 'stir', 'and', 'cook', 'for', '2', 'minutes', 'drain', 'the', 'beans', 'and', 'add', 'to', 'the', 'spice', 'mixture', 'stir', 'to', 'coat', 'with', 'the', 'spices', 'and', 'cook', 'for', '2', 'minutes', 'add', 'the', 'coconut', 'and', 'stir', 'adjust', 'seasoning', 'and', 'add', 'salt', 'if', 'required', 'serve', 'and', 'enjoy', 'we', 'are', 'having', 'this', 'tonight', 'along', 'with', 'a', 'tender', 'steak']","['top', 'tail', 'beans', 'cut', 'short', 'lengths', 'prefer', 'finely', 'slice', 'beans', 'cook', 'quicker', 'pot', 'boil', 'water', 'cook', 'beans', 'till', 'soft', 'meanwhile', 'heat', 'oil', 'pot', 'fry', 'onions', 'add', 'cooked', 'lentils', 'spices', 'stir', 'cook', 'drain', 'beans', 'add', 'spice', 'mixture', 'stir', 'coat', 'spices', 'cook', 'add', 'coconut', 'stir', 'adjust', 'seasoning', 'add', 'salt', 'required', 'serve', 'enjoy', 'tonight', 'along', 'tender', 'steak']",Indian
5683,"['cook', 'tortellini', 'as', 'directed', 'on', 'package', 'meanwhile', 'heat', 'oil', 'in', 'a', 'large', 'skillet', 'cut', 'the', 'kielbasa', 'crosswise', 'into', '1/2', 'inch', 'thick', 'slices', 'cook', 'kielbasa', 'in', 'the', 'oil', 'over', 'medium', 'heat', 'until', 'golden', 'and', 'warm', 'drain', 'the', 'tortellini', 'and', 'set', 'aside', 'when', 'kielbasa', 'is', 'brown', 'add', 'the', 'marinara', 'sauce', 'and', 'cook', 'until', 'sauce', 'is', 'heated', 'through', 'add', 'the', 'tortellini', 'to', 'the', 'skillet', 'and', 'mix', 'lightly', 'sprinkle', 'with', 'the', 'parmesan', 'cheese', 'and', 'serve']","['cook', 'tortellini', 'directed', 'package', 'meanwhile', 'heat', 'oil', 'large', 'skillet', 'cut', 'kielbasa', 'crosswise', 'thick', 'slices', 'cook', 'kielbasa', 'oil', 'medium', 'heat', 'golden', 'warm', 'drain', 'tortellini', 'set', 'aside', 'kielbasa', 'brown', 'add', 'marinara', 'sauce', 'cook', 'sauce', 'heated', 'add', 'tortellini', 'skillet', 'mix', 'lightly', 'sprinkle', 'parmesan', 'cheese', 'serve']",Italian
11308,"['heat', 'the', 'oil', 'in', 'a', 'wok', 'or', 'heavy', 'frying', 'pan', 'and', 'fry', 'the', 'chopped', 'onion', 'on', 'a', 'medium', 'heat', 'until', 'golden', 'brown', 'about', '5', 'minutes', 'add', 'the', 'ginger', 'garlic', 'and', 'fresh', 'chilies', 'and', 'fry', 'for', '30', 'seconds', 'turn', 'the', 'heat', 'down', 'to', 'very', 'low', 'and', 'cook', 'for', '15', 'minutes', 'stirring', 'frequently', 'to', 'prevent', 'the', 'ingredients', 'burning', 'add', 'the', 'turmeric', 'ground', 'cumin', 'and', 'ground', 'coriander', 'and', 'continue', 'to', 'cook', 'for', 'a', 'further', '5', 'minutes', 'stirring', 'continuously', 'add', 'a', 'little', 'warm', 'water', 'if', 'the', 'spices', 'start', 'to', 'burn', 'remove', 'from', 'the', 'heat', 'and', 'allow', 'to', 'cool', 'add', 'the', 'mixture', 'together', 'with', '125', 'ml', 'of', 'water', 'to', 'a', 'blender', 'and', 'blend', 'until', 'very', 'smooth', 'add', 'the', 'chopped', 'tomatoes', 'and', 'blend', 'a', 'second', 'or', 'two', 'longer', 'return', 'the', 'mixture', 'back', 'to', 'the', 'wok', 'and', 'cook', 'for', 'at', 'least', '30', 'minutes', 'over', 'a', 'very', 'low', 'heat', 'stirring', 'occasionally', 'add', 'a', 'little', 'warm', 'water', 'if', 'the', 'sauce', 'dries', 'out', 'remove', 'from', 'the', 'heat', 'and', 'set', 'aside']","['heat', 'oil', 'wok', 'heavy', 'frying', 'pan', 'fry', 'chopped', 'onion', 'medium', 'heat', 'golden', 'brown', 'add', 'ginger', 'garlic', 'fresh', 'chilies', 'fry', 'seconds', 'turn', 'heat', 'low', 'cook', 'stirring', 'frequently', 'prevent', 'ingredients', 'burning', 'add', 'turmeric', 'ground', 'cumin', 'ground', 'coriander', 'continue', 'cook', 'stirring', 'continuously', 'add', 'little', 'warm', 'water', 'spices', 'start', 'burn', 'remove', 'heat', 'allow', 'cool', 'add', 'mixture', 'together', 'water', 'blender', 'blend', 'smooth', 'add', 'chopped', 'tomatoes', 'blend', 'second', 'two', 'longer', 'return', 'mixture', 'back', 'wok', 'cook', 'least', 'low', 'heat', 'stirring', 'occasionally', 'add', 'little', 'warm', 'water', 'sauce', 'dries', 'remove', 'heat', 'set', 'aside']",Indian
5215,"['trim', 'the', 'crusts', 'off', 'the', 'bread', 'dip', 'the', 'bread', 'briefly', 'in', 'cold', 'water', 'then', 'carefully', 'squeeze', 'out', 'the', 'excess', 'water', 'arrange', 'on', 'the', 'bottom', 'of', 'a', 'shallow', 'salad', 'bowl', 'soak', 'the', 'onion', 'slices', 'in', 'cold', 'water', 'for', 'about', '10', 'minutes', 'while', 'you', 'prepare', 'the', 'other', 'ingredients', 'drain', 'and', 'reserve', 'layer', 'the', 'tomatoes', 'thinly', 'sliced', 'cheese', 'onion', 'basil', 'seasoning', 'well', 'in', 'between', 'each', 'layer', 'sprinkle', 'with', 'oil', 'vinegar', 'and', 'lemon', 'juice', 'top', 'with', 'olives', 'or', 'capers', 'cover', 'with', 'cling', 'film', 'and', 'chill', 'in', 'the', 'fridge', 'overnight', 'to', 'allow', 'the', 'flavour', 'to', 'develop']","['trim', 'crusts', 'bread', 'dip', 'bread', 'briefly', 'cold', 'water', 'carefully', 'squeeze', 'excess', 'water', 'arrange', 'bottom', 'shallow', 'salad', 'bowl', 'soak', 'onion', 'slices', 'cold', 'water', 'prepare', 'ingredients', 'drain', 'reserve', 'layer', 'tomatoes', 'thinly', 'sliced', 'cheese', 'onion', 'basil', 'seasoning', 'well', 'layer', 'sprinkle', 'oil', 'vinegar', 'lemon', 'juice', 'top', 'olives', 'capers', 'cover', 'cling', 'film', 'chill', 'fridge', 'overnight', 'allow', 'flavour', 'develop']",Italian
5414,"['heat', 'the', 'oven', 'to', '350', 'degrees', 'wrap', 'the', 'beets', 'in', 'aluminum', 'foil', 'and', 'bake', 'them', 'for', 'one', 'hour', 'unwrap', 'them', 'cool', 'slightly', 'and', 'peel', 'slice', 'the', 'beets', 'thin', 'on', 'a', 'mandoline', 'place', 'them', 'in', 'a', 'medium', 'bowl', 'and', 'set', 'aside', 'to', 'make', 'the', 'dressing', 'pour', 'the', 'blood', 'orange', 'juice', 'into', 'a', 'small', 'bowl', 'add', 'the', 'salt', 'and', 'pepper', 'and', 'whisk', 'slowly', 'whisk', 'in', 'the', 'olive', 'oil', 'in', 'a', 'stream', 'dress', 'the', 'beets', 'with', '1', 'to', '2', 'tablespoons', 'of', 'the', 'dressing', 'toss', 'gently', 'to', 'combine', 'in', 'a', 'large', 'bowl', 'toss', 'the', 'baby', 'greens', 'with', '1', 'to', '2', 'tablespoons', 'of', 'dressing', 'divide', 'the', 'beets', 'into', 'four', 'portions', 'make', 'several', 'small', 'piles', 'of', 'beets', 'on', 'each', 'of', 'four', 'plates', 'and', 'top', 'each', 'pile', 'of', 'beets', 'with', 'one-fourth', 'of', 'the', 'salad', 'greens', 'divide', 'the', 'burrata', 'into', '4', 'portions', 'cutting', 'it', 'in', 'half', 'or', 'quarters', 'as', 'necessary', 'and', 'place', 'one', 'portion', 'atop', 'each', 'salad']","['heat', 'oven', 'wrap', 'beets', 'aluminum', 'foil', 'bake', 'one', 'unwrap', 'cool', 'slightly', 'peel', 'slice', 'beets', 'thin', 'mandoline', 'place', 'medium', 'bowl', 'set', 'aside', 'make', 'dressing', 'pour', 'blood', 'orange', 'juice', 'small', 'bowl', 'add', 'salt', 'pepper', 'whisk', 'slowly', 'whisk', 'olive', 'oil', 'stream', 'dress', 'beets', 'dressing', 'toss', 'gently', 'combine', 'large', 'bowl', 'toss', 'baby', 'greens', 'dressing', 'divide', 'beets', 'four', 'portions', 'make', 'several', 'small', 'piles', 'beets', 'four', 'plates', 'top', 'pile', 'beets', 'one', 'fourth', 'salad', 'greens', 'divide', 'burrata', 'portions', 'cutting', 'half', 'quarters', 'necessary', 'place', 'one', 'portion', 'atop', 'salad']",Italian
11305,"['heat', 'oil', 'in', 'a', 'large', 'nonstick', 'skillet', 'over', 'medium', 'heat', 'add', 'onions', 'saute', 'until', 'deep', 'golden', 'for', 'about', '20', 'minutes', 'add', 'garlic', 'and', 'all', 'spices', 'saute', 'for', '1', 'minute', 'cool', 'to', 'lukewarm', 'puree', 'tomatoes', 'with', 'juice', 'and', 'yogurt', 'in', 'processor', 'until', 'almost', 'smooth', 'add', 'onion', 'mixture', 'puree', 'until', 'almost', 'smooth', 'season', 'masala', 'to', 'taste', 'with', 'salt', 'and', 'pepper', 'heat', 'oil', 'in', 'a', 'heavy', 'large', 'deep', 'skillet', 'over', 'medium-high', 'add', 'shrimp', 'and', 'saute', 'until', 'partially', 'cooked', 'for', 'about', '2', 'minutes', 'stir', 'in', 'coconut', 'milk', 'cilantro', 'green', 'onions', 'lemon', 'juice', 'and', 'prepared', 'masala', 'simmer', 'for', 'about', '3', 'minutes', 'season', 'to', 'taste', 'with', 'salt', 'and', 'pepper']","['heat', 'oil', 'large', 'nonstick', 'skillet', 'medium', 'heat', 'add', 'onions', 'saute', 'deep', 'golden', 'add', 'garlic', 'spices', 'saute', 'cool', 'lukewarm', 'puree', 'tomatoes', 'juice', 'yogurt', 'processor', 'almost', 'smooth', 'add', 'onion', 'mixture', 'puree', 'almost', 'smooth', 'season', 'masala', 'taste', 'salt', 'pepper', 'heat', 'oil', 'heavy', 'large', 'deep', 'skillet', 'medium', 'high', 'add', 'shrimp', 'saute', 'partially', 'cooked', 'stir', 'coconut', 'milk', 'cilantro', 'green', 'onions', 'lemon', 'juice', 'prepared', 'masala', 'simmer', 'season', 'taste', 'salt', 'pepper']",Indian
8854,"['soak', 'cashew', 'nuts', 'in', 'water', 'for', 'around', '15', 'mins', 'boil', 'the', 'potatoes', 'and', 'peel', 'them', 'properly', 'prick', 'each', 'potato', 'with', 'a', 'fork', 'to', 'allow', 'the', 'gravy', 'to', 'ooze', 'in', 'and', 'flavor', 'the', 'potatoes', 'grind', 'the', 'onion', 'tomatoes', 'garlic', 'and', 'cashews', 'to', 'form', 'a', 'smooth', 'paste', 'in', 'a', 'bowl', 'mix', 'chili', 'powder', 'coriander', 'powder', 'ginger', 'powder', 'and', 'fennel', 'powder', 'add', 'water', 'and', 'combine', 'well', 'to', 'form', 'a', 'paste', 'keep', 'it', 'aside', 'heat', 'oil', 'in', 'a', 'wok', 'and', 'add', 'cardamom', 'cloves', 'cinnamon', 'and', 'cumin', 'seeds', 'and', 'let', 'it', 'crackle', 'add', 'in', 'asafoetida', 'and', 'turmeric', 'powder', 'and', 'the', 'prepared', 'masala', 'paste', 'stir', 'well', 'for', 'a', 'minute', 'add', 'the', 'onion', 'tomato', 'puree', 'to', 'it', 'and', 'bring', 'it', 'to', 'boil', 'cook', 'this', 'sauce', 'for', 'about', '5', 'mins', 'stirring', 'in', 'between', 'add', 'the', 'boiled', 'potatoes', 'salt', 'and', 'mix', 'well', 'add', 'water', 'as', 'required', 'for', 'the', 'gravy', 'bring', 'to', 'boil', 'and', 'then', 'simmer', 'for', '10', 'mins', 'sprinkle', 'with', 'chopped', 'coriander', 'and', 'switch', 'off', 'the', 'flame', 'serve', 'with', 'rice', 'or', 'roti']","['soak', 'cashew', 'nuts', 'water', 'around', 'mins', 'boil', 'potatoes', 'peel', 'properly', 'prick', 'potato', 'fork', 'allow', 'gravy', 'ooze', 'flavor', 'potatoes', 'grind', 'onion', 'tomatoes', 'garlic', 'cashews', 'form', 'smooth', 'paste', 'bowl', 'mix', 'chili', 'powder', 'coriander', 'powder', 'ginger', 'powder', 'fennel', 'powder', 'add', 'water', 'combine', 'well', 'form', 'paste', 'keep', 'aside', 'heat', 'oil', 'wok', 'add', 'cardamom', 'cloves', 'cinnamon', 'cumin', 'seeds', 'let', 'crackle', 'add', 'asafoetida', 'turmeric', 'powder', 'prepared', 'masala', 'paste', 'stir', 'well', 'add', 'onion', 'tomato', 'puree', 'bring', 'boil', 'cook', 'sauce', 'mins', 'stirring', 'add', 'boiled', 'potatoes', 'salt', 'mix', 'well', 'add', 'water', 'required', 'gravy', 'bring', 'boil', 'simmer', 'mins', 'sprinkle', 'chopped', 'coriander', 'switch', 'flame', 'serve', 'rice', 'roti']",Indian
5453,"['in', '10-inch', 'nonstick', 'skillet', 'melt', 'butter', 'over', 'medium', 'heat', 'add', 'onions', 'cook', '2', 'to', '3', 'minutes', 'stirring', 'frequently', 'until', 'tender', 'stir', 'in', 'eggs', 'mozzarella', 'cheese', 'tomato', 'parsley', 'and', 'pepper', 'reduce', 'heat', 'to', 'medium-low', 'cover', 'and', 'cook', '9', 'to', '11', 'minutes', 'or', 'until', 'eggs', 'are', 'set', 'around', 'edge', 'and', 'light', 'brown', 'on', 'bottom', 'sprinkle', 'parmesan', 'cheese', 'over', 'top', 'cover', 'remove', 'from', 'heat', 'and', 'let', 'stand', '3', 'to', '4', 'minutes', 'or', 'until', 'cheese', 'is', 'melted', 'if', 'desired', 'garnish', 'with', 'additional', 'chopped', 'tomato', 'and', 'parsley']","['10', 'inch', 'nonstick', 'skillet', 'melt', 'butter', 'medium', 'heat', 'add', 'onions', 'cook', 'stirring', 'frequently', 'tender', 'stir', 'eggs', 'mozzarella', 'cheese', 'tomato', 'parsley', 'pepper', 'reduce', 'heat', 'medium', 'low', 'cover', 'cook', 'eggs', 'set', 'around', 'edge', 'light', 'brown', 'bottom', 'sprinkle', 'parmesan', 'cheese', 'top', 'cover', 'remove', 'heat', 'let', 'stand', 'cheese', 'melted', 'desired', 'garnish', 'additional', 'chopped', 'tomato', 'parsley']",Italian
11181,"['tie', 'the', 'cloves', 'bay', 'leaves', 'and', 'peppercorns', 'in', 'a', 'piece', 'of', 'cheesecloth', 'put', 'the', 'dal', 'and', '5', 'cups', 'water', 'into', 'a', 'heavy', 'large', 'pot', 'bring', 'to', 'a', 'boil', 'remove', 'the', 'scum', 'that', 'rises', 'to', 'the', 'top', 'add', 'the', 'spice', 'bag', 'and', 'turmeric', 'to', 'the', 'pot-reduce', 'to', 'simmer', 'and', 'cover', 'pot', 'with', 'lid', 'cracked', 'a', 'bit', 'simmer', 'for', '1', '1/2', 'hours', 'remove', 'spice', 'bag', 'and', 'place', 'soup', 'in', 'a', 'food', 'processor', 'ans', 'whirl', 'to', 'smooth', 'return', 'to', 'pot', 'and', 'add', 'remaining', 'ingredients', 'serve', 'with', 'croutons']","['tie', 'cloves', 'bay', 'leaves', 'peppercorns', 'piece', 'cheesecloth', 'put', 'dal', 'water', 'heavy', 'large', 'pot', 'bring', 'boil', 'remove', 'scum', 'rises', 'top', 'add', 'spice', 'bag', 'turmeric', 'pot', 'reduce', 'simmer', 'cover', 'pot', 'lid', 'cracked', 'bit', 'simmer', 'remove', 'spice', 'bag', 'place', 'soup', 'food', 'processor', 'ans', 'whirl', 'smooth', 'return', 'pot', 'add', 'remaining', 'ingredients', 'serve', 'croutons']",Indian
5174,"['butter', 'six', '3/4-cup', 'ramekins', 'dust', 'with', 'sugar', 'melt', '1/2', 'cup', 'butter', 'in', 'heavy', 'medium', 'saucepan', 'over', 'medium-low', 'heat', 'add', 'sugar', 'and', 'stir', 'until', 'mixture', 'is', 'opaque', 'about', '2', 'minutes', 'stir', 'in', 'lemon', 'juice', 'and', 'lemon', 'peel', 'whisk', 'in', 'yolks', 'cook', 'over', 'medium-low', 'heat', 'until', 'mixture', 'thickens', 'and', 'thermometer', 'registers', '180', 'f', 'whisking', 'constantly', 'about', '12', 'minutes', 'do', 'not', 'boil', 'transfer', 'mixture', 'to', 'large', 'bowl', 'and', 'cool', 'to', 'room', 'temperature', 'about', '30', 'minutes', 'position', 'rack', 'in', 'center', 'of', 'oven', 'and', 'preheat', 'to', '400.', 'using', 'electric', 'mixer', 'beat', 'egg', 'whites', 'in', 'another', 'large', 'bowl', 'until', 'stiff', 'but', 'not', 'dry', 'fold', '1/4', 'of', 'beaten', 'egg', 'whites', 'into', 'lemon', 'mixture', 'to', 'lighten', 'fold', 'remaining', 'beaten', 'egg', 'whites', 'into', 'lemon', 'mixture', 'divide', 'souffle', 'mixture', 'among', 'prepared', 'ramekins', 'place', 'filled', 'ramekins', 'in', 'large', 'roasting', 'pan', 'fill', 'pan', 'with', 'enough', 'hot', 'water', 'to', 'come', 'halfway', 'up', 'sides', 'of', 'ramekins', 'bake', 'souffles', 'until', 'golden', 'brown', 'on', 'top', 'about', '14', 'minutes', 'using', 'tongs', 'as', 'aid', 'remove', 'souffles', 'from', 'water', 'and', 'serve', 'immediately']","['butter', 'six', '3/4', 'cup', 'ramekins', 'dust', 'sugar', 'melt', 'butter', 'heavy', 'medium', 'saucepan', 'medium', 'low', 'heat', 'add', 'sugar', 'stir', 'mixture', 'opaque', 'stir', 'lemon', 'juice', 'lemon', 'peel', 'whisk', 'yolks', 'cook', 'medium', 'low', 'heat', 'mixture', 'thickens', 'thermometer', 'registers', 'f', 'whisking', 'constantly', 'boil', 'transfer', 'mixture', 'large', 'bowl', 'cool', 'room', 'temperature', 'position', 'rack', 'center', 'oven', 'preheat', 'using', 'electric', 'mixer', 'beat', 'egg', 'whites', 'another', 'large', 'bowl', 'stiff', 'dry', 'fold', 'beaten', 'egg', 'whites', 'lemon', 'mixture', 'lighten', 'fold', 'remaining', 'beaten', 'egg', 'whites', 'lemon', 'mixture', 'divide', 'souffle', 'mixture', 'among', 'prepared', 'ramekins', 'place', 'filled', 'ramekins', 'large', 'roasting', 'pan', 'fill', 'pan', 'enough', 'hot', 'water', 'come', 'halfway', 'sides', 'ramekins', 'bake', 'souffles', 'golden', 'brown', 'top', 'using', 'tongs', 'aid', 'remove', 'souffles', 'water', 'serve', 'immediately']",Italian
872,"['cut', 'eggplant', 'into', 'pieces', 'and', 'soak', 'in', 'salted', 'water', 'for', 'about', '20', 'minutes', 'take', 'out', 'and', 'dry', 'slowly', 'melt', 'butter', 'and', 'olive', 'oil', 'together', 'in', 'a', 'large', 'pan', 'make', 'sure', 'not', 'add', 'the', 'finely', 'chopped', 'chili', 'and', 'garlic', 'and', 'simmer', 'on', 'a', 'low', 'heat', 'for', 'a', 'few', 'minutes', 'add', 'the', 'chopped', 'onion', '–', 'cook', 'on', 'low', 'for', 'a', 'few', 'minutes', 'add', 'the', 'mushrooms', 'make', 'sure', 'there', 'is', 'enough', 'oil', 'add', 'the', 'eggplant', 'and', 'leave', 'to', 'cook', 'until', 'the', 'eggplant', 'is', 'soft', 'in', 'the', 'meantime', 'cook', 'the', 'beef', 'mince', 'in', 'a', 'separate', 'pan', 'if', 'you', 'want', 'a', 'stronger', 'garlic', 'flavour', 'add', 'some', 'crushed', 'garlic', 'to', 'this', 'as', 'well', 'add', 'one', 'tin', 'of', 'tomatoes', 'to', 'the', 'beef', 'mince', 'and', 'one', 'to', 'the', 'eggplant', 'let', 'it', 'cook', 'for', 'a', 'few', 'minutes', 'then', 'put', 'a', 'splash', 'of', 'red', 'wine', 'in', 'the', 'eggplant', 'this', 'doesn', '’', 't', 'really', 'matter', 'how', 'you', 'want', 'to', 'do', 'it', 'because', 'the', 'next', 'step', 'is', 'putting', 'the', 'mince', 'in', 'the', 'eggplant', 'pan', 'anyway', 'add', 'the', 'beef', 'mince', 'to', 'the', 'other', 'pan', 'let', 'the', 'sauce', 'simmer', 'for', 'about', '10', 'minutes', 'or', 'until', 'the', 'sauce', 'has', 'thickened', 'add', 'some', 'dry', 'oregano', 'to', 'the', 'sauce', 'salt', 'pepper', 'and', 'some', 'tabasco', 'sauce', 'only', 'add', 'as', 'much', 'tabasco', 'sauce', 'as', 'you', 'think', 'you', 'can', 'handle', 'but', 'you', 'should', 'put', 'in', 'some', 'because', 'it', 'does', 'make', 'a', 'difference', 'to', 'the', 'sauce', 'if', 'the', 'sauce', 'is', 'looking', 'a', 'bit', 'watery', 'add', 'some', 'more', 'butter', 'at', 'different', 'stages', 'in', 'the', 'cooking', 'process', 'serve', 'over', 'pasta', 'try', 'it', 'over', 'gnocchi', 'and', 'put', 'some', 'grated', 'parmesan', 'cheese', 'on', 'top', 'season', 'to', 'your', 'taste']","['cut', 'eggplant', 'pieces', 'soak', 'salted', 'water', 'take', 'dry', 'slowly', 'melt', 'butter', 'olive', 'oil', 'together', 'large', 'pan', 'make', 'sure', 'add', 'finely', 'chopped', 'chili', 'garlic', 'simmer', 'low', 'heat', 'add', 'chopped', 'onion', '–', 'cook', 'low', 'add', 'mushrooms', 'make', 'sure', 'enough', 'oil', 'add', 'eggplant', 'leave', 'cook', 'eggplant', 'soft', 'meantime', 'cook', 'beef', 'mince', 'separate', 'pan', 'want', 'stronger', 'garlic', 'flavour', 'add', 'crushed', 'garlic', 'well', 'add', 'one', 'tin', 'tomatoes', 'beef', 'mince', 'one', 'eggplant', 'let', 'cook', 'put', 'splash', 'red', 'wine', 'eggplant', '’', 'really', 'matter', 'want', 'next', 'step', 'putting', 'mince', 'eggplant', 'pan', 'anyway', 'add', 'beef', 'mince', 'pan', 'let', 'sauce', 'simmer', 'sauce', 'thickened', 'add', 'dry', 'oregano', 'sauce', 'salt', 'pepper', 'tabasco', 'sauce', 'add', 'much', 'tabasco', 'sauce', 'think', 'handle', 'put', 'make', 'difference', 'sauce', 'sauce', 'looking', 'bit', 'watery', 'add', 'butter', 'different', 'stages', 'cooking', 'process', 'serve', 'pasta', 'try', 'gnocchi', 'put', 'grated', 'parmesan', 'cheese', 'top', 'season', 'taste']",Italian
12551,"['in', 'a', 'blender', 'process', 'the', 'onions', 'tomato', 'puree', 'ground', 'coriander', 'turmeric', 'the', '2', 'green', 'chillies', 'and', 'coriander', 'with', 'the', 'lemon', 'juice', 'and', 'salt', 'heat', 'the', 'oil', 'in', 'a', 'wok', 'add', 'the', 'spice', 'mix', 'and', 'fry', 'till', 'the', 'sauce', 'starts', 'to', 'thicken', 'add', 'the', 'prawns', 'and', 'fry', 'over', 'medium', 'heat', 'for', '3', 'minutes', 'serve', 'with', 'the', 'chopped', 'chilli', 'as', 'a', 'garnish']","['blender', 'process', 'onions', 'tomato', 'puree', 'ground', 'coriander', 'turmeric', 'green', 'chillies', 'coriander', 'lemon', 'juice', 'salt', 'heat', 'oil', 'wok', 'add', 'spice', 'mix', 'fry', 'till', 'sauce', 'starts', 'thicken', 'add', 'prawns', 'fry', 'medium', 'heat', 'serve', 'chopped', 'chilli', 'garnish']",Indian
12173,"['melt', 'the', 'chocolate', 'in', 'a', 'water', 'bath', 'by', 'indirect', 'heating', 'stuff', 'the', 'de-seeded', 'dates', 'with', 'peanuts', 'or', 'almonds', 'dip', 'the', 'dates', 'one', 'by', 'one', 'in', 'melted', 'hot', 'chocolate', 'remove', 'them', 'using', 'a', 'fork', 'place', 'them', 'in', 'a', 'bowl', 'of', 'either', 'icing', 'sugar', 'or', 'coconut', 'powder', 'or', 'cashewnut', 'powder', 'gently', 'roll', 'the', 'dates', 'refrigerate', 'for', '15-20', 'minutes', 'to', 'harden', 'the', 'chocolate', 'coating', 'remove', 'them', 'from', 'the', 'bowl', 'and', 'serve']","['melt', 'chocolate', 'water', 'bath', 'indirect', 'heating', 'stuff', 'de', 'seeded', 'dates', 'peanuts', 'almonds', 'dip', 'dates', 'one', 'one', 'melted', 'hot', 'chocolate', 'remove', 'using', 'fork', 'place', 'bowl', 'either', 'icing', 'sugar', 'coconut', 'powder', 'cashewnut', 'powder', 'gently', 'roll', 'dates', 'refrigerate', 'harden', 'chocolate', 'coating', 'remove', 'bowl', 'serve']",Indian
2235,"['place', 'tomatoes', 'and', 'onions', 'in', 'a', 'solar', 'cooking', 'pan', 'or', 'pot', 'season', 'with', 'salt', 'pepper', 'drizzle', 'with', 'olive', 'oil', 'toss', 'ingredients', 'together', 'place', 'pan', 'in', 'solar', 'cooker', 'solar', 'cook', 'until', 'tomatoes', 'and', 'onions', 'are', 'roasted', 'about', '3', 'hours', 'combine', 'tomatoes', 'and', 'onions', 'with', 'pasta', 'add', 'parmesan', 'cheese', 'and', 'basil', 'leaves', 'toss', 'all', 'ingredients', 'together', 'serve']","['place', 'tomatoes', 'onions', 'solar', 'cooking', 'pan', 'pot', 'season', 'salt', 'pepper', 'drizzle', 'olive', 'oil', 'toss', 'ingredients', 'together', 'place', 'pan', 'solar', 'cooker', 'solar', 'cook', 'tomatoes', 'onions', 'roasted', 'combine', 'tomatoes', 'onions', 'pasta', 'add', 'parmesan', 'cheese', 'basil', 'leaves', 'toss', 'ingredients', 'together', 'serve']",Italian
1565,"['heat', 'oil', 'in', 'a', '10', '12', 'quart', 'pot', 'and', 'sauté', 'onions', 'until', 'golden', 'brown', 'add', 'ground', 'beef', 'stir', 'to', 'break', 'up', 'and', 'cook', 'for', '10', '15', 'minutes', 'add', 'garlic', 'salt', 'pepper', 'oregano', 'parsley', 'tomatoes', 'tomato', 'puree', 'tomato', 'paste', 'and', '2', 'tbs', 'parmesan', 'cheese', 'stir', 'well', 'cover', 'and', 'simmer', 'for', '45', 'minutes', 'cook', 'lasagna', 'noodles', 'in', 'boiling', 'salted', 'water', 'drain', 'and', 'cover', 'with', 'cold', 'water', 'set', 'aside', 'till', 'ready', 'to', 'use', 'you', 'may', 'wish', 'to', 'cook', 'the', 'noodles', 'for', 'the', 'minimum', 'time', 'listed', 'on', 'the', 'package', 'so', 'they', 'are', 'not', 'to', 'soft', 'al', 'détente', 'arrange', 'in', 'a', '9', 'x', '13', 'baking', 'dish', '1/3', 'of', 'the', 'meat', 'sauce', 'cover', 'with', '1/2', 'the', 'lasagna', 'noodles', '1/2', 'of', 'the', 'mozzarella', 'then', '1/2', 'of', 'the', 'ricotta', 'cheese', 'sprinkle', 'with', '2', 'tbs', 'parmesan', 'cheese', 'repeat', 'ending', 'with', 'a', 'layer', 'of', 'meat', 'sauce', 'and', 'the', 'remaining', 'parmesan', 'cheese', 'bake', 'in', 'a', '350', 'deg', 'f', 'oven', 'for', '30', 'minutes', 'leave', 'it', 'rest', 'for', '15', 'minutes', 'after', 'taking', 'it', 'from', 'the', 'oven']","['heat', 'oil', 'pot', 'sauté', 'onions', 'golden', 'brown', 'add', 'ground', 'beef', 'stir', 'break', 'cook', 'add', 'garlic', 'salt', 'pepper', 'oregano', 'parsley', 'tomatoes', 'tomato', 'puree', 'tomato', 'paste', 'tbs', 'parmesan', 'cheese', 'stir', 'well', 'cover', 'simmer', 'cook', 'lasagna', 'noodles', 'boiling', 'salted', 'water', 'drain', 'cover', 'cold', 'water', 'set', 'aside', 'till', 'ready', 'use', 'may', 'wish', 'cook', 'noodles', 'minimum', 'time', 'listed', 'package', 'soft', 'al', 'détente', 'arrange', 'x', 'baking', 'dish', 'meat', 'sauce', 'cover', 'lasagna', 'noodles', 'mozzarella', 'ricotta', 'cheese', 'sprinkle', 'tbs', 'parmesan', 'cheese', 'repeat', 'ending', 'layer', 'meat', 'sauce', 'remaining', 'parmesan', 'cheese', 'bake', 'deg', 'f', 'oven', 'leave', 'rest', 'taking', 'oven']",Italian
2888,"['preheat', 'oven', 'to', '350.', 'in', 'a', 'bowl', 'combine', 'pancake', 'mix', 'sausage', 'cheeses', 'milk', 'and', 'seasoning', 'knead', 'with', 'hands', 'until', 'pancake', 'mix', 'is', 'worked', 'inches', 'prepare', '2', 'baking', 'sheets', 'with', 'cooking', 'spray', 'form', '1', 'tablespoon', 'sized', 'balls', 'and', 'place', 'on', 'baking', 'sheet', 'bake', 'for', '15-20', 'minutes', 'serve', 'with', 'barbecue', 'sauce', 'and/or', 'honey', 'mustard', 'for', 'dipping']","['preheat', 'oven', 'bowl', 'combine', 'pancake', 'mix', 'sausage', 'cheeses', 'milk', 'seasoning', 'knead', 'hands', 'pancake', 'mix', 'worked', 'prepare', 'baking', 'sheets', 'cooking', 'spray', 'form', 'sized', 'balls', 'place', 'baking', 'sheet', 'bake', 'serve', 'barbecue', 'sauce', 'and/or', 'honey', 'mustard', 'dipping']",Italian
11651,"['place', 'rice', 'and', 'lentils', 'in', 'a', 'bowl', 'cover', 'with', 'water', 'and', 'let', 'soak', 'for', '8', 'hours', 'drain', 'off', 'water', 'reserve.place', 'rice', 'and', 'lentils', 'in', 'a', 'food', 'processer', 'and', 'blend', 'till', 'smooth', 'blend', 'in', 'water', 'scrape', 'into', 'a', 'bowl', 'cover', 'with', 'plastic', 'wrap', 'and', 'let', 'ferment', 'for', '24', 'hours', 'stir', 'in', 'the', 'rest', 'of', 'the', 'ingredients', 'heat', 'a', 'frying', 'pan', 'and', 'add', 'a', 'little', 'oil', 'spread', '3', 'tbsp', 'of', 'batter', 'in', 'the', 'pan', 'into', 'a', '15', 'cm', 'dosa', 'cook', 'for', '2', 'minutes', 'until', 'set', 'drizzle', 'a', 'little', 'oil', 'over', 'the', 'dosa', 'and', 'flip', 'cook', 'for', 'another', 'minute', 'keep', 'them', 'warm', 'in', 'the', 'oven', 'while', 'making', 'the', 'others']","['place', 'rice', 'lentils', 'bowl', 'cover', 'water', 'let', 'soak', 'drain', 'water', 'reserve.place', 'rice', 'lentils', 'food', 'processer', 'blend', 'till', 'smooth', 'blend', 'water', 'scrape', 'bowl', 'cover', 'plastic', 'wrap', 'let', 'ferment', 'stir', 'rest', 'ingredients', 'heat', 'frying', 'pan', 'add', 'little', 'oil', 'spread', 'batter', 'pan', 'cm', 'dosa', 'cook', 'set', 'drizzle', 'little', 'oil', 'dosa', 'flip', 'cook', 'another', 'keep', 'warm', 'oven', 'making', 'others']",Indian
3370,"['put', 'the', 'passata', 'sugar', 'oregano', 'garlic', 'powder', 'and', 'chilli', 'flakes', 'in', 'a', 'large', 'pan', 'and', 'heat', 'gently', 'put', 'the', 'fresh', 'garlic', 'chilli', 'parsley', 'and', 'lemon', 'rind', 'into', 'a', 'processor', 'and', 'whizz', 'together', 'until', 'finely', 'chopped', 'add', 'the', 'bread', 'and', 'whizz', 'to', 'make', 'crumbs', 'then', 'add', 'the', 'pork', 'mince', 'egg', 'and', 'seasonings', 'and', 'pulse', 'briefly', 'until', 'well', 'blended-do', ""n't"", 'over', 'do', 'it', 'though', 'shape', 'the', 'mixture', 'into', 'about', '20', 'small', 'meatballs', 'and', 'drop', 'them', 'into', 'the', 'sauce', 'and', 'simmer', 'about', '20', 'minutes', 'preheat', 'the', 'oven', 'to', '220', 'degrees', 'cook', 'the', 'pasta', 'according', 'to', 'packet', 'instructions', 'then', 'drain', 'and', 'toss', 'with', 'the', 'sauce', 'transfer', 'to', 'an', 'ovenproof', 'dish', 'and', 'scatter', 'with', 'the', 'parmesan', 'and', 'some', 'freshly', 'ground', 'black', 'pepper', 'bake', 'for', '20', 'minutes']","['put', 'passata', 'sugar', 'oregano', 'garlic', 'powder', 'chilli', 'flakes', 'large', 'pan', 'heat', 'gently', 'put', 'fresh', 'garlic', 'chilli', 'parsley', 'lemon', 'rind', 'processor', 'whizz', 'together', 'finely', 'chopped', 'add', 'bread', 'whizz', 'make', 'crumbs', 'add', 'pork', 'mince', 'egg', 'seasonings', 'pulse', 'briefly', 'well', 'blended', 'though', 'shape', 'mixture', 'small', 'meatballs', 'drop', 'sauce', 'simmer', 'preheat', 'oven', 'cook', 'pasta', 'according', 'packet', 'instructions', 'drain', 'toss', 'sauce', 'transfer', 'ovenproof', 'dish', 'scatter', 'parmesan', 'freshly', 'ground', 'black', 'pepper', 'bake']",Italian
4564,"['dough', 'in', 'a', 'glass', 'or', 'plastic', 'bowl', 'combine', 'yeast', 'water', 'and', 'sugar', 'the', 'water', 'can', 'just', 'be', 'water', 'from', 'the', 'tap', 'make', 'sure', 'it', ""'s"", 'below', '100°f', 'stir', 'to', 'dissolve', 'the', 'yeast', 'and', 'let', 'the', 'yeast', '``', 'bloom', ""''"", 'for', '15', 'minutes', 'stir', 'in', '1', 'cup', 'flour', 'add', 'salt', 'and', 'then', 'stir', 'in', 'another', 'cup', 'of', 'flour', 'the', 'remaining', 'cup', 'of', 'flour', 'will', 'be', 'your', '``', 'bench', ""''"", 'flour', 'and', 'added', 'flour', 'dump', 'mixture', 'onto', 'kneading', 'board', 'and', 'work', 'in', 'last', 'cup', 'of', 'flour', 'kneading', 'until', 'dough', 'is', 'soft', 'and', 'elastic', 'but', 'not', 'sticky', 'form', 'dough', 'into', 'a', 'ball', 'in', 'another', 'bowl', 'pour', 'in', 'the', '1', 'tbsp', 'olive', 'oil', 'and', 'spread', 'around', 'coat', 'ball', 'of', 'dough', 'with', 'oil', 'and', 'cover', 'bowl', 'with', 'a', 'damp', 'towel', 'and', 'let', 'dough', 'rise', 'for', '40', 'minutes', 'punch', 'down', 'dough', 'and', 'knead', 'on', 'board', 'about', '2', 'minutes', 'dough', 'is', 'now', 'ready', 'to', 'spread', 'in', 'the', 'pan', 'to', 'avoid', 'sticking', 'of', 'crust', 'lightly', 'spray', 'pizza', 'pan', 'with', 'olive', 'oil', 'or', 'vegetable', 'oil', 'spray', 'and', 'then', 'work', 'dough', 'to', 'pan', 'or', 'use', 'free', 'form', 'pan', 'this', 'dough', 'is', 'enough', 'for', '1', '14-in', 'pizza', 'with', 'a', 'thin', 'bottom', 'crust', 'and', 'enough', 'dough', 'around', 'the', 'edge', 'to', 'munch', 'sauce', 'combine', 'pureed', 'tomatoes', 'tomato', 'paste', 'minced', 'garlic', 'and', 'basil', 'spread', 'onto', 'prepared', 'pizza', 'dough', 'top', 'with', 'sliced', 'mozzarella', 'cheese', 'and', 'bake', 'at', '500°f', 'for', '11-13', 'minutes']","['dough', 'glass', 'plastic', 'bowl', 'combine', 'yeast', 'water', 'sugar', 'water', 'water', 'tap', 'make', 'sure', '100°f', 'stir', 'dissolve', 'yeast', 'let', 'yeast', '``', 'bloom', ""''"", 'stir', 'flour', 'add', 'salt', 'stir', 'another', 'flour', 'remaining', 'flour', '``', 'bench', ""''"", 'flour', 'added', 'flour', 'dump', 'mixture', 'onto', 'kneading', 'board', 'work', 'last', 'flour', 'kneading', 'dough', 'soft', 'elastic', 'sticky', 'form', 'dough', 'ball', 'another', 'bowl', 'pour', 'olive', 'oil', 'spread', 'around', 'coat', 'ball', 'dough', 'oil', 'cover', 'bowl', 'damp', 'towel', 'let', 'dough', 'rise', 'punch', 'dough', 'knead', 'board', 'dough', 'ready', 'spread', 'pan', 'avoid', 'sticking', 'crust', 'lightly', 'spray', 'pizza', 'pan', 'olive', 'oil', 'vegetable', 'oil', 'spray', 'work', 'dough', 'pan', 'use', 'free', 'form', 'pan', 'dough', 'enough', '14', 'pizza', 'thin', 'bottom', 'crust', 'enough', 'dough', 'around', 'edge', 'munch', 'sauce', 'combine', 'pureed', 'tomatoes', 'tomato', 'paste', 'minced', 'garlic', 'basil', 'spread', 'onto', 'prepared', 'pizza', 'dough', 'top', 'sliced', 'mozzarella', 'cheese', 'bake', '500°f']",Italian
10246,"['wash', 'mint', 'leaves', 'and', 'combine', 'all', 'the', 'ingredients', 'in', 'an', 'electric', 'blender', 'add', '1', 'tbsp', 'water', 'run', 'mixer', 'at', 'speed', 'at', 'speed', '1', 'for', '20', 'seconds', 'switch', 'off', 'push', 'the', 'chutney', 'down', 'with', 'a', 'rubber', 'spatula', 'again', 'run', 'mixer', 'at', 'speed', '3', 'for', '1', 'minute', 'empty', 'the', 'paste', 'into', 'a', 'glass', 'bowl', 'variations', 'dahi-pudina', 'chutney-', 'add', '2', 'tbsps', 'of', 'yoghurt', 'to', 'the', 'chutney', 'paste', 'just', 'before', 'serving', 'lasan-pudina', 'chutney-', 'add', '4', 'cloves', 'of', 'garlic', 'instead', 'of', 'onion', 'while', 'grinding']","['wash', 'mint', 'leaves', 'combine', 'ingredients', 'electric', 'blender', 'add', 'water', 'run', 'mixer', 'speed', 'speed', 'seconds', 'switch', 'push', 'chutney', 'rubber', 'spatula', 'run', 'mixer', 'speed', 'empty', 'paste', 'glass', 'bowl', 'variations', 'dahi', 'pudina', 'chutney', 'add', 'tbsps', 'yoghurt', 'chutney', 'paste', 'serving', 'lasan', 'pudina', 'chutney', 'add', 'cloves', 'garlic', 'instead', 'onion', 'grinding']",Indian
10838,"['fry', 'the', 'onions', 'ginger', 'and', 'garlic', 'in', 'the', 'oil', 'for', 'about', '10', 'minutes', 'stir', 'in', 'the', 'turmeric', 'and', 'coriander', 'then', 'fry', 'for', '1', 'min', 'more', 'tip', 'the', 'mixture', 'into', 'a', 'blender', 'with', 'the', 'tomatoes', 'and', 'creamed', 'coconut', 'then', 'blend', 'to', 'a', 'paste', 'return', 'to', 'the', 'pan', 'with', '1', '1/4', 'cups', 'of', 'water', 'and', 'the', 'chilis', 'and', 'simmer', 'for', '10', 'minutes', 'you', 'can', 'freeze', 'it', 'at', 'this', 'stage', 'stir', 'in', 'the', 'shrimp', 'and', 'cook', 'for', 'a', 'few', 'mins', 'more', 'until', 'they', 'turn', 'pink', 'take', 'care', 'not', 'to', 'overcook', 'them', 'or', 'they', ""'ll"", 'become', 'tough', 'add', 'the', 'cilantro', 'then', 'season', 'to', 'taste', 'with', 'salt', 'pepper', 'and', 'lemon', 'juice', 'just', 'before', 'serving']","['fry', 'onions', 'ginger', 'garlic', 'oil', 'stir', 'turmeric', 'coriander', 'fry', 'min', 'tip', 'mixture', 'blender', 'tomatoes', 'creamed', 'coconut', 'blend', 'paste', 'return', 'pan', 'water', 'chilis', 'simmer', 'freeze', 'stage', 'stir', 'shrimp', 'cook', 'mins', 'turn', 'pink', 'take', 'care', 'overcook', 'become', 'tough', 'add', 'cilantro', 'season', 'taste', 'salt', 'pepper', 'lemon', 'juice', 'serving']",Indian
6316,"['in', 'a', 'small', 'bowl', 'lightly', 'beat', 'the', 'eggs', 'add', 'the', 'salt', 'and', 'olive', 'oil', 'to', 'the', 'eggs', 'and', 'stir', 'to', 'combine', 'place', 'flour', 'into', 'food', 'processor', 'add', 'the', 'egg', 'mixture', 'to', 'flour', 'pulse', 'to', 'combine', 'the', 'ingredients', 'continue', 'with', 'machine', 'running', 'until', 'liquid', 'is', 'evenly', 'distributed', 'approximately', '1', 'minute', 'dough', 'should', 'stick', 'together', 'if', 'pinched', 'between', 'your', 'fingers', 'the', 'dough', 'will', 'be', 'soft', 'yellow', 'color', 'turn', 'the', 'dough', 'out', 'onto', 'a', 'lightly', 'floured', 'surface', 'press', 'the', 'dough', 'into', 'a', 'ball', 'and', 'knead', 'gently', 'until', 'smooth', 'cover', 'and', 'let', 'rest', 'for', '30', 'minutes', 'roll', 'out', 'dough', 'to', 'your', 'desired', 'shape', 'flavorings', 'such', 'as', 'garlic', 'sundried', 'tomato', 'etc', 'may', 'be', 'added', 'to', 'dough', 'with', 'infused', 'oils', 'cook', 'in', 'boiling', 'water', 'until', 'desired', 'tenderness']","['small', 'bowl', 'lightly', 'beat', 'eggs', 'add', 'salt', 'olive', 'oil', 'eggs', 'stir', 'combine', 'place', 'flour', 'food', 'processor', 'add', 'egg', 'mixture', 'flour', 'pulse', 'combine', 'ingredients', 'continue', 'machine', 'running', 'liquid', 'evenly', 'distributed', 'approximately', 'dough', 'stick', 'together', 'pinched', 'fingers', 'dough', 'soft', 'yellow', 'color', 'turn', 'dough', 'onto', 'lightly', 'floured', 'surface', 'press', 'dough', 'ball', 'knead', 'gently', 'smooth', 'cover', 'let', 'rest', 'roll', 'dough', 'desired', 'shape', 'flavorings', 'garlic', 'sundried', 'tomato', 'etc', 'may', 'added', 'dough', 'infused', 'oils', 'cook', 'boiling', 'water', 'desired', 'tenderness']",Italian
1009,"['preheat', 'oven', 'to', '350.', 'coat', 'a', '13x9', 'inch', 'pan', 'with', 'olive', 'oil', 'cube', 'a', 'medium', 'sized', 'eggplant', 'and', 'add', 'to', 'the', 'pan', 'add', 'the', 'diced', 'tomatoes', 'parsley', 'basil', 'salt', 'pepper', 'and', 'garlic', 'powder', 'and', 'grated', 'cheese', 'if', 'preferred', 'stir', 'to', 'coat', 'cover', 'with', 'aluminum', 'foil', 'and', 'bake', 'for', 'about', '1', 'hour', 'toss', 'over', 'angel', 'hair', 'pasta', 'or', 'thin', 'spaghetti']","['preheat', 'oven', 'coat', '13x9', 'pan', 'olive', 'oil', 'cube', 'medium', 'sized', 'eggplant', 'add', 'pan', 'add', 'diced', 'tomatoes', 'parsley', 'basil', 'salt', 'pepper', 'garlic', 'powder', 'grated', 'cheese', 'preferred', 'stir', 'coat', 'cover', 'aluminum', 'foil', 'bake', 'toss', 'angel', 'hair', 'pasta', 'thin', 'spaghetti']",Italian
1653,"['weighing', 'the', 'flour', 'and', 'water', 'is', 'highly', 'recommended', 'as', 'there', 'are', 'many', 'factors', 'that', 'can', 'affect', 'the', 'absorbent', 'qualities', 'of', 'the', 'flour', 'mix', 'flour', 'yeast', 'honey', 'and', 'salt', 'in', 'a', 'food', 'processor', 'with', 'a', 'steel', 'blade', 'run', 'the', 'machine', 'and', 'add', 'water', 'and', 'oil', 'through', 'the', 'top', 'process', 'for', '30', 'seconds', 'you', 'may', 'need', 'to', 'add', 'just', 'a', 'bit', 'more', 'water', 'if', 'the', 'dough', 'feels', 'dry', 'place', 'the', 'dough', 'into', 'a', 'sealed', 'container', 'and', 'refrigerate', 'overnight', 'set', 'oven', 'rack', 'and', 'pizza', 'stone', 'on', 'lowest', 'setting', 'and', 'preheat', 'to', '500', 'degrees', 'remove', 'dough', 'from', 'container', 'and', 'half', 'place', 'half', 'on', 'center', 'of', 'large', 'sheet', 'of', 'parchment', 'paper', 'place', 'large', 'sheet', 'of', 'plastic', 'wrap', 'over', 'dough', 'and', 'parchment', 'allow', 'dough', 'to', 'rise', 'for', '10', 'minutes', 'roll', 'the', 'dough', 'sandwiched', 'between', 'the', 'parchment', 'and', 'plastic', 'wrap', 'trying', 'to', 'achieve', 'an', 'even', 'thickness', 'the', 'dough', 'should', 'be', 'about', '14', 'inches', 'in', 'diameter', 'peel', 'off', 'plastic', 'wrap', 'and', 'top', 'as', 'desired', 'place', 'the', 'pizza', 'with', 'parchment', 'on', 'the', 'pizza', 'stone', 'and', 'bake', 'for', 'about', '10', 'minutes', 'the', 'parchment', 'should', 'slide', 'out', 'easily', 'and', 'allow', 'for', 'easy', 'transfer', 'to', 'a', 'cutting', 'board', 'let', 'cool', 'and', 'serve']","['weighing', 'flour', 'water', 'highly', 'recommended', 'many', 'factors', 'affect', 'absorbent', 'qualities', 'flour', 'mix', 'flour', 'yeast', 'honey', 'salt', 'food', 'processor', 'steel', 'blade', 'run', 'machine', 'add', 'water', 'oil', 'top', 'process', 'seconds', 'may', 'need', 'add', 'bit', 'water', 'dough', 'feels', 'dry', 'place', 'dough', 'sealed', 'container', 'refrigerate', 'overnight', 'set', 'oven', 'rack', 'pizza', 'stone', 'lowest', 'setting', 'preheat', 'remove', 'dough', 'container', 'half', 'place', 'half', 'center', 'large', 'sheet', 'parchment', 'paper', 'place', 'large', 'sheet', 'plastic', 'wrap', 'dough', 'parchment', 'allow', 'dough', 'rise', 'roll', 'dough', 'sandwiched', 'parchment', 'plastic', 'wrap', 'trying', 'achieve', 'even', 'thickness', 'dough', 'diameter', 'peel', 'plastic', 'wrap', 'top', 'desired', 'place', 'pizza', 'parchment', 'pizza', 'stone', 'bake', 'parchment', 'slide', 'easily', 'allow', 'easy', 'transfer', 'cutting', 'board', 'let', 'cool', 'serve']",Italian
12980,"['preheat', 'the', 'oven', 'to', '275°f', 'combine', 'the', 'yogurt', 'butter', 'and', 'spices', 'in', 'a', 'large', 'bowl', 'add', 'the', 'nuts', 'toss', 'in', 'the', 'mix', 'until', 'the', 'nuts', 'are', 'well', 'coated', 'spread', 'them', 'in', 'a', 'large', 'shallow', 'baking', 'pan', 'bake', 'the', 'nuts', 'uncovered', 'stirring', 'occasionally', 'for', '1', 'hour', 'or', 'until', 'the', 'nuts', 'are', 'golden', 'cool', 'completely', 'and', 'store', 'in', 'a', 'tightly', 'covered', 'container']","['preheat', 'oven', '275°f', 'combine', 'yogurt', 'butter', 'spices', 'large', 'bowl', 'add', 'nuts', 'toss', 'mix', 'nuts', 'well', 'coated', 'spread', 'large', 'shallow', 'baking', 'pan', 'bake', 'nuts', 'uncovered', 'stirring', 'occasionally', 'nuts', 'golden', 'cool', 'completely', 'store', 'tightly', 'covered', 'container']",Indian
2290,"['bean-barley', 'soup', 'mix', 'in', 'a', 'bowl', 'combine', 'about', '3', 'heaping', 'tablespoons', 'of', 'each', 'bean/legume', 'stir', 'then', 'transfer', 'to', 'an', 'airtight', 'container', 'measurement', 'is', 'estimated', 'prepping', 'beans', 'for', 'the', 'soup', 'for', 'this', 'recipe', 'i', 'used', 'the', 'quick', 'soak', 'method', 'for', 'prepping', 'the', 'beans/legumes', 'to', 'do', 'this', 'in', 'a', 'large', 'stock', 'pot', 'cover', 'the', 'dried', 'bean', 'mixture', 'with', 'triple', 'their', 'volume', 'of', 'cold', 'water', 'bring', 'water', 'to', 'the', 'boil', 'lower', 'heat', 'and', 'cook', 'the', 'beans', 'uncovered', 'over', 'moderate', 'heat', 'for', '2', 'minutes', 'remove', 'beans', 'from', 'the', 'heat', 'and', 'set', 'aside', 'to', 'soak', 'for', '1', 'hour', 'after', 'one', 'hour', 'of', 'soaking', 'drain', 'the', 'beans', 'and', 'place', 'them', 'back', 'in', 'the', 'pot', 'overnight', 'soak', 'method', 'place', 'the', 'beans', 'in', 'a', 'pot', 'and', 'cover', 'with', 'water', 'the', 'next', 'morning', 'drain', 'and', 'rinse', 'the', 'beans', 'and', 'then', 'continue', 'with', 'recipe', 'in', 'step', '6.', 'soup', 'preparation', 'pour', '4', 'cups', 'of', 'vegetable', 'broth', 'or', 'chicken', 'broth', 'into', 'the', 'pot', 'of', 'beans', 'in', 'a', 'separate', 'saute', 'pan', 'cook', 'onion', 'celery', 'carrot', 'bell', 'pepper', 'italian', 'seasoning', 'and', 'garlic', 'in', 'olive', 'oil', 'until', 'soft', 'combine', 'this', 'mixture', 'along', 'with', 'the', 'tomatoes', 'in', 'the', 'pot', 'of', 'beans', 'and', 'cover', 'with', 'the', 'remaining', 'broth', 'cover', 'and', 'simmer', 'approximately', '1', 'hour', 'or', 'to', 'desired', 'tenderness', 'check', 'the', 'broth', 'level', 'periodically', 'and', 'add', 'more', 'broth', 'if', 'necessary', 'so', 'that', 'the', 'soup', 'does', 'not', 'dry', 'out', 'i', 'left', 'the', 'soup', 'thick', 'but', 'made', 'sure', 'to', 'check', 'that', 'the', 'soup', 'was', 'not', 'drying', 'out', 'season', 'with', 'salt', 'and', 'pepper', 'to', 'taste', 'i', 'ended', 'up', 'adding', '1/2', 'teaspoon', 'of', 'annie', ""'s"", 'brand', 'worcestershire', 'sauce', 'to', 'the', 'soup', 'if', 'desired', 'a', 'small', 'amount', 'of', 'fresh', 'parsley', 'garnished', 'each', 'serving', 'as', 'a', 'suggestion']","['bean', 'barley', 'soup', 'mix', 'bowl', 'combine', 'heaping', 'bean/legume', 'stir', 'transfer', 'airtight', 'container', 'measurement', 'estimated', 'prepping', 'beans', 'soup', 'recipe', 'used', 'quick', 'soak', 'method', 'prepping', 'beans/legumes', 'large', 'stock', 'pot', 'cover', 'dried', 'bean', 'mixture', 'triple', 'volume', 'cold', 'water', 'bring', 'water', 'boil', 'lower', 'heat', 'cook', 'beans', 'uncovered', 'moderate', 'heat', 'remove', 'beans', 'heat', 'set', 'aside', 'soak', 'one', 'soaking', 'drain', 'beans', 'place', 'back', 'pot', 'overnight', 'soak', 'method', 'place', 'beans', 'pot', 'cover', 'water', 'next', 'morning', 'drain', 'rinse', 'beans', 'continue', 'recipe', 'step', 'soup', 'preparation', 'pour', 'vegetable', 'broth', 'chicken', 'broth', 'pot', 'beans', 'separate', 'saute', 'pan', 'cook', 'onion', 'celery', 'carrot', 'bell', 'pepper', 'italian', 'seasoning', 'garlic', 'olive', 'oil', 'soft', 'combine', 'mixture', 'along', 'tomatoes', 'pot', 'beans', 'cover', 'remaining', 'broth', 'cover', 'simmer', 'approximately', 'desired', 'tenderness', 'check', 'broth', 'level', 'periodically', 'add', 'broth', 'necessary', 'soup', 'dry', 'left', 'soup', 'thick', 'made', 'sure', 'check', 'soup', 'drying', 'season', 'salt', 'pepper', 'taste', 'ended', 'adding', 'annie', 'brand', 'worcestershire', 'sauce', 'soup', 'desired', 'small', 'amount', 'fresh', 'parsley', 'garnished', 'serving', 'suggestion']",Italian
9914,"['combine', 'the', 'sauce', 'ingredients', 'with', '1/4', 'cup', 'water', 'in', 'a', 'saucepan', 'bring', 'to', 'a', 'boil', 'then', 'reduce', 'the', 'heat', 'and', 'simmer', 'for', '20', 'minutes', 'or', 'until', 'it', 'thickens', 'remove', 'from', 'heat', 'to', 'make', 'the', 'bhajis', 'sift', 'the', 'flour', 'baking', 'powder', 'spices', 'and', '1', 'tsp', 'salt', 'into', 'a', 'bowl', 'make', 'a', 'well', 'in', 'the', 'gener', 'and', 'gradually', 'add', 'the', 'combined', 'egg', 'and', '1/4', 'cup', 'water', 'whisking', 'until', 'smooth', 'stir', 'in', 'coriander', 'and', 'onion', 'fill', 'a', 'deep', 'heavy-based', 'saucepan', 'one', 'third', 'full', 'of', 'oil', 'cook', 'a', 'tablespoon', 'sized', 'ball', 'of', 'mixture', 'in', 'the', 'oil', 'in', 'batches', 'for', '90', 'seconds', 'each', 'side', 'or', 'until', 'golden', 'brown', 'drain', 'serve', 'with', 'sauce']","['combine', 'sauce', 'ingredients', 'water', 'saucepan', 'bring', 'boil', 'reduce', 'heat', 'simmer', 'thickens', 'remove', 'heat', 'make', 'bhajis', 'sift', 'flour', 'baking', 'powder', 'spices', 'salt', 'bowl', 'make', 'well', 'gener', 'gradually', 'add', 'combined', 'egg', 'water', 'whisking', 'smooth', 'stir', 'coriander', 'onion', 'fill', 'deep', 'heavy', 'based', 'saucepan', 'one', 'third', 'full', 'oil', 'cook', 'sized', 'ball', 'mixture', 'oil', 'batches', 'seconds', 'side', 'golden', 'brown', 'drain', 'serve', 'sauce']",Indian
1201,"['combine', 'the', 'flour', 'salt', 'and', 'pepper', 'in', 'a', 'plastic', 'bag', 'and', 'shake', 'chicken', 'pieces', 'in', 'flour', 'mixture', 'until', 'coated', 'heat', 'oil', 'in', 'a', 'large', 'skillet', 'and', 'brown', 'chicken', 'pieces', 'on', 'both', 'sides', 'remove', 'from', 'skillet', 'and', 'add', 'onion', 'garlic', 'and', 'bell', 'pepper', 'to', 'the', 'skillet', 'saute', 'until', 'the', 'onion', 'is', 'golden', 'even', 'a', 'little', 'browned', 'return', 'the', 'chicken', 'to', 'the', 'skillet', 'and', 'add', 'the', 'tomatoes', 'oregano', 'and', 'red', 'wine', 'cover', 'and', 'simmer', 'for', '30', 'minutes', 'over', 'medium', 'low', 'heat', 'or', 'until', 'sauce', 'thickens', 'add', 'mushrooms', 'salt', 'and', 'pepper', 'to', 'taste', 'simmer', 'for', '10', 'more', 'minutes', 'can', 'simmer', 'longer', 'if', 'you', 'have', 'the', 'time', 'and', 'want', 'a', 'thicker', 'sauce', 'serve', 'over', 'spaghetti', 'or', 'bucatini']","['combine', 'flour', 'salt', 'pepper', 'plastic', 'bag', 'shake', 'chicken', 'pieces', 'flour', 'mixture', 'coated', 'heat', 'oil', 'large', 'skillet', 'brown', 'chicken', 'pieces', 'sides', 'remove', 'skillet', 'add', 'onion', 'garlic', 'bell', 'pepper', 'skillet', 'saute', 'onion', 'golden', 'even', 'little', 'browned', 'return', 'chicken', 'skillet', 'add', 'tomatoes', 'oregano', 'red', 'wine', 'cover', 'simmer', 'medium', 'low', 'heat', 'sauce', 'thickens', 'add', 'mushrooms', 'salt', 'pepper', 'taste', 'simmer', 'simmer', 'longer', 'time', 'want', 'thicker', 'sauce', 'serve', 'spaghetti', 'bucatini']",Italian
5445,"['cook', 'penne', 'pasta', 'and', 'italian', 'sausage', 'separately', 'in', 'large', 'pot', 'or', 'pan', 'combine', 'the', 'cooked', 'italian', 'sausage', 'and', 'penne', 'pasta', 'with', 'all', 'other', 'ingredients', 'stir', 'cover', 'and', 'let', 'simmer', 'for', 'approximately', '15', 'minutes']","['cook', 'penne', 'pasta', 'italian', 'sausage', 'separately', 'large', 'pot', 'pan', 'combine', 'cooked', 'italian', 'sausage', 'penne', 'pasta', 'ingredients', 'stir', 'cover', 'let', 'simmer', 'approximately']",Italian
2224,"['blend', 'all', 'ingredients', 'and', 'put', 'into', 'a', '10', 'inch', 'cake', 'pan', 'either', 'glass', 'or', 'round', 'preheat', 'oven', 'to', '300', 'and', 'bake', 'for', '1', '1/2', 'hours', 'bake', 'until', 'top', 'is', 'brown', 'and', 'knife', 'inserted', 'in', 'the', 'center', 'comes', 'out', 'clean']","['blend', 'ingredients', 'put', 'cake', 'pan', 'either', 'glass', 'round', 'preheat', 'oven', 'bake', 'bake', 'top', 'brown', 'knife', 'inserted', 'center', 'comes', 'clean']",Italian
11729,"['combine', 'in', 'pan', 'lentils', 'salt', 'curry', 'powder', 'undrained', 'chopped', 'tomatoes', 'onion', 'and', 'water', 'bring', 'to', 'boil', 'reduce', 'heat', 'cover', 'simmer', '50-60', 'minutes', 'or', 'until', 'lentils', 'are', 'tender', 'pour', 'half', 'the', 'mixture', 'into', 'blender', 'blend', 'on', 'medium', 'speed', '30', 'seconds', 'repeat', 'with', 'the', 'rest', 'of', 'the', 'curry', 'stir', 'in', 'garlic', 'oil']","['combine', 'pan', 'lentils', 'salt', 'curry', 'powder', 'undrained', 'chopped', 'tomatoes', 'onion', 'water', 'bring', 'boil', 'reduce', 'heat', 'cover', 'simmer', 'lentils', 'tender', 'pour', 'half', 'mixture', 'blender', 'blend', 'medium', 'speed', 'seconds', 'repeat', 'rest', 'curry', 'stir', 'garlic', 'oil']",Indian
11989,"['put', 'everything', 'in', 'a', 'flat', 'round', 'mixing', 'bowl', 'knead', 'well', 'make', 'small', 'round', 'balls', 'out', 'of', 'the', 'dough', 'flatten', 'each', 'on', 'the', 'palm', 'of', 'your', 'hand', 'using', 'a', 'rolling', 'pin', 'roll', 'out', 'to', 'form', 'indian', 'flatbreads', 'also', 'known', 'as', 'rotis', 'or', 'chappatis', 'in', 'hindi', 'heat', 'a', 'non-stick', 'pan', 'on', 'medium', 'flame', 'put', 'each', 'chappati', 'on', 'it', 'and', 'cook', 'on', 'one', 'side', 'first', 'until', 'it', 'starts', 'to', 'show', 'small', 'air', 'bubbles', 'this', 'means', 'that', 'the', 'side', 'facing', 'down', 'on', 'the', 'non-stick', 'pan', 'is', 'getting', 'cooked', 'now', 'turn', 'onto', 'the', 'other', 'side', 'and', 'cook', 'the', 'same', 'way', 'until', 'you', 'see', 'small', 'air', 'bubbles', 'on', 'this', 'side', 'as', 'well', 'after', 'one', 'minute', 'using', 'a', 'small', 'clean', 'kitchen', 'napkin', 'press', 'the', 'roti', 'at', 'portions', 'that', 'are', 'not', 'thoroughly', 'cooked', 'keep', 'turning', 'the', 'chappati', 'with', 'the', 'help', 'of', 'the', 'napkin', 'in', 'round', 'circles', 'pressing', 'all', 'the', 'uncooked', 'portions', 'if', 'any', 'until', 'the', 'chappati', 'is', 'completely', 'cooked', 'when', 'you', 'press', 'you', 'will', 'see', 'air', 'fill', 'into', 'the', 'chappati', 'and', 'that', 'means', 'that', 'it', ""'s"", 'really', 'well', 'cooked', 'now', 'remove', 'from', 'flame', 'and', 'serve', 'at', 'once', 'with', 'any', 'dry', 'vegetable', 'or', 'non-vegetarian', 'dish']","['put', 'everything', 'flat', 'round', 'mixing', 'bowl', 'knead', 'well', 'make', 'small', 'round', 'balls', 'dough', 'flatten', 'palm', 'hand', 'using', 'rolling', 'pin', 'roll', 'form', 'indian', 'flatbreads', 'also', 'known', 'rotis', 'chappatis', 'hindi', 'heat', 'non', 'stick', 'pan', 'medium', 'flame', 'put', 'chappati', 'cook', 'one', 'side', 'first', 'starts', 'show', 'small', 'air', 'bubbles', 'means', 'side', 'facing', 'non', 'stick', 'pan', 'getting', 'cooked', 'turn', 'onto', 'side', 'cook', 'way', 'see', 'small', 'air', 'bubbles', 'side', 'well', 'one', 'using', 'small', 'clean', 'kitchen', 'napkin', 'press', 'roti', 'portions', 'thoroughly', 'cooked', 'keep', 'turning', 'chappati', 'help', 'napkin', 'round', 'circles', 'pressing', 'uncooked', 'portions', 'chappati', 'completely', 'cooked', 'press', 'see', 'air', 'fill', 'chappati', 'means', 'really', 'well', 'cooked', 'remove', 'flame', 'serve', 'dry', 'vegetable', 'non', 'vegetarian', 'dish']",Indian
13001,"['in', 'a', 'large', 'bowl', 'combine', 'yogurt', 'lemon', 'juice', '2', 'tsp', 'cumin', 'cinnamon', 'cayenne', 'black', 'pepper', 'ginger', 'and', '4', 'teaspoons', 'salt', 'stir', 'in', 'chicken', 'cover', 'and', 'refrigerate', 'for', 'at', 'least', 'an', 'hour', 'preheat', 'a', 'grill', 'for', 'high', 'heat', 'lightly', 'oil', 'grill', 'grate', 'thread', 'chicken', 'onto', 'skewers', 'and', 'discard', 'marinade', 'grill', 'until', 'juices', 'run', 'clear', 'about', '5-10', 'minutes', 'melt', 'butter', 'in', 'a', 'large', 'heavy', 'skillet', 'over', 'medium', 'high', 'heat', 'saute', 'garlic', 'jalapeno', 'for', '1', 'minute', 'season', 'with', '2', 'teaspoons', 'of', 'cumin', 'paprika', 'and', '3', 'teaspoons', 'salt', 'stir', 'in', 'tomato', 'sauce', 'and', 'cream', 'simmer', 'on', 'low', 'heat', 'until', 'sauce', 'thickens', 'about', '20', 'minutes', 'add', 'grilled', 'chicken', 'and', 'simmer', 'for', 'ten', 'minutes', 'transfer', 'to', 'serving', 'plate', 'and', 'garnish', 'with', 'optional', 'fresh', 'cilantro']","['large', 'bowl', 'combine', 'yogurt', 'lemon', 'juice', 'cumin', 'cinnamon', 'cayenne', 'black', 'pepper', 'ginger', 'salt', 'stir', 'chicken', 'cover', 'refrigerate', 'least', 'preheat', 'grill', 'high', 'heat', 'lightly', 'oil', 'grill', 'grate', 'thread', 'chicken', 'onto', 'skewers', 'discard', 'marinade', 'grill', 'juices', 'run', 'clear', 'melt', 'butter', 'large', 'heavy', 'skillet', 'medium', 'high', 'heat', 'saute', 'garlic', 'jalapeno', 'season', 'cumin', 'paprika', 'salt', 'stir', 'tomato', 'sauce', 'cream', 'simmer', 'low', 'heat', 'sauce', 'thickens', 'add', 'grilled', 'chicken', 'simmer', 'ten', 'transfer', 'serving', 'plate', 'garnish', 'optional', 'fresh', 'cilantro']",Indian
9388,"['bring', 'milk', 'to', 'a', 'boil', 'add', 'little', 'yoghurt', 'let', 'the', 'milk', 'curdle', 'take', 'off', 'fire', 'keep', 'aside', 'place', 'this', 'in', 'a', 'thick', 'muslin', 'cloth', 'and', 'hang', 'till', 'whey', 'drains', 'off', 'blend', 'all', 'ingredients', 'pour', 'into', 'a', 'container', 'cover', 'with', 'foil', 'steam', 'in', 'a', 'pressure', 'cooker', 'for', '15', 'minutes', 'take', 'out', 'mould', 'into', 'desired', 'shapes', 'serve', 'decorated', 'with', 'silver', 'paper']","['bring', 'milk', 'boil', 'add', 'little', 'yoghurt', 'let', 'milk', 'curdle', 'take', 'fire', 'keep', 'aside', 'place', 'thick', 'muslin', 'cloth', 'hang', 'till', 'whey', 'drains', 'blend', 'ingredients', 'pour', 'container', 'cover', 'foil', 'steam', 'pressure', 'cooker', 'take', 'mould', 'desired', 'shapes', 'serve', 'decorated', 'silver', 'paper']",Indian
5989,"['proof', 'the', 'yeast', 'in', 'the', 'water', 'add', 'the', 'salt', 'butter', 'and', 'oil', 'stir', 'to', 'dissolve', 'the', 'salt', 'add', 'the', 'flour', 'knead', 'or', 'mix', 'in', 'stand', 'mixer', 'until', 'all', 'flour', 'is', 'evenly', 'incorporated', 'and', 'dough', 'is', 'elastic', 'and', 'not', 'too', 'sticky', 'coat', 'dough', 'in', 'olive', 'oil', 'to', 'prevent', 'drying', 'out', 'place', 'in', 'a', 'covered', 'bowl', 'and', 'let', 'rise', 'in', 'a', 'warmish', 'place', 'for', 'about', '2', 'hours', 'separate', 'dough', 'and', 'roll', 'out', 'top', 'with', 'desired', 'ingredients', 'and', 'bake', 'at', '450', 'until', 'done']","['proof', 'yeast', 'water', 'add', 'salt', 'butter', 'oil', 'stir', 'dissolve', 'salt', 'add', 'flour', 'knead', 'mix', 'stand', 'mixer', 'flour', 'evenly', 'incorporated', 'dough', 'elastic', 'sticky', 'coat', 'dough', 'olive', 'oil', 'prevent', 'drying', 'place', 'covered', 'bowl', 'let', 'rise', 'warmish', 'place', 'separate', 'dough', 'roll', 'top', 'desired', 'ingredients', 'bake', 'done']",Italian
11931,"['place', 'coconut', 'in', 'a', 'bowl', 'sprinkle', 'with', 'paprika', 'salt', 'milk', 'lemon', 'juice', 'chopped', 'onion', 'and', 'if', 'desired', 'the', 'chili', 'powder', 'mix', 'thoroughly', 'taste', 'and', 'adjust', 'seasoning', 'pile', 'into', 'a', 'small', 'bowl', 'and', 'garnish', 'with', 'sliced', 'chillies']","['place', 'coconut', 'bowl', 'sprinkle', 'paprika', 'salt', 'milk', 'lemon', 'juice', 'chopped', 'onion', 'desired', 'chili', 'powder', 'mix', 'thoroughly', 'taste', 'adjust', 'seasoning', 'pile', 'small', 'bowl', 'garnish', 'sliced', 'chillies']",Indian
2300,"['in', 'a', 'medium', 'saucepan', 'heat', 'extra', 'virgin', 'olive', 'oil', 'on', 'medium', 'and', 'lightly', 'brown', 'the', 'mined', 'garlic', 'add', 'crushed', 'tomatoes', 'tomato', 'paste', 'and', '6', 'oz', 'tomato', 'paste', 'can', 'full', 'of', 'water', 'and', 'reduce', 'to', 'low', 'add', 'salt', 'and', 'pepper', 'add', 'fresh', 'or', 'dried', 'parsley', 'and', 'basil', 'not', 'needed', 'but', 'will', 'add', 'flavor', 'serve', 'when', 'hot', 'appox', '15-20', 'min', 'also', 'good', 'to', 'make', 'earlier', 'in', 'the', 'day', 'and', 'let', 'cook', 'all', 'day', 'on', 'warm-low']","['medium', 'saucepan', 'heat', 'extra', 'virgin', 'olive', 'oil', 'medium', 'lightly', 'brown', 'mined', 'garlic', 'add', 'crushed', 'tomatoes', 'tomato', 'paste', 'tomato', 'paste', 'full', 'water', 'reduce', 'low', 'add', 'salt', 'pepper', 'add', 'fresh', 'dried', 'parsley', 'basil', 'needed', 'add', 'flavor', 'serve', 'hot', 'appox', 'min', 'also', 'good', 'make', 'earlier', 'day', 'let', 'cook', 'day', 'warm', 'low']",Italian
1071,"['chop', 'the', 'chicken', 'throw', 'all', 'the', 'ingredients', 'together', 'in', 'a', 'mixing', 'bowl', 'making', 'sure', 'all', 'the', 'flavors', 'are', 'distributed', 'evenly', 'lay', 'the', 'tortillas', 'on', 'a', 'flat', 'work', 'surface', 'and', 'divide', 'the', 'mixture', 'among', 'them', 'roll', 'them', 'tightly', 'securing', 'both', 'ends', 'when', 'you', 'are', 'ready', 'to', 'serve', 'them', 'slice', 'on', 'a', 'bias', 'note', 'you', 'can', 'use', 'grilled', 'chicken', 'or', 'any', 'of', 'the', 'precooked', 'chicken', 'breast', 'products', 'i', 'have', 'also', 'used', 'pita', 'pockets', 'instead', 'of', 'tortillas', 'i', 'like', 'the', 'tortillas', 'better']","['chop', 'chicken', 'throw', 'ingredients', 'together', 'mixing', 'bowl', 'making', 'sure', 'flavors', 'distributed', 'evenly', 'lay', 'tortillas', 'flat', 'work', 'surface', 'divide', 'mixture', 'among', 'roll', 'tightly', 'securing', 'ends', 'ready', 'serve', 'slice', 'bias', 'note', 'use', 'grilled', 'chicken', 'precooked', 'chicken', 'breast', 'products', 'also', 'used', 'pita', 'pockets', 'instead', 'tortillas', 'like', 'tortillas', 'better']",Italian
1564,"['heat', '3', 'tablespoons', 'olive', 'oil', 'in', 'a', 'large', 'skillet', 'over', 'medium', 'heat', 'add', 'the', 'garlic', 'and', 'cook', 'shaking', 'the', 'pan', 'until', 'light', 'golden', 'about', '2', 'minutes', 'raise', 'the', 'heat', 'to', 'high', 'add', 'the', 'shrimp', 'and', 'toss', 'until', 'they', 'are', 'bright', 'pink', 'and', 'seared', 'on', 'all', 'sides', 'about', '2', 'minutes', 'stir', 'in', 'the', 'chopped', 'chives', 'then', 'add', 'the', 'wine', 'butter', 'and', 'lemon', 'juice', 'bring', 'to', 'a', 'boil', 'and', 'boil', 'until', 'the', 'shrimp', 'are', 'barely', 'opaque', 'in', 'the', 'center', 'and', 'the', 'sauce', 'is', 'reduced', 'by', 'half', 'about', '2', 'minutes', 'stir', 'in', 'the', 'chopped', 'parsley', 'and', 'crushed', 'red', 'pepper', 'season', 'with', 'salt', 'place', 'a', 'piece', 'of', 'warm', 'toast', 'in', 'the', 'center', 'of', 'each', 'of', 'six', 'warm', 'plates', 'spoon', 'the', 'shrimp', 'and', 'sauce', 'over', 'the', 'toast', 'drizzling', 'some', 'of', 'the', 'sauce', 'around', 'the', 'toast', 'decorate', 'the', 'plates', 'with', 'lemon', 'slices', 'and', 'with', 'the', 'parsley', 'sprigs', 'andor', 'whole', 'chives', 'if', 'using']","['heat', 'olive', 'oil', 'large', 'skillet', 'medium', 'heat', 'add', 'garlic', 'cook', 'shaking', 'pan', 'light', 'golden', 'raise', 'heat', 'high', 'add', 'shrimp', 'toss', 'bright', 'pink', 'seared', 'sides', 'stir', 'chopped', 'chives', 'add', 'wine', 'butter', 'lemon', 'juice', 'bring', 'boil', 'boil', 'shrimp', 'barely', 'opaque', 'center', 'sauce', 'reduced', 'half', 'stir', 'chopped', 'parsley', 'crushed', 'red', 'pepper', 'season', 'salt', 'place', 'piece', 'warm', 'toast', 'center', 'six', 'warm', 'plates', 'spoon', 'shrimp', 'sauce', 'toast', 'drizzling', 'sauce', 'around', 'toast', 'decorate', 'plates', 'lemon', 'slices', 'parsley', 'sprigs', 'andor', 'whole', 'chives', 'using']",Italian
7147,"['boil', 'potatoes', 'for', '5', 'minutes', 'then', 'drain', 'heat', 'oil', 'in', 'a', 'karahi', 'or', 'wok', 'add', 'onion', 'and', 'ginger', 'then', 'cook', 'until', 'onion', 'is', 'golden', 'brown', 'add', 'chillies', 'mustard', 'seeds', 'cummin', 'seeds', 'ground', 'cummin', 'and', 'turmeric', 'then', 'cook', 'for', '2', 'minutes', 'stirring', 'continuously', 'add', 'potatoes', 'and', 'cauliflower', 'stirring', 'to', 'coat', 'all', 'the', 'pieces', 'in', 'the', 'mixture', 'add', 'salt', 'and', 'water', 'then', 'cover', 'and', 'cook', 'gently', 'until', 'vegetables', 'are', 'tender', 'but', 'not', 'overcooked', 'garnish', 'with', 'fresh', 'coriander', 'and', 'serve', 'as', 'a', 'main', 'dish', 'with', 'warm', 'indian', 'breads', 'or', 'as', 'a', 'side', 'dish', 'with', 'a', 'meat', 'curry']","['boil', 'potatoes', 'drain', 'heat', 'oil', 'karahi', 'wok', 'add', 'onion', 'ginger', 'cook', 'onion', 'golden', 'brown', 'add', 'chillies', 'mustard', 'seeds', 'cummin', 'seeds', 'ground', 'cummin', 'turmeric', 'cook', 'stirring', 'continuously', 'add', 'potatoes', 'cauliflower', 'stirring', 'coat', 'pieces', 'mixture', 'add', 'salt', 'water', 'cover', 'cook', 'gently', 'vegetables', 'tender', 'overcooked', 'garnish', 'fresh', 'coriander', 'serve', 'main', 'dish', 'warm', 'indian', 'breads', 'side', 'dish', 'meat', 'curry']",Indian
2372,"['warm', 'the', 'canola', 'in', 'a', 'small', 'heavy-bottomed', 'sauce', 'pan', 'over', 'medium-low', 'heat', 'smash', 'the', 'garlic', 'cloves', 'with', 'the', 'flat', 'of', 'a', 'wide', 'heavy', 'knife', 'the', 'flat', 'side', 'of', 'a', 'tenderizing', 'mallet', 'or', 'any', 'sturdy', 'flat', 'tool', 'that', 'you', 'feel', 'comfortable', 'with', 'you', 'want', 'to', 'flatten', 'them', 'somewhat', 'but', 'not', 'squirt', 'garlicky', 'bits', 'all', 'over', 'the', 'kitchen', 'when', 'the', 'oil', 'shows', 'signs', 'of', 'slow', 'movement', 'that', 'lazy', 'swirly', 'motion', 'that', 'happens', 'long', 'before', 'the', 'oil', 'begins', 'smoking', 'drop', 'the', 'garlic', 'into', 'the', 'warm', 'oil', 'watch', 'and', 'when', 'the', 'garlic', 'shows', 'signs', 'of', 'beginning', 'to', 'brown', 'pull', 'off', 'the', 'heat', 'and', 'cover', 'let', 'stand', 'at', 'room', 'temperature', 'until', 'cooled', 'completely', 'strain', 'to', 'remove', 'the', 'solids', 'store', 'the', 'oil', 'in', 'an', 'air-tight', 'container', 'in', 'the', 'refrigerator', 'it', 'should', 'keep', 'for', 'a', 'couple', 'of', 'months', 'if', 'you', 'do', ""n't"", 'use', 'it', 'all', 'before', 'then', 'when', 'using', 'brush', 'do', ""n't"", 'dip', 'the', 'outside', 'surfaces', 'of', 'your', 'bread', 'when', 'preparing', 'paninis', 'for', 'grilling', 'you', 'may', 'wish', 'to', 'salt', 'the', 'outside', 'after', 'cooking', 'depending', 'on', 'the', 'type', 'of', 'panini', 'or', 'your', 'personal', 'taste']","['warm', 'canola', 'small', 'heavy', 'bottomed', 'sauce', 'pan', 'medium', 'low', 'heat', 'smash', 'garlic', 'cloves', 'flat', 'wide', 'heavy', 'knife', 'flat', 'side', 'tenderizing', 'mallet', 'sturdy', 'flat', 'tool', 'feel', 'comfortable', 'want', 'flatten', 'somewhat', 'squirt', 'garlicky', 'bits', 'kitchen', 'oil', 'shows', 'signs', 'slow', 'movement', 'lazy', 'swirly', 'motion', 'happens', 'long', 'oil', 'begins', 'smoking', 'drop', 'garlic', 'warm', 'oil', 'watch', 'garlic', 'shows', 'signs', 'beginning', 'brown', 'pull', 'heat', 'cover', 'let', 'stand', 'room', 'temperature', 'cooled', 'completely', 'strain', 'remove', 'solids', 'store', 'oil', 'air', 'tight', 'container', 'refrigerator', 'keep', 'couple', 'months', 'use', 'using', 'brush', 'dip', 'outside', 'surfaces', 'bread', 'preparing', 'paninis', 'grilling', 'may', 'wish', 'salt', 'outside', 'cooking', 'depending', 'type', 'panini', 'personal', 'taste']",Italian
6433,"['smash', 'the', 'garlic', 'the', 'basil', 'and', 'the', 'nuts', 'with', 'a', 'pestle', 'in', 'a', 'mortar', 'until', 'everything', 'is', 'as', 'little', 'as', 'possible', 'add', 'the', 'grated', 'cheese', 'mix', 'and', 'add', 'the', 'oil', 'pesto', 'can', 'be', 'prepared', 'and', 'stored', 'in', 'an', 'hermetic', 'tin', 'enjoy', 'it', 'karina']","['smash', 'garlic', 'basil', 'nuts', 'pestle', 'mortar', 'everything', 'little', 'possible', 'add', 'grated', 'cheese', 'mix', 'add', 'oil', 'pesto', 'prepared', 'stored', 'hermetic', 'tin', 'enjoy', 'karina']",Italian
12196,"['season', 'chicken', 'with', 'salt', 'curry', 'powder', 'onions', 'rosemary', 'garlic', 'pepper', 'and', 'thyme', 'marinate', 'for', '2', 'hours', 'or', 'in', 'refrigerator', 'overnight', 'in', 'a', 'heavy', 'skillet', 'brown', 'the', 'chicken', 'pieces', 'lightly', 'in', 'oil', 'for', 'approximately', '20', 'minutes', 'check', 'constantly', 'to', 'make', 'sure', 'nothing', 'sticks', 'add', 'water', 'and', 'simmer', 'for', 'another', '20', 'minutes', 'until', 'tender', 'serve', 'over', 'white', 'rice', 'serves', '4']","['season', 'chicken', 'salt', 'curry', 'powder', 'onions', 'rosemary', 'garlic', 'pepper', 'thyme', 'marinate', 'refrigerator', 'overnight', 'heavy', 'skillet', 'brown', 'chicken', 'pieces', 'lightly', 'oil', 'approximately', 'check', 'constantly', 'make', 'sure', 'nothing', 'sticks', 'add', 'water', 'simmer', 'another', 'tender', 'serve', 'white', 'rice', 'serves']",Indian
6040,"['combine', 'flour', 'salt', 'and', 'pepper', 'and', 'pound', 'into', 'steak', 'brown', 'steak', 'slowly', 'on', 'both', 'sides', 'in', 'vegetable', 'oil', 'pour', 'tomato', 'sauce', 'and', 'pizza', 'sauce', 'over', 'meat', 'top', 'with', 'onion', 'slices', 'simmer', 'uncovered', '10', 'minutes', 'place', 'into', 'large', 'casserole', 'dish', 'and', 'bake', 'covered', 'in', '350', 'degree', 'f', 'oven', 'for', '1', 'hour', 'or', 'a', 'until', 'steak', 'is', 'fork-tender']","['combine', 'flour', 'salt', 'pepper', 'steak', 'brown', 'steak', 'slowly', 'sides', 'vegetable', 'oil', 'pour', 'tomato', 'sauce', 'pizza', 'sauce', 'meat', 'top', 'onion', 'slices', 'simmer', 'uncovered', 'place', 'large', 'casserole', 'dish', 'bake', 'covered', 'f', 'oven', 'steak', 'fork', 'tender']",Italian
1004,"['prepare', 'an', '8-inch', 'square', 'baking', 'dish', 'in', 'a', 'small', 'bowl', 'combine', 'the', 'water', 'and', 'the', 'instant', 'coffee', 'granules', 'stir', 'to', 'dissolve', 'the', 'coffee', 'set', 'aside', '1', 'tbsp', 'of', 'the', 'coffee', 'mixture', 'in', 'a', 'large', 'bowl', 'beat', 'the', 'pudding', 'mix', 'with', 'the', 'skim', 'milk', 'until', 'thickened', 'stir', 'in', 'the', 'larger', 'part', 'of', 'the', 'coffee', 'mixture', 'add', 'in', 'the', 'softened', 'cream', 'cheese', 'beat', 'until', 'smooth', 'split', 'the', 'ladyfingers', 'apart', 'and', 'line', 'the', 'bottom', 'of', 'the', 'baking', 'dish', 'with', 'half', 'of', 'the', 'package', 'of', 'ladyfingers', 'drizzle', 'the', 'ladyfingers', 'with', 'the', '1', 'tbsp', 'of', 'reserved', 'coffee', 'mixture', 'try', 'to', 'get', 'a', 'little', 'on', 'each', 'finger', 'spoon', 'the', 'pudding', 'mixture', 'evenly', 'over', 'the', 'ladyfingers', 'place', 'the', 'remaining', 'ladyfingers', 'on', 'top', 'of', 'the', 'pudding', 'and', 'top', 'with', 'whipped', 'topping', 'sprinkle', 'top', 'with', 'grated', 'chocolate', 'cover', 'and', 'chill', 'for', '4', 'hours', 'or', 'more', 'until', 'ready', 'to', 'serve']","['prepare', '8', 'inch', 'square', 'baking', 'dish', 'small', 'bowl', 'combine', 'water', 'instant', 'coffee', 'granules', 'stir', 'dissolve', 'coffee', 'set', 'aside', 'coffee', 'mixture', 'large', 'bowl', 'beat', 'pudding', 'mix', 'skim', 'milk', 'thickened', 'stir', 'larger', 'part', 'coffee', 'mixture', 'add', 'softened', 'cream', 'cheese', 'beat', 'smooth', 'split', 'ladyfingers', 'apart', 'line', 'bottom', 'baking', 'dish', 'half', 'package', 'ladyfingers', 'drizzle', 'ladyfingers', 'reserved', 'coffee', 'mixture', 'try', 'get', 'little', 'finger', 'spoon', 'pudding', 'mixture', 'evenly', 'ladyfingers', 'place', 'remaining', 'ladyfingers', 'top', 'pudding', 'top', 'whipped', 'topping', 'sprinkle', 'top', 'grated', 'chocolate', 'cover', 'chill', 'ready', 'serve']",Italian
1997,"['put', 'the', 'tomatoes', 'with', 'their', 'can', 'juice', 'if', 'using', 'canned', 'tomatoes', 'into', 'a', 'pan', 'and', 'add', 'sugar', 'garlic', 'and', 'a', 'pinch', 'of', 'salt', 'cover', 'add', 'cook', 'over', 'low', 'heat', 'for', 'about', '30mins', 'without', 'stirring', 'mash', 'the', 'tomatoes', 'if', 'using', 'canned', 'tomatoes', 'cook', 'for', 'a', 'further', '15', 'mins', 'remove', 'the', 'pan', 'from', 'heat', 'and', 'let', 'cool', 'stir', 'in', 'the', 'olive', 'oil', 'and', 'basil']","['put', 'tomatoes', 'juice', 'using', 'canned', 'tomatoes', 'pan', 'add', 'sugar', 'garlic', 'pinch', 'salt', 'cover', 'add', 'cook', 'low', 'heat', '30mins', 'without', 'stirring', 'mash', 'tomatoes', 'using', 'canned', 'tomatoes', 'cook', 'mins', 'remove', 'pan', 'heat', 'let', 'cool', 'stir', 'olive', 'oil', 'basil']",Italian
11840,"['mix', 'all', 'the', 'ingredients', 'put', 'in', 'a', 'heavy', 'bottomed', 'vessel', 'and', 'put', 'on', 'the', 'flame', 'stir', 'continuously', 'for', '20', 'minutes', 'reduce', 'the', 'flame', 'during', 'the', 'last', '5', 'minutes', 'remove', 'from', 'the', 'flame', 'when', 'the', 'mixture', 'leaves', 'the', 'sides', 'of', 'the', 'vessel', 'pour', 'it', 'in', 'a', 'flat', 'dish/tray', 'and', 'cut', 'into', 'squares', 'when', 'cool']","['mix', 'ingredients', 'put', 'heavy', 'bottomed', 'vessel', 'put', 'flame', 'stir', 'continuously', 'reduce', 'flame', 'last', 'remove', 'flame', 'mixture', 'leaves', 'sides', 'vessel', 'pour', 'flat', 'dish/tray', 'cut', 'squares', 'cool']",Indian
4864,"['in', 'a', 'large', 'bowl', 'large', 'enough', 'to', 'contain', 'all', 'the', 'ingredients', 'combine', 'the', 'herbs', 'olive', 'oil', 'salt', 'and', 'pepper', 'to', 'taste', 'set', 'aside', 'bring', 'at', 'least', '4', 'quarts', 'of', 'water', 'to', 'a', 'boil', 'add', '2', 't.', 'salt', 'then', 'the', 'pasta', 'stir', 'well', 'cook', 'over', 'high', 'heat', 'stirring', 'frequently', 'until', 'the', 'pasta', 'is', 'al', 'dente', 'drain', 'the', 'pasta', 'reserving', 'some', 'of', 'the', 'cooking', 'water', 'add', 'the', 'pasta', 'to', 'the', 'bowl', 'with', 'the', 'herb', 'mixture', 'and', 'toss', 'well', 'add', 'the', 'cheese', 'and', 'toss', 'again', 'scatter', 'the', 'tomatoes', 'over', 'the', 'pasta', 'and', 'serve', 'immediately']","['large', 'bowl', 'large', 'enough', 'contain', 'ingredients', 'combine', 'herbs', 'olive', 'oil', 'salt', 'pepper', 'taste', 'set', 'aside', 'bring', 'least', 'water', 'boil', 'add', 't.', 'salt', 'pasta', 'stir', 'well', 'cook', 'high', 'heat', 'stirring', 'frequently', 'pasta', 'al', 'dente', 'drain', 'pasta', 'reserving', 'cooking', 'water', 'add', 'pasta', 'bowl', 'herb', 'mixture', 'toss', 'well', 'add', 'cheese', 'toss', 'scatter', 'tomatoes', 'pasta', 'serve', 'immediately']",Italian
8787,"['in', 'a', '2-quart', 'pressure', 'frypan', 'or', 'larger', 'pressure', 'cooker', 'saute', 'onion', 'garlic', 'and', 'curry', 'paste', 'over', 'medium', 'heat', 'until', 'onion', 'is', 'translucent', 'stir', 'in', 'yams', 'and', 'potatoes', 'let', 'them', 'sizzle', 'for', '1', 'minute', 'or', 'until', 'the', 'bottom', 'of', 'the', 'pan', 'is', 'sticky', 'and', 'slightly', 'burned', 'add', 'sake', 'close', 'lid', 'and', 'bring', 'pressure', 'to', '1st', 'red', 'ring', 'over', 'high', 'heat', 'low', 'pressure', 'adjust', 'heat', 'to', 'stabilize', 'pressure', 'at', 'first', 'red', 'ring', 'cook', 'for', '3', 'minutes', 'remove', 'from', 'heat', 'and', 'use', 'touch', 'or', 'automatic', 'release', 'method', 'touch', 'means', 'releasing', 'the', 'pressure', 'quickly', 'by', 'a', 'depressing', 'lightly', 'with', 'a', 'finger', 'or', 'long-handled', 'wooden', 'spoon', 'this', 'method', 'is', 'best', 'when', 'additional', 'ingredients', 'will', 'be', 'added', 'and', 'you', 'do', ""n't"", 'want', 'to', 'cool', 'off', 'the', 'pot', 'automatic', 'release', 'is', 'for', 'duromatic', 'top', 'models', 'lift', 'the', 'valve', 'cap', 'slightly', 'and', 'rotate', 'it', 'by', '75', 'degrees', 'until', 'it', 'engages', 'for', 'the', 'first', 'time', 'for', 'normal', 'automatic', 'pressure', 'reduction.', 'add', 'peas', 'close', 'lid', 'and', 'bring', 'pressure', 'to', 'first', 'red', 'ring', 'low', 'pressure', 'over', 'medium', 'high', 'heat', 'immediately', 'remove', 'from', 'heat', 'and', 'use', 'natural', 'release', 'method', 'let', 'button', 'fall', 'on', 'its', 'own', 'if', 'desired', 'accompany', 'each', 'serving', 'with', 'dollops', 'of', 'yogurt', 'mango', 'chutney', 'and', 'several', 'cucumber', 'slices']","['2', 'quart', 'pressure', 'frypan', 'larger', 'pressure', 'cooker', 'saute', 'onion', 'garlic', 'curry', 'paste', 'medium', 'heat', 'onion', 'translucent', 'stir', 'yams', 'potatoes', 'let', 'sizzle', 'bottom', 'pan', 'sticky', 'slightly', 'burned', 'add', 'sake', 'close', 'lid', 'bring', 'pressure', '1st', 'red', 'ring', 'high', 'heat', 'low', 'pressure', 'adjust', 'heat', 'stabilize', 'pressure', 'first', 'red', 'ring', 'cook', 'remove', 'heat', 'use', 'touch', 'automatic', 'release', 'method', 'touch', 'means', 'releasing', 'pressure', 'quickly', 'depressing', 'lightly', 'finger', 'long', 'handled', 'wooden', 'spoon', 'method', 'best', 'additional', 'ingredients', 'added', 'want', 'cool', 'pot', 'automatic', 'release', 'duromatic', 'top', 'models', 'lift', 'valve', 'cap', 'slightly', 'rotate', 'engages', 'first', 'time', 'normal', 'automatic', 'pressure', 'reduction.', 'add', 'peas', 'close', 'lid', 'bring', 'pressure', 'first', 'red', 'ring', 'low', 'pressure', 'medium', 'high', 'heat', 'immediately', 'remove', 'heat', 'use', 'natural', 'release', 'method', 'let', 'button', 'fall', 'desired', 'accompany', 'serving', 'dollops', 'yogurt', 'mango', 'chutney', 'several', 'cucumber', 'slices']",Indian
4147,"['slice', 'chicken', 'breasts', '1/4', ""''"", 'thick', 'best', 'if', 'breasts', 'are', 'slightly', 'frozen.', 'combine', 'bread', 'crumbs', 'parmesan', 'cheese', 'beat', 'eggs', 'place', 'crumb', 'mix', 'eggs', 'on', 'separate', 'dishes', 'for', 'easy', 'dipping', 'coat', 'breasts', 'in', 'egg', 'then', 'bread', 'crumbs', 'for', 'the', 'sauce', 'combine', 'all', 'ingredients', 'in', 'saucepan', 'and', 'cook', 'low', 'on', 'stovetop', 'for', 'approximately', '20', 'minutes', 'heat', 'olive', 'oil', 'in', 'deep', 'fryer', 'to', '350', 'degrees', 'do', ""n't"", 'let', 'it', 'burn', 'or', 'it', 'will', 'smell', 'nasty', 'in', 'your', 'kitchen', 'deep', 'fry', 'chicken', 'in', 'single', 'layers', 'for', '2-3', 'minutes', 'and', 'place', 'in', 'paper', 'towel', 'lined', 'dish', 'keep', 'warm', 'while', 'frying', 'remaining', 'chicken', 'to', 'serve', 'place', 'chicken', 'breasts', 'on', 'plate', 'place', 'some', 'sauce', 'on', 'top', 'sprinkle', 'with', 'extra', 'parmesan', 'cheese', 'if', 'desired', 'if', 'serving', 'with', 'pasta', 'mix', 'a', 'little', 'sauce', 'with', 'the', 'cooked', 'pasta', 'place', 'on', 'dish', 'top', 'with', 'some', 'more', 'sauce', 'and', 'sprinkle', 'with', 'parmesan', 'if', 'desired', 'enjoy']","['slice', 'chicken', 'breasts', ""''"", 'thick', 'best', 'breasts', 'slightly', 'frozen.', 'combine', 'bread', 'crumbs', 'parmesan', 'cheese', 'beat', 'eggs', 'place', 'crumb', 'mix', 'eggs', 'separate', 'dishes', 'easy', 'dipping', 'coat', 'breasts', 'egg', 'bread', 'crumbs', 'sauce', 'combine', 'ingredients', 'saucepan', 'cook', 'low', 'stovetop', 'approximately', 'heat', 'olive', 'oil', 'deep', 'fryer', 'let', 'burn', 'smell', 'nasty', 'kitchen', 'deep', 'fry', 'chicken', 'single', 'layers', 'place', 'paper', 'towel', 'lined', 'dish', 'keep', 'warm', 'frying', 'remaining', 'chicken', 'serve', 'place', 'chicken', 'breasts', 'plate', 'place', 'sauce', 'top', 'sprinkle', 'extra', 'parmesan', 'cheese', 'desired', 'serving', 'pasta', 'mix', 'little', 'sauce', 'cooked', 'pasta', 'place', 'dish', 'top', 'sauce', 'sprinkle', 'parmesan', 'desired', 'enjoy']",Italian
11425,"['dissolve', 'instant', 'coffee', 'powder', 'and', 'sugar', 'in', 'boiling', 'water', 'and', 'allow', 'to', 'cool', 'blend', 'the', 'the', 'coffee', 'mixture', 'and', 'milk', 'in', 'a', 'blender', 'for', 'few', 'seconds', 'add', 'cream', 'and', 'crushed', 'ice', 'blend', 'for', 'another', 'few', 'seconds', 'till', 'it', 'becomes', 'frothy', 'serve', 'chilled']","['dissolve', 'instant', 'coffee', 'powder', 'sugar', 'boiling', 'water', 'allow', 'cool', 'blend', 'coffee', 'mixture', 'milk', 'blender', 'seconds', 'add', 'cream', 'crushed', 'ice', 'blend', 'another', 'seconds', 'till', 'becomes', 'frothy', 'serve', 'chilled']",Indian
8789,"['1', 'mix', 'flour+salt+baking', 'soda+oil', 'altogether', 'properly', '2', 'add', 'warm', 'water', 'to', 'this', 'mixture', 'for', 'making', 'a', 'soft', 'dough', '3', 'keep', 'dough', 'aside', 'for', 'few', 'hours', '1', 'half', 'boil', 'potatoes', '2', 'take', 'them', 'out', 'cut', 'them', 'into', 'small', 'pieces', '3', 'pour', 'oil', 'in', 'the', 'kadai', '4', 'saute', 'cumin', 'seeds', 'corriander', 'powder', 'garam', 'masala', 'mirch', 'powder5', 'put', 'potato', 'into', 'this', 'and', 'allow', 'it', 'to', 'fry', 'for', 'around', '15-20', 'min6', 'after', 'cook', 'it', 'properly', 'add', 'coriander', 'leaves', 'to', 'it', 'ready', 'to', 'fill', '1', 'make', 'a', 'small', 'balls', 'from', 'dough', 'and', 'shape', 'them', 'into', 'small', 'puri', '/circle', 'shapes', '2', 'cut', 'each', 'circle', 'in', 'half', '3', 'spread', 'the', 'paste', 'lightly', 'all', 'along', 'the', 'edge', 'of', 'one', 'semicircle', 'pick', 'this', 'semicircle', 'up', 'with', 'both', 'hands', 'and', 'fold', 'it', 'into', 'a', 'cone', 'shape', 'pinch', 'the', 'side', 'of', 'this', 'cone', 'so', 'that', 'it', 'is', 'completely', 'sealed', '4', 'fill', 'the', 'cone', 'with', '3', 'tablespoons', 'of', 'filling', 'press', 'this', 'filling', 'down', 'with', 'your', 'fingers', 'now', 'close', 'the', 'top', 'of', 'this', 'cone', 'into', 'a', 'triangle', 'shape', 'pinching', 'the', 'top', 'edge', 'so', 'that', 'it', 'is', 'completely', 'sealed.5', 'continue', 'filling', 'the', 'rest', 'of', 'the', 'samosas.6', 'heat', 'about', '1-1/2', 'inch', 'of', 'the', 'oil', 'in', 'a', 'frying', 'pan', 'on', 'medium', 'heat', 'to', 'check', 'if', 'oil', 'is', 'hot', 'enough', 'place', 'a', 'small', 'piece', 'of', 'dough', 'in', 'oil', 'and', 'dough', 'should', 'sizzle', 'and', 'come', 'to', 'the', 'surface', 'slowly.7', 'place', 'the', 'samosas', 'in', 'the', 'frying', 'pan', 'a', 'few', 'at', 'a', 'time', 'after', 'samosas', 'are', 'floating', 'on', 'top', 'of', 'the', 'oil', 'turn', 'them', 'slowly', '8', 'fry', 'the', 'samosas', 'until', 'the', 'samosas', 'turn', 'a', 'light', 'golden-brown', 'color', 'on', 'all', 'sides']","['mix', 'flour+salt+baking', 'soda+oil', 'altogether', 'properly', 'add', 'warm', 'water', 'mixture', 'making', 'soft', 'dough', 'keep', 'dough', 'aside', 'half', 'boil', 'potatoes', 'take', 'cut', 'small', 'pieces', 'pour', 'oil', 'kadai', 'saute', 'cumin', 'seeds', 'corriander', 'powder', 'garam', 'masala', 'mirch', 'powder5', 'put', 'potato', 'allow', 'fry', 'around', 'min6', 'cook', 'properly', 'add', 'coriander', 'leaves', 'ready', 'fill', 'make', 'small', 'balls', 'dough', 'shape', 'small', 'puri', '/circle', 'shapes', 'cut', 'circle', 'half', 'spread', 'paste', 'lightly', 'along', 'edge', 'one', 'semicircle', 'pick', 'semicircle', 'hands', 'fold', 'cone', 'shape', 'pinch', 'side', 'cone', 'completely', 'sealed', 'fill', 'cone', 'filling', 'press', 'filling', 'fingers', 'close', 'top', 'cone', 'triangle', 'shape', 'pinching', 'top', 'edge', 'completely', 'sealed.5', 'continue', 'filling', 'rest', 'samosas.6', 'heat', 'oil', 'frying', 'pan', 'medium', 'heat', 'check', 'oil', 'hot', 'enough', 'place', 'small', 'piece', 'dough', 'oil', 'dough', 'sizzle', 'come', 'surface', 'slowly.7', 'place', 'samosas', 'frying', 'pan', 'time', 'samosas', 'floating', 'top', 'oil', 'turn', 'slowly', 'fry', 'samosas', 'samosas', 'turn', 'light', 'golden', 'brown', 'color', 'sides']",Indian
3373,"['in', 'a', 'large', 'bowl', 'gently', 'toss', 'together', 'the', 'chickpeas', 'the', 'tuna', 'onion', 'slices', 'the', 'olive', 'oil', 'vinegar', 'chopped', 'parsley', 'and', 'lots', 'of', 'freshly', 'ground', 'black', 'pepper', 'add', 'more', 'olive', 'oil', 'vinegar', 'or', 'salt', 'and', 'pepper', 'as', 'you', 'like', 'serve', 'chilled']","['large', 'bowl', 'gently', 'toss', 'together', 'chickpeas', 'tuna', 'onion', 'slices', 'olive', 'oil', 'vinegar', 'chopped', 'parsley', 'lots', 'freshly', 'ground', 'black', 'pepper', 'add', 'olive', 'oil', 'vinegar', 'salt', 'pepper', 'like', 'serve', 'chilled']",Italian
11076,"['mix', 'very', 'little', 'salt', 'and', 'lemon', 'juice', 'and', 'marinate', 'the', 'chicken', 'for', '30', 'minutes.then', 'fry', 'in', 'oil', 'until', 'golden', 'now', 'take', 'a', 'pot', 'and', 'add', 'onion', 'garlic', 'ginger', 'tomatoes', 'salt', 'red', 'pepper', 'coriander', 'powder', 'turmeric', 'powder', 'and', 'oil', 'with', '2', 'cups', 'of', 'water', 'and', 'leave', 'it', 'on', 'medium', 'flame', 'for', '30', 'minutes', 'after', '30', 'mins', 'fry', 'it', 'until', 'water', 'finish', 'the', 'add', 'tomato', 'puree', 'cumin', 'seeds', 'and', 'chicken', 'and', 'fry', 'for', '3-4', 'minutes', 'then', 'add', '1', 'cup', 'water', 'and', 'leave', 'it', 'for', '10', 'mins', 'on', 'low', 'flame', 'add', 'coriander', 'leaves', 'and', 'serve']","['mix', 'little', 'salt', 'lemon', 'juice', 'marinate', 'chicken', 'minutes.then', 'fry', 'oil', 'golden', 'take', 'pot', 'add', 'onion', 'garlic', 'ginger', 'tomatoes', 'salt', 'red', 'pepper', 'coriander', 'powder', 'turmeric', 'powder', 'oil', 'water', 'leave', 'medium', 'flame', 'mins', 'fry', 'water', 'finish', 'add', 'tomato', 'puree', 'cumin', 'seeds', 'chicken', 'fry', 'add', 'water', 'leave', 'mins', 'low', 'flame', 'add', 'coriander', 'leaves', 'serve']",Indian
5008,"['preheat', 'oven', 'to', '350', 'degrees', 'saute', 'onion', 'and', 'garlic', 'in', 'oil', 'in', 'a', 'large', 'oven', 'proof', 'skillet', 'over', 'medium', 'heat', 'add', 'eggplant', 'tomato', 'sauce', 'water', 'bouillon', 'italian', 'seasoning', 'and', 'garlic', 'powder', 'bring', 'to', 'a', 'boil', 'reduce', 'heat', 'and', 'simmer', 'covered', 'for', '10', 'minutes', 'while', 'eggplant', 'is', 'simmering', 'mix', 'tofu', 'and', 'eggs', 'when', 'the', 'eggplant', 'has', 'simmered', 'for', '10', 'minutes', 'stir', 'in', 'the', 'tofu', 'mixture', 'sprinkle', 'with', 'grated', 'parmesan', 'cheese', 'bake', '35', 'minutes']","['preheat', 'oven', 'saute', 'onion', 'garlic', 'oil', 'large', 'oven', 'proof', 'skillet', 'medium', 'heat', 'add', 'eggplant', 'tomato', 'sauce', 'water', 'bouillon', 'italian', 'seasoning', 'garlic', 'powder', 'bring', 'boil', 'reduce', 'heat', 'simmer', 'covered', 'eggplant', 'simmering', 'mix', 'tofu', 'eggs', 'eggplant', 'simmered', 'stir', 'tofu', 'mixture', 'sprinkle', 'grated', 'parmesan', 'cheese', 'bake']",Italian
8392,"['mix', 'onions', 'ginger', 'garlic', 'cumin', 'corriander', 'tumeric', 'cayenne', 'paprika', 'and', 'garam', 'masala', 'in', 'a', 'small', 'bowl', 'set', 'aside', 'put', 'a', 'heavy', 'bottomed', 'pan', 'over', 'medium/high', 'heat', 'once', 'hot', 'add', 'ghee/oil', 'let', 'ghee/oil', 'heat', 'for', 'a', 'few', 'seconds', 'add', 'cinnamon', 'stick', 'and', 'cardamom', 'pods', 'shake', 'pan', 'to', 'keep', 'spices', 'moving', 'saute', 'for', '15', 'to', '30', 'seconds', 'to', 'let', 'the', 'flavors', 'infuse', 'into', 'the', 'ghee/oil', 'do', 'not', 'let', 'the', 'spices', 'burn', 'add', 'the', 'masala', 'paste', 'the', 'spices', 'onion', 'garlic', 'and', 'ginger', 'mixture', 'you', 'set', 'aside', 'earlier', 'lower', 'heat', 'to', 'low/medium', 'stir', 'while', 'onions', 'sweat', 'saute', 'for', 'about', '5', 'minutes', 'or', 'until', 'onions', 'are', 'soft', 'but', 'not', 'brown', 'add', 'canned', 'tomatoes', 'and', 'tomato', 'paste', 'stir', 'add', 'water', 'stir', 'let', 'mixture', 'simmer', 'for', '5-10', 'minutes', 'while', 'mixture', 'simmers', 'season', 'cubed', 'chicken', 'with', 'salt', 'and', 'freshly', 'ground', 'pepper', 'add', 'seasoned', 'raw', 'chicken', 'cook', 'over', 'medium', 'heat', 'for', '10-15', 'minutes', 'stir', 'every', 'few', 'minutes', 'check', 'for', 'doneness', 'if', 'not', 'done', 'continue', 'to', 'simmer', 'until', 'chicken', 'is', 'cooked', 'through', 'turn', 'heat', 'off', 'stir', 'in', 'yogurt', 'turn', 'heat', 'onto', 'low/med', 'bring', 'to', 'a', 'simmer', 'simmer', 'for', '3', 'minutes', 'you', ""'re"", 'done', 'serve', 'with', 'rice', 'or', 'naan']","['mix', 'onions', 'ginger', 'garlic', 'cumin', 'corriander', 'tumeric', 'cayenne', 'paprika', 'garam', 'masala', 'small', 'bowl', 'set', 'aside', 'put', 'heavy', 'bottomed', 'pan', 'medium/high', 'heat', 'hot', 'add', 'ghee/oil', 'let', 'ghee/oil', 'heat', 'seconds', 'add', 'cinnamon', 'stick', 'cardamom', 'pods', 'shake', 'pan', 'keep', 'spices', 'moving', 'saute', 'seconds', 'let', 'flavors', 'infuse', 'ghee/oil', 'let', 'spices', 'burn', 'add', 'masala', 'paste', 'spices', 'onion', 'garlic', 'ginger', 'mixture', 'set', 'aside', 'earlier', 'lower', 'heat', 'low/medium', 'stir', 'onions', 'sweat', 'saute', 'onions', 'soft', 'brown', 'add', 'canned', 'tomatoes', 'tomato', 'paste', 'stir', 'add', 'water', 'stir', 'let', 'mixture', 'simmer', 'mixture', 'simmers', 'season', 'cubed', 'chicken', 'salt', 'freshly', 'ground', 'pepper', 'add', 'seasoned', 'raw', 'chicken', 'cook', 'medium', 'heat', 'stir', 'every', 'check', 'doneness', 'done', 'continue', 'simmer', 'chicken', 'cooked', 'turn', 'heat', 'stir', 'yogurt', 'turn', 'heat', 'onto', 'low/med', 'bring', 'simmer', 'simmer', 'done', 'serve', 'rice', 'naan']",Indian
10701,"['break', 'eggs', 'into', 'a', 'deep', 'bowl', 'and', 'mix', 'them', 'lightly', 'with', 'a', 'whisk', 'or', 'fork', 'add', 'the', 'milk', 'salt', 'and', 'black', 'pepper', 'stir', 'until', 'all', 'of', 'the', 'ingredients', 'are', 'well', 'combined', 'do', 'not', 'overbeat', 'or', 'allow', 'the', 'egg-and-milk', 'mixture', 'to', 'foam', 'or', 'become', 'frothy', 'in', 'a', '10', 'inch', 'skillet', 'heat', 'the', 'ghee', 'over', 'moderate', 'heat', 'until', 'a', 'drop', 'of', 'water', 'flicked', 'into', 'it', 'splutters', 'instantly', 'add', 'the', 'ginger', 'and', 'fry', 'for', '10', 'seconds', 'then', 'add', 'the', 'onions', 'and', 'fry', 'about', '1', 'minute', 'until', 'they', 'are', 'soft', 'but', 'not', 'brown', 'pour', 'in', 'the', 'beaten', 'egg', 'mixture', 'and', 'sprinkle', 'the', 'top', 'with', 'the', 'fresh', 'chili', 'reduce', 'the', 'heat', 'to', 'the', 'lowest', 'possible', 'point', 'and', 'stirring', 'constantly', 'with', 'the', 'flat', 'of', 'a', 'table', 'fork', 'or', 'a', 'rubber', 'spatula', 'cook', 'the', 'eggs', 'until', 'they', 'begin', 'to', 'form', 'soft', 'creamy', 'curds', 'immediately', 'spread', 'the', 'eggs', 'on', 'a', 'heated', 'serving', 'plate', 'sprinkle', 'the', 'top', 'with', 'cumin', 'and', 'serve', 'ekuri', 'is', 'traditionally', 'garnished', 'with', 'slices', 'or', 'wedges', 'of', 'fresh', 'tomato', 'and', 'may', 'be', 'further', 'embellished', 'with', 'sprigs', 'or', 'leaves', 'of', 'coriander', 'it', 'is', 'usually', 'accompanied', 'by', 'plain', 'parathas']","['break', 'eggs', 'deep', 'bowl', 'mix', 'lightly', 'whisk', 'fork', 'add', 'milk', 'salt', 'black', 'pepper', 'stir', 'ingredients', 'well', 'combined', 'overbeat', 'allow', 'egg', 'milk', 'mixture', 'foam', 'become', 'frothy', 'skillet', 'heat', 'ghee', 'moderate', 'heat', 'drop', 'water', 'flicked', 'splutters', 'instantly', 'add', 'ginger', 'fry', 'seconds', 'add', 'onions', 'fry', 'soft', 'brown', 'pour', 'beaten', 'egg', 'mixture', 'sprinkle', 'top', 'fresh', 'chili', 'reduce', 'heat', 'lowest', 'possible', 'point', 'stirring', 'constantly', 'flat', 'table', 'fork', 'rubber', 'spatula', 'cook', 'eggs', 'begin', 'form', 'soft', 'creamy', 'curds', 'immediately', 'spread', 'eggs', 'heated', 'serving', 'plate', 'sprinkle', 'top', 'cumin', 'serve', 'ekuri', 'traditionally', 'garnished', 'slices', 'wedges', 'fresh', 'tomato', 'may', 'embellished', 'sprigs', 'leaves', 'coriander', 'usually', 'accompanied', 'plain', 'parathas']",Indian
9083,"['heat', 'oil', 'over', 'medium', 'heat', 'fry', 'cumin', 'seeds', 'and', 'mustard', 'seeds', 'until', 'they', 'pop', 'add', 'curry', 'leaves', 'and', 'green', 'chiles', 'and', 'fry', 'for', 'another', '1', 'minute', 'add', 'peas', 'jicama', 'and', 'potato', 'cook', 'for', '3', 'minutes', 'add', 'shredded', 'cabbage', 'turmeric', 'and', 'salt', 'mix', 'well', 'cover', 'and', 'cook', 'on', 'low', 'heat', 'for', 'about', '15-20', 'minutes', 'stirring', 'every', '5', 'minutes', 'or', 'until', 'vegetables', 'are', 'soft', 'you', 'can', 'add', 'a', 'drizzle', 'of', 'water', 'to', 'keep', 'vegetables', 'from', 'drying', 'eat', 'as', 'is', 'or', 'serve', 'as', 'a', 'side']","['heat', 'oil', 'medium', 'heat', 'fry', 'cumin', 'seeds', 'mustard', 'seeds', 'pop', 'add', 'curry', 'leaves', 'green', 'chiles', 'fry', 'another', 'add', 'peas', 'jicama', 'potato', 'cook', 'add', 'shredded', 'cabbage', 'turmeric', 'salt', 'mix', 'well', 'cover', 'cook', 'low', 'heat', 'stirring', 'every', 'vegetables', 'soft', 'add', 'drizzle', 'water', 'keep', 'vegetables', 'drying', 'eat', 'serve', 'side']",Indian
10332,"['sift', 'flour', 'and', 'salt', 'together', 'in', 'a', 'large', 'bowl', 'combine', 'yeast', 'sugar', 'and', '1/3', 'cup', 'very', 'warm', 'water-give', 'a', 'quick', 'stir', 'and', 'set', 'aside', 'for', '5', 'minutes', 'to', 'activate', 'yeast', 'make', 'a', 'well', 'in', 'the', 'flour/salt', 'mixture', 'and', 'add', 'the', 'yeast', '1', 'cup', 'warm', 'water', 'and', 'the', 'olive', 'oil', 'gently', 'stir', 'to', 'gather', 'dough', 'into', 'a', 'ball-you', 'may', 'need', 'a', 'touch', 'more', 'water-depending', 'on', 'where', 'you', 'live', 'altitude', 'turn', 'out', 'and', 'knead', 'for', '10', 'minutes', 'put', 'into', 'a', 'lightly', 'greased', 'large', 'bowl', 'cover', 'and', 'place', 'in', 'a', 'warm', 'spot', 'for', 'around', '1', '1/2', 'to', '2', 'hours', 'punch', 'down', 'and', 'knead', 'to', 'smooth', 'cut', 'dough', 'into', '12', 'pieces', 'form', 'into', 'rounds', 'roll', 'out', 'and', 'place', 'on', 'a', 'dusted', 'baking', 'sheet', 'cover', 'and', 'let', 'rest', 'for', '45', 'minutes', 'preheat', 'oven', 'to', '500f', 'degrees', 'i', 'use', 'my', 'large', 'cast', 'iron', 'skillet', 'for', 'this', 'part', 'so', 'i', 'place', 'it', 'in', 'the', 'oven', 'and', 'when', 'really', 'hot', 'i', 'place', 'in', 'two', 'pitas', 'and', 'let', 'bake', 'for', 'around', '3', 'minutes-you', 'can', 'broil', 'for', '1', 'minute', 'if', 'you', 'like', 'just', 'to', 'get', 'the', 'tops', 'browned', 'i', 'wrap', 'the', 'cooked', 'pitas', 'in', 'a', 'slightly', 'damp', 'tea', 'towel', 'for', 'a', 'minute', 'or', 'two-then', 'cool', 'and', 'place', 'in', 'plastic', 'bags', 'this', 'process', 'can', 'also', 'be', 'done', 'on', 'a', 'cooking', 'sheet']","['sift', 'flour', 'salt', 'together', 'large', 'bowl', 'combine', 'yeast', 'sugar', 'warm', 'water', 'give', 'quick', 'stir', 'set', 'aside', 'activate', 'yeast', 'make', 'well', 'flour/salt', 'mixture', 'add', 'yeast', 'warm', 'water', 'olive', 'oil', 'gently', 'stir', 'gather', 'dough', 'ball', 'may', 'need', 'touch', 'water', 'depending', 'live', 'altitude', 'turn', 'knead', 'put', 'lightly', 'greased', 'large', 'bowl', 'cover', 'place', 'warm', 'spot', 'around', 'punch', 'knead', 'smooth', 'cut', 'dough', 'pieces', 'form', 'rounds', 'roll', 'place', 'dusted', 'baking', 'sheet', 'cover', 'let', 'rest', 'preheat', 'oven', '500f', 'use', 'large', 'cast', 'iron', 'skillet', 'part', 'place', 'oven', 'really', 'hot', 'place', 'two', 'pitas', 'let', 'bake', 'around', 'minutes', 'broil', 'like', 'get', 'tops', 'browned', 'wrap', 'cooked', 'pitas', 'slightly', 'damp', 'tea', 'towel', 'two', 'cool', 'place', 'plastic', 'bags', 'process', 'also', 'done', 'cooking', 'sheet']",Indian
6340,"['thaw', 'shrimp', 'and', 'set', 'aside', 'pour', 'all', '3', 'sauce', 'jars', 'into', 'a', 'large', 'pot', 'and', 'stir', 'together', 'well', 'heat', 'sauce', 'covered', 'over', 'medium', 'heat', 'stirring', 'frequently', 'until', 'heated', 'thoroughly', 'reduce', 'heat', 'to', 'low', 'and', 'add', 'shrimp', 'stir', 'frequently', 'while', 'covered', 'on', 'low', 'chop', 'both', 'peppers', 'into', 'small', 'bites', 'place', 'into', 'a', 'well', 'greased', 'skillet', 'and', 'and', 'sprinkle', 'garlic', 'powder', 'over', 'the', 'pieces', 'cook', 'over', 'medium-high', 'heat', 'until', 'tender', 'and', 'slightly', 'blackened', 'cut', 'asparagus', 'spears', 'into', '3', 'equal', 'parts', 'and', 'steam', 'them', 'until', 'tender', 'do', 'not', 'overcook', 'the', 'asparagus', 'it', 'should', 'be', 'slightly', 'tender', 'but', 'in', 'no', 'way', 'mushy', 'cook', 'pasta', 'according', 'to', 'their', 'directions', 'on', 'the', 'label', 'and', 'drain', 'well', 'add', 'pasta', 'asparagus', 'and', 'peppers', 'to', 'the', 'sauce', 'and', 'shrimp', 'mix', 'stir', 'well', 'and', 'continue', 'to', 'heat', 'on', 'low', 'for', 'five', 'more', 'minutes', 'serve', 'with', 'garlic', 'bread', 'and', 'a', 'salad', 'and', 'enjoy']","['thaw', 'shrimp', 'set', 'aside', 'pour', 'sauce', 'jars', 'large', 'pot', 'stir', 'together', 'well', 'heat', 'sauce', 'covered', 'medium', 'heat', 'stirring', 'frequently', 'heated', 'thoroughly', 'reduce', 'heat', 'low', 'add', 'shrimp', 'stir', 'frequently', 'covered', 'low', 'chop', 'peppers', 'small', 'bites', 'place', 'well', 'greased', 'skillet', 'sprinkle', 'garlic', 'powder', 'pieces', 'cook', 'medium', 'high', 'heat', 'tender', 'slightly', 'blackened', 'cut', 'asparagus', 'spears', 'equal', 'parts', 'steam', 'tender', 'overcook', 'asparagus', 'slightly', 'tender', 'way', 'mushy', 'cook', 'pasta', 'according', 'directions', 'label', 'drain', 'well', 'add', 'pasta', 'asparagus', 'peppers', 'sauce', 'shrimp', 'mix', 'stir', 'well', 'continue', 'heat', 'low', 'five', 'serve', 'garlic', 'bread', 'salad', 'enjoy']",Italian
10212,"['heat', 'the', 'oil', 'in', 'a', 'saucepan', 'add', 'the', 'onion', 'ginger', 'garlic', 'and', 'bay', 'leaves', 'and', 'cook', 'for', 'four', 'minutes', 'or', 'until', 'the', 'onion', 'is', 'soft', 'add', 'the', 'tomato', 'turmeric', 'chili', 'powder', 'cumin', 'coriander', '1', 'tsp', 'salt', 'and', '1', 'cup', 'of', 'water', 'bring', 'to', 'a', 'boil', 'then', 'reduce', 'heat', 'and', 'simmer', 'for', 'three', 'minutes', 'add', 'the', 'garam', 'masala', 'and', 'eggs', 'then', 'simmer', 'for', 'a', 'minute', 'or', 'two', 'to', 'warm', 'the', 'eggs']","['heat', 'oil', 'saucepan', 'add', 'onion', 'ginger', 'garlic', 'bay', 'leaves', 'cook', 'four', 'onion', 'soft', 'add', 'tomato', 'turmeric', 'chili', 'powder', 'cumin', 'coriander', 'salt', 'water', 'bring', 'boil', 'reduce', 'heat', 'simmer', 'three', 'add', 'garam', 'masala', 'eggs', 'simmer', 'two', 'warm', 'eggs']",Indian
3088,"['combine', 'cucumber', 'onions', 'cilantro', '4', '1/2', 'tablespoons', 'oil', '1', '1/2', 'tablespoons', 'vinegar', 'and', 'chiles', 'in', 'processor', 'using', 'on/off', 'turns', 'blend', 'mixture', 'until', 'finely', 'chopped', 'transfer', 'to', 'bowl', 'season', 'with', 'more', 'vinegar', 'if', 'desired', 'and', 'salt', 'and', 'black', 'pepper', 'sprinkle', 'fish', 'fillets', 'on', 'both', 'sides', 'with', 'salt', 'pepper', 'and', 'cumin', 'heat', 'remaining', '1', 'tablespoon', 'oil', 'in', 'large', 'nonstick', 'skillet', 'over', 'medium-high', 'heat', 'add', 'fish', 'and', 'cook', '5', 'minutes', 'turn', 'over', 'cover', 'and', 'cook', 'until', 'fish', 'is', 'just', 'opaque', 'in', 'center', '4', 'to', '5', 'minutes', 'divide', 'gazpacho', 'sauce', 'among', '4', 'plates', 'top', 'each', 'with', '1', 'fish', 'fillet', 'scatter', 'tomatoes', 'atop', 'and', 'around', 'fish', 'and', 'serve']","['combine', 'cucumber', 'onions', 'cilantro', 'oil', 'vinegar', 'chiles', 'processor', 'using', 'on/off', 'turns', 'blend', 'mixture', 'finely', 'chopped', 'transfer', 'bowl', 'season', 'vinegar', 'desired', 'salt', 'black', 'pepper', 'sprinkle', 'fish', 'fillets', 'sides', 'salt', 'pepper', 'cumin', 'heat', 'remaining', 'oil', 'large', 'nonstick', 'skillet', 'medium', 'high', 'heat', 'add', 'fish', 'cook', 'turn', 'cover', 'cook', 'fish', 'opaque', 'center', 'divide', 'gazpacho', 'sauce', 'among', 'plates', 'top', 'fish', 'fillet', 'scatter', 'tomatoes', 'atop', 'around', 'fish', 'serve']",Italian
10116,"['heat', 'oil', 'in', 'a', 'wok', 'add', 'mustard', 'seeds', 'curry', 'leaves', 'chillies', 'and', 'onion', 'once', 'onions', 'turn', 'slightly', 'brown', 'add', 'in', 'the', 'cooked', 'rice', 'stir', 'well', 'add', 'fresh', 'lemon', 'juice', 'salt', 'lemon', 'grass', 'and', 'mixed', 'masala', 'powder', 'keep', 'mixing', 'until', 'the', 'rice', 'is', 'covered', 'in', 'the', 'aromatic', 'ingredients', 'garnish', 'with', 'fresh', 'corriander', 'leaves', 'and', 'serve', 'hot']","['heat', 'oil', 'wok', 'add', 'mustard', 'seeds', 'curry', 'leaves', 'chillies', 'onion', 'onions', 'turn', 'slightly', 'brown', 'add', 'cooked', 'rice', 'stir', 'well', 'add', 'fresh', 'lemon', 'juice', 'salt', 'lemon', 'grass', 'mixed', 'masala', 'powder', 'keep', 'mixing', 'rice', 'covered', 'aromatic', 'ingredients', 'garnish', 'fresh', 'corriander', 'leaves', 'serve', 'hot']",Indian
4815,"['mix', 'breadcrumbs', 'and', 'cheese', 'coat', 'chicken', 'slices', 'with', 'breadcrumb', 'mixture', 'on', 'both', 'sides', 'heat', 'olive', 'oil', 'in', 'skillet', 'to', 'medium', 'heat', 'add', 'chicken', 'pieces', 'and', 'cook', 'until', 'golden', 'brown', 'set', 'aside', 'and', 'keep', 'warm', 'add', 'tomatoes', 'garlic', 'olives', 'vinegar', 'and', 'pepper', 'flakes', 'and', 'half', 'cup', 'of', 'liquid', 'from', 'tomatoes', 'cook', 'until', 'slightly', 'thickened', 'and', 'add', 'basil']","['mix', 'breadcrumbs', 'cheese', 'coat', 'chicken', 'slices', 'breadcrumb', 'mixture', 'sides', 'heat', 'olive', 'oil', 'skillet', 'medium', 'heat', 'add', 'chicken', 'pieces', 'cook', 'golden', 'brown', 'set', 'aside', 'keep', 'warm', 'add', 'tomatoes', 'garlic', 'olives', 'vinegar', 'pepper', 'flakes', 'half', 'liquid', 'tomatoes', 'cook', 'slightly', 'thickened', 'add', 'basil']",Italian
974,"['heat', 'oil', 'in', 'a', 'medium', 'nonstick', 'skillet', 'pound', 'chicken', 'breast', 'until', 'it', 'is', 'an', 'even', 'thickness', 'add', 'chicken', 'to', 'skillet', 'and', 'cook', 'for', '3-4', 'minutes', 'on', 'each', 'side', 'guideline', 'on', 'the', 'first', 'side', 'cook', 'until', 'the', 'meat', 'appears', 'white', 'nearly', 'all', 'the', 'way', 'through', 'with', 'just', 'a', 'touch', 'of', 'pink', 'remaining', 'at', 'the', 'top', 'then', 'turn', 'over', 'and', 'cook', 'for', 'the', 'same', 'amount', 'of', 'time', 'again.', 'remove', 'chicken', 'from', 'skillet', 'and', 'set', 'aside', 'sautee', 'onion', 'and', 'garlic', 'for', 'about', 'one', 'minute', 'adding', 'more', 'oil', 'to', 'the', 'pan', 'if', 'necessary', 'to', 'prevent', 'burning', 'add', 'remaining', 'ingredients', 'and', 'simmer', 'for', '3-4', 'minutes', 'while', 'you', 'cut', 'the', 'chicken', 'into', 'strips', 'to', 'serve', 'place', 'one', 'cup', 'of', 'pasta', 'on', 'each', 'plate', 'cover', 'with', 'half', 'of', 'the', 'sauce', 'put', 'half', 'of', 'the', 'chicken', 'on', 'top', 'of', 'the', 'sauce', 'sprinkle', 'half', 'of', 'the', 'feta', 'cheese', 'over', 'everything', 'serve', 'with', 'soft', 'roll', 'or', 'bread', 'stick', 'if', 'desired']","['heat', 'oil', 'medium', 'nonstick', 'skillet', 'chicken', 'breast', 'even', 'thickness', 'add', 'chicken', 'skillet', 'cook', 'side', 'guideline', 'first', 'side', 'cook', 'meat', 'appears', 'white', 'nearly', 'way', 'touch', 'pink', 'remaining', 'top', 'turn', 'cook', 'amount', 'time', 'again.', 'remove', 'chicken', 'skillet', 'set', 'aside', 'sautee', 'onion', 'garlic', 'one', 'adding', 'oil', 'pan', 'necessary', 'prevent', 'burning', 'add', 'remaining', 'ingredients', 'simmer', 'cut', 'chicken', 'strips', 'serve', 'place', 'one', 'pasta', 'plate', 'cover', 'half', 'sauce', 'put', 'half', 'chicken', 'top', 'sauce', 'sprinkle', 'half', 'feta', 'cheese', 'everything', 'serve', 'soft', 'roll', 'bread', 'stick', 'desired']",Italian
12314,"['wash', 'the', 'potatoes', 'and', 'prick', 'them', 'with', 'a', 'fork', 'deep', 'fry', 'them', 'in', 'hot', 'oil', 'until', 'lightly', 'brown', 'on', 'either', 'side', 'keep', 'aside', 'heat', 'oil', 'in', 'a', 'pot', 'add', 'spring', 'onions', 'and', 'garlic', 'stir-fry', 'until', 'the', 'onions', 'are', 'soft', 'and', 'the', 'raw', 'smell', 'of', 'garlic', 'is', 'gone', 'remove', 'from', 'heat', 'combine', 'in', 'a', 'bowl', 'mix', 'well', 'and', 'adjust', 'seasoning', 'as', 'you', 'desire', 'enjoy']","['wash', 'potatoes', 'prick', 'fork', 'deep', 'fry', 'hot', 'oil', 'lightly', 'brown', 'either', 'side', 'keep', 'aside', 'heat', 'oil', 'pot', 'add', 'spring', 'onions', 'garlic', 'stir', 'fry', 'onions', 'soft', 'raw', 'smell', 'garlic', 'gone', 'remove', 'heat', 'combine', 'bowl', 'mix', 'well', 'adjust', 'seasoning', 'desire', 'enjoy']",Indian
5322,"['remove', 'outer', 'leaves', 'and', 'break', 'cauliflower', 'into', 'flowerets', 'arrange', 'cauliflower', 'in', 'a', 'steaming', 'rack', 'place', 'over', 'boiling', 'water', 'cover', 'and', 'steam', 'for', '5-8', 'minutes', 'or', 'until', 'it', 'reaches', 'the', 'tenderness', 'that', 'you', 'like', 'transfer', 'to', 'a', 'serving', 'dish', 'and', 'keep', 'warm', 'combine', 'the', 'remaining', 'ingredients', 'in', 'a', 'saucepan', 'and', 'cook', 'over', 'medium', 'heat', 'until', 'hot', 'pour', 'this', 'mixture', 'over', 'cauliflower', 'and', 'toss']","['remove', 'outer', 'leaves', 'break', 'cauliflower', 'flowerets', 'arrange', 'cauliflower', 'steaming', 'rack', 'place', 'boiling', 'water', 'cover', 'steam', 'reaches', 'tenderness', 'like', 'transfer', 'serving', 'dish', 'keep', 'warm', 'combine', 'remaining', 'ingredients', 'saucepan', 'cook', 'medium', 'heat', 'hot', 'pour', 'mixture', 'cauliflower', 'toss']",Italian
2633,"['preheat', 'a', 'greased', 'barbecue', 'plate', 'on', 'medium', 'heat', 'cook', 'sausages', 'turning', 'occasionally', 'for', '8', 'to', '12', 'minutes', 'or', 'until', 'cooked', 'through', 'transfer', 'to', 'a', 'board', 'slice', 'diagonally', 'set', 'aside', 'for', '15', 'minutes', 'to', 'cool', 'meanwhile', 'cook', 'green', 'beans', 'in', 'a', 'saucepan', 'of', 'boiling', 'water', 'for', '2', 'minutes', 'or', 'until', 'bright', 'green', 'drain', 'refresh', 'in', 'cold', 'water', 'pat', 'dry', 'and', 'allow', 'to', 'cool', 'combine', 'all', 'beans', 'tomatoes', 'parsley', 'and', 'sausages', 'on', 'a', 'serving', 'platter', 'whisk', 'oil', 'vinegar', 'and', 'salt', 'and', 'pepper', 'in', 'a', 'small', 'bowl', 'whisk', 'until', 'well', 'combined', 'drizzle', 'dressing', 'over', 'salad', 'toss', 'to', 'combine', 'serve', 'with', 'crusty', 'bread']","['preheat', 'greased', 'barbecue', 'plate', 'medium', 'heat', 'cook', 'sausages', 'turning', 'occasionally', 'cooked', 'transfer', 'board', 'slice', 'diagonally', 'set', 'aside', 'cool', 'meanwhile', 'cook', 'green', 'beans', 'saucepan', 'boiling', 'water', 'bright', 'green', 'drain', 'refresh', 'cold', 'water', 'pat', 'dry', 'allow', 'cool', 'combine', 'beans', 'tomatoes', 'parsley', 'sausages', 'serving', 'platter', 'whisk', 'oil', 'vinegar', 'salt', 'pepper', 'small', 'bowl', 'whisk', 'well', 'combined', 'drizzle', 'dressing', 'salad', 'toss', 'combine', 'serve', 'crusty', 'bread']",Italian
729,"['cook', 'fusilli', 'according', 'to', 'package', 'directions', 'drain', 'in', 'large', 'saucepan', 'melt', 'butter', 'stir', 'in', 'flour', 'salt', 'and', 'pepper', 'blend', 'in', 'milk', 'with', 'a', 'whisk', 'and', 'cook', 'stirring', 'constantly', 'until', 'thickened', 'and', 'bubbly', 'stir', 'in', 'cheese', 'parsley', 'bacon', 'tomato', 'and', 'pasta', 'toss', 'to', 'coat', 'heat', 'through', 'and', 'serve', 'immediately']","['cook', 'fusilli', 'according', 'package', 'directions', 'drain', 'large', 'saucepan', 'melt', 'butter', 'stir', 'flour', 'salt', 'pepper', 'blend', 'milk', 'whisk', 'cook', 'stirring', 'constantly', 'thickened', 'bubbly', 'stir', 'cheese', 'parsley', 'bacon', 'tomato', 'pasta', 'toss', 'coat', 'heat', 'serve', 'immediately']",Italian
8689,"['for', 'the', 'filling', 'in', 'a', 'skillet', 'over', 'medium', 'heat', 'melt', 'ghee', 'add', 'garlic', 'and', 'saute', '1', 'minute', 'then', 'add', 'saffron', 'cumin', 'and', 'saute', '1', 'minute', 'more', 'add', 'chickpeas', 'water', 'and', 'a', 'pinch', 'of', 'salt', 'allow', 'all', 'to', 'simmer', 'until', 'water', 'has', 'evaporated', 'season', 'with', 'salt', 'and', 'pepper', 'to', 'taste', 'cool', 'and', 'puree', 'in', 'food', 'processor', 'for', 'the', 'rotis', 'sift', 'flour', 'baking', 'powder', 'and', 'salt', 'together', 'in', 'a', 'large', 'bowl', 'add', 'ghee', 'and', 'enough', 'water', 'until', 'a', 'nice', 'soft', 'dough', 'forms', 'not', 'too', 'dry', 'allow', 'to', 'rest', 'for', '10', 'minutes', 'and', 'cut', 'dough', 'into', '8', 'or', '10', 'parts', 'and', 'form', 'balls', 'again', 'let', 'dough', 'rest', 'for', '2', 'minutes', 'make', 'a', 'well', 'in', 'the', 'center', 'of', 'a', 'ball', 'put', '3', 'to', '4', 'teaspoons', 'of', 'filling', 'in', 'the', 'whole', 'and', 'pinch', 'closing', 'the', 'well', 'repeat', 'with', 'rest', 'of', 'the', 'balls', 'tuck', 'extra', 'dough', 'under', 'put', 'on', 'floured', 'board', 'and', 'roll', 'out', 'into', '8', 'to', '10-inch', 'disks', 'brush', 'top', 'with', 'melted', 'ghee', 'or', 'vegetable', 'oil', 'heat', 'a', 'griddle', 'to', 'a', 'medium', 'heat', 'and', 'brush', 'with', 'ghee', 'or', 'vegetable', 'oil', 'cook', 'dough', 'on', '1', 'side', 'for', 'about', '2', 'minutes', 'brush', 'top', 'with', 'ghee', 'or', 'vegetable', 'oil', 'and', 'flip', 'disk', 'to', 'cook', 'the', 'other', 'side', 'for', 'about', '1', 'minute', 'serve', 'warm', 'to', 'make', 'ghee', 'cut', '1', 'lb', 'unsalted', 'butter', 'into', 'chunks', 'and', 'place', 'in', 'a', 'heavy', 'bottomed', 'saucepan', 'and', 'into', 'a', 'preheated', '300', 'degree', 'f', 'oven', 'for', '1', '1/2', 'to', '2', 'hours', 'skim', 'foam', 'from', 'top', 'and', 'pour', 'the', 'liquid', 'into', 'a', 'glass', 'jar', 'leaving', 'behind', 'any', 'milk', 'solids', 'on', 'the', 'bottom', 'of', 'the', 'pot', 'this', 'is', 'good', 'for', '6', 'months', 'kept', 'in', 'the', 'refrigerator']","['filling', 'skillet', 'medium', 'heat', 'melt', 'ghee', 'add', 'garlic', 'saute', 'add', 'saffron', 'cumin', 'saute', 'add', 'chickpeas', 'water', 'pinch', 'salt', 'allow', 'simmer', 'water', 'evaporated', 'season', 'salt', 'pepper', 'taste', 'cool', 'puree', 'food', 'processor', 'rotis', 'sift', 'flour', 'baking', 'powder', 'salt', 'together', 'large', 'bowl', 'add', 'ghee', 'enough', 'water', 'nice', 'soft', 'dough', 'forms', 'dry', 'allow', 'rest', 'cut', 'dough', 'parts', 'form', 'balls', 'let', 'dough', 'rest', 'make', 'well', 'center', 'ball', 'put', 'filling', 'whole', 'pinch', 'closing', 'well', 'repeat', 'rest', 'balls', 'tuck', 'extra', 'dough', 'put', 'floured', 'board', 'roll', '10', 'inch', 'disks', 'brush', 'top', 'melted', 'ghee', 'vegetable', 'oil', 'heat', 'griddle', 'medium', 'heat', 'brush', 'ghee', 'vegetable', 'oil', 'cook', 'dough', 'side', 'brush', 'top', 'ghee', 'vegetable', 'oil', 'flip', 'disk', 'cook', 'side', 'serve', 'warm', 'make', 'ghee', 'cut', 'unsalted', 'butter', 'chunks', 'place', 'heavy', 'bottomed', 'saucepan', 'preheated', 'f', 'oven', 'skim', 'foam', 'top', 'pour', 'liquid', 'glass', 'jar', 'leaving', 'behind', 'milk', 'solids', 'bottom', 'pot', 'good', 'months', 'kept', 'refrigerator']",Indian
8159,"['mix', 'all', 'in', 'a', 'blender', 'keep', 'in', 'refrigerator', 'to', 'serve', 'cold', 'otherwise', 'add', 'over', 'ice', 'but', 'that', 'will', 'dilute', 'the', 'taste', 'and', 'not', 'be', 'as', 'flavorful', 'shake', 'before', 'pouring']","['mix', 'blender', 'keep', 'refrigerator', 'serve', 'cold', 'otherwise', 'add', 'ice', 'dilute', 'taste', 'flavorful', 'shake', 'pouring']",Indian
8576,"['if', 'using', 'raw', 'beef', 'freeze', '20', 'minutes', 'and', 'slice', 'paper-thin', 'i', 'would', 'buy', 'beef', 'sliced', 'for', 'bulgogi', 'rub', 'the', 'beef', 'with', 'the', 'vinegar', '1', 'tsp', 'salt', 'and', '1/2', 'tsp', 'turmeric', 'with', 'leftover', 'roast', 'i', 'omitted', 'the', 'salt', 'but', 'used', 'the', 'turmeric', 'and', 'vinegar', 'i', 'also', 'sliced', 'it', 'somewhat', 'thicker', 'bring', 'the', 'whole', 'potatoes', 'to', 'a', 'boil', 'in', 'slightly', 'salted', 'water', 'to', 'cover', 'boil', 'for', '5', 'minutes', 'then', 'remove', 'from', 'heat', 'and', 'let', 'sit', 'in', 'the', 'hot', 'water', 'for', '15', 'minutes', 'the', 'potatoes', 'will', 'be', 'perfectly', 'done', 'or', 'cook', 'potatoes', 'by', 'your', 'preferred', 'method', 'peel', 'the', 'potatoes', 'and', 'cut', 'into', '6', 'to', '8', 'wedges', 'each', 'coat', 'with', 'the', 'remaining', '1/4', 'tsp', 'turmeric', 'and', '1/4', 'tsp', 'salt', 'heat', '3', 'tbl', 'oil', 'in', 'a', 'large', 'wok', 'and', 'fry', 'the', 'onion', 'and', 'ginger', 'until', 'slightly', 'softened', 'add', 'the', 'cayenne', 'and', 'the', 'marinated', 'beef', 'i', 'also', 'added', 'the', 'marinade', 'cook', 'over', 'high', 'heat', 'for', '5', 'to', '8', 'minutes', 'or', 'until', 'tender', 'if', 'not', 'sufficiently', 'tender', 'add', '1/2', 'cup', 'water', 'and', 'cook', 'over', 'medium-low', 'heat', 'until', 'it', ""'s"", 'done', 'to', 'your', 'likeness', 'with', 'the', 'leftover', 'roast', 'you', 'really', 'just', 'want', 'to', 'get', 'it', 'warmed', 'through', 'so', 'watch', 'your', 'cooking', 'time', 'meanwhile', 'heat', 'the', 'remaining', '3', 'tbl', 'oil', 'in', 'a', 'large', 'skillet', 'and', 'gently', 'fry', 'the', 'potato', 'wedges', 'over', 'low', 'heat', 'i', 'used', 'medium', 'heat', 'until', 'golden', 'brown', 'and', 'crisp', 'serve', 'meat', 'with', 'the', 'potato', 'wedges', 'to', 'be', 'authentically', 'anglo-indian', 'serve', 'some', 'ketchup', 'on', 'the', 'side']","['using', 'raw', 'beef', 'freeze', 'slice', 'paper', 'thin', 'would', 'buy', 'beef', 'sliced', 'bulgogi', 'rub', 'beef', 'vinegar', 'salt', 'turmeric', 'leftover', 'roast', 'omitted', 'salt', 'used', 'turmeric', 'vinegar', 'also', 'sliced', 'somewhat', 'thicker', 'bring', 'whole', 'potatoes', 'boil', 'slightly', 'salted', 'water', 'cover', 'boil', 'remove', 'heat', 'let', 'sit', 'hot', 'water', 'potatoes', 'perfectly', 'done', 'cook', 'potatoes', 'preferred', 'method', 'peel', 'potatoes', 'cut', 'wedges', 'coat', 'remaining', 'turmeric', 'salt', 'heat', 'tbl', 'oil', 'large', 'wok', 'fry', 'onion', 'ginger', 'slightly', 'softened', 'add', 'cayenne', 'marinated', 'beef', 'also', 'added', 'marinade', 'cook', 'high', 'heat', 'tender', 'sufficiently', 'tender', 'add', 'water', 'cook', 'medium', 'low', 'heat', 'done', 'likeness', 'leftover', 'roast', 'really', 'want', 'get', 'warmed', 'watch', 'cooking', 'time', 'meanwhile', 'heat', 'remaining', 'tbl', 'oil', 'large', 'skillet', 'gently', 'fry', 'potato', 'wedges', 'low', 'heat', 'used', 'medium', 'heat', 'golden', 'brown', 'crisp', 'serve', 'meat', 'potato', 'wedges', 'authentically', 'anglo', 'indian', 'serve', 'ketchup', 'side']",Indian
2512,"['pour', 'whipping', 'cream', 'into', 'a', 'heavy', 'glass', 'bowl', 'submerge', 'in', 'water', 'up', 'to', 'the', 'level', 'of', 'the', 'cream', 'in', 'the', 'bowl', 'in', 'a', 'saucepan', 'bring', 'water', 'to', 'a', 'boil', 'over', 'medium-high', 'heat', 'until', 'cream', 'reaches', '190', 'degrees', 'just', 'below', 'the', 'boiling', 'point', 'it', 'will', 'be', 'very', 'frothy', 'and', 'steamy', 'stirring', 'frequently', 'i', 'had', 'a', 'little', 'trouble', 'getting', 'mine', 'quite', 'that', 'hot', 'so', 'i', 'popped', 'the', 'bowl', 'in', 'the', 'microwave', 'for', 'a', 'few', 'seconds', 'keeping', 'bowl', 'in', 'the', 'water', 'pour', 'in', 'lemon', 'juice', 'and', 'stir', 'continuously', 'until', 'cream', 'becomes', 'very', 'thick', 'and', 'coats', 'the', 'back', 'of', 'a', 'spoon', 'about', '5-10', 'minutes', 'remove', 'from', 'heat', 'and', 'allow', 'to', 'cool', 'for', '20', 'minutes', 'line', 'a', 'fine-mesh', 'strainer', 'or', 'sieve', 'with', 'a', 'coffee', 'filter', 'you', ""'ll"", 'need', 'more', 'than', 'one', 'if', 'you', 'double', 'the', 'recipe', 'and', 'suspend', 'over', 'a', 'bowl', 'pour', 'in', 'thickened', 'cream', 'once', 'cream', 'cools', 'completely', 'move', 'the', 'strainer', 'and', 'bowl', 'to', 'the', 'refrigerator', '24', 'hours', 'later', 'peel', 'off', 'the', 'coffee', 'filter', 'and', 'put', 'your', 'finished', 'cheese', 'in', 'a', 'container', 'or', 'if', 'you', ""'re"", 'impatient', 'and', 'do', ""n't"", 'mind', 'it', 'a', 'bit', 'less', 'firm', 'you', 'can', 'remove', 'it', 'sooner', 'makes', 'about', '6', 'oz']","['pour', 'whipping', 'cream', 'heavy', 'glass', 'bowl', 'submerge', 'water', 'level', 'cream', 'bowl', 'saucepan', 'bring', 'water', 'boil', 'medium', 'high', 'heat', 'cream', 'reaches', 'boiling', 'point', 'frothy', 'steamy', 'stirring', 'frequently', 'little', 'trouble', 'getting', 'mine', 'quite', 'hot', 'popped', 'bowl', 'microwave', 'seconds', 'keeping', 'bowl', 'water', 'pour', 'lemon', 'juice', 'stir', 'continuously', 'cream', 'becomes', 'thick', 'coats', 'back', 'spoon', 'remove', 'heat', 'allow', 'cool', 'line', 'fine', 'mesh', 'strainer', 'sieve', 'coffee', 'filter', 'need', 'one', 'double', 'recipe', 'suspend', 'bowl', 'pour', 'thickened', 'cream', 'cream', 'cools', 'completely', 'move', 'strainer', 'bowl', 'refrigerator', 'later', 'peel', 'coffee', 'filter', 'put', 'finished', 'cheese', 'container', 'impatient', 'mind', 'bit', 'less', 'firm', 'remove', 'sooner', 'makes']",Italian
6189,"['cook', 'the', 'sauce', 'down', 'to', 'be', 'a', 'little', 'thickness', 'not', 'runny', 'that', 'way', 'can', 'do', 'the', ""'taste"", 'test', 'while', 'simmer', 'do', 'not', 'boil.that', 'usually', 'takes', 'a', 'hour', 'or', 'so', 'but', 'do', 'not', 'make', 'it', 'too', 'thick', 'usually', 'by', 'the', 'time', 'all', 'the', 'other', 'stuff', 'is', 'done', 'it', 'has', 'cooled', 'down', 'to', 'warm', 'if', 'you', 'prep', 'ahead', 'of', 'course', 'cold', 'is', 'good', 'may', 'take', 'longer', 'in', 'oven', 'prep', 'find', 'a', 'willing', 'volunteer', 'to', 'do', 'the', '‘', 'mise', 'en', 'place', '’', 'shredding', 'keep', 'each', 'cheese', 'in', 'separate', 'place', 'do', 'not', 'mix', 'up', 'i', 'do', 'not', 'cook', 'the', 'lasagna', 'pasta', 'place', 'in', 'pan', 'dry', 'start', 'with', 'sauce', 'on', 'bottom', 'pasta', 'sprinkle', 'with', 'motz', 'jack', 'cheddar', 'longhorn', 'sauce', 'pasta', 'middle', 'should', 'be', 'about', 'now', '...', 'sauce', 'layer', 'on', 'slices', 'of', 'provolone', 'top', 'this', 'with', 'the', 'sausage', '...', 'add', 'the', 'parmesan', 'and', 'romano', '...', 'then', 'little', 'more', 'sauce', 'pasta', 'then', 'follow', 'up', 'with', 'the', 'rest', 'of', 'layers', 'listed', 'in', 'order', 'above', 'save', 'some', 'parmesan', 'for', 'the', 'top', 'spray', 'pan', 'i', 'have', 'used', 'the', '9x12', 'but', 'then', 'the', 'pasta', 'curls', 'out', 'on', 'edges', 'and', 'u', 'have', 'to', 'cut', 'back', 'on', 'the', 'cheeses', 'sauce', '...', 'usually', 'a', 'pan', 'used', 'for', 'lasagna', 'maybe', '14', '’', '...', 'pasta', 'will', 'look', 'strange', 'because', 'they', 'are', 'dry', 'but', 'will', 'expand', 'and', 'absorb', 'the', 'juices', '...', 'bake', '350', 'degrees', 'foil', 'top', 'approx', '45', 'min', '...', 'please', 'check', 'and', 'make', 'sure', 'foil', 'is', 'loose', 'so', 'as', 'no', 'cheese', 'sticks', 'when', 'removed', 'remove', 'with', 'care', '...', 'its', 'pretty', 'heavy', 'but', '‘', 'dee-lish-eee-ooh-soo', '’', '...', 'vjk']","['cook', 'sauce', 'little', 'thickness', 'runny', 'way', ""'taste"", 'test', 'simmer', 'boil.that', 'usually', 'takes', 'make', 'thick', 'usually', 'time', 'stuff', 'done', 'cooled', 'warm', 'prep', 'ahead', 'course', 'cold', 'good', 'may', 'take', 'longer', 'oven', 'prep', 'find', 'willing', 'volunteer', '‘', 'mise', 'en', 'place', '’', 'shredding', 'keep', 'cheese', 'separate', 'place', 'mix', 'cook', 'lasagna', 'pasta', 'place', 'pan', 'dry', 'start', 'sauce', 'bottom', 'pasta', 'sprinkle', 'motz', 'jack', 'cheddar', 'longhorn', 'sauce', 'pasta', 'middle', 'sauce', 'layer', 'slices', 'provolone', 'top', 'sausage', 'add', 'parmesan', 'romano', 'little', 'sauce', 'pasta', 'follow', 'rest', 'layers', 'listed', 'order', 'save', 'parmesan', 'top', 'spray', 'pan', 'used', '9x12', 'pasta', 'curls', 'edges', 'u', 'cut', 'back', 'cheeses', 'sauce', 'usually', 'pan', 'used', 'lasagna', 'maybe', '’', 'pasta', 'look', 'strange', 'dry', 'expand', 'absorb', 'juices', 'bake', 'foil', 'top', 'approx', 'min', 'please', 'check', 'make', 'sure', 'foil', 'loose', 'cheese', 'sticks', 'removed', 'remove', 'care', 'pretty', 'heavy', '‘', 'dee', 'lish', 'eee', 'ooh', 'soo', '’', 'vjk']",Italian
8857,"['in', 'a', 'heavy', 'bottom', 'pan', 'add', 'grated', 'bottle', 'gourd', '3', 'cups', 'of', 'whole', 'milk', 'mix', 'well', 'bring', 'it', 'to', 'boil', 'cook', 'until', 'milk', 'is', 'reduced', 'to', 'to', 'less', 'than', 'half', 'and', 'mixture', 'turns', 'thick', 'stir', 'to', 'avoid', 'burning', 'add', 'saffron', 'soaked', 'milk', 'khova', 'and', 'sugar', 'mix', 'very', 'well', 'cook', 'until', 'barfi', 'mixture', 'comes', 'together', 'to', 'form', 'a', 'lump', 'add', 'rose', 'water', 'and', 'cardamom', 'powder', 'mix', 'well', 'cook', 'until', 'mixture', 'starts', 'leaving', 'the', 'pan', 'and', 'forms', 'a', 'soft', 'ball', 'place', 'the', 'on', 'plate', 'greased', 'with', 'little', 'ghee.allow', 'it', 'to', 'cool', 'and', 'set', 'well', 'refrigerate', 'once', 'set', 'cut', 'in', 'desired', 'shape', 'and', 'size', 'garnish', 'with', 'slivered', 'almonds', 'pistachios', 'and', 'saffron', 'strands', 'barfi', 'stays', 'swell', 'for', '4', 'days', 'in', 'clean', 'airtight', 'container', 'under', 'refrigeration', 'enjoy', 'this', 'delicious', 'lauki', 'ki', 'barfi']","['heavy', 'bottom', 'pan', 'add', 'grated', 'bottle', 'gourd', 'whole', 'milk', 'mix', 'well', 'bring', 'boil', 'cook', 'milk', 'reduced', 'less', 'half', 'mixture', 'turns', 'thick', 'stir', 'avoid', 'burning', 'add', 'saffron', 'soaked', 'milk', 'khova', 'sugar', 'mix', 'well', 'cook', 'barfi', 'mixture', 'comes', 'together', 'form', 'lump', 'add', 'rose', 'water', 'cardamom', 'powder', 'mix', 'well', 'cook', 'mixture', 'starts', 'leaving', 'pan', 'forms', 'soft', 'ball', 'place', 'plate', 'greased', 'little', 'ghee.allow', 'cool', 'set', 'well', 'refrigerate', 'set', 'cut', 'desired', 'shape', 'size', 'garnish', 'slivered', 'almonds', 'pistachios', 'saffron', 'strands', 'barfi', 'stays', 'swell', 'days', 'clean', 'airtight', 'container', 'refrigeration', 'enjoy', 'delicious', 'lauki', 'ki', 'barfi']",Indian
4273,"['in', 'a', 'large', 'pot', 'over', 'high', 'heat', 'saute', 'onion', 'in', 'the', 'olive', 'oil', 'for', '2', 'minutes', 'stirring', 'constantly', 'add', 'in', 'the', 'celery', 'and', 'red', 'and', 'green', 'bell', 'peppers', 'stir', 'and', 'saute', 'for', '2', 'minutes', 'add', 'in', 'the', 'garlic', 'crushed', 'red', 'pepper', 'flakes', 'oregano', 'basil', 'and', 'marjoram', 'stir', 'to', 'mix', 'reduce', 'the', 'heat', 'cover', 'and', 'cook', 'for', '2', 'minutes', 'add', 'in', 'the', 'clam', 'juice', 'tomatoes', 'and', 'wine', 'cover', 'and', 'simmer', 'for', '15', 'minutes', 'add', 'the', 'scallops', 'and', 'shrimp', 'cook', 'and', 'stir', 'for', 'about', '4', 'minutes', 'or', 'until', 'the', 'scallops', 'are', 'no', 'longer', 'opaque', 'and', 'the', 'shrimp', 'are', 'pink', 'add', 'in', 'the', 'lemon', 'juice', 'salt', 'and', 'pepper', 'to', 'taste', 'stir', 'to', 'combine', 'ladle', 'stew', 'into', 'individual', 'serving', 'bowls', 'sprinkle', 'capers', 'and', 'chopped', 'black', 'olives', 'on', 'top', 'if', 'desired']","['large', 'pot', 'high', 'heat', 'saute', 'onion', 'olive', 'oil', 'stirring', 'constantly', 'add', 'celery', 'red', 'green', 'bell', 'peppers', 'stir', 'saute', 'add', 'garlic', 'crushed', 'red', 'pepper', 'flakes', 'oregano', 'basil', 'marjoram', 'stir', 'mix', 'reduce', 'heat', 'cover', 'cook', 'add', 'clam', 'juice', 'tomatoes', 'wine', 'cover', 'simmer', 'add', 'scallops', 'shrimp', 'cook', 'stir', 'scallops', 'longer', 'opaque', 'shrimp', 'pink', 'add', 'lemon', 'juice', 'salt', 'pepper', 'taste', 'stir', 'combine', 'ladle', 'stew', 'individual', 'serving', 'bowls', 'sprinkle', 'capers', 'chopped', 'black', 'olives', 'top', 'desired']",Italian
2475,"['in', 'a', 'large', 'skillet', 'slowly', 'warm', 'the', 'olive', 'oil', 'and', 'garlic', 'until', 'the', 'garlic', 'sizzles', 'saute', 'over', 'low', 'heat', 'just', 'until', 'the', 'garlic', 'begins', 'to', 'color', 'remove', 'the', 'garlic', 'begin', 'adding', 'spinach', 'to', 'the', 'pan', 'tossing', 'to', 'coat', 'with', 'oil', 'and', 'seasoning', 'with', 'salt', 'pepper', 'as', 'you', 'go', 'as', 'it', 'cooks', 'down', 'continue', 'to', 'add', 'more', 'until', 'it', 'is', 'all', 'cooked', 'down', 'you', 'may', 'add', 'the', 'garlic', 'back', 'in', 'either', 'as', 'is', 'or', 'mashed', 'if', 'you', 'want', 'to', 'freeze', 'in', 'zipper', 'bags']","['large', 'skillet', 'slowly', 'warm', 'olive', 'oil', 'garlic', 'garlic', 'sizzles', 'saute', 'low', 'heat', 'garlic', 'begins', 'color', 'remove', 'garlic', 'begin', 'adding', 'spinach', 'pan', 'tossing', 'coat', 'oil', 'seasoning', 'salt', 'pepper', 'go', 'cooks', 'continue', 'add', 'cooked', 'may', 'add', 'garlic', 'back', 'either', 'mashed', 'want', 'freeze', 'zipper', 'bags']",Italian
3082,"['cook', 'pasta', 'in', 'boiling', 'salted', 'water', 'according', 'to', 'package', 'directions', 'until', 'al', 'dente', 'meanwhile', 'in', 'a', 'large', 'skillet', 'heat', 'olive', 'oil', 'and', 'saute', 'sausage', 'and', 'garlic', 'together', 'until', 'sausage', 'is', 'browned', 'stir', 'in', 'escarole', 'and', 'cook', 'until', 'wilted', 'stir', 'in', 'chicken', 'broth', 'cover', 'and', 'simmer', 'for', 'about', '10', 'minutes', 'add', 'drained', 'cooked', 'pasta', 'beans', 'and', 'parmesan', 'cheese', 'to', 'skillet', 'and', 'stir', 'over', 'low', 'heat', 'for', 'about', '5', 'minutes', 'until', 'juices', 'thicken', 'serve', 'topped', 'with', 'additional', 'grated', 'parmesan', 'cheese', 'note', 'if', 'you', 'can', 'not', 'find', 'the', 'escarole', 'in', 'a', 'sack', 'use', '1', 'bunch', 'of', 'fresh', 'escarole', 'chopped']","['cook', 'pasta', 'boiling', 'salted', 'water', 'according', 'package', 'directions', 'al', 'dente', 'meanwhile', 'large', 'skillet', 'heat', 'olive', 'oil', 'saute', 'sausage', 'garlic', 'together', 'sausage', 'browned', 'stir', 'escarole', 'cook', 'wilted', 'stir', 'chicken', 'broth', 'cover', 'simmer', 'add', 'drained', 'cooked', 'pasta', 'beans', 'parmesan', 'cheese', 'skillet', 'stir', 'low', 'heat', 'juices', 'thicken', 'serve', 'topped', 'additional', 'grated', 'parmesan', 'cheese', 'note', 'find', 'escarole', 'sack', 'use', 'bunch', 'fresh', 'escarole', 'chopped']",Italian
10072,"['combine', 'lemon', 'juice', '1', 'tsp', 'salt', 'and', 'fish', 'allow', 'to', 'marinate', 'outside', 'refrigerator', 'for', 'about', '10', 'minutes', 'seed', 'core', 'and', 'chop', 'the', 'tomatoes', 'into', 'cubes', 'slice', 'onion', 'mince', 'jalepenos', 'puree', 'garlic', 'ginger', 'coconut', 'milk', 'coriander', 'cumin', 'sugar', 'pepper', 'cayenne', 'and', 'turmeric', 'in', 'a', 'blender', 'heat', 'oil', 'and', 'cook', 'onion', 'until', 'golden', 'add', 'tomato', 'and', 'cook', '5', 'minute', 'add', 'puree', 'jalepenos', 'water', 'and', 'remaining', '3/4', 'tsp', 'salt', 'and', 'bring', 'to', 'a', 'simmer', 'add', 'fish', 'and', '1', 'tbsp', 'of', 'the', 'marinade', 'and', 'simmer', 'until', 'fish', 'is', 'cooked']","['combine', 'lemon', 'juice', 'salt', 'fish', 'allow', 'marinate', 'outside', 'refrigerator', 'seed', 'core', 'chop', 'tomatoes', 'cubes', 'slice', 'onion', 'mince', 'jalepenos', 'puree', 'garlic', 'ginger', 'coconut', 'milk', 'coriander', 'cumin', 'sugar', 'pepper', 'cayenne', 'turmeric', 'blender', 'heat', 'oil', 'cook', 'onion', 'golden', 'add', 'tomato', 'cook', 'add', 'puree', 'jalepenos', 'water', 'remaining', 'salt', 'bring', 'simmer', 'add', 'fish', 'marinade', 'simmer', 'fish', 'cooked']",Indian
7584,"['for', 'the', 'chutney', 'prep', 'time', 'includes', 'marinating', 'chutney', 'you', 'can', 'make', 'the', 'night', 'before', 'mix', 'all', 'ingredients', 'and', 'allow', 'flavors', 'to', 'mingle', 'for', 'about', '3', 'hours-', 'if', 'you', 'are', 'in', 'a', 'pinch', 'it', ""'s"", 'fine', 'to', 'marinate', 'it', 'for', 'less', 'time', 'rinse', 'fillets', 'and', 'pat', 'dry-', 'make', 'sure', 'they', 'are', 'not', 'slippery', 'at', 'all', 'preheat', 'oven', 'to', '375°f', 'put', 'olive', 'oil', 'in', 'the', 'bottom', 'of', 'a', 'baking', 'dish', 'tilt', 'to', 'coat', 'bottom', 'combine', 'ginger', 'garlic', 'paste', 'with', 'tumeric', 'chili', 'powder', 'cumin', 'and', 'salt', 'and', 'rub', 'this', 'all', 'over', 'the', 'fillets', 'on', 'both', 'sides', 'take', 'each', 'fillet', 'and', 'place', 'about', '3', 'tablespoons', 'of', 'chutney', 'near', 'the', 'wide', 'end', 'and', 'roll', 'it', 'up', 'place', 'fillet', 'rolls', 'seam', 'side', 'down', 'in', 'the', 'oiled', 'dish', 'bake', 'in', 'preheated', 'oven', 'fish', 'are', 'done', 'when', 'they', 'flake', 'with', 'a', 'fork', 'about', '30', 'minutes', 'watch', 'closely', 'if', 'your', 'fillets', 'are', 'a', 'little', 'smaller', 'or', 'they', 'are', 'rolled', 'a', 'little', 'bigger', 'the', 'cooking', 'time', 'will', 'vary', 'serves', '4-', '8', 'depending', 'on', 'the', 'size', 'of', 'your', 'fillets-', 'we', 'serve', '2', 'per', 'person']","['chutney', 'prep', 'time', 'includes', 'marinating', 'chutney', 'make', 'night', 'mix', 'ingredients', 'allow', 'flavors', 'mingle', 'hours', 'pinch', 'fine', 'marinate', 'less', 'time', 'rinse', 'fillets', 'pat', 'dry', 'make', 'sure', 'slippery', 'preheat', 'oven', '375°f', 'put', 'olive', 'oil', 'bottom', 'baking', 'dish', 'tilt', 'coat', 'bottom', 'combine', 'ginger', 'garlic', 'paste', 'tumeric', 'chili', 'powder', 'cumin', 'salt', 'rub', 'fillets', 'sides', 'take', 'fillet', 'place', 'chutney', 'near', 'wide', 'end', 'roll', 'place', 'fillet', 'rolls', 'seam', 'side', 'oiled', 'dish', 'bake', 'preheated', 'oven', 'fish', 'done', 'flake', 'fork', 'watch', 'closely', 'fillets', 'little', 'smaller', 'rolled', 'little', 'bigger', 'cooking', 'time', 'vary', 'serves', 'depending', 'size', 'fillets', 'serve', 'per', 'person']",Indian
3529,"['in', 'a', 'large', 'skillet', 'cook', 'the', 'meat', 'onion', 'green', 'pepper', 'and', 'garlic', 'until', 'meat', 'is', 'brown', 'and', 'vegetables', 'are', 'tender', 'drain', 'off', 'fat', 'stir', 'in', 'tomatoes', 'tomato', 'paste', 'brown', 'sugar', 'oregano', 'salt', 'basil', 'thyme', 'and', 'bay', 'leaf', 'stir', 'in', 'water', 'pour', 'into', 'large', 'pot', 'one', 'that', 'is', 'wider', 'than', 'it', 'is', 'tall', 'bring', 'to', 'boiling', 'reduce', 'heat', 'simmer', 'uncovered', 'for', 'l1/2', 'to', '2', 'hours', 'or', 'till', 'sauce', 'is', 'of', 'desired', 'consistency', 'stirring', 'occasionally', 'the', 'thicker', 'the', 'better', 'add', 'lemon', 'juice', 'during', 'last', '5', 'minutes', 'of', 'simmering', 'remove', 'bay', 'leaf', 'serve', 'over', 'hot', 'cooked', 'pasta', 'pass', 'grated', 'parmesan', 'cheese', 'if', 'desired', 'makes', '6', 'servings']","['large', 'skillet', 'cook', 'meat', 'onion', 'green', 'pepper', 'garlic', 'meat', 'brown', 'vegetables', 'tender', 'drain', 'fat', 'stir', 'tomatoes', 'tomato', 'paste', 'brown', 'sugar', 'oregano', 'salt', 'basil', 'thyme', 'bay', 'leaf', 'stir', 'water', 'pour', 'large', 'pot', 'one', 'wider', 'tall', 'bring', 'boiling', 'reduce', 'heat', 'simmer', 'uncovered', 'l1/2', 'till', 'sauce', 'desired', 'consistency', 'stirring', 'occasionally', 'thicker', 'better', 'add', 'lemon', 'juice', 'last', 'simmering', 'remove', 'bay', 'leaf', 'serve', 'hot', 'cooked', 'pasta', 'pass', 'grated', 'parmesan', 'cheese', 'desired', 'makes', 'servings']",Italian
7057,"['in', 'a', 'wok/pan', 'add', 'okra', 'salt', 'tamarind', 'pulp', 'and', 'turmeric', '-this', 'prevents', 'the', 'okra', 'from', 'becoming', 'slimy', 'after', 'it', 'comes', 'to', 'a', 'boil', 'adjust', 'the', 'heat', 'to', 'medium', 'and', 'let', 'it', 'cook', 'through', 'ater', 'the', 'okra', 'is', 'soft', 'and', 'done', 'add', 'the', 'sambar', 'powder', 'ready', 'to', 'eat', 'vary', 'the', 'ingredients', 'according', 'to', 'your', 'own', 'taste', 'goes', 'very', 'well', 'with', 'chappatis', 'puris', 'or', 'yoghurt', 'rice']","['wok/pan', 'add', 'okra', 'salt', 'tamarind', 'pulp', 'turmeric', 'prevents', 'okra', 'becoming', 'slimy', 'comes', 'boil', 'adjust', 'heat', 'medium', 'let', 'cook', 'ater', 'okra', 'soft', 'done', 'add', 'sambar', 'powder', 'ready', 'eat', 'vary', 'ingredients', 'according', 'taste', 'goes', 'well', 'chappatis', 'puris', 'yoghurt', 'rice']",Indian
12192,"['beat', 'eggs', 'add', 'a', 'little', 'milk', 'or', 'salt', 'if', 'desired', 'have', 'all', 'salad', 'ingredients', 'thinly', 'sliced', 'and', 'ready', 'heat', '1/4', 'of', 'the', 'oil', 'in', 'a', 'flat', 'large', 'frypan', 'pour', '1/4', 'of', 'the', 'egg', 'mix', 'in', 'and', 'swirl', 'it', 'around', 'to', 'make', 'an', 'omlette', 'the', 'size', 'of', 'the', 'roti', 'before', 'the', 'egg', 'sets', 'place', 'a', 'roti', 'on', 'top', 'and', 'press', 'down', 'gently', 'when', 'egg', 'is', 'cooked', 'flip', 'roti', 'and', 'cook', 'for', 'a', 'couple', 'of', 'seconds', 'remove', 'from', 'the', 'frying', 'pan', 'and', 'place', 'on', 'a', 'board', 'egg', 'side', 'up', 'arrange', '1/4', 'of', 'the', 'sliced', 'cucumber', 'and', 'onion', 'and', '1', 'sliced', 'chilli', 'and', 'chicken', 'if', 'using', 'in', 'a', 'line', 'up', 'the', 'centre', 'of', 'the', 'roti', 'squeeze', 'on', 'a', 'little', 'tomato', 'sauce', 'roll', 'up', 'with', 'the', 'salad', 'ingredients', 'in', 'the', 'middle', 'wrap', 'with', 'a', 'piece', 'of', 'lunch', 'paper/greaseproof', 'paper', 'to', 'hold', 'it', 'all', 'together', 'repeat', 'for', 'the', 'rest', 'of', 'the', 'egg', 'roti', 'and', 'salad', 'ingredients', 'enjoy']","['beat', 'eggs', 'add', 'little', 'milk', 'salt', 'desired', 'salad', 'ingredients', 'thinly', 'sliced', 'ready', 'heat', 'oil', 'flat', 'large', 'frypan', 'pour', 'egg', 'mix', 'swirl', 'around', 'make', 'omlette', 'size', 'roti', 'egg', 'sets', 'place', 'roti', 'top', 'press', 'gently', 'egg', 'cooked', 'flip', 'roti', 'cook', 'couple', 'seconds', 'remove', 'frying', 'pan', 'place', 'board', 'egg', 'side', 'arrange', 'sliced', 'cucumber', 'onion', 'sliced', 'chilli', 'chicken', 'using', 'line', 'centre', 'roti', 'squeeze', 'little', 'tomato', 'sauce', 'roll', 'salad', 'ingredients', 'middle', 'wrap', 'piece', 'lunch', 'paper/greaseproof', 'paper', 'hold', 'together', 'repeat', 'rest', 'egg', 'roti', 'salad', 'ingredients', 'enjoy']",Indian
9346,"['boil', 'pineapple', 'with', 'sugar', 'allow', 'to', 'cool', 'whisk', 'condensed', 'milk', 'and', 'cream', 'add', 'pineapple', 'mixture', 'and', 'whisk', 'again', 'set', 'in', 'mould', 'refrigerate', 'till', 'required', 'to', 'serve', 'garnish', 'with', 'pineapple', 'rings']","['boil', 'pineapple', 'sugar', 'allow', 'cool', 'whisk', 'condensed', 'milk', 'cream', 'add', 'pineapple', 'mixture', 'whisk', 'set', 'mould', 'refrigerate', 'till', 'required', 'serve', 'garnish', 'pineapple', 'rings']",Indian
13091,"['mix', 'all', 'ingredients', 'except', 'yogurt', 'and', 'lemon', 'with', '1', 'glass', 'water', 'in', 'a', 'pressure', 'cooker', 'and', 'cook', 'for', '10', 'minutes', 'on', 'medium', 'heat', 'mix', 'yogurt', 'and', 'roast', 'the', 'meat', 'then', 'add', '1', 'litre', 'water', 'and', 'cook', 'on', 'medium', 'heat', 'when', 'water', 'boils', 'add', 'rice', 'after', 'the', 'water', 'evaporates', 'add', 'lemon', 'juice', 'and', 'simmer', 'for', '10', 'minutes', 'serve', 'hot', 'with', 'clarified', 'butter']","['mix', 'ingredients', 'except', 'yogurt', 'lemon', 'glass', 'water', 'pressure', 'cooker', 'cook', 'medium', 'heat', 'mix', 'yogurt', 'roast', 'meat', 'add', 'litre', 'water', 'cook', 'medium', 'heat', 'water', 'boils', 'add', 'rice', 'water', 'evaporates', 'add', 'lemon', 'juice', 'simmer', 'serve', 'hot', 'clarified', 'butter']",Indian
12542,"['combine', 'everything', 'except', 'ice', 'cubes', 'in', 'a', 'blender', 'process', 'until', 'smooth', 'add', 'ice', 'and', 'blend', 'until', 'ice', 'is', 'pulverized', 'serve', 'in', 'tall', 'glasses']","['combine', 'everything', 'except', 'ice', 'cubes', 'blender', 'process', 'smooth', 'add', 'ice', 'blend', 'ice', 'pulverized', 'serve', 'tall', 'glasses']",Indian
10414,"['heat', 'a', 'pan', 'and', 'dry', 'roast', 'the', 'rice', 'till', 'it', 'becomes', 'puffed', 'and', 'light', 'brown', 'in', 'color', 'let', 'it', 'cool', 'for', 'some', 'time', 'grind', 'the', 'rice', 'dried', 'ginger', 'and', 'cardamom', 'in', 'a', 'blender', 'grinder', 'to', 'a', 'fine', 'powder', 'sift', 'the', 'rice', 'flour', 'with', 'a', 'sieve', 'to', 'separate', 'any', 'remaining', 'coarse', 'rice', 'grind', 'it', 'again', 'to', 'a', 'fine', 'flour', 'reserve', '2', 'tbs', 'flour', 'for', 'dusting', 'in', 'a', 'separate', 'saucepan', 'heat', 'the', 'water', 'and', 'add', 'the', 'jaggery', 'and', 'salt', 'stir', 'it', 'till', 'the', 'jaggery', 'gets', 'dissolved', 'remove', 'from', 'heat', 'and', 'strain', 'it', 'to', 'remove', 'any', 'impurities', 'in', 'it', 'pour', 'the', 'liquid', 'in', 'the', 'pan', 'again', 'and', 'boil', 'it', 'for', '5', 'more', 'mins', 'to', 'get', 'a', 'thick', 'sugar', 'syrup', 'remove', 'from', 'heat', 'make', 'a', 'mound', 'of', 'the', 'flour', 'on', 'a', 'flat', 'work', 'surface', 'create', 'a', 'hollow/', 'well', 'in', 'the', 'middle', 'of', 'the', 'mound', 'and', 'add', 'spoonfuls', 'of', 'sugar', 'syrup', 'into', 'it', 'and', 'stir', 'the', 'mixture', 'with', 'a', 'fork', 'make', 'small', 'balls', 'with', 'the', 'wet', 'flour', 'make', 'the', 'balls', 'real', 'quick', 'as', 'it', 'tends', 'to', 'become', 'dry', 'and', 'hard', 'very', 'soon', 'coat', 'the', 'balls', 'with', 'the', 'reserved', 'flour', 'allow', 'it', 'to', 'cool', 'and', 'store', 'it', 'in', 'an', 'airtight', 'container', 'this', 'sweet', 'has', 'longer', 'shelf', 'life']","['heat', 'pan', 'dry', 'roast', 'rice', 'till', 'becomes', 'puffed', 'light', 'brown', 'color', 'let', 'cool', 'time', 'grind', 'rice', 'dried', 'ginger', 'cardamom', 'blender', 'grinder', 'fine', 'powder', 'sift', 'rice', 'flour', 'sieve', 'separate', 'remaining', 'coarse', 'rice', 'grind', 'fine', 'flour', 'reserve', 'tbs', 'flour', 'dusting', 'separate', 'saucepan', 'heat', 'water', 'add', 'jaggery', 'salt', 'stir', 'till', 'jaggery', 'gets', 'dissolved', 'remove', 'heat', 'strain', 'remove', 'impurities', 'pour', 'liquid', 'pan', 'boil', 'mins', 'get', 'thick', 'sugar', 'syrup', 'remove', 'heat', 'make', 'mound', 'flour', 'flat', 'work', 'surface', 'create', 'hollow/', 'well', 'middle', 'mound', 'add', 'spoonfuls', 'sugar', 'syrup', 'stir', 'mixture', 'fork', 'make', 'small', 'balls', 'wet', 'flour', 'make', 'balls', 'real', 'quick', 'tends', 'become', 'dry', 'hard', 'soon', 'coat', 'balls', 'reserved', 'flour', 'allow', 'cool', 'store', 'airtight', 'container', 'sweet', 'longer', 'shelf', 'life']",Indian
12803,"['cut', 'meat', 'into', 'stew-sized', 'cubes', 'brown', 'in', 'fat', 'do', 'this', 'in', 'batches', 'to', 'avoid', 'steaming', 'the', 'meat', 'remove', 'meat', 'but', 'leave', 'all', 'the', 'drippings', 'and', 'oil', 'brown', 'the', 'onion', 'in', 'the', 'same', 'pan', 'add', 'rogan', 'josh', 'and', 'salt', 'stir', 'for', 'one', 'minute', 'return', 'meat', 'to', 'pan', 'along', 'with', 'any', 'juices', 'that', 'have', 'accumulated', 'in', 'the', 'bowl', 'slowly', 'blend', 'in', 'water', 'and', 'yogurt', 'cook', '1-2', 'hours', 'over', 'low', 'heat', 'at', 'the', 'end', 'raise', 'heat', 'to', 'reduce', 'sauce', 'until', 'thickened', 'you', 'may', 'add', 'a', 'small', 'amount', 'of', 'cornstarch', 'disolved', 'in', 'water.', 'this', 'would', 'probably', 'work', 'well', 'in', 'a', 'pressure', 'cooker', 'serve', 'with', 'roasted', 'potatoes', 'or', 'over', 'rice', 'or', 'noodles']","['cut', 'meat', 'stew', 'sized', 'cubes', 'brown', 'fat', 'batches', 'avoid', 'steaming', 'meat', 'remove', 'meat', 'leave', 'drippings', 'oil', 'brown', 'onion', 'pan', 'add', 'rogan', 'josh', 'salt', 'stir', 'one', 'return', 'meat', 'pan', 'along', 'juices', 'accumulated', 'bowl', 'slowly', 'blend', 'water', 'yogurt', 'cook', 'low', 'heat', 'end', 'raise', 'heat', 'reduce', 'sauce', 'thickened', 'may', 'add', 'small', 'amount', 'cornstarch', 'disolved', 'water.', 'would', 'probably', 'work', 'well', 'pressure', 'cooker', 'serve', 'roasted', 'potatoes', 'rice', 'noodles']",Indian
10225,"['remove', 'skin', 'from', 'chicken', 'pieces', 'and', 'cut', 'slits', 'into', 'them', 'lengthwise', 'place', 'in', 'a', 'shallow', 'dish', 'sprinkle', 'both', 'sides', 'of', 'chicken', 'with', 'salt', 'and', 'lemon', 'juice', 'set', 'aside', '20', 'minutes', 'in', 'a', 'medium', 'bowl', 'combine', 'yogurt', 'onion', 'garlic', 'ginger', 'garam', 'masala', 'and', 'cayenne', 'pepper', 'mix', 'until', 'smooth', 'stir', 'in', 'yellow', 'and', 'red', 'food', 'coloring', 'spread', 'yogurt', 'mixture', 'over', 'chicken', 'cover', 'and', 'refrigerate', 'for', '6', 'to', '24', 'hours', 'the', 'longer', 'the', 'better', 'preheat', 'an', 'outdoor', 'grill', 'for', 'medium', 'high', 'heat', 'and', 'lightly', 'oil', 'grate', 'cook', 'chicken', 'on', 'grill', 'until', 'no', 'longer', 'pink', 'and', 'juices', 'run', 'clear', 'garnish', 'with', 'cilantro', 'and', 'lemon', 'wedges', 'this', 'dish', 'can', 'also', 'be', 'baked', 'in', 'a', 'hot', 'oven', '450', 'degrees', 'f', 'for', '25', 'to', '30', 'minutes', 'or', 'until', 'done']","['remove', 'skin', 'chicken', 'pieces', 'cut', 'slits', 'lengthwise', 'place', 'shallow', 'dish', 'sprinkle', 'sides', 'chicken', 'salt', 'lemon', 'juice', 'set', 'aside', 'medium', 'bowl', 'combine', 'yogurt', 'onion', 'garlic', 'ginger', 'garam', 'masala', 'cayenne', 'pepper', 'mix', 'smooth', 'stir', 'yellow', 'red', 'food', 'coloring', 'spread', 'yogurt', 'mixture', 'chicken', 'cover', 'refrigerate', 'longer', 'better', 'preheat', 'outdoor', 'grill', 'medium', 'high', 'heat', 'lightly', 'oil', 'grate', 'cook', 'chicken', 'grill', 'longer', 'pink', 'juices', 'run', 'clear', 'garnish', 'cilantro', 'lemon', 'wedges', 'dish', 'also', 'baked', 'hot', 'oven', 'f', 'done']",Indian
9019,"['to', 'make', 'chicken', 'in', 'a', 'large', 'bowl', 'whisk', 'together', 'first', 'seven', 'ingredient', 'add', 'chicken', 'breasts', 'and', 'toss', 'to', 'coat', 'cover', 'bowl', 'and', 'marinate', 'for', '1', 'hour', 'and', 'up', 'to', '24.', 'preheat', 'outdoor', 'grill', 'stovetop', 'grill', 'or', 'non-stick', 'skillet', 'skewer', 'chicken', 'pieces', 'onto', '4', 'metal', 'or', 'wooden', 'skewers', 'grill', 'or', 'cook', 'skewers', 'in', 'a', 'hot', 'skillet', 'for', '5', 'to', '7', 'minutes', 'until', 'chicken', 'is', 'cooked', 'through', 'turning', 'frequently', 'make', 'sure', 'to', 'soak', 'wooden', 'skewers', 'in', 'water', 'for', '30', 'minutes', 'to', 'prevent', 'charring.', 'to', 'make', 'sauce', 'heat', 'oil', 'in', 'a', 'large', 'high-sided', 'skillet', 'or', 'wide', 'saucepan', 'over', 'medium', 'heat', 'add', 'remaining', 'minced', 'garlic', 'and', 'jalapeno', 'and', 'cook', '1', 'minute', 'add', 'remaining', 'teaspoon', 'of', 'cumin', 'and', 'paprika', 'and', 'stir', 'to', 'coat', 'add', 'tomato', 'sauce', 'and', 'evaporated', 'milk', 'reduce', 'heat', 'to', 'low', 'and', 'simmer', '5', 'minutes', 'stirring', 'frequently', 'remove', 'grilled', 'chicken', 'from', 'skewers', 'add', 'to', 'tomato', 'mixture', 'and', 'simmer', '1', 'minute', 'to', 'heat', 'through', 'remove', 'from', 'heat', 'and', 'stir', 'into', 'cilantro', 'serve', 'with', 'rice']","['make', 'chicken', 'large', 'bowl', 'whisk', 'together', 'first', 'seven', 'ingredient', 'add', 'chicken', 'breasts', 'toss', 'coat', 'cover', 'bowl', 'marinate', 'preheat', 'outdoor', 'grill', 'stovetop', 'grill', 'non', 'stick', 'skillet', 'skewer', 'chicken', 'pieces', 'onto', 'metal', 'wooden', 'skewers', 'grill', 'cook', 'skewers', 'hot', 'skillet', 'chicken', 'cooked', 'turning', 'frequently', 'make', 'sure', 'soak', 'wooden', 'skewers', 'water', 'prevent', 'charring.', 'make', 'sauce', 'heat', 'oil', 'large', 'high', 'sided', 'skillet', 'wide', 'saucepan', 'medium', 'heat', 'add', 'remaining', 'minced', 'garlic', 'jalapeno', 'cook', 'add', 'remaining', 'cumin', 'paprika', 'stir', 'coat', 'add', 'tomato', 'sauce', 'evaporated', 'milk', 'reduce', 'heat', 'low', 'simmer', 'stirring', 'frequently', 'remove', 'grilled', 'chicken', 'skewers', 'add', 'tomato', 'mixture', 'simmer', 'heat', 'remove', 'heat', 'stir', 'cilantro', 'serve', 'rice']",Indian
7918,"['using', 'the', 'tamarind', 'make', '3', 'glasses', 'of', 'tamarind', 'water', 'see', 'my', 'recipe', 'for', 'tamarinda', 'for', 'the', 'method', 'on', 'this', 'heat', '1', 'tbsp', 'oil', 'in', 'a', 'vessel', 'add', 'the', 'mustard', 'seeds', 'and', 'let', 'them', 'splutter', 'add', 'the', 'red', 'chillis', 'urad', 'dal', 'methi', 'seeds', 'garlic', 'and', 'cumin', 'seeds', 'and', 'fry', 'till', 'brown', 'add', 'the', 'onions', 'and', 'green', 'chillis', 'and', 'stir', 'fry', 'for', 'a', 'few', 'minutes', 'add', 'the', 'tomatoes', 'turmeric', 'powder', 'tamarind', 'water', 'salt', 'curry', 'leaves', 'jaggery', 'and', 'the', 'drumstick', 'leaves', 'and', 'let', 'it', 'boil', 'once', 'it', 'comes', 'to', 'a', 'boil', 'reduce', 'heat', 'to', 'a', 'simmer', 'for', '5', 'minutes', 'till', 'the', 'rawness', 'of', 'tamarind', 'disappears', 'adjust', 'salt', 'and', 'turn', 'off', 'heat', 'serve', 'hot', 'as', 'a', 'soup', 'or', 'serve', 'with', 'hot', 'steamed', 'rice']","['using', 'tamarind', 'make', 'glasses', 'tamarind', 'water', 'see', 'recipe', 'tamarinda', 'method', 'heat', 'oil', 'vessel', 'add', 'mustard', 'seeds', 'let', 'splutter', 'add', 'red', 'chillis', 'urad', 'dal', 'methi', 'seeds', 'garlic', 'cumin', 'seeds', 'fry', 'till', 'brown', 'add', 'onions', 'green', 'chillis', 'stir', 'fry', 'add', 'tomatoes', 'turmeric', 'powder', 'tamarind', 'water', 'salt', 'curry', 'leaves', 'jaggery', 'drumstick', 'leaves', 'let', 'boil', 'comes', 'boil', 'reduce', 'heat', 'simmer', 'till', 'rawness', 'tamarind', 'disappears', 'adjust', 'salt', 'turn', 'heat', 'serve', 'hot', 'soup', 'serve', 'hot', 'steamed', 'rice']",Indian
8845,"['boil', 'the', 'potatoes', 'in', 'salted', 'water', 'for', 'about', '12', 'minutes', 'drain', 'and', 'keep', 'aside', 'heat', 'the', 'ghee', 'in', 'a', 'wok', 'over', 'a', 'medium', 'flame', 'when', 'hot', 'add', 'the', 'mustard', 'seeds', 'when', 'the', 'mustard', 'seeds', 'pop', 'a', 'few', 'seconds', 'add', 'the', 'onions', 'and', 'garlic', 'stir', 'fry', 'until', 'the', 'onions', 'change', 'colour', 'add', 'the', 'chili', 'powder', 'and', 'turmeric', 'and', 'stir', 'fry', 'for', 'a', 'further', '2', 'minutes', 'add', 'the', 'potatoes', 'and', 'whole', 'chilies', 'to', 'the', 'wok', 'and', 'stir', 'fry', 'until', 'the', 'potatoes', 'are', 'coated', 'in', 'the', 'turmeric', 'chili', 'powder', 'and', 'mustard', 'seeds', 'add', '2', 'or', '3', 'tablespoons', 'of', 'water', 'and', 'salt', 'cover', 'the', 'wok', 'and', 'cook', 'on', 'a', 'low', 'light', 'for', 'a', 'further', '5', 'minutes', 'serve', 'with', 'the', 'fresh', 'coriander']","['boil', 'potatoes', 'salted', 'water', 'drain', 'keep', 'aside', 'heat', 'ghee', 'wok', 'medium', 'flame', 'hot', 'add', 'mustard', 'seeds', 'mustard', 'seeds', 'pop', 'seconds', 'add', 'onions', 'garlic', 'stir', 'fry', 'onions', 'change', 'colour', 'add', 'chili', 'powder', 'turmeric', 'stir', 'fry', 'add', 'potatoes', 'whole', 'chilies', 'wok', 'stir', 'fry', 'potatoes', 'coated', 'turmeric', 'chili', 'powder', 'mustard', 'seeds', 'add', 'water', 'salt', 'cover', 'wok', 'cook', 'low', 'light', 'serve', 'fresh', 'coriander']",Indian
9895,"['in', 'a', 'large', 'saucepan', 'bring', 'the', 'split', 'peas', 'and', 'water', 'to', 'a', 'boil', 'cover', 'and', 'simmer', 'for', '30', 'minutes', 'remove', 'from', 'heat', 'heat', 'the', 'ghee', 'in', 'a', 'large', 'saucepan', 'over', 'medium-high', 'heat', 'add', 'the', 'cumin', 'seeds', 'bay', 'leaves', 'and', 'green', 'chilies', 'and', 'let', 'them', 'sizzle', 'for', 'a', 'few', 'seconds', 'add', 'the', 'potatoes', 'peas', 'cauliflower', 'and', 'fry', 'for', '1-2', 'minutes', 'add', 'the', 'boiled', 'split', 'peas', 'with', 'the', 'water', 'turmeric', 'and', 'salt', 'mix', 'thoroughly', 'lower', 'heat', 'and', 'cook', 'until', 'the', 'vegetables', 'are', 'tender', 'if', 'the', 'dal', 'gets', 'too', 'thick', 'add', 'a', 'little', 'more', 'water']","['large', 'saucepan', 'bring', 'split', 'peas', 'water', 'boil', 'cover', 'simmer', 'remove', 'heat', 'heat', 'ghee', 'large', 'saucepan', 'medium', 'high', 'heat', 'add', 'cumin', 'seeds', 'bay', 'leaves', 'green', 'chilies', 'let', 'sizzle', 'seconds', 'add', 'potatoes', 'peas', 'cauliflower', 'fry', 'add', 'boiled', 'split', 'peas', 'water', 'turmeric', 'salt', 'mix', 'thoroughly', 'lower', 'heat', 'cook', 'vegetables', 'tender', 'dal', 'gets', 'thick', 'add', 'little', 'water']",Indian
1280,"['cut', 'the', 'squid', 'pouch', 'into', '1/2', ""''"", 'slices', 'cut', 'the', 'tentacles', 'into', 'lengths', 'of', 'approx', '2', ""''"", 'if', 'using', 'frozen', 'squid', 'rings', 'defrost', 'and', 'drain', 'fully', 'before', 'using', 'heat', 'the', 'oil', 'in', 'a', 'flameproof', 'casserole', 'fry', 'the', 'onion', 'and', 'garlic', 'gently', 'until', 'soft', 'add', 'the', 'squid', 'increase', 'the', 'heat', 'and', 'continue', 'to', 'cook', 'for', 'about', '10', 'minutes', 'until', 'sealed', 'and', 'beginning', 'to', 'colour', 'lightly', 'add', 'the', 'bell', 'peppers', 'rosemary', 'and', 'stock', 'bring', 'to', 'the', 'boil', 'cover', 'and', 'simmer', 'gently', 'for', '45', 'minutes', 'discard', 'the', 'sprigs', 'of', 'rosemary', 'but', 'leave', 'any', 'leaves', 'that', 'have', 'come', 'of', 'them', 'add', 'the', 'tomatoes', 'tomato', 'paste', 'seasonings', 'and', 'paprika', 'continue', 'to', 'simmer', 'gently', 'for', 'around', '45-55', 'minutes', 'or', 'cover', 'the', 'casserole', 'tightly', 'and', 'cook', 'in', 'a', 'moderate', 'oven', '180°c/350°f', 'for', '45-55', 'minutes', 'until', 'tender', 'give', 'the', 'sauce', 'a', 'good', 'stir', 'adjust', 'the', 'seasoning', 'garnish', 'with', 'fresh', 'herbs', 'and', 'serve', 'with', 'crusty', 'bread']","['cut', 'squid', 'pouch', ""''"", 'slices', 'cut', 'tentacles', 'lengths', 'approx', ""''"", 'using', 'frozen', 'squid', 'rings', 'defrost', 'drain', 'fully', 'using', 'heat', 'oil', 'flameproof', 'casserole', 'fry', 'onion', 'garlic', 'gently', 'soft', 'add', 'squid', 'increase', 'heat', 'continue', 'cook', 'sealed', 'beginning', 'colour', 'lightly', 'add', 'bell', 'peppers', 'rosemary', 'stock', 'bring', 'boil', 'cover', 'simmer', 'gently', 'discard', 'sprigs', 'rosemary', 'leave', 'leaves', 'come', 'add', 'tomatoes', 'tomato', 'paste', 'seasonings', 'paprika', 'continue', 'simmer', 'gently', 'around', 'cover', 'casserole', 'tightly', 'cook', 'moderate', 'oven', '180°c/350°f', 'tender', 'give', 'sauce', 'good', 'stir', 'adjust', 'seasoning', 'garnish', 'fresh', 'herbs', 'serve', 'crusty', 'bread']",Italian
3375,"['heat', 'olive', 'oil', 'in', 'a', 'large', 'saucepan', 'and', 'brown', 'the', 'garlic', 'add', 'onion', 'carrots', 'and', 'potato', 'if', 'using', 'cook', '1', 'minute', 'add', 'broth', 'add', 'escarole', 'cover', 'and', 'bring', 'to', 'a', 'boil', 'reduce', 'heat', 'to', 'low', 'and', 'simmer', 'for', '1', 'hour', 'spoon', 'into', 'bowls', 'and', 'sprinkle', 'with', 'grated', 'cheese']","['heat', 'olive', 'oil', 'large', 'saucepan', 'brown', 'garlic', 'add', 'onion', 'carrots', 'potato', 'using', 'cook', 'add', 'broth', 'add', 'escarole', 'cover', 'bring', 'boil', 'reduce', 'heat', 'low', 'simmer', 'spoon', 'bowls', 'sprinkle', 'grated', 'cheese']",Italian
2450,"['for', 'tomato', 'sauce', 'heat', 'olive', 'oil', 'in', 'a', '2-qt', 'saucepan', 'add', 'chopped', 'onion', 'and', 'garlic', 'cook', 'for', '8', 'minutes', 'or', 'until', 'soft', 'but', 'not', 'brown', 'add', 'tomatoes', 'paste', 'basil', 'sugar', 'salt', 'and', 'pepper', 'break', 'up', 'tomatoes', 'reduce', 'heat', 'to', 'low', 'with', 'pan', 'partially', 'covered', 'and', 'cook', 'for', '40', 'minutes', 'put', 'a', 'thin', 'layer', 'of', 'tomato', 'sauce', 'in', 'bottom', 'of', '9', 'x', '13', ""''"", 'pan', 'and', 'set', 'aside', 'for', 'filling', 'heat', 'olive', 'oil', 'in', 'skillet', 'add', 'onion', 'and', 'garlic', 'cook', 'until', 'soft', 'stir', 'in', 'chopped', 'spinach', 'and', 'cook', 'stirring', 'constantly', 'until', 'all', 'mixed', 'together', 'remove', 'from', 'skillet', 'and', 'put', 'into', 'a', 'large', 'mixing', 'bowl', 'melt', '2', 't.', 'butter', 'in', 'same', 'skillet', 'and', 'lightly', 'brown', 'ground', 'beef', 'drain', 'off', 'grease', 'add', 'the', 'meat', 'to', 'the', 'onion', 'and', 'spinach', 'along', 'with', 'the', 'parmesan', 'cheese', 'half', 'n', 'half', 'eggs', 'and', 'oregano', 'season', 'to', 'taste', 'with', 'salt', 'and', 'pepper', 'mix', 'together', 'thoroughly', 'but', 'gently', 'boil', 'manicotti', 'to', 'al', 'dente', 'stage', 'and', 'stuff', 'with', 'filling', 'lay', 'manicotti', 'gently', 'in', 'pan', 'over', 'the', 'thin', 'layer', 'of', 'tomato', 'sauce', 'for', 'besciamellia', 'in', 'a', 'saucepan', 'melt', 'butter', 'and', 'remove', 'from', 'heat', 'stir', 'in', 'flour', 'and', 'pour', 'in', 'the', 'milk', 'and', 'half', ""'n"", 'half', 'about', 'a', '1/2', 'cup', 'at', 'a', 'time', 'mix', 'well', 'return', 'pan', 'to', 'high', 'heat', 'and', 'cook', 'stirring', 'constantly', 'until', 'smooth', 'and', 'thickened', 'season', 'with', 'salt', 'and', 'pepper', 'spoon', 'besciamellia', 'over', 'stuffed', 'manicotti', 'shells', 'top', 'with', 'remaining', 'tomato', 'sauce', 'sprinkle', 'with', 'parmesan', 'cheese', 'bake', 'at', '350', 'degrees', 'uncovered', 'on', 'middle', 'shelf', 'of', 'oven', 'for', '25', 'minutes', 'let', 'set', '5', 'minutes', 'before', 'serving']","['tomato', 'sauce', 'heat', 'olive', 'oil', '2', 'qt', 'saucepan', 'add', 'chopped', 'onion', 'garlic', 'cook', 'soft', 'brown', 'add', 'tomatoes', 'paste', 'basil', 'sugar', 'salt', 'pepper', 'break', 'tomatoes', 'reduce', 'heat', 'low', 'pan', 'partially', 'covered', 'cook', 'put', 'thin', 'layer', 'tomato', 'sauce', 'bottom', 'x', ""''"", 'pan', 'set', 'aside', 'filling', 'heat', 'olive', 'oil', 'skillet', 'add', 'onion', 'garlic', 'cook', 'soft', 'stir', 'chopped', 'spinach', 'cook', 'stirring', 'constantly', 'mixed', 'together', 'remove', 'skillet', 'put', 'large', 'mixing', 'bowl', 'melt', 't.', 'butter', 'skillet', 'lightly', 'brown', 'ground', 'beef', 'drain', 'grease', 'add', 'meat', 'onion', 'spinach', 'along', 'parmesan', 'cheese', 'half', 'n', 'half', 'eggs', 'oregano', 'season', 'taste', 'salt', 'pepper', 'mix', 'together', 'thoroughly', 'gently', 'boil', 'manicotti', 'al', 'dente', 'stage', 'stuff', 'filling', 'lay', 'manicotti', 'gently', 'pan', 'thin', 'layer', 'tomato', 'sauce', 'besciamellia', 'saucepan', 'melt', 'butter', 'remove', 'heat', 'stir', 'flour', 'pour', 'milk', 'half', ""'n"", 'half', 'time', 'mix', 'well', 'return', 'pan', 'high', 'heat', 'cook', 'stirring', 'constantly', 'smooth', 'thickened', 'season', 'salt', 'pepper', 'spoon', 'besciamellia', 'stuffed', 'manicotti', 'shells', 'top', 'remaining', 'tomato', 'sauce', 'sprinkle', 'parmesan', 'cheese', 'bake', 'uncovered', 'middle', 'shelf', 'oven', 'let', 'set', 'serving']",Italian
3586,"['clean', 'dandelions', 'under', 'running', 'water', 'and', 'cut', 'at', 'base', 'to', 'free', 'leaves', 'boil', 'for', '30', 'minutes', 'or', 'until', 'tender', 'drain', 'and', 'cool', 'with', 'cold', 'water', 'squeeze', 'out', 'all', 'the', 'water', 'in', 'a', 'medium', 'bowl', 'mix', 'eggs', 'salt', 'pepper', '1/2', 'of', 'parmesan', 'cheese', 'and', '1/2', 'of', 'garlic', 'powder', 'using', 'a', '10', ""''"", 'non', 'stick', 'frying', 'pan', 'put', 'in', 'olive', 'oil', 'place', 'dandelions', 'in', 'pan', 'and', 'spread', 'out', 'to', 'cover', 'the', 'entire', 'bottom', 'using', 'a', 'salt', 'shaker', 'salt', 'dandelions', 'lightly', 'sprinkle', '1/2', 'of', 'leftover', 'cheese', 'and', 'garlic', 'powder', 'on', 'top', 'of', 'dandelions', 'turn', 'on', 'stove', 'to', 'med-high', 'and', 'fry', 'for', '1-2', 'minute', 'now', 'the', 'tricky', 'part', 'for', 'safety', 'put', 'on', 'a', 'oven', 'mitt', 'take', 'a', 'dinner', 'plate', 'and', 'place', 'on', 'top', 'of', 'dandelions', 'remove', 'from', 'stove', 'and', 'flip', 'over', 'the', 'dandelions', 'onto', 'plate', 'and', 're-install', 'into', 'frying', 'pan', 'take', 'mixture', 'and', 'pore', 'on', 'dandelions', 'starting', 'at', 'the', 'edges', 'and', 'working', 'your', 'way', 'to', 'the', 'center', 'the', '``', 'pie', ""''"", 'wo', ""n't"", 'be', 'completely', 'covered', 'that', ""'s"", 'ok.', 'let', 'cook', 'for', '2-4', 'minutes', 'flip', 'the', '``', 'pie', ""''"", 'over', 'again', 'and', 'top', 'with', 'the', 'remaining', 'ingredients', 'cut', 'with', 'pizza', 'cutter', 'and', 'serve', 'hot']","['clean', 'dandelions', 'running', 'water', 'cut', 'base', 'free', 'leaves', 'boil', 'tender', 'drain', 'cool', 'cold', 'water', 'squeeze', 'water', 'medium', 'bowl', 'mix', 'eggs', 'salt', 'pepper', 'parmesan', 'cheese', 'garlic', 'powder', 'using', ""''"", 'non', 'stick', 'frying', 'pan', 'put', 'olive', 'oil', 'place', 'dandelions', 'pan', 'spread', 'cover', 'entire', 'bottom', 'using', 'salt', 'shaker', 'salt', 'dandelions', 'lightly', 'sprinkle', 'leftover', 'cheese', 'garlic', 'powder', 'top', 'dandelions', 'turn', 'stove', 'med', 'high', 'fry', 'tricky', 'part', 'safety', 'put', 'oven', 'mitt', 'take', 'dinner', 'plate', 'place', 'top', 'dandelions', 'remove', 'stove', 'flip', 'dandelions', 'onto', 'plate', 'install', 'frying', 'pan', 'take', 'mixture', 'pore', 'dandelions', 'starting', 'edges', 'working', 'way', 'center', '``', 'pie', ""''"", 'wo', 'completely', 'covered', 'ok.', 'let', 'cook', 'flip', '``', 'pie', ""''"", 'top', 'remaining', 'ingredients', 'cut', 'pizza', 'cutter', 'serve', 'hot']",Italian
870,"['preheat', 'oven', 'to', '250', 'place', 'bread', 'cubes', 'on', '15x10', 'pan', 'bake', 'for', '12-15', 'minutes', 'lightly', 'browned', 'pour', 'into', 'a', 'large', 'bowl', 'set', 'aside', 'increase', 'oven', 'temp', 'to', '400', 'combine', 'the', 'first', 'part', 'ingredients', 'tossing', 'the', 'taters', 'and', 'onion', 'to', 'coat', 'scatter', 'over', 'the', 'used', 'pan', 'bake', 'for', '30-40', 'minutes', 'stirring', 'one', 'time', 'combine', 'the', 'second', 'part', 'ingredients', 'in', 'a', 'small', 'bowl', 'set', 'aside', 'add', 'the', 'roasted', 'veggies', 'meat', 'and', 'parsley', 'to', 'the', 'bread', 'cubes', 'toss', 'then', 'drizzle', 'dressing', 'in', 'small', 'bowl', 'toss', 'to', 'coat', 'again', 'sprinkle', 'with', 'cranberries', 'and', 'nuts', 'set', 'bowl', 'on', 'the', 'table', 'and', 'holler', '``', 'come', 'and', 'get', 'it', ""''"", 'enjoy']","['preheat', 'oven', 'place', 'bread', 'cubes', '15x10', 'pan', 'bake', 'lightly', 'browned', 'pour', 'large', 'bowl', 'set', 'aside', 'increase', 'oven', 'temp', 'combine', 'first', 'part', 'ingredients', 'tossing', 'taters', 'onion', 'coat', 'scatter', 'used', 'pan', 'bake', 'stirring', 'one', 'time', 'combine', 'second', 'part', 'ingredients', 'small', 'bowl', 'set', 'aside', 'add', 'roasted', 'veggies', 'meat', 'parsley', 'bread', 'cubes', 'toss', 'drizzle', 'dressing', 'small', 'bowl', 'toss', 'coat', 'sprinkle', 'cranberries', 'nuts', 'set', 'bowl', 'table', 'holler', '``', 'come', 'get', ""''"", 'enjoy']",Italian
7948,"['fry', 'the', 'onion', 'in', 'the', 'sunflower', 'oil', 'in', 'a', 'heavy', 'pan', 'until', 'deep', 'golden', 'in', 'colour', 'add', 'the', 'pork', 'and', 'fry', 'for', 'further', '3', 'mins', 'stirring', 'add', 'the', 'crushed', 'garlic', 'and', 'fry', 'for', 'further', '2', 'minutes', 'now', 'add', 'the', 'curry', 'powder', 'and', 'cardamon', 'pods', 'and', 'keep', 'stirring', 'until', 'all', 'the', 'spices', 'in', 'the', 'powder', 'have', 'released', 'their', 'scent', 'add', 'tomato', 'puree', 'and', 'stir', 'well', 'then', 'add', 'enough', 'water', 'to', 'cover', 'all', 'ingredients', 'add', '3/4', 'can', 'of', 'apricots', 'and', 'all', 'the', 'syrup', 'chicken', 'bouillon', 'powder', 'pepper', 'and', 'soy', 'sauce', 'simmer', 'covered', 'for', '11/2', 'to', '2', 'hours', 'until', 'pork', 'is', 'meltingly', 'tender', 'add', 'last', 'of', 'apricots', 'coconut', 'cream', 'and', 'salt', 'if', 'necessary', 'cook', 'for', 'further', '1/2', 'hour', 'until', 'sauce', 'has', 'thickened', 'taste', 'again', 'and', 'add', 'lemon', 'juice', 'if', 'needed', 'to', 'balance', 'the', 'sweetness', 'this', 'curry', 'should', 'be', 'savoury', 'and', 'not', 'too', 'sweet', 'best', 'cooked', 'the', 'day', 'before', 'serve', 'topped', 'with', 'fresh', 'coriander', 'basmati', 'rice', 'finely', 'sliced', 'onion', 'rings', 'soaked', 'in', 'sweet', 'vinegar', 'and', 'fresh', 'mint', 'and', 'diced', 'fresh', 'tomatoes', 'sprinkled', 'with', 'lemon', 'pepper']","['fry', 'onion', 'sunflower', 'oil', 'heavy', 'pan', 'deep', 'golden', 'colour', 'add', 'pork', 'fry', 'mins', 'stirring', 'add', 'crushed', 'garlic', 'fry', 'add', 'curry', 'powder', 'cardamon', 'pods', 'keep', 'stirring', 'spices', 'powder', 'released', 'scent', 'add', 'tomato', 'puree', 'stir', 'well', 'add', 'enough', 'water', 'cover', 'ingredients', 'add', 'apricots', 'syrup', 'chicken', 'bouillon', 'powder', 'pepper', 'soy', 'sauce', 'simmer', 'covered', 'pork', 'meltingly', 'tender', 'add', 'last', 'apricots', 'coconut', 'cream', 'salt', 'necessary', 'cook', 'sauce', 'thickened', 'taste', 'add', 'lemon', 'juice', 'needed', 'balance', 'sweetness', 'curry', 'savoury', 'sweet', 'best', 'cooked', 'day', 'serve', 'topped', 'fresh', 'coriander', 'basmati', 'rice', 'finely', 'sliced', 'onion', 'rings', 'soaked', 'sweet', 'vinegar', 'fresh', 'mint', 'diced', 'fresh', 'tomatoes', 'sprinkled', 'lemon', 'pepper']",Indian
370,"['add', 'marsala', 'wine', 'salt', 'and', 'pepper', 'to', 'a', 'hot', 'pan', 'reduce', 'wine', 'by', '70', 'percent', 'several', 'tablespoons', 'at', 'a', 'time', 'stir', 'in', 'butter', 'until', 'sauce', 'is', 'creamy', 'add', 'hot', 'sautéed', 'mushrooms', 'pour', 'sauce', 'over', 'grilled', 'chicken', 'before', 'serving']","['add', 'marsala', 'wine', 'salt', 'pepper', 'hot', 'pan', 'reduce', 'wine', 'percent', 'several', 'time', 'stir', 'butter', 'sauce', 'creamy', 'add', 'hot', 'sautéed', 'mushrooms', 'pour', 'sauce', 'grilled', 'chicken', 'serving']",Italian
6106,"['bring', 'a', 'large', 'pot', 'of', 'water', 'to', 'a', 'boil', 'and', 'add', 'the', 'pasta', 'cook', 'for', '10', 'minutes', 'or', 'until', 'al', 'dente', 'when', 'the', 'pasta', 'is', 'cooked', 'drain', 'it', 'well', 'and', 'rinse', 'with', 'hot', 'water', 'return', 'the', 'pasta', 'to', 'the', 'pot', 'and', 'toss', 'with', '1', 'teaspoons', 'olive', 'oil', 'and', 'the', 'basil', 'keep', 'warm', 'while', 'the', 'pasta', 'is', 'cooking', 'melt', 'the', 'butter', 'and', 'oil', 'together', 'in', 'a', 'medium-sized', 'pan', 'over', 'medium', 'heat', 'add', 'the', 'shallots', 'and', 'garlic', 'and', 'saute', 'for', 'a', 'couple', 'of', 'minutes', 'remove', 'the', 'pan', 'from', 'the', 'heat', 'whisk', 'in', 'the', 'cornstarch', 'and', 'gradually', 'whisk', 'in', 'the', 'cream', 'return', 'the', 'pan', 'to', 'the', 'stove', 'over', 'medium-low', 'heat', 'add', 'the', 'cheese', 'white', 'wine', 'mustard', 'and', 'seasonings', 'stir', 'occasionally', 'until', 'thickened', 'pour', 'over', 'the', 'cooked', 'pasta', 'and', 'toss', 'to', 'coat', 'well']","['bring', 'large', 'pot', 'water', 'boil', 'add', 'pasta', 'cook', 'al', 'dente', 'pasta', 'cooked', 'drain', 'well', 'rinse', 'hot', 'water', 'return', 'pasta', 'pot', 'toss', 'olive', 'oil', 'basil', 'keep', 'warm', 'pasta', 'cooking', 'melt', 'butter', 'oil', 'together', 'medium', 'sized', 'pan', 'medium', 'heat', 'add', 'shallots', 'garlic', 'saute', 'couple', 'remove', 'pan', 'heat', 'whisk', 'cornstarch', 'gradually', 'whisk', 'cream', 'return', 'pan', 'stove', 'medium', 'low', 'heat', 'add', 'cheese', 'white', 'wine', 'mustard', 'seasonings', 'stir', 'occasionally', 'thickened', 'pour', 'cooked', 'pasta', 'toss', 'coat', 'well']",Italian
9995,"['cook', 'onion', 'and', 'garlic', 'in', 'large', 'skillet', 'over', 'medium', 'heat', 'until', 'browned', 'cut', 'turkey', 'into', '1', 'inch', 'pieces', 'or', 'stripes', 'and', 'stir', 'into', 'garlic', 'and', 'onions', 'mix', 'together', 'beef', 'bouillon', 'curry', 'power', 'in', 'a', 'small', 'bowl', 'pour', 'over', 'turkey', 'onions', 'and', 'garlic', 'mix', 'till', 'coated', 'well', 'add', 'ginger', 'peanut', 'butter', 'cilantro', 'cayenne', 'pepper', 'white', 'wine', 'and', 'water', 'stir', 'and', 'cook', 'for', 'about', '10', 'minutes', 'add', 'more', 'cayenne', 'pepper', 'for', 'spiciness', 'stir', 'in', 'coconut', 'milk', 'and', 'simmer', 'on', 'low', 'for', '15', 'minutes', 'keep', 'stirring', 'so', 'it', 'doesn', '’', 't', 'stick', 'to', 'bottom', 'of', 'pan', 'serve', 'over', 'hot', 'rice', 'and', 'with', 'some', 'indian', 'flat', 'bread']","['cook', 'onion', 'garlic', 'large', 'skillet', 'medium', 'heat', 'browned', 'cut', 'turkey', 'pieces', 'stripes', 'stir', 'garlic', 'onions', 'mix', 'together', 'beef', 'bouillon', 'curry', 'power', 'small', 'bowl', 'pour', 'turkey', 'onions', 'garlic', 'mix', 'till', 'coated', 'well', 'add', 'ginger', 'peanut', 'butter', 'cilantro', 'cayenne', 'pepper', 'white', 'wine', 'water', 'stir', 'cook', 'add', 'cayenne', 'pepper', 'spiciness', 'stir', 'coconut', 'milk', 'simmer', 'low', 'keep', 'stirring', '’', 'stick', 'bottom', 'pan', 'serve', 'hot', 'rice', 'indian', 'flat', 'bread']",Indian
293,"['tear', 'basil', 'leaves', 'off', 'stems', 'rinse', 'dry', 'and', 'set', 'aside', 'toast', 'pine', 'nuts', 'in', 'a', 'frying', 'pan', 'over', 'medium', 'heat', 'moving', 'constantly', 'to', 'keep', 'from', 'burning', 'toast', 'them', 'until', 'they', 'become', 'fragrant', 'and', 'slightly', 'browned', 'put', 'pine', 'nuts', 'in', 'a', 'food', 'processor', 'add', 'parmesan', 'and', 'garlic', 'clove', 'blend', 'until', 'all', 'ingredients', 'are', 'combined', 'add', 'salt', 'pepper', 'and', 'nutmeg', 'optional', 'with', 'machine', 'turned', 'back', 'on', 'slowly', 'add', 'basil', 'turn', 'off', 'food', 'processor', 'and', 'stir', 'mixture', 'blend', 'for', 'a', 'few', 'more', 'seconds', 'with', 'the', 'machine', 'turned', 'on', 'again', 'slowly', 'drizzle', 'in', 'olive', 'oil']","['tear', 'basil', 'leaves', 'stems', 'rinse', 'dry', 'set', 'aside', 'toast', 'pine', 'nuts', 'frying', 'pan', 'medium', 'heat', 'moving', 'constantly', 'keep', 'burning', 'toast', 'become', 'fragrant', 'slightly', 'browned', 'put', 'pine', 'nuts', 'food', 'processor', 'add', 'parmesan', 'garlic', 'clove', 'blend', 'ingredients', 'combined', 'add', 'salt', 'pepper', 'nutmeg', 'optional', 'machine', 'turned', 'back', 'slowly', 'add', 'basil', 'turn', 'food', 'processor', 'stir', 'mixture', 'blend', 'seconds', 'machine', 'turned', 'slowly', 'drizzle', 'olive', 'oil']",Italian
5873,"['whisk', 'together', 'the', 'milk', 'eggs', 'cayenne', 'salt', 'and', 'pepper', 'stir', 'in', 'the', 'cheeses', 'spoon', 'mixture', 'into', '6', 'six-ounce', 'ramekins', 'place', 'ramekins', 'in', 'a', 'shallow', 'pan', 'and', 'pour', 'hot', 'water', 'around', 'them', 'to', 'a', 'depth', 'of', '1', 'inch', 'bake', 'in', 'preheated', '350', 'f', 'oven', 'for', '45', 'minutes', 'until', 'lightly', 'browned', 'while', 'timbales', 'bake', 'prepare', 'the', 'tomato', 'coulis', 'heat', 'the', 'butter', 'or', 'olive', 'oil', 'in', 'a', 'nonreactive', 'pan', 'and', 'saute', 'the', 'onion', 'and', 'garlic', 'until', 'softened', 'add', 'the', 'tomato', 'paste', 'water', 'thyme', 'salt', 'and', 'pepper', 'stir', 'to', 'blend', 'all', 'ingredients', 'and', 'simmer', '3-4', 'minutes', 'timbales', 'may', 'be', 'served', 'in', 'the', 'ramekins', 'or', 'turn', 'out', 'onto', 'small', 'plates', 'spoon', 'the', 'warm', 'tomato', 'coulis', 'over', 'or', 'around', 'the', 'timbales', 'serves', '6.', 'note', 'tomato', 'coulis', 'is', 'delicious', 'on', 'poached', 'chicken', 'or', 'fish']","['whisk', 'together', 'milk', 'eggs', 'cayenne', 'salt', 'pepper', 'stir', 'cheeses', 'spoon', 'mixture', 'six', 'ounce', 'ramekins', 'place', 'ramekins', 'shallow', 'pan', 'pour', 'hot', 'water', 'around', 'depth', 'bake', 'preheated', 'f', 'oven', 'lightly', 'browned', 'timbales', 'bake', 'prepare', 'tomato', 'coulis', 'heat', 'butter', 'olive', 'oil', 'nonreactive', 'pan', 'saute', 'onion', 'garlic', 'softened', 'add', 'tomato', 'paste', 'water', 'thyme', 'salt', 'pepper', 'stir', 'blend', 'ingredients', 'simmer', 'timbales', 'may', 'served', 'ramekins', 'turn', 'onto', 'small', 'plates', 'spoon', 'warm', 'tomato', 'coulis', 'around', 'timbales', 'serves', 'note', 'tomato', 'coulis', 'delicious', 'poached', 'chicken', 'fish']",Italian
11397,"['dry', 'roast', 'the', 'cumin', 'corriander', 'red', 'chillies', 'cloves', 'peppercorns', 'and', 'turmeric', 'on', 'a', 'frying', 'pan/', 'a', 'flat', 'bottomed', 'tava', 'grind', 'with', 'a', 'little', 'water', 'to', 'make', 'a', 'paste', 'heat', 'ghee', 'or', 'oil', 'in', 'a', 'pan', 'fry', 'onions', 'and', 'garlic', 'until', 'golden', 'in', 'colour', 'add', 'ground', 'spices', 'and', 'ginger', 'fry', 'until', 'the', 'oil', 'begins', 'to', 'separate', 'add', 'tomato', 'paste', 'yoghurt', 'and', 'salt', 'keep', 'frying', 'stirring', 'continuously', 'after', 'a', 'few', 'minutes', 'add', 'enough', 'warm', 'water', 'to', 'make', 'a', 'gravy', 'cook', 'for', '8-10', 'minutes', 'add', 'your', 'choice', 'of', 'vegetables/meat', 'now', 'and', 'cook', 'until', 'the', 'veggies/meat', 'is', 'tender', 'and', 'ready', 'to', 'eat']","['dry', 'roast', 'cumin', 'corriander', 'red', 'chillies', 'cloves', 'peppercorns', 'turmeric', 'frying', 'pan/', 'flat', 'bottomed', 'tava', 'grind', 'little', 'water', 'make', 'paste', 'heat', 'ghee', 'oil', 'pan', 'fry', 'onions', 'garlic', 'golden', 'colour', 'add', 'ground', 'spices', 'ginger', 'fry', 'oil', 'begins', 'separate', 'add', 'tomato', 'paste', 'yoghurt', 'salt', 'keep', 'frying', 'stirring', 'continuously', 'add', 'enough', 'warm', 'water', 'make', 'gravy', 'cook', 'add', 'choice', 'vegetables/meat', 'cook', 'veggies/meat', 'tender', 'ready', 'eat']",Indian
9226,"['cook', 'the', 'rice', 'until', '3/4', 'done', 'take', 'a', 'thick', 'bottomed', 'pan', 'heat', 'oil', 'in', 'it', 'when', 'hot', 'put', 'the', 'mustard', 'and', 'cumin', 'seeds', 'to', 'crackle', 'add', 'turmeric', 'coriander', 'and', 'garam', 'masala', 'powder', 'stir', 'add', 'the', 'other', 'pastes', 'ans', 'fry', 'for', 'a', 'minute', 'or', 'two', 'add', 'the', 'grated', 'yam', 'to', 'this', 'and', 'cook', 'until', 'the', 'yam', 'is', 'tender', 'add', 'the', 'moong', 'peas', 'and', 'rice', 'and', 'mix', 'well', 'close', 'with', 'a', 'concave', 'lid', 'and', 'pour', 'water', 'on', 'the', 'lid', 'simmer', 'for', '10', 'to', '12', 'minutes', 'or', 'until', 'all', 'done', 'garnish', 'with', 'tomato', 'rose', 'and', 'cherries', 'serve', 'hot', 'with', 'tomato', 'raita']","['cook', 'rice', 'done', 'take', 'thick', 'bottomed', 'pan', 'heat', 'oil', 'hot', 'put', 'mustard', 'cumin', 'seeds', 'crackle', 'add', 'turmeric', 'coriander', 'garam', 'masala', 'powder', 'stir', 'add', 'pastes', 'ans', 'fry', 'two', 'add', 'grated', 'yam', 'cook', 'yam', 'tender', 'add', 'moong', 'peas', 'rice', 'mix', 'well', 'close', 'concave', 'lid', 'pour', 'water', 'lid', 'simmer', 'done', 'garnish', 'tomato', 'rose', 'cherries', 'serve', 'hot', 'tomato', 'raita']",Indian
1234,"['cook', 'and', 'drain', 'pasta', 'as', 'directed', 'on', 'package', 'omitting', 'salt', 'meanwhile', 'in', '10-inch', 'skillet', 'heat', 'oil', 'over', 'medium-high', 'heat', 'cook', 'garlic', 'in', 'oil', '30', 'seconds', 'stirring', 'frequently', 'stir', 'in', 'tomatoes', 'cook', '5', 'to', '8', 'minutes', 'stirring', 'frequently', 'until', 'tomatoes', 'are', 'soft', 'and', 'sauce', 'is', 'slightly', 'thickened', 'stir', 'in', 'basil', 'salt', 'and', 'pepper', 'cook', '1', 'minute', 'serve', 'sauce', 'over', 'pasta', 'optional', 'add', 'chicken', 'to', 'this', 'pasta', 'dish', 'after', 'cooking', 'the', 'garlic', 'add', 'about', '1/2', 'pound', 'cubed', 'boneless', 'skinless', 'chicken', 'cook', 'until', 'no', 'longer', 'pink', 'in', 'center']","['cook', 'drain', 'pasta', 'directed', 'package', 'omitting', 'salt', 'meanwhile', '10', 'inch', 'skillet', 'heat', 'oil', 'medium', 'high', 'heat', 'cook', 'garlic', 'oil', 'seconds', 'stirring', 'frequently', 'stir', 'tomatoes', 'cook', 'stirring', 'frequently', 'tomatoes', 'soft', 'sauce', 'slightly', 'thickened', 'stir', 'basil', 'salt', 'pepper', 'cook', 'serve', 'sauce', 'pasta', 'optional', 'add', 'chicken', 'pasta', 'dish', 'cooking', 'garlic', 'add', 'cubed', 'boneless', 'skinless', 'chicken', 'cook', 'longer', 'pink', 'center']",Italian
6768,"['use', 'a', 'non', 'stick', 'pan', 'and', 'dry', 'fry', 'the', 'coconut', 'until', 'golden', 'brown', 'then', 'add', 'the', 'red', 'onion', 'and', 'mix', 'with', 'the', 'coconut', 'add', 'the', 'chilli', 'curry', 'leaves', 'mustard', 'seed', 'and', 'cook', 'for', 'about', '2', 'minutes', 'microwave', 'the', 'rice', 'for', 'a', 'minute', 'and', 'add', 'to', 'the', 'mix', 'incorporating', 'all', 'the', 'ingredients', 'finish', 'with', 'the', 'coriander', 'and', 'the', 'olive', 'oil', 'season', 'with', 'some', 'fresh', 'sea', 'salt', 'and', 'serve']","['use', 'non', 'stick', 'pan', 'dry', 'fry', 'coconut', 'golden', 'brown', 'add', 'red', 'onion', 'mix', 'coconut', 'add', 'chilli', 'curry', 'leaves', 'mustard', 'seed', 'cook', 'microwave', 'rice', 'add', 'mix', 'incorporating', 'ingredients', 'finish', 'coriander', 'olive', 'oil', 'season', 'fresh', 'sea', 'salt', 'serve']",Indian
11454,"['roast', 'onions', 'leeks', 'and', 'garlic', 'with', 'olive', 'oil', 'in', 'a', 'pre-heated', 'oven', 'at', '300°', 'f', 'for', 'about', '30', 'minutes', 'remove', 'and', 'purée', 'bring', 'the', 'chicken', 'stock', 'pumpkin', 'purée', 'and', 'puréed', 'vegetables', 'to', 'a', 'boil', 'simmer', 'for', '45', 'minutes', 'add', 'half', 'and', 'half', 'and', 'simmer', 'for', '30', 'more', 'minutes', 'season', 'with', 'salt', 'and', 'pepper', 'finish', 'with', 'heavy', 'cream']","['roast', 'onions', 'leeks', 'garlic', 'olive', 'oil', 'pre', 'heated', 'oven', '300°', 'f', 'remove', 'purée', 'bring', 'chicken', 'stock', 'pumpkin', 'purée', 'puréed', 'vegetables', 'boil', 'simmer', 'add', 'half', 'half', 'simmer', 'season', 'salt', 'pepper', 'finish', 'heavy', 'cream']",Indian
7509,"['make', '2', 'slits', 'of', 'one', 'inch', 'each', 'on', 'each', 'of', 'the', 'bell', 'pepper', 'keep', 'aside', 'then', 'dry', 'roast', 'the', 'peanuts', 'on', 'medium', 'flame', 'in', 'a', 'pan', 'grind', 'coarsely', 'in', 'a', 'mixer', 'now', 'prepare', 'the', 'stuffing', 'to', 'do', 'so', 'heat', '4', 'tsps', 'of', 'oil', 'in', 'a', 'pan', 'fry', 'the', 'cumin', 'and', 'asafoetida', 'powders', 'in', 'it', 'add', 'onion', 'garlic', 'paste', 'and', 'curry', 'leaves', 'fry', 'till', 'onions', 'are', 'lightly', 'browned', 'allow', 'to', 'cool', 'put', 'the', 'fried', 'onions', 'and', 'roasted', 'powdered', 'peanuts', 'in', 'it', 'add', 'all', 'the', 'masala', 'powders', 'tamarind', 'paste', 'salt', 'jaggery', 'and', '3', 'tsps', 'of', 'chopped', 'corriander', 'leaves', 'mix', 'well', 'stuff', 'this', 'mixture', 'in', 'the', 'bell', 'peppers', 'heat', 'the', 'remaining', 'oil', 'in', 'a', 'vessel', 'add', 'the', 'stuffed', 'bell', 'pepper', 'one', 'by', 'one', 'stir', 'once', 'cover', 'with', 'a', 'lid', 'and', 'fry', 'for', '1', 'minute', 'add', 'water', 'allow', 'to', 'simmer', 'for', '8', 'minutes', 'taking', 'care', 'it', 'does', 'not', 'dry', 'up', 'garnish', 'with', 'corriander', 'leaves', 'serve', 'hot', 'with', 'rotis', 'or', 'plain', 'white', 'basmati', 'rice', 'enjoy']","['make', 'slits', 'one', 'bell', 'pepper', 'keep', 'aside', 'dry', 'roast', 'peanuts', 'medium', 'flame', 'pan', 'grind', 'coarsely', 'mixer', 'prepare', 'stuffing', 'heat', 'tsps', 'oil', 'pan', 'fry', 'cumin', 'asafoetida', 'powders', 'add', 'onion', 'garlic', 'paste', 'curry', 'leaves', 'fry', 'till', 'onions', 'lightly', 'browned', 'allow', 'cool', 'put', 'fried', 'onions', 'roasted', 'powdered', 'peanuts', 'add', 'masala', 'powders', 'tamarind', 'paste', 'salt', 'jaggery', 'tsps', 'chopped', 'corriander', 'leaves', 'mix', 'well', 'stuff', 'mixture', 'bell', 'peppers', 'heat', 'remaining', 'oil', 'vessel', 'add', 'stuffed', 'bell', 'pepper', 'one', 'one', 'stir', 'cover', 'lid', 'fry', 'add', 'water', 'allow', 'simmer', 'taking', 'care', 'dry', 'garnish', 'corriander', 'leaves', 'serve', 'hot', 'rotis', 'plain', 'white', 'basmati', 'rice', 'enjoy']",Indian
4839,"['cover', 'a', 'baking', 'sheet', 'with', 'foil', 'and', 'spray', 'lightly', 'with', 'cooking', 'spray', 'soak', 'flour', 'in', 'milk', 'in', 'a', 'small', 'bowl', 'for', '20', 'minutes', 'mix', 'beef', 'and', 'pork', 'together', 'in', 'a', 'large', 'bowl', 'stir', 'flour', 'mixture', 'eggs', 'parsley', 'garlic', 'salt', 'black', 'pepper', 'nutmeg', 'italian', 'herb', 'seasoning', 'and', 'parmesan', 'cheese', 'into', 'meat', 'mixture', 'with', 'a', 'rubber', 'spatula', 'until', 'combined', 'cover', 'and', 'refrigerate', 'for', 'about', 'one', 'hour', 'optional', 'preheat', 'an', 'oven', 'to', '425', 'degrees', 'f.', 'using', 'wet', 'hands', 'form', 'meat', 'mixture', 'into', 'balls', 'about', '1', '1/2', 'inches', 'in', 'diameter', 'arrange', 'onto', 'prepared', 'baking', 'sheet', 'bake', 'in', 'the', 'preheated', 'oven', 'until', 'browned', 'and', 'cooked', 'through', '15', 'to', '20', 'minutes']","['cover', 'baking', 'sheet', 'foil', 'spray', 'lightly', 'cooking', 'spray', 'soak', 'flour', 'milk', 'small', 'bowl', 'mix', 'beef', 'pork', 'together', 'large', 'bowl', 'stir', 'flour', 'mixture', 'eggs', 'parsley', 'garlic', 'salt', 'black', 'pepper', 'nutmeg', 'italian', 'herb', 'seasoning', 'parmesan', 'cheese', 'meat', 'mixture', 'rubber', 'spatula', 'combined', 'cover', 'refrigerate', 'one', 'optional', 'preheat', 'oven', 'f.', 'using', 'wet', 'hands', 'form', 'meat', 'mixture', 'balls', 'diameter', 'arrange', 'onto', 'prepared', 'baking', 'sheet', 'bake', 'preheated', 'oven', 'browned', 'cooked']",Italian
9031,"['to', 'begin', 'with', 'cut', 'the', 'paneer', 'into', 'equal-sized', 'thin', 'lengthwise', 'pieces', 'next', 'peel', 'and', 'chop', 'the', 'onions', 'grind', 'them', 'to', 'a', 'fine', 'paste', 'cut', 'the', 'ginger', 'into', 'juliennes', 'long-thin', 'strips', 'heat', 'ghee', 'or', 'oil', 'in', 'a', 'wok', 'add', 'the', 'cumin', 'seeds', 'allow', 'to', 'sizzle', 'briefly', 'add', 'the', 'finely', 'cut', 'capsicum', 'pieces', 'fry', 'for', '2', 'minutes', 'add', 'the', 'onion', 'paste', 'stir-fry', 'for', '3', 'minutes', 'add', 'the', 'garlic', 'paste', 'and', 'stir-fry', 'again', 'for', 'another', '3-4', 'minutes', 'add', 'the', 'ginger', 'pieces', 'tomato', 'paste', 'chilli', 'powder', 'turmeric', 'powder', 'and', 'corriander', 'powder', 'fry', 'till', 'the', 'ghee', 'or', 'oil', 'comes', 'out', 'add', 'salt', 'mix', 'add', 'in', 'the', 'paneer', 'pieces', 'keep', 'mixing', 'till', 'the', 'panner', 'pieces', 'are', 'coated', 'with', 'the', 'masala', 'gravy', 'mixture', 'add', 'a', 'cup', 'of', 'water', 'stir', 'in', 'garnish', 'with', 'finely', 'chopped', 'corriander', 'leaves', 'serve', 'hot', 'with', 'rice', 'or', 'indian', 'flatbreads']","['begin', 'cut', 'paneer', 'equal', 'sized', 'thin', 'lengthwise', 'pieces', 'next', 'peel', 'chop', 'onions', 'grind', 'fine', 'paste', 'cut', 'ginger', 'juliennes', 'long', 'thin', 'strips', 'heat', 'ghee', 'oil', 'wok', 'add', 'cumin', 'seeds', 'allow', 'sizzle', 'briefly', 'add', 'finely', 'cut', 'capsicum', 'pieces', 'fry', 'add', 'onion', 'paste', 'stir', 'fry', 'add', 'garlic', 'paste', 'stir', 'fry', 'another', 'add', 'ginger', 'pieces', 'tomato', 'paste', 'chilli', 'powder', 'turmeric', 'powder', 'corriander', 'powder', 'fry', 'till', 'ghee', 'oil', 'comes', 'add', 'salt', 'mix', 'add', 'paneer', 'pieces', 'keep', 'mixing', 'till', 'panner', 'pieces', 'coated', 'masala', 'gravy', 'mixture', 'add', 'water', 'stir', 'garnish', 'finely', 'chopped', 'corriander', 'leaves', 'serve', 'hot', 'rice', 'indian', 'flatbreads']",Indian
7866,"['preheat', 'broiler', 'roast', 'bell', 'peppers', 'on', 'a', 'baking', 'sheet', 'under', 'broiler', 'turning', 'often', 'until', 'blistered', 'and', 'blackened', 'about', '10', 'minutes', 'place', 'in', 'a', 'paper', 'bag', 'seal', 'and', 'set', 'aside', 'for', '15', 'minutes', 'remove', 'and', 'discard', 'skin', 'ribs', 'and', 'seed', 'puree', 'peppers', 'in', 'a', 'blender', 'or', 'food', 'processor', 'set', 'aside', 'soak', 'sun-dried', 'tomatoes', 'in', 'boiling', 'water', 'until', 'softened', 'about', 'ten', 'minutes', 'drain', 'reserving', 'liquid', 'puree', 'sun-dried', 'tomatoes', 'with', '2', 'tablespoons', 'of', 'the', 'soaking', 'liquid', 'in', 'a', 'food', 'processor', 'or', 'blender', 'set', 'aside', 'puree', '1/2', 'cup', 'of', 'the', 'chicpeas', 'with', '1/4', 'cup', 'of', 'the', 'water', 'in', 'a', 'food', 'processor', 'or', 'blender', 'set', 'aside', 'in', 'a', 'large', 'skillet', 'heat', 'oil', 'add', 'asafetida', 'and', 'onion', 'and', 'saute', 'until', 'onion', 'is', 'brown', 'stir', 'in', 'garlic', 'turmeric', 'cumin', 'chipotle', 'pepper', 'and', 'ancho', 'pepper', 'add', 'remaining', '1/2', 'cup', 'water', 'and', 'bring', 'to', 'a', 'boil', 'stir', 'in', 'sun-dried', 'tomato', 'puree', 'chickpea', 'putee', 'tomatoes', 'and', 'cilantro', 'reduce', 'heat', 'and', 'simmer', 'untila', 'thick', 'sauce', 'forms', 'about', '10', 'minutes', 'add', 'reserved', 'sun-dried', 'tomato', 'soaking', 'liquid', 'as', 'necassary', 'to', 'prevent', 'sticking', 'mash', 'plum', 'tomatoes', 'with', 'a', 'wooden', 'spoon', 'to', 'release', 'their', 'liquid', 'add', 'bell', 'pepper', 'puree', 'and', 'cook', 'for', 'three', 'minutes', 'over', 'medium', 'heat', 'add', 'remaining', '2', '1/2', 'cups', 'chickpeas', 'cover', 'and', 'cook', 'until', 'heated', 'through', 'serve']","['preheat', 'broiler', 'roast', 'bell', 'peppers', 'baking', 'sheet', 'broiler', 'turning', 'often', 'blistered', 'blackened', 'place', 'paper', 'bag', 'seal', 'set', 'aside', 'remove', 'discard', 'skin', 'ribs', 'seed', 'puree', 'peppers', 'blender', 'food', 'processor', 'set', 'aside', 'soak', 'sun', 'dried', 'tomatoes', 'boiling', 'water', 'softened', 'ten', 'drain', 'reserving', 'liquid', 'puree', 'sun', 'dried', 'tomatoes', 'soaking', 'liquid', 'food', 'processor', 'blender', 'set', 'aside', 'puree', 'chicpeas', 'water', 'food', 'processor', 'blender', 'set', 'aside', 'large', 'skillet', 'heat', 'oil', 'add', 'asafetida', 'onion', 'saute', 'onion', 'brown', 'stir', 'garlic', 'turmeric', 'cumin', 'chipotle', 'pepper', 'ancho', 'pepper', 'add', 'remaining', 'water', 'bring', 'boil', 'stir', 'sun', 'dried', 'tomato', 'puree', 'chickpea', 'putee', 'tomatoes', 'cilantro', 'reduce', 'heat', 'simmer', 'untila', 'thick', 'sauce', 'forms', 'add', 'reserved', 'sun', 'dried', 'tomato', 'soaking', 'liquid', 'necassary', 'prevent', 'sticking', 'mash', 'plum', 'tomatoes', 'wooden', 'spoon', 'release', 'liquid', 'add', 'bell', 'pepper', 'puree', 'cook', 'three', 'medium', 'heat', 'add', 'remaining', 'chickpeas', 'cover', 'cook', 'heated', 'serve']",Indian
4049,"['add', 'ingredients', 'in', 'the', 'order', 'reccommended', 'for', 'your', 'bread', 'machine', 'and', 'set', 'to', 'dough', 'cycle', 'after', 'it', ""'s"", 'finished', 'transfer', 'dough', 'to', 'lightly', 'oiled', 'pan', 'for', 'a', 'thick', 'crust', 'cover', 'and', 'allow', 'to', 'rise', 'for', 'about', '20', 'minutes', 'for', 'thin', 'bake', 'right', 'away', 'heap', 'with', 'toppings', 'of', 'your', 'choice', 'and', 'bake', 'in', '450f', 'oven', 'for', 'about', '20', 'minutes', 'i', 'sometimes', 'put', 'the', 'crust', 'in', 'for', 'about', '5', 'minutes', 'before', 'adding', 'toppings', 'to', 'speed', 'it', 'up', 'a', 'little', 'bit', 'and', 'to', 'prevent', 'a', 'soggy', 'crust', 'enjoy']","['add', 'ingredients', 'order', 'reccommended', 'bread', 'machine', 'set', 'dough', 'cycle', 'finished', 'transfer', 'dough', 'lightly', 'oiled', 'pan', 'thick', 'crust', 'cover', 'allow', 'rise', 'thin', 'bake', 'right', 'away', 'heap', 'toppings', 'choice', 'bake', '450f', 'oven', 'sometimes', 'put', 'crust', 'adding', 'toppings', 'speed', 'little', 'bit', 'prevent', 'soggy', 'crust', 'enjoy']",Italian
9529,"['place', 'bread', 'in', 'a', 'food', 'processor', 'processs', 'until', 'breadcrumbs', 'form', 'add', 'chicken', 'mint', 'turmeric', 'paprika', 'cumin', 'and', 'coriander', 'seeds', 'process', 'until', 'mixture', 'comes', 'together', 'using', '1/4', 'cup', 'mixutre', 'pet', 'patty', 'make', 'twelve', '1cm', 'thick', 'patties', 'heat', 'oil', 'in', 'a', 'non-stick', 'frying', 'pan', 'over', 'medium-high', 'heat', 'cook', 'patties', 'in', 'batches', 'for', '2-3', 'minutes', 'each', 'side', 'or', 'until', 'cooked', 'through', 'transfer', 'to', 'a', 'plate', 'and', 'cover', 'with', 'foil', 'to', 'keep', 'warm', 'raita', 'best', 'made', 'for', 'immediate', 'use', 'as', 'per', 'jubes', 'review', 'meanwhile', 'using', 'a', 'vegetable', 'peeler', 'peel', 'long', 'thin', 'strips', 'from', 'cucumber', 'place', 'cucumber', 'yoghurt', 'parsley', 'mint', '1', 'teaspoon', 'lemon', 'rind', 'and', '1', 'tablespoon', 'lemon', 'juice', 'in', 'a', 'bowl', 'season', 'with', 'salt', 'and', 'pepper', 'and', 'stir', 'to', 'combine', 'serve', 'patties', 'with', 'normal', 'burger', 'fixings', 'using', 'raita', 'as', 'the', 'sauce']","['place', 'bread', 'food', 'processor', 'processs', 'breadcrumbs', 'form', 'add', 'chicken', 'mint', 'turmeric', 'paprika', 'cumin', 'coriander', 'seeds', 'process', 'mixture', 'comes', 'together', 'using', 'mixutre', 'pet', 'patty', 'make', 'twelve', '1cm', 'thick', 'patties', 'heat', 'oil', 'non', 'stick', 'frying', 'pan', 'medium', 'high', 'heat', 'cook', 'patties', 'batches', 'side', 'cooked', 'transfer', 'plate', 'cover', 'foil', 'keep', 'warm', 'raita', 'best', 'made', 'immediate', 'use', 'per', 'jubes', 'review', 'meanwhile', 'using', 'vegetable', 'peeler', 'peel', 'long', 'thin', 'strips', 'cucumber', 'place', 'cucumber', 'yoghurt', 'parsley', 'mint', 'lemon', 'rind', 'lemon', 'juice', 'bowl', 'season', 'salt', 'pepper', 'stir', 'combine', 'serve', 'patties', 'normal', 'burger', 'fixings', 'using', 'raita', 'sauce']",Indian
10442,"['in', 'a', 'large', 'saute', 'pan', 'heat', 'oil', 'to', 'med-high', 'cook', 'pork', 'chops', 'until', 'browned', 'on', 'both', 'sides', 'and', 'almost', 'cooked', 'through', 'remove', 'from', 'pan', 'set', 'aside', 'over', 'med', 'heat', 'cook', 'onion', 'garlic', 'apple', 'and', 'red', 'pepper', 'strips', 'for', '2', 'minutes', 'or', 'until', 'softened', 'blend', 'chicken', 'stock', 'with', 'cornstarch', 'add', 'to', 'pan', 'along', 'with', 'curry', 'powder', 'cumin', 'and', 'cinnamon', 'cook', 'for', '1-2', 'minutes', 'or', 'until', 'slightly', 'thickened', 'return', 'pork', 'chops', 'to', 'frypan', 'adjust', 'seasoning', 'with', 'salt', 'and', 'pepper', 'cook', 'for', '1-2', 'minutes', 'or', 'until', 'heated', 'through', 'serve', 'pork', 'chops', 'with', 'sauce', 'and', 'sprinkle', 'with', 'fresh', 'parsley', 'note', 'this', 'recipe', 'serves', '4', 'people', 'if', 'desired', 'all', 'the', 'ingredients', 'can', 'be', 'doubled', 'to', 'feed', 'more']","['large', 'saute', 'pan', 'heat', 'oil', 'med', 'high', 'cook', 'pork', 'chops', 'browned', 'sides', 'almost', 'cooked', 'remove', 'pan', 'set', 'aside', 'med', 'heat', 'cook', 'onion', 'garlic', 'apple', 'red', 'pepper', 'strips', 'softened', 'blend', 'chicken', 'stock', 'cornstarch', 'add', 'pan', 'along', 'curry', 'powder', 'cumin', 'cinnamon', 'cook', 'slightly', 'thickened', 'return', 'pork', 'chops', 'frypan', 'adjust', 'seasoning', 'salt', 'pepper', 'cook', 'heated', 'serve', 'pork', 'chops', 'sauce', 'sprinkle', 'fresh', 'parsley', 'note', 'recipe', 'serves', 'people', 'desired', 'ingredients', 'doubled', 'feed']",Indian
557,"['dissolve', 'the', 'yeast', 'in', 'the', 'warm', 'water', 'add', 'the', '4', 'cups', 'flour', 'this', 'can', 'be', 'done', 'by', 'hand', 'and', 'mixed', 'well', 'or', 'in', 'the', 'mixer', 'using', 'a', 'bread', 'hook', 'add', 'the', 'salt', 'water', 'and', 'the', 'extra', 'flour', 'knead', 'for', '15', 'minutes', 'or', 'if', 'you', 'are', 'using', 'a', 'bread', 'hook', 'beat', 'for', '5', 'minutes', 'if', 'you', 'need', 'it', 'a', 'little', 'bit', 'more', 'elastic', 'add', 'a', 'few', 'drops', 'of', 'water', 'place', 'dough', 'on', 'a', 'slightly', 'floured', 'counter', 'and', 'cover', 'with', 'a', 'large', 'bowl', 'rise', '1-2', 'hours', 'till', 'double', 'punch', 'down', 'and', 'rise', 'again', 'for', '1', '1/2', 'hours', 'punch', 'down', 'and', 'mold', 'into', '2-3', 'loaves-do', ""n't"", 'worry', 'about', 'the', 'shape', 'place', 'on', 'a', 'baking', 'sheet', 'sprinkled', 'with', 'cornmeal', 'rise', 'again', 'bake', 'in', 'upper', 'third', 'of', 'your', 'oven-putting', 'a', 'small', 'pan', 'of', 'water', 'on', 'the', 'bottom', 'of', 'the', 'oven', 'for', 'a', 'good', 'crust', 'you', 'can', 'do', 'this', 'without', 'the', 'water', 'too', 'bake', '425-450', 'degree', 'oven', 'for', '25', 'minutes', 'watch', 'and', 'if', 'it', 'is', 'getting', 'too', 'brown', 'cover', 'them', 'with', 'foil']","['dissolve', 'yeast', 'warm', 'water', 'add', 'flour', 'done', 'hand', 'mixed', 'well', 'mixer', 'using', 'bread', 'hook', 'add', 'salt', 'water', 'extra', 'flour', 'knead', 'using', 'bread', 'hook', 'beat', 'need', 'little', 'bit', 'elastic', 'add', 'drops', 'water', 'place', 'dough', 'slightly', 'floured', 'counter', 'cover', 'large', 'bowl', 'rise', 'till', 'double', 'punch', 'rise', 'punch', 'mold', 'loaves', 'worry', 'shape', 'place', 'baking', 'sheet', 'sprinkled', 'cornmeal', 'rise', 'bake', 'upper', 'third', 'oven', 'putting', 'small', 'pan', 'water', 'bottom', 'oven', 'good', 'crust', 'without', 'water', 'bake', 'oven', 'watch', 'getting', 'brown', 'cover', 'foil']",Italian
1589,"['add', 'the', 'tuna', 'lemon', 'juice', 'and', 'balsamic', 'vinegar', 'to', 'the', 'bowl', 'of', 'a', 'food', 'processor', 'process', 'until', 'combined', 'add', 'in', 'the', 'cream', 'butter', 'and', 'salt', 'pulse', 'until', 'well', 'blended', 'transfer', 'to', 'a', 'serving', 'bowl', 'and', 'keep', 'chilled/covered', 'until', 'ready', 'to', 'serve', 'top', 'with', 'the', 'lemon', 'slices', 'as', 'a', 'garnish', 'serve', 'cold', 'with', 'crackers', 'or', 'baguette', 'slices']","['add', 'tuna', 'lemon', 'juice', 'balsamic', 'vinegar', 'bowl', 'food', 'processor', 'process', 'combined', 'add', 'cream', 'butter', 'salt', 'pulse', 'well', 'blended', 'transfer', 'serving', 'bowl', 'keep', 'chilled/covered', 'ready', 'serve', 'top', 'lemon', 'slices', 'garnish', 'serve', 'cold', 'crackers', 'baguette', 'slices']",Italian
8409,"['pour', 'the', 'oil', 'into', 'a', 'medium', 'or', 'large', 'saucepan', 'with', 'a', 'lid', 'over', 'medium', 'heat', 'add', 'the', 'onion', 'ginger', 'garlic', 'and', 'pepper', 'sauté', 'for', '1', 'to', '2', 'minutes', 'cook', 'until', 'onion', 'begins', 'to', 'slightly', 'soften', 'about', '5', 'minutes', 'add', 'lentils', 'rice', 'curry', 'powder', 'and', 'water', 'stir', 'well', 'cover', 'the', 'pan', 'and', 'bring', 'to', 'a', 'boil', 'reduce', 'heat', 'to', 'low', 'and', 'simmer', 'for', '35', 'minutes', 'remove', 'from', 'heat', 'add', 'peas', 'to', 'pot', 'replace', 'cover', 'and', 'let', 'sit', 'undisturbed', 'for', '5', 'more', 'minutes', 'add', 'tomatoes', 'and', 'salt', 'and', 'fluff', 'with', 'a', 'fork', 'transfer', 'to', 'a', 'serving', 'plate', 'top', 'with', 'cilantro', 'serve', 'immediately']","['pour', 'oil', 'medium', 'large', 'saucepan', 'lid', 'medium', 'heat', 'add', 'onion', 'ginger', 'garlic', 'pepper', 'sauté', 'cook', 'onion', 'begins', 'slightly', 'soften', 'add', 'lentils', 'rice', 'curry', 'powder', 'water', 'stir', 'well', 'cover', 'pan', 'bring', 'boil', 'reduce', 'heat', 'low', 'simmer', 'remove', 'heat', 'add', 'peas', 'pot', 'replace', 'cover', 'let', 'sit', 'undisturbed', 'add', 'tomatoes', 'salt', 'fluff', 'fork', 'transfer', 'serving', 'plate', 'top', 'cilantro', 'serve', 'immediately']",Indian
2265,"['mix', 'all', 'ingredients', 'in', 'a', 'bowl', 'using', '1/2', 'the', 'sauce', 'in', 'the', 'meatloaf', 'and', 'reserving', '1/2', 'the', 'sauce', 'for', 'over', 'the', 'top', 'of', 'the', 'meatloaf', 'do', 'not', 'overmix', 'a', 'meatloaf', 'bake', 'in', 'greased', 'pan', 'for', 'approximately', '45', 'minutes', 'at', '350°f', 'or-', 'form', 'into', 'a', 'shape', 'that', 'fits', 'your', 'crock', 'pot', 'without', 'touching', 'the', 'sides', 'of', 'the', 'crock', 'pot', 'cook', 'covered', 'for', '5', 'hours', 'on', 'low']","['mix', 'ingredients', 'bowl', 'using', 'sauce', 'meatloaf', 'reserving', 'sauce', 'top', 'meatloaf', 'overmix', 'meatloaf', 'bake', 'greased', 'pan', 'approximately', '350°f', 'form', 'shape', 'fits', 'crock', 'pot', 'without', 'touching', 'sides', 'crock', 'pot', 'cook', 'covered', 'low']",Italian
5062,"['preheat', 'oven', 'to', '350o', 'lightly', 'oil', 'an', '8', 'x', '8', ""''"", 'baking', 'dish', 'whisk', 'the', 'sauce', 'mascarpone', 'cheese', 'parsley', 'and', 'thyme', 'in', 'a', 'large', 'bowl', 'to', 'blend', 'cook', 'tortellini', 'in', 'a', 'large', 'pot', 'of', 'boiling', 'salted', 'water', 'until', 'just', 'tender', 'about', '2', 'minute', 'drain', 'add', 'tortellini', 'to', 'the', 'sauce', 'and', 'toss', 'to', 'coat', 'transfer', 'the', 'tortellini', 'mixture', 'to', 'the', 'prepared', 'baking', 'dish', 'top', 'the', 'mixture', 'with', 'the', 'mozzarella', 'and', 'parmesan', 'cover', 'and', 'bake', 'until', 'the', 'sauce', 'bubbles', 'and', 'the', 'cheeses', 'on', 'top', 'melt', 'about', '30', 'minute']","['preheat', 'oven', '350o', 'lightly', 'oil', 'x', ""''"", 'baking', 'dish', 'whisk', 'sauce', 'mascarpone', 'cheese', 'parsley', 'thyme', 'large', 'bowl', 'blend', 'cook', 'tortellini', 'large', 'pot', 'boiling', 'salted', 'water', 'tender', 'drain', 'add', 'tortellini', 'sauce', 'toss', 'coat', 'transfer', 'tortellini', 'mixture', 'prepared', 'baking', 'dish', 'top', 'mixture', 'mozzarella', 'parmesan', 'cover', 'bake', 'sauce', 'bubbles', 'cheeses', 'top', 'melt']",Italian
12716,"['at', 'medium', 'heat', 'in', 'fry', 'pan', 'sauté', 'onion', 'until', 'lightly', 'browned', 'in', 'oil', 'add', 'garlic', 'cook', 'another', 'minute', 'add', 'remaining', 'spices', 'and', 'cook', 'another', 'minute', 'add', 'broth', 'and', 'stir', 'add', 'turkey', 'and', 'mix', 'while', 'chopping', 'up', 'cover', 'stirring', 'occasionaly', 'until', 'turkey', 'is', 'well-cooked', '20-30', 'minutes', 'add', 'cilantro', 'and', 'mix']","['medium', 'heat', 'fry', 'pan', 'sauté', 'onion', 'lightly', 'browned', 'oil', 'add', 'garlic', 'cook', 'another', 'add', 'remaining', 'spices', 'cook', 'another', 'add', 'broth', 'stir', 'add', 'turkey', 'mix', 'chopping', 'cover', 'stirring', 'occasionaly', 'turkey', 'well', 'cooked', 'add', 'cilantro', 'mix']",Indian
3807,"['preheat', 'oven', 'to', '500', 'degrees', 'line', 'baking', 'sheet', 'or', 'glass', 'casserole', 'with', 'foil', 'for', 'easy', 'clean', 'up', 'chop', 'onion', 'pepper', 'and', 'garlic', 'while', 'oven', 'is', 'preheating', 'put', 'whole', 'sausages', 'on', 'foil', 'lined', 'pan/casserole', 'bake', '20-', '30', 'minutes', 'or', 'until', 'golden', 'brown', 'and', 'expelling', 'some', 'juices', 'remove', 'and', 'let', 'cool', 'slightly', 'while', 'sausage', 'is', 'cooking', 'in', 'a', 'pan', 'large', 'enough', 'for', 'all', 'ingredients', 'over', 'medium', 'heat', 'saute', 'onions', 'and', 'peppers', 'in', 'olive', 'oil', '5-7', 'minutes', 'until', 'onions', 'are', 'almost', 'translucent', 'add', 'garlic', 'and', 'saute', 'for', '2', 'more', 'minutes', 'do', 'not', 'allow', 'garlic', 'to', 'get', 'brown', 'or', 'it', 'will', 'be', 'bitter', 'reduce', 'heat', 'to', 'simmer', 'to', 'pan', 'of', 'onions/peppers/garlic', 'add', 'jar', 'of', 'pre-made', 'sauce', 'fill', 'empty', 'jar', 'with', 'a', 'splash', 'of', 'water', 'or', 'beer', 'close', 'lid', 'shake', 'to', 'rinse', 'open', 'and', 'add', 'to', 'sauce', 'fire', 'roasted', 'tomatoes', 'bay', 'leaves', 'italian', 'seasoning', 'sugar', 'and', 'smoked', 'paprika', 'slice', 'sausage', 'into', 'bite', 'sized', 'pieces', 'on', 'a', 'steep', 'angle', 'add', 'to', 'sauce', 'simmer', '30', 'minutes', 'stirring', 'occasionally', 'add', 'salt', 'and', 'pepper', 'to', 'your', 'taste', 'during', 'the', 'last', '30', 'minutes', 'serve', 'over', 'your', 'favorite', 'pasta', 'with', 'some', 'grated', 'cheese', 'enjoy']","['preheat', 'oven', 'line', 'baking', 'sheet', 'glass', 'casserole', 'foil', 'easy', 'clean', 'chop', 'onion', 'pepper', 'garlic', 'oven', 'preheating', 'put', 'whole', 'sausages', 'foil', 'lined', 'pan/casserole', 'bake', 'golden', 'brown', 'expelling', 'juices', 'remove', 'let', 'cool', 'slightly', 'sausage', 'cooking', 'pan', 'large', 'enough', 'ingredients', 'medium', 'heat', 'saute', 'onions', 'peppers', 'olive', 'oil', 'onions', 'almost', 'translucent', 'add', 'garlic', 'saute', 'allow', 'garlic', 'get', 'brown', 'bitter', 'reduce', 'heat', 'simmer', 'pan', 'onions/peppers/garlic', 'add', 'jar', 'pre', 'made', 'sauce', 'fill', 'empty', 'jar', 'splash', 'water', 'beer', 'close', 'lid', 'shake', 'rinse', 'open', 'add', 'sauce', 'fire', 'roasted', 'tomatoes', 'bay', 'leaves', 'italian', 'seasoning', 'sugar', 'smoked', 'paprika', 'slice', 'sausage', 'bite', 'sized', 'pieces', 'steep', 'angle', 'add', 'sauce', 'simmer', 'stirring', 'occasionally', 'add', 'salt', 'pepper', 'taste', 'last', 'serve', 'favorite', 'pasta', 'grated', 'cheese', 'enjoy']",Italian
2740,"['boil', 'pot', 'of', 'water', 'add', '1', 'tsp', 'of', 'the', 'sea', 'salt', 'to', 'the', 'pan', 'add', 'spaghetti', 'noodles', 'and', 'allow', 'to', 'cook', 'until', 'al', 'dente', 'approximately', '9', 'minutes', 'make', 'a', 'roux', 'pour', 'butter', 'into', 'a', 'saucepan', 'heat', 'until', 'bubbling', 'then', 'combine', 'flour', 'into', 'saucepan', 'and', 'cook', 'on', 'medium', 'heat', 'stirring', 'constantly', 'for', '3', 'minutes', 'add', 'milk', 'to', 'saucepan', 'and', 'continue', 'heating', 'and', 'stirring', 'the', 'mixture', 'combine', 'broccoli', 'cauliflower', 'and', 'carrot', 'in', 'a', 'steamer', 'and', 'cook', 'until', 'crisp-tender', 'approximately', '4-5', 'minutes', 'add', 'milk', 'powder', 'parmesean', 'garlic', 'mushrooms', 'pepper', 'and', 'the', 'rest', 'of', 'the', 'sea', 'salt', 'to', 'the', 'saucepan', 'and', 'cook', 'on', 'medium-low', 'heat', 'for', 'another', '8', 'minutes', 'let', 'sauce', 'cool', 'and', 'thicken', 'for', '1-2', 'minutes', 'drain', 'spaghetti', 'noodles', 'and', 'serve', 'topped', 'with', 'veggies', 'and', 'cream', 'sauce']","['boil', 'pot', 'water', 'add', 'sea', 'salt', 'pan', 'add', 'spaghetti', 'noodles', 'allow', 'cook', 'al', 'dente', 'approximately', 'make', 'roux', 'pour', 'butter', 'saucepan', 'heat', 'bubbling', 'combine', 'flour', 'saucepan', 'cook', 'medium', 'heat', 'stirring', 'constantly', 'add', 'milk', 'saucepan', 'continue', 'heating', 'stirring', 'mixture', 'combine', 'broccoli', 'cauliflower', 'carrot', 'steamer', 'cook', 'crisp', 'tender', 'approximately', 'add', 'milk', 'powder', 'parmesean', 'garlic', 'mushrooms', 'pepper', 'rest', 'sea', 'salt', 'saucepan', 'cook', 'medium', 'low', 'heat', 'another', 'let', 'sauce', 'cool', 'thicken', 'drain', 'spaghetti', 'noodles', 'serve', 'topped', 'veggies', 'cream', 'sauce']",Italian
7809,"['preheat', 'a', 'grill', 'or', 'grill', 'pan', 'to', 'medium-high', 'mix', 'the', 'ground', 'chicken', 'with', 'the', 'curry', 'paste', 'grill', 'seasoning', 'cinnamon', 'cumin', 'and', 'coriander', 'and', 'form', 'into', '4', 'large', '1/2', '”', 'thick', 'patties', 'coat', 'the', 'patties', 'with', 'a', 'little', 'olive', 'oil', 'and', 'grill', 'for', '4', 'to', '5', 'minutes', 'on', 'each', 'side', '3', 'minutes', 'on', 'each', 'side', 'for', 'lamb', 'in', 'a', 'food', 'processor', 'blend', 'the', 'yogurt', 'with', 'the', 'garlic', 'lemon', 'juice', 'cilantro', 'and', 'mint', 'until', 'smooth', 'season', 'the', 'lettuce', 'and', 'tomatoes', 'with', 'a', 'little', 'salt', 'char', 'the', 'pitas', 'on', 'the', 'grill', 'about', '1', 'minute', 'on', 'each', 'side', 'and', 'cut', 'about', '1', '”', 'off', 'the', 'tops', 'open', 'each', 'pita', 'and', 'fill', 'with', 'a', 'patty', 'a', 'quarter', 'of', 'the', 'chopped', 'lettuce', 'and', 'sliced', 'tomatoes', 'and', 'a', 'generous', 'spoonful', 'of', 'the', 'yogurt', 'sauce']","['preheat', 'grill', 'grill', 'pan', 'medium', 'high', 'mix', 'ground', 'chicken', 'curry', 'paste', 'grill', 'seasoning', 'cinnamon', 'cumin', 'coriander', 'form', 'large', '”', 'thick', 'patties', 'coat', 'patties', 'little', 'olive', 'oil', 'grill', 'side', 'side', 'lamb', 'food', 'processor', 'blend', 'yogurt', 'garlic', 'lemon', 'juice', 'cilantro', 'mint', 'smooth', 'season', 'lettuce', 'tomatoes', 'little', 'salt', 'char', 'pitas', 'grill', 'side', 'cut', '”', 'tops', 'open', 'pita', 'fill', 'patty', 'quarter', 'chopped', 'lettuce', 'sliced', 'tomatoes', 'generous', 'spoonful', 'yogurt', 'sauce']",Indian
3077,"['rinse', 'and', 'pat', 'the', 'chicken', 'dry', 'mix', 'the', 'almond', 'and', 'rice', 'flour', 'in', 'a', 'plastic', 'bag', 'and', 'add', 'the', 'chicken', 'roll', 'the', 'chicken', 'around', 'to', 'get', 'it', 'good', 'and', 'coated', 'heat', 'the', 'oil', 'in', 'a', 'dutch', 'oven', 'type', 'pan', 'until', 'you', 'can', 'smell', 'it', 'but', 'it', 'is', ""n't"", 'smoking', 'cook', 'the', 'chicken', 'in', 'the', 'oil', 'flipping', 'pieces', 'frequently', 'to', 'brown', 'on', 'all', 'sides', 'and', 'remove', 'from', 'pan', 'in', 'the', 'same', 'pan', 'saute', 'the', 'onion', 'green', 'pepper', 'garlic', 'and', 'zucchini', 'until', 'the', 'onion', 'is', 'tender', 'add', 'the', 'red', 'wine', 'vinegar', 'and', 'spices', 'to', 'the', 'veggies', 'and', 'simmer', 'for', '5', 'minutes', 'allowing', 'the', 'liquid', 'content', 'to', 'concentrate', 'and', 'reduce', 'slightly', 'add', 'tomatoes', 'and', 'tomato', 'sauce', 'i', 'use', 'fire', 'roasted', 'tomatoes', 'out', 'of', 'a', 'can', 'and', 'it', 'makes', 'it', 'pretty', 'tasty.', 'stir', 'all', 'this', 'up', 'and', 'add', 'the', 'cooked', 'chicken', 'cover', 'the', 'pot', 'and', 'cook', 'for', '45', 'minutes', 'over', 'low', 'to', 'medium', 'heat', 'after', '45', 'minutes', 'add', 'the', 'mushrooms', 'and', 'cook', 'uncovered', 'for', 'another', '15', 'minutes', 'serve', 'over', 'pasta', 'with', 'rice', 'with', 'mashed', 'potatoes', 'with', 'polenta', 'or', 'by', 'itself', 'with', 'bread', 'and', 'plan', 'to', 'be', 'loved']","['rinse', 'pat', 'chicken', 'dry', 'mix', 'almond', 'rice', 'flour', 'plastic', 'bag', 'add', 'chicken', 'roll', 'chicken', 'around', 'get', 'good', 'coated', 'heat', 'oil', 'dutch', 'oven', 'type', 'pan', 'smell', 'smoking', 'cook', 'chicken', 'oil', 'flipping', 'pieces', 'frequently', 'brown', 'sides', 'remove', 'pan', 'pan', 'saute', 'onion', 'green', 'pepper', 'garlic', 'zucchini', 'onion', 'tender', 'add', 'red', 'wine', 'vinegar', 'spices', 'veggies', 'simmer', 'allowing', 'liquid', 'content', 'concentrate', 'reduce', 'slightly', 'add', 'tomatoes', 'tomato', 'sauce', 'use', 'fire', 'roasted', 'tomatoes', 'makes', 'pretty', 'tasty.', 'stir', 'add', 'cooked', 'chicken', 'cover', 'pot', 'cook', 'low', 'medium', 'heat', 'add', 'mushrooms', 'cook', 'uncovered', 'another', 'serve', 'pasta', 'rice', 'mashed', 'potatoes', 'polenta', 'bread', 'plan', 'loved']",Italian
9751,"['blend', 'everything', 'together', 'in', 'a', 'blender', 'except', 'the', 'chicken', 'cube', 'the', 'chicken', 'and', 'marinate', 'in', 'the', 'mixture', 'for', 'four', 'hours', 'or', 'better', 'skewer', 'the', 'chicken', 'and', 'place', 'on', 'the', 'grill', 'or', 'under', 'the', 'broiler', 'in', 'the', 'oven', 'cook', 'the', 'chicken', 'until', 'white', 'through', 'or', 'whatever', 'temperature', 'the', 'cookbook', 'recommends', 'turn', 'it', 'once', 'or', 'twice', 'if', 'necessary', 'to', 'prevent', 'burning']","['blend', 'everything', 'together', 'blender', 'except', 'chicken', 'cube', 'chicken', 'marinate', 'mixture', 'four', 'better', 'skewer', 'chicken', 'place', 'grill', 'broiler', 'oven', 'cook', 'chicken', 'white', 'whatever', 'temperature', 'cookbook', 'recommends', 'turn', 'twice', 'necessary', 'prevent', 'burning']",Indian
10199,"['cut', 'small', 'pieces', 'of', 'plum', 'n', 'apricots', 'mash', 'mango', 'blend', 'all', 'the', 'above', 'ingredients', 'till', 'smooth', 'mixture', 'is', 'obtained', 'add', 'ice', 'cubes', 'to', 'the', 'blender', 'n', 'blend', 'till', 'smooth', 'serve', 'cold', 'enjoy']","['cut', 'small', 'pieces', 'plum', 'n', 'apricots', 'mash', 'mango', 'blend', 'ingredients', 'till', 'smooth', 'mixture', 'obtained', 'add', 'ice', 'cubes', 'blender', 'n', 'blend', 'till', 'smooth', 'serve', 'cold', 'enjoy']",Indian
12842,"['in', 'a', 'medium', 'bowl', 'whisk', 'together', 'the', 'chickpea', 'flour', 'water', '1', 'tablespoon', 'plus', '1', 'teaspoon', 'olive', 'oil', 'salt', 'ground', 'coriander', 'turmeric', 'and', 'cayenne', 'cover', 'with', 'plastic', 'wrap', 'and', 'let', 'the', 'mixture', 'rest', 'at', 'room', 'temperature', 'for', 'at', 'least', '2', 'hours', 'preheat', 'the', 'broiler', 'with', 'the', 'rack', 'set', '7', 'to', '8', 'inches', 'from', 'the', 'element', 'heat', '1', 'teaspoon', 'of', 'olive', 'oil', 'in', 'a', 'large', 'nonstick', 'skillet', 'set', 'over', 'medium-high', 'heat', 'add', 'the', 'onion', 'and', 'cook', 'until', 'starting', 'to', 'brown', 'about', '2', 'minutes', 'stir', 'in', 'the', 'tomato', 'and', 'cook', 'for', '3', 'minutes', 'add', 'the', 'garlic', 'and', 'cook', 'for', '30', 'seconds', 'stir', 'the', 'vegetables', 'into', 'the', 'chickpea', 'flour', 'batter', 'place', 'a', 'large', '10-inch', 'cast', 'iron', 'skillet', 'in', 'the', 'oven', 'to', 'preheat', 'for', '5', 'minutes', 'using', 'an', 'oven', 'mitt', 'or', 'potholder', 'carefully', 'remove', 'the', 'cast', 'iron', 'skillet', 'from', 'the', 'oven', 'pour', 'in', '1', 'tablespoon', 'olive', 'oil', 'and', 'swirl', 'to', 'coat', 'the', 'pan', 'pour', 'in', 'half', 'of', 'the', 'batter', 'and', 'immediately', 'swirl', 'to', 'coat', 'the', 'bottom', 'of', 'the', 'pan', 'place', 'under', 'the', 'broiler', 'and', 'cook', 'until', 'the', 'top', 'and', 'edges', 'are', 'starting', 'to', 'blacken', 'and', 'blister', '4', 'to', '6', 'minutes', 'carefully', 'transfer', 'the', 'flatbread', 'to', 'a', 'cutting', 'board', 'cut', 'into', '8', 'wedges', 'garnish', 'with', 'cilantro', 'and', 'serve', 'repeat', 'with', 'the', 'remaining', '1', 'tablespoon', 'olive', 'oil', 'batter', 'and', 'cilantro', 'note', 'prep', 'time', 'includes', 'rest', 'time', 'for', 'batter']","['medium', 'bowl', 'whisk', 'together', 'chickpea', 'flour', 'water', 'plus', 'olive', 'oil', 'salt', 'ground', 'coriander', 'turmeric', 'cayenne', 'cover', 'plastic', 'wrap', 'let', 'mixture', 'rest', 'room', 'temperature', 'least', 'preheat', 'broiler', 'rack', 'set', 'element', 'heat', 'olive', 'oil', 'large', 'nonstick', 'skillet', 'set', 'medium', 'high', 'heat', 'add', 'onion', 'cook', 'starting', 'brown', 'stir', 'tomato', 'cook', 'add', 'garlic', 'cook', 'seconds', 'stir', 'vegetables', 'chickpea', 'flour', 'batter', 'place', 'large', '10', 'inch', 'cast', 'iron', 'skillet', 'oven', 'preheat', 'using', 'oven', 'mitt', 'potholder', 'carefully', 'remove', 'cast', 'iron', 'skillet', 'oven', 'pour', 'olive', 'oil', 'swirl', 'coat', 'pan', 'pour', 'half', 'batter', 'immediately', 'swirl', 'coat', 'bottom', 'pan', 'place', 'broiler', 'cook', 'top', 'edges', 'starting', 'blacken', 'blister', 'carefully', 'transfer', 'flatbread', 'cutting', 'board', 'cut', 'wedges', 'garnish', 'cilantro', 'serve', 'repeat', 'remaining', 'olive', 'oil', 'batter', 'cilantro', 'note', 'prep', 'time', 'includes', 'rest', 'time', 'batter']",Indian
9292,"['combine', 'all', 'ingredients', 'in', 'a', '1-quart', 'saucepan', 'cover', 'and', 'saute', 'until', 'apples', 'are', 'tender', 'and', 'mixture', 'has', 'thickened', 'chill', 'in', 'refrigerator', 'serve', 'with', 'chicken', 'or', 'pork']","['combine', 'ingredients', '1', 'quart', 'saucepan', 'cover', 'saute', 'apples', 'tender', 'mixture', 'thickened', 'chill', 'refrigerator', 'serve', 'chicken', 'pork']",Indian
2738,"['keep', 'broth', 'in', 'a', 'saucepan', 'over', 'low-medium', 'heat', 'on', 'another', 'burner', 'heat', 'oil', 'in', 'a', 'large', 'saucepan', 'over', 'medium', 'heat', 'and', 'saute', 'onion', 'and', 'carrot', 'for', 'about', '3', 'minutes', 'add', 'rice', 'and', 'stir', 'pour', 'in', '2', 'cups', 'of', 'chicken', 'broth', 'and', 'stir', 'and', 'stir', 'and', 'stir', 'you', 'should', 'never', 'stop', 'stirring', 'for', 'more', 'than', 'a', 'minute', 'at', 'a', 'time', 'when', 'you', 'are', 'stirring', 'and', 'you', 'notice', 'that', 'the', 'rice', 'does', ""n't"", 'cover', 'the', 'bottom', 'of', 'the', 'pot', 'right', 'away', 'it', 'is', 'time', 'to', 'add', 'another', 'cup', 'of', 'hot', 'broth', 'keep', 'repeating', 'this', 'procedure', 'taste', 'the', 'rice', 'after', 'about', '30', 'minutes', 'and', 'see', 'if', 'the', '``', 'crunch', ""''"", 'is', 'gone', 'the', 'rice', 'should', 'be', 'tender', 'and', 'the', 'consistency', 'of', 'the', 'dish', 'should', 'be', 'creamy', 'i', 'found', 'that', 'i', 'used', 'the', 'full', 'amount', 'of', 'broth', 'by', 'the', 'time', 'it', 'was', 'at', 'the', 'right', 'consistency', 'you', 'may', 'need', 'more', 'when', 'you', 'are', 'happy', 'with', 'the', 'consistency', 'stir', 'in', 'wine', 'remove', 'from', 'heat', 'and', 'stir', 'in', 'parmesan']","['keep', 'broth', 'saucepan', 'low', 'medium', 'heat', 'another', 'burner', 'heat', 'oil', 'large', 'saucepan', 'medium', 'heat', 'saute', 'onion', 'carrot', 'add', 'rice', 'stir', 'pour', 'chicken', 'broth', 'stir', 'stir', 'stir', 'never', 'stop', 'stirring', 'time', 'stirring', 'notice', 'rice', 'cover', 'bottom', 'pot', 'right', 'away', 'time', 'add', 'another', 'hot', 'broth', 'keep', 'repeating', 'procedure', 'taste', 'rice', 'see', '``', 'crunch', ""''"", 'gone', 'rice', 'tender', 'consistency', 'dish', 'creamy', 'found', 'used', 'full', 'amount', 'broth', 'time', 'right', 'consistency', 'may', 'need', 'happy', 'consistency', 'stir', 'wine', 'remove', 'heat', 'stir', 'parmesan']",Italian
1824,"['sprinkle', 'and', 'rub', 'salt', 'and', 'pepper', 'on', 'chicken', 'breast', 'sprinkle', 'italian', 'seasoning', 'over', 'chicken', 'breast', 'making', 'sure', 'that', 'it', 'has', 'the', 'seasoning', 'all', 'over', 'in', 'a', 'ziploc', 'bag', 'pour', 'the', 'olive', 'oil', 'and', 'seal', 'it', 'then', 'rub', 'the', 'bag', 'to', 'spread', 'the', 'oil', 'in', 'bag', 'place', 'seasoned', 'chicken', 'breasts', 'in', 'the', 'bag', 'and', 'rub', 'again', 'thoroughly', 'place', 'to', 'marinate', 'in', 'refrigerator', 'for', 'at', 'least', 'two', 'hours', 'after', 'your', 'marinade', 'is', 'done', 'place', 'on', 'preheated', 'grill', 'in', 'medium-low', 'and', 'cook', 'both', 'sides', 'for', 'about', '15', 'to', '20', 'minute', 'in', 'the', 'meantime', 'you', 'can', 'be', 'steaming', 'your', 'veggies', '-if', 'you', 'want', 'to', 'accompany', 'it-', 'or', 'just', 'serve', 'as', 'is', 'enjoy']","['sprinkle', 'rub', 'salt', 'pepper', 'chicken', 'breast', 'sprinkle', 'italian', 'seasoning', 'chicken', 'breast', 'making', 'sure', 'seasoning', 'ziploc', 'bag', 'pour', 'olive', 'oil', 'seal', 'rub', 'bag', 'spread', 'oil', 'bag', 'place', 'seasoned', 'chicken', 'breasts', 'bag', 'rub', 'thoroughly', 'place', 'marinate', 'refrigerator', 'least', 'two', 'marinade', 'done', 'place', 'preheated', 'grill', 'medium', 'low', 'cook', 'sides', 'meantime', 'steaming', 'veggies', 'want', 'accompany', 'serve', 'enjoy']",Italian
11348,"['heat', 'oil', 'in', 'a', 'frying', 'pan', 'once', 'its', 'hot', 'toss', 'in', 'the', 'mustard', 'seeds', 'allow', 'to', 'splutter', 'once', 'they', 'stop', 'spluttering', 'add', 'the', 'torn', 'curry', 'leaves', 'lower', 'flame', 'then', 'add', 'asafoetida', 'and', 'turmeric', 'powders', 'stir', 'for', 'a', 'minute', 'then', 'add', 'the', 'red', 'chilli', 'powder', 'and', 'stir-fry', 'for', '2', 'minutes', 'now', 'increase', 'flame', 'add', 'the', 'prawns', 'and', 'stir-fry', 'until', 'they', 'are', 'cooked', 'on', 'either', 'side', 'stir', 'in', 'the', 'lemon', 'or', 'tamarind', 'juice', 'remove', 'from', 'flame', 'serve', 'hot', 'with', 'lentil', 'curry', 'and', 'rice', 'or', 'curd', 'yogurt', 'rice', 'enjoy']","['heat', 'oil', 'frying', 'pan', 'hot', 'toss', 'mustard', 'seeds', 'allow', 'splutter', 'stop', 'spluttering', 'add', 'torn', 'curry', 'leaves', 'lower', 'flame', 'add', 'asafoetida', 'turmeric', 'powders', 'stir', 'add', 'red', 'chilli', 'powder', 'stir', 'fry', 'increase', 'flame', 'add', 'prawns', 'stir', 'fry', 'cooked', 'either', 'side', 'stir', 'lemon', 'tamarind', 'juice', 'remove', 'flame', 'serve', 'hot', 'lentil', 'curry', 'rice', 'curd', 'yogurt', 'rice', 'enjoy']",Indian
6436,"['combine', 'the', 'flour', 'with', 'salt', 'and', 'pepper', 'to', 'taste', 'spread', 'the', 'mixture', 'on', 'a', 'piece', 'of', 'wax', 'paper', 'and', 'roll', 'the', 'meat', 'in', 'the', 'flour', 'in', 'a', 'large', 'heavy', 'skillet', 'heat', 'the', 'oil', 'over', 'medium-high', 'heat', 'add', 'the', 'beef', 'and', 'brown', 'it', 'on', 'all', 'sides', 'about', '15', 'minutes', 'place', 'the', 'meat', 'in', 'a', 'large', 'slow', 'cooker', 'add', 'the', 'pancetta', 'and', 'onion', 'to', 'the', 'skillet', 'reduce', 'the', 'heat', 'to', 'medium', 'and', 'cook', 'for', '10', 'minutes', 'stirring', 'occasionally', 'until', 'the', 'onion', 'is', 'tender', 'stir', 'in', 'the', 'garlic', 'add', 'the', 'wine', 'and', 'bring', 'it', 'to', 'a', 'simmer', 'scraping', 'the', 'bottom', 'of', 'the', 'pan', 'pour', 'the', 'mixture', 'over', 'the', 'beef', 'add', 'the', 'tomatoes', 'and', 'broth', 'scatter', 'the', 'carrots', 'celery', 'bay', 'leaf', 'and', 'ground', 'cloves', 'around', 'the', 'meat', 'cover', 'and', 'cook', 'on', 'low', 'for', '6', 'hours', 'or', 'until', 'the', 'meat', 'is', 'tender', 'when', 'pierced', 'with', 'a', 'fork', 'transfer', 'the', 'meat', 'to', 'a', 'platter', 'remove', 'the', 'bay', 'leaf', 'from', 'the', 'sauce', 'slice', 'the', 'meat', 'and', 'spoon', 'on', 'the', 'sauce']","['combine', 'flour', 'salt', 'pepper', 'taste', 'spread', 'mixture', 'piece', 'wax', 'paper', 'roll', 'meat', 'flour', 'large', 'heavy', 'skillet', 'heat', 'oil', 'medium', 'high', 'heat', 'add', 'beef', 'brown', 'sides', 'place', 'meat', 'large', 'slow', 'cooker', 'add', 'pancetta', 'onion', 'skillet', 'reduce', 'heat', 'medium', 'cook', 'stirring', 'occasionally', 'onion', 'tender', 'stir', 'garlic', 'add', 'wine', 'bring', 'simmer', 'scraping', 'bottom', 'pan', 'pour', 'mixture', 'beef', 'add', 'tomatoes', 'broth', 'scatter', 'carrots', 'celery', 'bay', 'leaf', 'ground', 'cloves', 'around', 'meat', 'cover', 'cook', 'low', 'meat', 'tender', 'pierced', 'fork', 'transfer', 'meat', 'platter', 'remove', 'bay', 'leaf', 'sauce', 'slice', 'meat', 'spoon', 'sauce']",Italian
4802,"['heat', 'olive', 'oil', 'in', 'a', 'pan', 'on', 'low', 'and', 'sizzle', 'the', 'garlic', 'remove', 'the', 'garlic', 'when', 'it', 'is', 'a', 'pale', 'golden', 'color', 'add', 'tomatoes', 'oregano', 'rosemary', 'salt', 'peppers', 'and', 'cook', 'over', 'medium', 'heat', 'until', 'the', 'tomatoes', 'are', 'not', ""'foaming"", 'about', '15', 'minutes', 'or', 'so', 'you', 'do', ""n't"", 'want', 'to', 'cook', 'this', 'to', 'death', 'and', 'it', 'need', 'not', 'be', 'screaming', 'hot', 'check', 'your', 'seasonings', 'and', 'adjust', 'to', 'your', 'taste', 'meanwhile', 'cook', 'recipe', '272132', 'in', 'a', 'huge', 'pot', 'of', 'boiling', 'salted', 'water', 'per', 'the', 'recipe', 'have', 'a', 'bowl', 'heated', 'so', 'the', 'pasta', 'does', 'not', 'get', 'cold', 'immediately', 'toss', 'the', 'pasta', 'with', 'the', 'sauce', 'and', 'add', 'the', 'basil', 'chiffonade', 'pass', 'the', 'cheese', 'and', 'enjoy']","['heat', 'olive', 'oil', 'pan', 'low', 'sizzle', 'garlic', 'remove', 'garlic', 'pale', 'golden', 'color', 'add', 'tomatoes', 'oregano', 'rosemary', 'salt', 'peppers', 'cook', 'medium', 'heat', 'tomatoes', ""'foaming"", 'want', 'cook', 'death', 'need', 'screaming', 'hot', 'check', 'seasonings', 'adjust', 'taste', 'meanwhile', 'cook', 'recipe', 'huge', 'pot', 'boiling', 'salted', 'water', 'per', 'recipe', 'bowl', 'heated', 'pasta', 'get', 'cold', 'immediately', 'toss', 'pasta', 'sauce', 'add', 'basil', 'chiffonade', 'pass', 'cheese', 'enjoy']",Italian
4421,"['in', 'a', 'soup', 'pot', 'heat', 'oil', 'over', 'med', 'high', 'heat', 'add', 'the', 'beef', 'season', 'with', 'salt', 'and', 'pepper', 'and', 'cook', 'until', 'browned', '3', 'to', '4', 'minutes', 'stir', 'in', 'the', 'onion', 'carrots', 'and', 'garlic', 'and', 'cook', 'until', 'softened', '5', 'to', '7', 'minutes', 'stir', 'in', '2', 'cups', 'water', 'the', 'chicken', 'broth', 'and', 'tomatoes', 'and', 'dried', 'seasonings', 'if', 'using', 'fresh', 'add', 'later', 'cover', 'and', 'bring', 'to', 'a', 'boil', 'add', 'the', 'pasta', 'and', 'cook', 'until', 'al', 'dente', 'about', '15', 'minutes', 'serve', 'stoup', 'in', 'bowls', 'and', 'dollop', 'with', 'ricotta', 'pass', 'the', 'parm', 'at', 'the', 'table']","['soup', 'pot', 'heat', 'oil', 'med', 'high', 'heat', 'add', 'beef', 'season', 'salt', 'pepper', 'cook', 'browned', 'stir', 'onion', 'carrots', 'garlic', 'cook', 'softened', 'stir', 'water', 'chicken', 'broth', 'tomatoes', 'dried', 'seasonings', 'using', 'fresh', 'add', 'later', 'cover', 'bring', 'boil', 'add', 'pasta', 'cook', 'al', 'dente', 'serve', 'stoup', 'bowls', 'dollop', 'ricotta', 'pass', 'parm', 'table']",Italian
9797,"['heat', 'vegetable', 'oil', 'and', 'fry', 'sliced', 'onions', 'and', 'garlic', 'for', 'about', '3', 'minutes', 'add', 'diced', 'beef', 'fry', 'for', 'about', '5', 'minutes', 'and', 'add', 'stock', 'add', 'champignons', 'coconut', 'milk', 'heat', 'until', 'boiling', 'and', 'add', 'curry', 'powder', 'stir', 'well', 'until', 'curry', 'powder', 'dissolved', 'add', 'fish', 'sauce', 'to', 'taste', 'salt', 'and', 'black', 'pepper', 'to', 'taste', 'add', 'sliced', 'chili', 'pepper', 'to', 'taste', 'simmer', 'for', 'about', '2,5', 'hours', 'until', 'beef', 'is', 'tender', 'add', 'pickled', 'onions', 'serve', 'with', 'naan', 'dried', 'fried', 'onions', 'white', 'rice', 'and', 'mango', 'chutney']","['heat', 'vegetable', 'oil', 'fry', 'sliced', 'onions', 'garlic', 'add', 'diced', 'beef', 'fry', 'add', 'stock', 'add', 'champignons', 'coconut', 'milk', 'heat', 'boiling', 'add', 'curry', 'powder', 'stir', 'well', 'curry', 'powder', 'dissolved', 'add', 'fish', 'sauce', 'taste', 'salt', 'black', 'pepper', 'taste', 'add', 'sliced', 'chili', 'pepper', 'taste', 'simmer', '2,5', 'beef', 'tender', 'add', 'pickled', 'onions', 'serve', 'naan', 'dried', 'fried', 'onions', 'white', 'rice', 'mango', 'chutney']",Indian
8811,"['make', 'a', 'paste', 'of', 'one', 'shallot', '2', 'cloves', 'garlic', 'an', 'inch', 'piece', 'of', 'ginger', 'and', 'a', '2', 'green', 'chillies', 'add', 'this', 'paste', 'to', 'the', 'yoghurt', 'along', 'with', 'salt', 'turmeric', 'and', 'gram-flour', 'incorporate', 'this', 'in', 'a', 'way', 'that', 'there', 'are', ""n't"", 'any', 'lumps', 'of', 'gram-flour', 'add', '3', 'cups', 'of', 'water', 'to', 'this', 'in', 'a', 'wok', 'heat', 'the', 'ghee', 'and', 'splutter', 'the', 'cumin', 'mustard', 'whole', 'red', 'chili', 'curry', 'leaves', 'and', 'asafoetida', 'once', 'the', 'mustards', 'are', 'done', 'spluttering', 'pour', 'the', 'yoghurt', 'sauce', 'into', 'this', 'tempering', 'while', 'stirring', 'keep', 'stirring', 'until', 'the', 'sauce', 'starts', 'boiling', 'or', 'else', 'it', 'might', 'curdle', 'add', 'salt', 'to', 'taste', 'adding', 'sugar', 'is', 'optional', 'you', 'might', 'want', 'to', 'add', '1', 'tsp', 'sugar', 'especially', 'if', 'the', 'yoghurt', 'is', 'a', 'bit', 'too', 'tangy', 'the', 'sugar', 'balances', 'out', 'the', 'tanginess', 'of', 'the', 'sauce', 'continue', 'boiling', 'till', 'the', 'sauce', 'thickens', 'to', 'desired', 'consistency', 'garnish', 'with', 'chopped', 'corriander', 'if', 'adding', 'dumplings', 'you', 'would', 'want', 'to', 'keep', 'the', 'sauce', 'thinner', 'as', 'the', 'dumplings', 'tend', 'to', 'soak', 'up', 'the', 'liquid', 'for', 'the', 'dumplings', '1', 'onion', 'chopped,1', 'tablespoons', 'chopped', 'coriander,1', 'green', 'chili', 'chopped', 'optional', 'salt', 'to', 'taste.1/4', 'tsp', 'turmeric,1', 'tablespoons', 'yoghurt,2', 'heaped', 'tablespoons', 'of', 'gram-flour', 'water', 'as', 'required', 'to', 'make', 'a', 'not', 'too', 'runny', 'batter', '13.', 'mix', 'all-together', 'and', 'deep', 'fry', 'these', 'by', 'dropping', 'a', 'teaspoonful', 'of', 'this', 'mixture', 'into', 'hot', 'oil', 'and', 'then', 'reducing', 'the', 'flame', 'for', 'further', 'cooking', 'dunk', 'these', 'into', 'the', 'yoghurt', 'sauce', 'wait', 'for', 'atleast', '15', 'minutes', 'before', 'serving', 'with', 'steamed', 'rice', '14.', 'for', 'added', 'flavor', 'and', 'visual', 'value', 'you', 'can', 'temper', 'the', 'kadhi', 'with', 'mustard', 'cumin', 'and', 'a', 'red', 'chilli', 'fried', 'in', 'a', 'tablespoonful', 'of', 'ghee', 'right', 'before', 'serving']","['make', 'paste', 'one', 'shallot', 'cloves', 'garlic', 'piece', 'ginger', 'green', 'chillies', 'add', 'paste', 'yoghurt', 'along', 'salt', 'turmeric', 'gram', 'flour', 'incorporate', 'way', 'lumps', 'gram', 'flour', 'add', 'water', 'wok', 'heat', 'ghee', 'splutter', 'cumin', 'mustard', 'whole', 'red', 'chili', 'curry', 'leaves', 'asafoetida', 'mustards', 'done', 'spluttering', 'pour', 'yoghurt', 'sauce', 'tempering', 'stirring', 'keep', 'stirring', 'sauce', 'starts', 'boiling', 'else', 'might', 'curdle', 'add', 'salt', 'taste', 'adding', 'sugar', 'optional', 'might', 'want', 'add', 'sugar', 'especially', 'yoghurt', 'bit', 'tangy', 'sugar', 'balances', 'tanginess', 'sauce', 'continue', 'boiling', 'till', 'sauce', 'thickens', 'desired', 'consistency', 'garnish', 'chopped', 'corriander', 'adding', 'dumplings', 'would', 'want', 'keep', 'sauce', 'thinner', 'dumplings', 'tend', 'soak', 'liquid', 'dumplings', 'onion', 'chopped,1', 'chopped', 'coriander,1', 'green', 'chili', 'chopped', 'optional', 'salt', 'taste.1/4', 'turmeric,1', 'yoghurt,2', 'heaped', 'gram', 'flour', 'water', 'required', 'make', 'runny', 'batter', 'mix', 'together', 'deep', 'fry', 'dropping', 'teaspoonful', 'mixture', 'hot', 'oil', 'reducing', 'flame', 'cooking', 'dunk', 'yoghurt', 'sauce', 'wait', 'atleast', 'serving', 'steamed', 'rice', 'added', 'flavor', 'visual', 'value', 'temper', 'kadhi', 'mustard', 'cumin', 'red', 'chilli', 'fried', 'tablespoonful', 'ghee', 'right', 'serving']",Indian
5874,"['make', 'the', 'ricotta', 'filling', 'in', 'a', 'bowl', 'whisk', 'together', 'the', 'cheeses', 'and', 'the', 'egg', 'until', 'well', 'combined', 'set', 'aside', 'heat', 'the', 'olive', 'oil', 'in', 'a', 'medium', 'skillet', 'over', 'medium', 'to', 'medium-high', 'heat', 'saute', 'the', 'onion', 'garlic', 'carrot', 'celery', 'and', 'parsley', 'for', '2-3', 'minutes', 'stir', 'in', 'the', 'ground', 'beef', 'and', 'cook', 'stirring', 'occasionally', 'until', 'meat', 'is', 'cooked', 'through', 'about', '7-8', 'minutes', 'add', 'the', 'chopped', 'spinach', 'to', 'meat', 'and', 'cook', 'for', 'an', 'additional', 'minute', 'you', 'can', 'reserve', 'about', '4', 'tablespoons', 'of', 'spinach', 'for', 'the', 'topping', 'remove', 'from', 'heat', 'and', 'add', 'the', 'shredded', 'cheese', 'season', 'to', 'taste', 'with', 'salt', 'and', 'pepper', 'make', 'the', 'rosé', 'sauce', 'stir', 'together', 'the', 'marinara', 'sauce', 'with', 'the', 'cream', 'and', 'red', 'wine', 'spread', 'about', '1', 'cup', 'of', 'the', 'rosé', 'sauce', 'evenly', 'in', 'the', 'bottom', 'of', 'a', '13x9-inch', 'baking', 'dish', 'use', 'a', 'teaspoon', 'to', 'fill', 'half', 'the', 'pasta', 'shells', 'with', 'the', 'ricotta', 'filling', 'fill', 'the', 'remaining', 'pasta', 'shells', 'with', 'the', 'meat', 'and', 'spinach', 'filling', 'arrange', 'filled', 'shells', 'in', 'a', 'single', 'layer', 'in', 'the', 'prepared', 'baking', 'dish', 'pour', 'rosé', 'sauce', 'over', 'the', 'pasta', 'shells', 'and', 'top', 'with', 'grated', 'parmesan', 'cheese', 'and', 'the', 'reserved', 'spinach', 'if', 'desired', 'cover', 'with', 'aluminum', 'foil', 'and', 'bake', 'in', 'a', '350', 'degree', 'f', 'oven', 'for', '35', 'minutes']","['make', 'ricotta', 'filling', 'bowl', 'whisk', 'together', 'cheeses', 'egg', 'well', 'combined', 'set', 'aside', 'heat', 'olive', 'oil', 'medium', 'skillet', 'medium', 'medium', 'high', 'heat', 'saute', 'onion', 'garlic', 'carrot', 'celery', 'parsley', 'stir', 'ground', 'beef', 'cook', 'stirring', 'occasionally', 'meat', 'cooked', 'add', 'chopped', 'spinach', 'meat', 'cook', 'additional', 'reserve', 'spinach', 'topping', 'remove', 'heat', 'add', 'shredded', 'cheese', 'season', 'taste', 'salt', 'pepper', 'make', 'rosé', 'sauce', 'stir', 'together', 'marinara', 'sauce', 'cream', 'red', 'wine', 'spread', 'rosé', 'sauce', 'evenly', 'bottom', '13x9', 'inch', 'baking', 'dish', 'use', 'fill', 'half', 'pasta', 'shells', 'ricotta', 'filling', 'fill', 'remaining', 'pasta', 'shells', 'meat', 'spinach', 'filling', 'arrange', 'filled', 'shells', 'single', 'layer', 'prepared', 'baking', 'dish', 'pour', 'rosé', 'sauce', 'pasta', 'shells', 'top', 'grated', 'parmesan', 'cheese', 'reserved', 'spinach', 'desired', 'cover', 'aluminum', 'foil', 'bake', 'f', 'oven']",Italian
3977,"['prepare', 'dough', 'out', 'of', 'ingredients', 'knead', 'well', 'and', 'let', 'rest', 'for', 'about', '20minutes', 'in', 'the', 'fridge', 'mash', 'potatoe', 'and', 'mix', 'with', 'all', 'of', 'the', 'other', 'ingredients', 'for', 'filling', 'roll', 'dough', 'very', 'thinley', 'using', 'a', 'rolling', 'pin', 'or', 'pasta', 'machine', 'cut', 'out', 'rounds', 'of', 'about', '2', 'inch', 'diameter', 'place', 'a', 'generous', 'teaspoon', 'of', 'filling', 'in', 'the', 'center', 'of', 'one', 'round', 'and', 'cover', 'with', 'a', 'second', 'use', 'a', 'fork', 'to', 'press', 'dough', 'together', 'cook', 'pasta', 'for', 'about', '3', 'minutes', 'until', 'done', 'drizzle', 'with', 'melted', 'and', 'browned', 'butter', 'and', 'smoked', 'ricotta', 'cheese']","['prepare', 'dough', 'ingredients', 'knead', 'well', 'let', 'rest', '20minutes', 'fridge', 'mash', 'potatoe', 'mix', 'ingredients', 'filling', 'roll', 'dough', 'thinley', 'using', 'rolling', 'pin', 'pasta', 'machine', 'cut', 'rounds', 'diameter', 'place', 'generous', 'filling', 'center', 'one', 'round', 'cover', 'second', 'use', 'fork', 'press', 'dough', 'together', 'cook', 'pasta', 'done', 'drizzle', 'melted', 'browned', 'butter', 'smoked', 'ricotta', 'cheese']",Italian
1525,"['bring', '1-1/2', 'gallons', 'of', 'heavily', 'salted', 'water', 'to', 'a', 'full', 'rolling', 'boil', 'in', 'a', 'large', 'pot', 'and', 'add', '1', 'tbsp', 'olive', 'oil', 'if', 'using', 'dry', 'pasta', 'add', 'pasta', 'and', 'cook', 'for', '10-12', 'minutes', 'until', 'almost', 'al', 'dente', 'add', 'asparagus', 'and', 'cook', 'for', 'about', 'another', '1-2', 'minutes', 'until', 'pasta', 'is', 'al', 'dente', 'and', 'asparagus', 'is', 'crisp-tender', 'if', 'using', 'fresh', 'pasta', 'add', 'asparagus', 'to', 'boiling', 'water', 'allow', 'to', 'return', 'to', 'a', 'boil', 'add', 'fresh', 'pasta', 'and', 'cook', 'for', 'another', '1-2', 'minutes', 'until', 'pasta', 'is', 'al', 'dente', 'and', 'asparagus', 'is', 'crisp-tender', 'in', 'either', 'case', 'drain', 'drizzle', 'with', '1', 'tbsp', 'olive', 'oil', 'toss', 'and', 'set', 'aside', 'until', 'needed', 'in', 'a', 'large', 'deep', 'skillet', 'heat', 'remaining', '1', 'tbsp', 'olive', 'oil', 'until', 'shimmering', 'add', 'scallions', 'garlic', 'and', 'prosciutto', 'and', 'cook', 'until', 'fragrant', 'add', 'shrimp', 'and', 'toss', 'and', 'stir', 'until', 'shrimp', 'is', 'heated', 'add', 'cream', 'and', 'cheese', 'and', 'toss', 'and', 'stir', 'until', 'cheese', 'is', 'melted', 'add', 'pasta', 'and', 'asparagus', 'and', 'toss', 'until', 'everything', 'is', 'combined', 'and', 'heated', 'through', 'serve', 'immediately', 'with', 'additional', 'cheese', 'on', 'the', 'side', 'this', 'goes', 'great', 'with', 'a', 'green', 'salad', 'and', 'hot', 'ciabatta', 'bread', 'with', 'butter']","['bring', 'gallons', 'heavily', 'salted', 'water', 'full', 'rolling', 'boil', 'large', 'pot', 'add', 'olive', 'oil', 'using', 'dry', 'pasta', 'add', 'pasta', 'cook', 'almost', 'al', 'dente', 'add', 'asparagus', 'cook', 'another', 'pasta', 'al', 'dente', 'asparagus', 'crisp', 'tender', 'using', 'fresh', 'pasta', 'add', 'asparagus', 'boiling', 'water', 'allow', 'return', 'boil', 'add', 'fresh', 'pasta', 'cook', 'another', 'pasta', 'al', 'dente', 'asparagus', 'crisp', 'tender', 'either', 'case', 'drain', 'drizzle', 'olive', 'oil', 'toss', 'set', 'aside', 'needed', 'large', 'deep', 'skillet', 'heat', 'remaining', 'olive', 'oil', 'shimmering', 'add', 'scallions', 'garlic', 'prosciutto', 'cook', 'fragrant', 'add', 'shrimp', 'toss', 'stir', 'shrimp', 'heated', 'add', 'cream', 'cheese', 'toss', 'stir', 'cheese', 'melted', 'add', 'pasta', 'asparagus', 'toss', 'everything', 'combined', 'heated', 'serve', 'immediately', 'additional', 'cheese', 'side', 'goes', 'great', 'green', 'salad', 'hot', 'ciabatta', 'bread', 'butter']",Italian
2043,"['preheat', 'oven', 'to', '400', 'f.', 'lightly', 'drizzle', '~2', 'tbsp', 'olive', 'oil', 'into', 'a', 'baking', 'dish', 'in', 'a', 'large', 'bowl', 'whisk', 'together', 'onion', 'parsley', 'egg', 'ketchup', 'salt', 'garlic', 'and', 'black', 'pepper', 'stir', 'in', 'the', 'cheese', 'and', 'bread', 'crumbs', 'mix', 'in', 'turkey', 'until', 'all', 'is', 'well', 'combined', 'cover', 'and', 'refrigerate', 'now', 'take', 'your', 'zucchini', 'and', 'eggplant', 'and', 'carefully', 'scrape', 'out', 'the', 'seeds', 'and', 'some', 'of', 'the', 'inner', 'flesh', 'creating', 'a', 'pocket', 'for', 'the', 'stuffing', 'while', 'still', 'leaving', 'a', 'pretty', 'thick', 'shell', 'halve', 'and', 'seed', 'the', 'bell', 'peppers', 'then', 'fill', 'all', 'the', 'vegetables', 'with', 'the', 'turkey', 'mixture', 'mounding', 'slightly', 'arrange', 'stuffed', 'vegetables', 'in', 'the', 'baking', 'dish', 'pour', 'marinara', 'sauce', 'over', 'everything', 'and', 'sprinkle', 'with', 'some', 'more', 'of', 'the', 'grated', 'romano', 'i', 'like', 'to', 'use', 'freshly', 'grated', 'parmesan', 'bake', 'uncovered', 'about', '45', 'minutes', 'let', 'stand', '10', 'minutes', 'before', 'serving']","['preheat', 'oven', 'f.', 'lightly', 'drizzle', '~2', 'olive', 'oil', 'baking', 'dish', 'large', 'bowl', 'whisk', 'together', 'onion', 'parsley', 'egg', 'ketchup', 'salt', 'garlic', 'black', 'pepper', 'stir', 'cheese', 'bread', 'crumbs', 'mix', 'turkey', 'well', 'combined', 'cover', 'refrigerate', 'take', 'zucchini', 'eggplant', 'carefully', 'scrape', 'seeds', 'inner', 'flesh', 'creating', 'pocket', 'stuffing', 'still', 'leaving', 'pretty', 'thick', 'shell', 'halve', 'seed', 'bell', 'peppers', 'fill', 'vegetables', 'turkey', 'mixture', 'mounding', 'slightly', 'arrange', 'stuffed', 'vegetables', 'baking', 'dish', 'pour', 'marinara', 'sauce', 'everything', 'sprinkle', 'grated', 'romano', 'like', 'use', 'freshly', 'grated', 'parmesan', 'bake', 'uncovered', 'let', 'stand', 'serving']",Italian
6333,"['combine', 'all', 'ingredients', 'and', 'marinade', 'meat', 'over', 'night', 'makes', 'about', '3/4', 'cup', 'marinade']","['combine', 'ingredients', 'marinade', 'meat', 'night', 'makes', 'marinade']",Italian
2931,"['saute', 'garlic', 'onions', 'celery', 'and', 'carrot', 'in', 'olive', 'oil', 'until', 'tender', 'add', 'tomatoes', 'beans', 'and', 'spices', 'add', '2', 'cups', 'water', 'and', 'tomato', 'paste', 'bring', 'to', 'a', 'boil', 'taste', 'a', 'small', 'amount', 'and', 'adjust', 'seasoning', 'to', 'taste', 'add', 'pasta', 'i', 'use', 'shells', 'and', 'cook', 'for', 'about', '15', 'minutes', 'more', 'until', 'pasta', 'is', 'cooked', 'through', 'top', 'with', 'fresh', 'basil', 'and', 'parmesan', 'cheese', 'this', 'is', 'so', 'yummo', 'served', 'with', 'fresh', 'homemade', 'bread', 'when', 'you', 'reheat', 'this', 'for', 'left', 'overs', 'or', 'lunches', 'you', 'may', 'have', 'to', 'add', 'a', 'little', 'water', 'because', 'the', 'pasta', 'absorbs', 'the', 'liquid.it', 'is', 'still', 'yummy', 'though', 'a', 'note', 'when', 'i', 'am', 'in', 'a', 'hurry', 'i', 'use', 'a', 'mixture', 'of', 'onions', 'carrots', 'and', 'celery', '``', 'mirepoix', ""''"", 'available', 'in', 'the', 'freezer', 'section', 'of', 'most', 'grocery', 'stores']","['saute', 'garlic', 'onions', 'celery', 'carrot', 'olive', 'oil', 'tender', 'add', 'tomatoes', 'beans', 'spices', 'add', 'water', 'tomato', 'paste', 'bring', 'boil', 'taste', 'small', 'amount', 'adjust', 'seasoning', 'taste', 'add', 'pasta', 'use', 'shells', 'cook', 'pasta', 'cooked', 'top', 'fresh', 'basil', 'parmesan', 'cheese', 'yummo', 'served', 'fresh', 'homemade', 'bread', 'reheat', 'left', 'overs', 'lunches', 'may', 'add', 'little', 'water', 'pasta', 'absorbs', 'liquid.it', 'still', 'yummy', 'though', 'note', 'hurry', 'use', 'mixture', 'onions', 'carrots', 'celery', '``', 'mirepoix', ""''"", 'available', 'freezer', 'section', 'grocery', 'stores']",Italian
2435,"['heat', 'oil', 'in', 'a', 'pan', 'cook', 'chicken', 'for', '4-5min', 'on', 'each', 'side', 'until', 'golden', 'remove', 'from', 'pan', 'and', 'keep', 'warm', 'add', 'the', 'onion', 'to', 'the', 'pan', 'and', 'cook', 'for', '7-8min', 'until', 'softened', 'add', 'the', 'pepper', 'garlic', 'and', 'zucchini', 'and', 'continue', 'to', 'cook', 'for', '2min', 'stir', 'in', 'the', 'tomatoes', 'and', 'stock', 'and', 'bring', 'to', 'the', 'boil', 'then', 'return', 'the', 'chicken', 'to', 'the', 'pan', 'simmer', 'for', '10-15min', 'until', 'the', 'sauce', 'is', 'thick', 'and', 'the', 'chicken', 'cooked', 'through', 'add', 'the', 'beans', 'to', 'the', 'sauce', 'with', 'the', 'basil', 'and', 'plenty', 'of', 'salt', 'and', 'black', 'pepper', 'and', 'stir', 'to', 'heat', 'through', 'serve', 'immediately', 'with', 'crusty', 'bread']","['heat', 'oil', 'pan', 'cook', 'chicken', '4', '5min', 'side', 'golden', 'remove', 'pan', 'keep', 'warm', 'add', 'onion', 'pan', 'cook', '7', '8min', 'softened', 'add', 'pepper', 'garlic', 'zucchini', 'continue', 'cook', '2min', 'stir', 'tomatoes', 'stock', 'bring', 'boil', 'return', 'chicken', 'pan', 'simmer', '10', '15min', 'sauce', 'thick', 'chicken', 'cooked', 'add', 'beans', 'sauce', 'basil', 'plenty', 'salt', 'black', 'pepper', 'stir', 'heat', 'serve', 'immediately', 'crusty', 'bread']",Italian
4092,"['cook', 'pasta', 'according', 'to', 'package', 'directions', 'drain', 'reserving', '1/2', 'cup', 'or', 'so', 'of', 'pasta', 'water', 'meanwhile', 'heat', 'oil', 'in', 'a', 'deep', 'skillet', 'over', 'medium', 'low', 'heat', 'and', 'cook', 'the', 'garlic', 'about', '3', 'minutes', 'increase', 'heat', 'to', 'medium', 'high', 'add', 'eggplant', 'and', 'tomatoes', 'season', 'with', 'salt', 'and', 'pepper', 'cover', 'and', 'cook', 'about', '12', 'minutes', 'stirring', 'once', 'until', 'tomatoes', 'burst', 'meanwhile', 'combine', 'ricotta', 'and', 'mint', 'add', 'pasta', 'and', 'basil', 'to', 'tomato', 'mixture', 'and', 'stir', 'add', 'pasta', 'water', 'if', 'needed', 'serve', 'pasta', 'in', 'bowls', 'topped', 'with', 'ricotta', 'mixture', 'garnish', 'with', 'shaved', 'parmesan']","['cook', 'pasta', 'according', 'package', 'directions', 'drain', 'reserving', 'pasta', 'water', 'meanwhile', 'heat', 'oil', 'deep', 'skillet', 'medium', 'low', 'heat', 'cook', 'garlic', 'increase', 'heat', 'medium', 'high', 'add', 'eggplant', 'tomatoes', 'season', 'salt', 'pepper', 'cover', 'cook', 'stirring', 'tomatoes', 'burst', 'meanwhile', 'combine', 'ricotta', 'mint', 'add', 'pasta', 'basil', 'tomato', 'mixture', 'stir', 'add', 'pasta', 'water', 'needed', 'serve', 'pasta', 'bowls', 'topped', 'ricotta', 'mixture', 'garnish', 'shaved', 'parmesan']",Italian
1063,"['place', 'prepared', 'mussels', 'into', 'a', 'large', 'saucepan', 'with', '1', 'cup', 'water', 'bring', 'to', 'the', 'boil', 'tossing', 'mussels', 'until', 'the', 'shells', 'open', 'discard', 'any', 'mussels', 'that', 'do', 'not', 'open', 'drain', 'and', 'remove', 'mussells', 'take', 'the', 'top', 'shell', 'off', 'the', 'mussels', 'heat', 'olive', 'oil', 'in', 'a', 'saucepan', 'add', 'spring', 'onions', 'and', 'garlic', 'cook', 'for', '1-2', 'minutes', 'until', 'tender', 'stir', 'in', 'tomato', 'paste', 'water', 'vinegar', 'and', 'pepper', 'spoon', '1', 'teaspoon', 'of', 'the', 'tomato', 'mixture', 'onto', 'each', 'mussel', 'sprinkle', 'with', 'bacon', 'and', 'cheese', 'place', 'under', 'a', 'hot', 'grill', 'and', 'cook', 'for', '3-4', 'minutes', 'serve', 'garnished', 'with', 'herbs']","['place', 'prepared', 'mussels', 'large', 'saucepan', 'water', 'bring', 'boil', 'tossing', 'mussels', 'shells', 'open', 'discard', 'mussels', 'open', 'drain', 'remove', 'mussells', 'take', 'top', 'shell', 'mussels', 'heat', 'olive', 'oil', 'saucepan', 'add', 'spring', 'onions', 'garlic', 'cook', 'tender', 'stir', 'tomato', 'paste', 'water', 'vinegar', 'pepper', 'spoon', 'tomato', 'mixture', 'onto', 'mussel', 'sprinkle', 'bacon', 'cheese', 'place', 'hot', 'grill', 'cook', 'serve', 'garnished', 'herbs']",Italian
256,"['step', 'one', 'roast', 'the', 'chicken', 'if', 'the', 'chicken', 'is', 'soaked', 'drain', 'and', 'pat', 'dry', 'on', 'paper', 'towels', 'place', 'the', 'cut', 'up', 'chicken', 'pieces', 'in', 'roast', 'pan', 'use', 'no', 'liquid', 'or', 'oil', 'lightly', 'shake', 'salt', 'and', 'pepper', 'to', 'taste', 'and', 'add', 'the', 'sprig', 'of', 'rosemary', 'cover', 'roast', 'pan', 'and', 'place', 'in', '350', 'degree', 'preheated', 'oven', 'for', '1', 'hr', 'this', 'step', 'can', 'be', 'completed', 'up', 'to', 'an', 'hour', 'ahead', 'of', 'finishing', 'remove', 'the', 'chicken', 'from', 'roasting', 'pan', 'and', 'place', 'on', 'a', 'wire', 'rack', 'until', 'it', 'is', 'thoroughly', 'drained', 'step', 'two', 'coat', 'and', 'finish', 'the', 'spitzad', 'in', 'a', 'mixing', 'bowl', 'whisk', 'the', 'eggs', 'until', 'they', 'begin', 'to', 'thicken', 'slightly', 'add', 'lemon', 'juice', 'slowly', 'while', 'continuing', 'to', 'whisk', 'vigorously', 'until', 'all', 'of', 'the', 'lemon', 'juice', 'is', 'incorporated', 'place', 'a', 'dry', 'high', 'sided', 'heavy', 'bottomed', 'sauce', 'pot', 'over', 'high', 'heat', 'for', 'a', 'few', 'moments', 'until', 'the', 'bottom', 'is', 'thoroughly', 'heated', 'place', 'the', 'drained', 'chicken', 'pieces', 'in', 'the', 'pot', 'and', 'slowly', 'begin', 'to', 'drizzle', 'in', 'the', 'egg/lemon', 'mixture', 'constantly', 'turning', 'the', 'chicken', 'with', 'a', 'wooden', 'spoon', 'you', 'will', 'notice', 'that', 'the', 'egg/lemon', 'mixture', 'will', 'coat', 'the', 'chicken', 'and', 'the', 'heat', 'will', 'make', 'the', 'coating', 'firm', 'when', 'all', 'of', 'the', 'mixture', 'has', 'been', 'used', 'and', 'the', 'coating', 'is', 'good', 'and', 'firm', 'you', 'may', 'turn', 'the', 'chicken', 'out', 'onto', 'a', 'serving', 'platter', 'enjoy', 'eating', 'them', 'with', 'your', 'fingers', 'if', 'you', 'dont', 'want', 'to', 'fuss', 'with', 'a', 'knife', 'and', 'fork']","['step', 'one', 'roast', 'chicken', 'chicken', 'soaked', 'drain', 'pat', 'dry', 'paper', 'towels', 'place', 'cut', 'chicken', 'pieces', 'roast', 'pan', 'use', 'liquid', 'oil', 'lightly', 'shake', 'salt', 'pepper', 'taste', 'add', 'sprig', 'rosemary', 'cover', 'roast', 'pan', 'place', 'preheated', 'oven', 'hr', 'step', 'completed', 'ahead', 'finishing', 'remove', 'chicken', 'roasting', 'pan', 'place', 'wire', 'rack', 'thoroughly', 'drained', 'step', 'two', 'coat', 'finish', 'spitzad', 'mixing', 'bowl', 'whisk', 'eggs', 'begin', 'thicken', 'slightly', 'add', 'lemon', 'juice', 'slowly', 'continuing', 'whisk', 'vigorously', 'lemon', 'juice', 'incorporated', 'place', 'dry', 'high', 'sided', 'heavy', 'bottomed', 'sauce', 'pot', 'high', 'heat', 'moments', 'bottom', 'thoroughly', 'heated', 'place', 'drained', 'chicken', 'pieces', 'pot', 'slowly', 'begin', 'drizzle', 'egg/lemon', 'mixture', 'constantly', 'turning', 'chicken', 'wooden', 'spoon', 'notice', 'egg/lemon', 'mixture', 'coat', 'chicken', 'heat', 'make', 'coating', 'firm', 'mixture', 'used', 'coating', 'good', 'firm', 'may', 'turn', 'chicken', 'onto', 'serving', 'platter', 'enjoy', 'eating', 'fingers', 'dont', 'want', 'fuss', 'knife', 'fork']",Italian
10046,"['it', ""'s"", 'simple', 'enough', 'plonk', 'all', 'the', 'ingredients', 'in', 'a', 'blender', 'and', 'process', 'till', 'fairly', 'smooth', 'refrigerate', 'for', 'at', 'least', '30', 'minutes', 'before', 'serving', 'goes', 'well', 'with', 'vegetarian', 'curries', 'and', 'biryani', 'note', '1.', 'use', 'own', 'discretion', 'when', 'adding', 'water', 'and', 'salt', 'as', 'quantities', 'in', 'a', 'bunch', 'will', 'vary', '2.', 'adjust', 'the', 'quantity', 'of', 'the', 'nuts', 'according', 'to', 'preference', 'you', 'may', 'add', 'more', 'if', 'you', 'prefer', 'and', 'thicker', 'and/or', 'crunchier', 'chutney']","['simple', 'enough', 'plonk', 'ingredients', 'blender', 'process', 'till', 'fairly', 'smooth', 'refrigerate', 'least', 'serving', 'goes', 'well', 'vegetarian', 'curries', 'biryani', 'note', 'use', 'discretion', 'adding', 'water', 'salt', 'quantities', 'bunch', 'vary', 'adjust', 'quantity', 'nuts', 'according', 'preference', 'may', 'add', 'prefer', 'thicker', 'and/or', 'crunchier', 'chutney']",Indian
1070,"['mix', 'the', 'first', '7', 'ingredients', 'add', 'ground', 'beef', 'and', '3', 't', 'parmesan', 'and', 'mix', 'well', 'shape', 'into', '6', 'patties', 'brown', 'patties', 'for', '2', 'minutes', 'per', 'side', 'mix', 'tomato', 'sauce', 'and', 'italian', 'seasoning', 'pour', 'over', 'patties', 'reduce', 'heat', 'cover', 'and', 'simmer', 'for', '15', 'minutes', 'place', 'spaghetti', 'on', 'plate', 'add', 'pattie', 'and', 'spoon', 'sauce', 'over', 'sprinkle', 'with', 'remaining', 'parmesan', 'cheese']","['mix', 'first', 'ingredients', 'add', 'ground', 'beef', 'parmesan', 'mix', 'well', 'shape', 'patties', 'brown', 'patties', 'per', 'side', 'mix', 'tomato', 'sauce', 'italian', 'seasoning', 'pour', 'patties', 'reduce', 'heat', 'cover', 'simmer', 'place', 'spaghetti', 'plate', 'add', 'pattie', 'spoon', 'sauce', 'sprinkle', 'remaining', 'parmesan', 'cheese']",Italian
12201,"['lightly', 'roast', 'the', 'sesame', 'in', 'a', 'pan', 'for', 'a', 'couple', 'of', 'minutes', 'break', 'the', 'jaggery', 'and', 'heat', 'it', 'with', 'ghee', 'in', 'a', 'large', 'pan', 'stir', 'gently', 'and', 'bring', 'to', 'a', 'light', 'boil', 'add', 'sesame', 'and', 'remove', 'pan', 'from', 'flame', 'mix', 'well', 'pour', 'onto', 'a', 'lightly', 'greased', 'thali', 'knead', 'it', 'a', 'bit', 'with', 'greased', 'palms', 'roll', 'into', 'small', 'balls', 'cool', 'completely', 'store', 'in', 'an', 'airtight', 'container']","['lightly', 'roast', 'sesame', 'pan', 'couple', 'break', 'jaggery', 'heat', 'ghee', 'large', 'pan', 'stir', 'gently', 'bring', 'light', 'boil', 'add', 'sesame', 'remove', 'pan', 'flame', 'mix', 'well', 'pour', 'onto', 'lightly', 'greased', 'thali', 'knead', 'bit', 'greased', 'palms', 'roll', 'small', 'balls', 'cool', 'completely', 'store', 'airtight', 'container']",Indian
6991,"['using', 'a', 'clean', 'kitchen', 'towel', 'pat', 'dry', 'the', 'shrimp', 'and', 'set', 'aside', 'mix', 'ginger', 'and', 'garlic', 'with', 'cumin', 'powder', 'add', 'tamarind', 'cayenne', 'pepper', 'turmeric', 'flour', 'and', 'salt', 'stir', '2', 'tablespoons', 'of', 'oil', 'into', 'the', 'mixture', 'transfer', 'to', 'a', 'bowl', 'add', 'the', 'shrimp', 'and', 'toss', 'well', 'to', 'coat', 'evenly', 'cover', 'and', 'refrigerate', 'for', 'about', '2', 'hours', 'for', 'best', 'results', 'heat', 'the', 'remaining', 'oil', 'in', 'a', 'large', 'sauté', 'pan', 'over', 'medium', 'heat', 'add', 'the', 'marinated', 'shrimp', 'and', 'cook', 'for', 'a', 'minute', 'on', 'high', 'heat', 'turn', 'the', 'shrimp', 'over', 'and', 'cook', 'for', 'another', 'minute', 'reduce', 'the', 'heat', 'and', 'cook', 'for', '2', 'to', '3', 'minutes', 'turning', 'the', 'shrimp', 'occasionally', 'for', 'uniform', 'cooking', 'sprinkle', 'with', 'lemon', 'juice', 'and', 'thai', 'basil', 'and', 'serve', 'hot']","['using', 'clean', 'kitchen', 'towel', 'pat', 'dry', 'shrimp', 'set', 'aside', 'mix', 'ginger', 'garlic', 'cumin', 'powder', 'add', 'tamarind', 'cayenne', 'pepper', 'turmeric', 'flour', 'salt', 'stir', 'oil', 'mixture', 'transfer', 'bowl', 'add', 'shrimp', 'toss', 'well', 'coat', 'evenly', 'cover', 'refrigerate', 'best', 'results', 'heat', 'remaining', 'oil', 'large', 'sauté', 'pan', 'medium', 'heat', 'add', 'marinated', 'shrimp', 'cook', 'high', 'heat', 'turn', 'shrimp', 'cook', 'another', 'reduce', 'heat', 'cook', 'turning', 'shrimp', 'occasionally', 'uniform', 'cooking', 'sprinkle', 'lemon', 'juice', 'thai', 'basil', 'serve', 'hot']",Indian
6601,"['heat', 'oil', 'in', 'a', 'pan', 'add', 'cumin', 'seeds', 'wait', 'until', 'they', 'crackle', 'before', 'adding', 'the', 'chili', 'now', 'add', 'onion', 'a', 'pinch', 'of', 'salt', 'and', 'saute', 'on', 'a', 'low', 'flame', 'till', 'the', 'onion', 'turns', 'translucent', 'add', 'the', 'tomato', 'and', 'a', 'bit', 'of', 'salt', 'and', 'let', 'it', 'fry', 'on', 'a', 'low', 'flame', 'until', 'the', 'water', 'starts', 'separating', 'from', 'the', 'tomato', 'add', 'the', 'moong', 'dal', 'and', 'mix', 'it', 'well', 'into', 'the', 'onion-tomato', 'paste', 'add', 'salt', 'let', 'it', 'fry', 'for', 'a', 'few', 'minutes', 'add', 'enough', 'water', 'to', 'just', 'about', 'submerge', 'the', 'moong', 'cover', 'the', 'pan', 'with', 'a', 'lid', 'and', 'leave', 'it', 'to', 'cook', 'on', 'a', 'low', 'flame', 'stir', 'the', 'mixture', 'occasionally', 'to', 'make', 'sure', 'that', 'the', 'water', 'does', 'not', 'evaporate', 'leaving', 'the', 'moong', 'stuck', 'to', 'the', 'bottom', 'of', 'the', 'pan', 'when', 'all', 'the', 'water', 'has', 'disappeared', 'check', 'to', 'see', 'that', 'the', 'moong', 'is', 'soft', 'enough', 'to', 'be', 'eaten', 'the', 'mix', 'should', 'be', 'dry', 'and', 'not', 'liquid', 'like', 'indian', 'dal', 'normally', 'is', 'sprinkle', 'the', 'chopped', 'corriander', 'and', 'serve', 'hot', 'with', 'chappati', 'or', 'roti']","['heat', 'oil', 'pan', 'add', 'cumin', 'seeds', 'wait', 'crackle', 'adding', 'chili', 'add', 'onion', 'pinch', 'salt', 'saute', 'low', 'flame', 'till', 'onion', 'turns', 'translucent', 'add', 'tomato', 'bit', 'salt', 'let', 'fry', 'low', 'flame', 'water', 'starts', 'separating', 'tomato', 'add', 'moong', 'dal', 'mix', 'well', 'onion', 'tomato', 'paste', 'add', 'salt', 'let', 'fry', 'add', 'enough', 'water', 'submerge', 'moong', 'cover', 'pan', 'lid', 'leave', 'cook', 'low', 'flame', 'stir', 'mixture', 'occasionally', 'make', 'sure', 'water', 'evaporate', 'leaving', 'moong', 'stuck', 'bottom', 'pan', 'water', 'disappeared', 'check', 'see', 'moong', 'soft', 'enough', 'eaten', 'mix', 'dry', 'liquid', 'like', 'indian', 'dal', 'normally', 'sprinkle', 'chopped', 'corriander', 'serve', 'hot', 'chappati', 'roti']",Indian
10342,"['1.', 'place', 'chickpeas', 'in', 'a', 'large', 'pan', 'and', 'add', 'double', 'the', 'volume', 'of', 'cold', 'water', 'bring', 'to', 'the', 'boil', 'and', 'boil', 'vigorously', 'for', 'about', '10', 'minutes', 'skim', 'off', 'any', 'scum', 'that', 'rises', 'to', 'surface', 'using', 'a', 'slotted', 'spoon', 'lower', 'heat', 'cover', 'pan', 'with', 'a', 'tight', 'fitting', 'lid', 'and', 'simmer', 'chickpeas', 'for', 'about', '11/2', 'to', '2', 'hours', 'or', 'until', 'chickpeas', 'are', 'tender', '2.', 'meanwhile', 'break', 'up', 'the', 'tamarind', 'and', 'soak', 'in', 'the', 'boiling', 'water', 'for', 'about', '20', 'minutes', 'rub', 'the', 'tamarind', 'through', 'a', 'strainer', 'into', 'a', 'bowl', 'discard', 'any', 'stones', 'or', 'fibre', 'left', 'in', 'the', 'strainer', '3.', 'heat', 'the', 'oil', 'in', 'a', 'large', 'heavy', 'pan', 'and', 'fry', 'the', 'cumin', 'seeds', 'for', '2', 'minutes', 'until', 'they', 'splutter', 'add', 'the', 'onion', 'garlic', 'ginger', 'and', 'chilli', 'and', 'fry', 'for', '5', 'minutes', '4.', 'stir', 'in', 'the', 'cumin', 'and', 'coriander', 'with', 'the', 'tumeric', 'and', 'salt', 'and', 'fry', 'for', '3', 'or', '4', 'minutes', 'add', 'the', 'chopped', 'tomatoes', 'bring', 'to', 'the', 'boil', 'and', 'then', 'simmer', 'for', '5', 'minutes', '6.', 'drain', 'the', 'chickpeas', 'and', 'add', 'to', 'the', 'tomato', 'mixture', 'together', 'with', 'the', 'garam', 'masala', 'and', 'tamarind', 'pulp', 'cover', 'and', 'simmer', 'gently', 'for', '15', 'to', '20', 'minutes', '7.', 'garnish', 'with', 'chopped', 'chilli', 'and', 'onion', 'before', 'serving']","['place', 'chickpeas', 'large', 'pan', 'add', 'double', 'volume', 'cold', 'water', 'bring', 'boil', 'boil', 'vigorously', 'skim', 'scum', 'rises', 'surface', 'using', 'slotted', 'spoon', 'lower', 'heat', 'cover', 'pan', 'tight', 'fitting', 'lid', 'simmer', 'chickpeas', 'chickpeas', 'tender', 'meanwhile', 'break', 'tamarind', 'soak', 'boiling', 'water', 'rub', 'tamarind', 'strainer', 'bowl', 'discard', 'stones', 'fibre', 'left', 'strainer', 'heat', 'oil', 'large', 'heavy', 'pan', 'fry', 'cumin', 'seeds', 'splutter', 'add', 'onion', 'garlic', 'ginger', 'chilli', 'fry', 'stir', 'cumin', 'coriander', 'tumeric', 'salt', 'fry', 'add', 'chopped', 'tomatoes', 'bring', 'boil', 'simmer', 'drain', 'chickpeas', 'add', 'tomato', 'mixture', 'together', 'garam', 'masala', 'tamarind', 'pulp', 'cover', 'simmer', 'gently', 'garnish', 'chopped', 'chilli', 'onion', 'serving']",Indian
5265,"['brown', 'the', 'sausage', 'in', 'a', 'large', 'dutch', 'oven', 'over', 'medium', 'heat', 'stirring', 'until', 'it', 'crumbles', 'drain', 'add', 'the', 'olive', 'oil', 'and', 'onion', 'cook', 'over', 'medium', 'heat', 'until', 'the', 'onion', 'is', 'getting', 'tender', 'add', 'the', 'garlic', 'and', 'continue', 'to', 'cook', 'until', 'tender', 'add', 'eggplant', 'cook', 'stirring', 'constantly', 'for', '3', 'minutes', 'add', 'the', 'tomato', 'and', 'the', 'next', '8', 'ingredients', 'up', 'to', 'the', 'oregano', 'leaves', 'stopping', 'before', 'the', 'wine', 'bring', 'to', 'a', 'boil', 'reduce', 'heat', 'and', 'simmer', 'uncovered', 'for', '2', 'hours', 'stir', 'occasionally', 'stir', 'in', 'wine', 'macaroni', 'and', 'pepper', 'cook', '15', 'to', '20', 'minutes', 'or', 'until', 'the', 'pasta', 'is', 'done', 'ladle', 'soup', 'into', 'individual', 'soup', 'bowls', 'top', 'each', 'serving', 'with', 'grated', 'parmesan', 'cheese']","['brown', 'sausage', 'large', 'dutch', 'oven', 'medium', 'heat', 'stirring', 'crumbles', 'drain', 'add', 'olive', 'oil', 'onion', 'cook', 'medium', 'heat', 'onion', 'getting', 'tender', 'add', 'garlic', 'continue', 'cook', 'tender', 'add', 'eggplant', 'cook', 'stirring', 'constantly', 'add', 'tomato', 'next', 'ingredients', 'oregano', 'leaves', 'stopping', 'wine', 'bring', 'boil', 'reduce', 'heat', 'simmer', 'uncovered', 'stir', 'occasionally', 'stir', 'wine', 'macaroni', 'pepper', 'cook', 'pasta', 'done', 'ladle', 'soup', 'individual', 'soup', 'bowls', 'top', 'serving', 'grated', 'parmesan', 'cheese']",Italian
1207,"['cook', 'the', 'ziti', 'al', 'dente', 'as', 'per', 'the', 'directions', 'on', 'the', 'package', 'meanwhile', 'in', 'a', 'food', 'processor', 'combine', 'the', 'tomatoes', 'tofu', 'garlic', 'basil', 'vinegar', 'salt', 'pepper', 'and', 'olive', 'oil', 'process', 'to', 'a', 'smooth', 'consistency', 'drain', 'the', 'pasta', 'and', 'toss', 'with', 'the', 'sauce', 'and', 'artichokes', 'sprinkle', 'with', 'the', 'parsley', 'and', 'soy', 'parmesan', 'if', 'desired']","['cook', 'ziti', 'al', 'dente', 'per', 'directions', 'package', 'meanwhile', 'food', 'processor', 'combine', 'tomatoes', 'tofu', 'garlic', 'basil', 'vinegar', 'salt', 'pepper', 'olive', 'oil', 'process', 'smooth', 'consistency', 'drain', 'pasta', 'toss', 'sauce', 'artichokes', 'sprinkle', 'parsley', 'soy', 'parmesan', 'desired']",Italian
7189,"['grind', 'ginger', 'and', 'garlic', 'to', 'a', 'paste', 'hat', 'oil', 'in', 'a', 'pan', 'lightly', 'brown', 'the', 'paneer', 'pieces', 'remove', 'them', 'drain', 'excess', 'oil', 'by', 'wiping', 'them', 'on', 'a', 'clean', 'tissue', 'paper', 'and', 'keep', 'aside', 'heat', '1', 'tbsp', 'oil', 'in', 'a', 'heavy', 'bottom', 'pan', 'add', 'the', 'whole', 'chilli', 'cloves', 'bay', 'leaf', 'cinnamon', 'and', 'cardamom', 'stir', 'for', 'a', 'few', 'seconds', 'add', 'onions', 'and', 'fry', 'till', 'golden', 'brown', 'add', 'the', 'ginger', 'garlic', 'paste', 'stir', 'for', 'a', 'few', 'seconds', 'add', 'turmeric', 'and', 'chilli', 'powder', 'tomatoes', 'and', '1/4', 'cup', 'water', 'cook', 'till', 'the', 'tomatoes', 'are', 'pulpy', 'and', 'the', 'oil', 'shows', 'separately', 'stirring', 'occasionally', 'add', 'the', 'bengal', 'gram', 'and', 'salt', 'stir', 'for', '3', 'minutes', 'add', 'the', 'remaining', 'water', 'and', 'stir', 'bring', 'the', 'mixture', 'to', 'a', 'boil', 'lower', 'heat', 'close', 'the', 'pan', 'with', 'a', 'lid', 'and', 'then', 'cook', 'on', 'slow', 'flame', 'till', 'the', 'dal', 'is', 'done', 'add', 'the', 'paneer', 'cubes', 'and', 'simmer', 'for', '2', 'minutes', 'stirring', 'occasionally', 'garnish', 'with', 'corriander', 'leaves', 'and', 'serve', 'hot']","['grind', 'ginger', 'garlic', 'paste', 'hat', 'oil', 'pan', 'lightly', 'brown', 'paneer', 'pieces', 'remove', 'drain', 'excess', 'oil', 'wiping', 'clean', 'tissue', 'paper', 'keep', 'aside', 'heat', 'oil', 'heavy', 'bottom', 'pan', 'add', 'whole', 'chilli', 'cloves', 'bay', 'leaf', 'cinnamon', 'cardamom', 'stir', 'seconds', 'add', 'onions', 'fry', 'till', 'golden', 'brown', 'add', 'ginger', 'garlic', 'paste', 'stir', 'seconds', 'add', 'turmeric', 'chilli', 'powder', 'tomatoes', 'water', 'cook', 'till', 'tomatoes', 'pulpy', 'oil', 'shows', 'separately', 'stirring', 'occasionally', 'add', 'bengal', 'gram', 'salt', 'stir', 'add', 'remaining', 'water', 'stir', 'bring', 'mixture', 'boil', 'lower', 'heat', 'close', 'pan', 'lid', 'cook', 'slow', 'flame', 'till', 'dal', 'done', 'add', 'paneer', 'cubes', 'simmer', 'stirring', 'occasionally', 'garnish', 'corriander', 'leaves', 'serve', 'hot']",Indian
2913,"['1.', 'in', 'a', 'medium', 'sized', 'dutch', 'over', 'cook', 'sausage', 'until', 'browned', 'over', 'medium', 'heat', 'drain', 'excess', 'oil', 'from', 'sausage', '2.', 'stir', 'in', 'diced', 'onions', 'and', 'garlic', 'cook', 'until', 'onions', 'are', 'transparent', '3.', 'stir', 'in', 'italian', 'seasoning', 'pasta', 'sauce', 'water', 'half', 'and', 'half', 'and', 'salt', 'and', 'pepper', '4.', 'cook', 'until', 'warm', 'then', 'reduce', 'heat', 'to', 'low', 'simmer', 'until', 'ready', 'to', 'serve', '5.', 'eat', 'and', 'enjoy']","['medium', 'sized', 'dutch', 'cook', 'sausage', 'browned', 'medium', 'heat', 'drain', 'excess', 'oil', 'sausage', 'stir', 'diced', 'onions', 'garlic', 'cook', 'onions', 'transparent', 'stir', 'italian', 'seasoning', 'pasta', 'sauce', 'water', 'half', 'half', 'salt', 'pepper', 'cook', 'warm', 'reduce', 'heat', 'low', 'simmer', 'ready', 'serve', 'eat', 'enjoy']",Italian
6483,"['pour', 'boiling', 'water', 'over', 'dried', 'mushrooms', 'in', 'a', 'bowl', 'let', 'sit', 'for', '30', 'minutes', 'drain', 'mushrooms', 'reserve', 'both', 'mushrooms', 'liquid', 'separately', 'remove', 'stems', 'from', 'fresh', 'mushrooms', 'slice', 'heat', 'oil', 'butter', 'in', 'skillet', 'over', 'medium-high', 'heat', 'add', 'garlic', 'fresh', 'mushroom', 'slices', 'saute', 'until', 'mushrooms', 'excude', 'their', 'liquid', 'saeson', 'with', 'salt', 'pepper', 'cover', 'leave', 'in', 'skillet', 'for', 'reheating', 'bring', 'stock', 'to', 'a', 'simmer', 'on', 'the', 'back', 'burner', 'heat', 'oil', '1', 'tbsp', 'of', 'the', 'butter', 'in', 'a', 'heavy', 'pot', 'over', 'medium', 'heat', 'add', 'onion', 'saute', 'for', '3', 'minutes', 'or', 'until', 'softened', 'add', 'rice', 'saute', 'until', 'it', 'is', 'covered', 'with', 'oil', 'pour', 'in', 'wine', 'simmer', 'steadily', 'until', 'it', 'has', 'been', 'absorbed', 'by', 'the', 'rice', 'pour', 'in', 'mushroom', 'soaking', 'liquid', 'dried', 'mushrooms', 'stir', 'and', 'cook', 'until', 'most', 'of', 'the', 'liquid', 'has', 'been', 'absorbed', 'by', 'the', 'rice', 'add', '1', 'cup', 'of', 'stock', 'cook', 'stir', 'until', 'most', 'is', 'absorbed', 'continue', 'to', 'add', 'stock', 'in', '1', 'cup', 'increments', 'stirring', 'most', 'of', 'the', 'time', 'until', 'the', 'rice', 'is', 'creamy', 'with', 'a', 'slight', 'bite', 'in', 'the', 'center', 'about', '20', 'minutes', 'reheat', 'mushrooms', 'in', 'the', 'skillet', 'stir', 'into', 'rice', 'remove', 'from', 'heat', 'stir', 'in', 'remaining', '1', 'tbsp', 'butter', 'parmesan', 'cheese', 'season', 'with', 'salt', 'pepper', 'and', 'serve', 'immediately']","['pour', 'boiling', 'water', 'dried', 'mushrooms', 'bowl', 'let', 'sit', 'drain', 'mushrooms', 'reserve', 'mushrooms', 'liquid', 'separately', 'remove', 'stems', 'fresh', 'mushrooms', 'slice', 'heat', 'oil', 'butter', 'skillet', 'medium', 'high', 'heat', 'add', 'garlic', 'fresh', 'mushroom', 'slices', 'saute', 'mushrooms', 'excude', 'liquid', 'saeson', 'salt', 'pepper', 'cover', 'leave', 'skillet', 'reheating', 'bring', 'stock', 'simmer', 'back', 'burner', 'heat', 'oil', 'butter', 'heavy', 'pot', 'medium', 'heat', 'add', 'onion', 'saute', 'softened', 'add', 'rice', 'saute', 'covered', 'oil', 'pour', 'wine', 'simmer', 'steadily', 'absorbed', 'rice', 'pour', 'mushroom', 'soaking', 'liquid', 'dried', 'mushrooms', 'stir', 'cook', 'liquid', 'absorbed', 'rice', 'add', 'stock', 'cook', 'stir', 'absorbed', 'continue', 'add', 'stock', 'increments', 'stirring', 'time', 'rice', 'creamy', 'slight', 'bite', 'center', 'reheat', 'mushrooms', 'skillet', 'stir', 'rice', 'remove', 'heat', 'stir', 'remaining', 'butter', 'parmesan', 'cheese', 'season', 'salt', 'pepper', 'serve', 'immediately']",Italian
4404,"['pour', 'tomatoes', 'and', 'juice', 'into', 'a', 'large', 'bowl', 'and', 'cut', 'the', 'tomatoes', 'into', 'pieces', 'add', 'soup', 'mix', 'stocks', 'herbs', 'tomato', 'paste', 'soy', 'sauce', 'garlic', 'mince', 'and', 'water', 'mix', 'thoroughly', 'grease', 'a', 'round', 'casserole', 'dish', '21cm', 'and', 'spoon', 'a', 'third', 'of', 'the', 'meat', 'mixture', 'into', 'it', 'arrange', 'half', 'the', 'noodles', 'on', 'top', 'and', 'cover', 'with', 'another', 'third', 'of', 'the', 'mixture', 'spread', 'the', 'remaining', 'noodles', 'evenly', 'and', 'top', 'with', 'the', 'remaining', 'meat', 'mixture', 'cover', 'and', 'cook', 'on', 'high', 'for', '12', 'minutes', 'stand', 'covered', '15', 'minutes', 'uncover', 'and', 'cook', 'on', 'high', 'for', '3', 'minutes', 'spread', 'the', 'cheese', 'over', 'the', 'top', 'and', 'continue', 'cooking', 'for', '1', '1/2', 'minutes', 'sprinkle', 'with', 'dried', 'breadcrumbs', 'and', 'parsley', 'stand', 'uncovered', 'for', '5', '10', 'minutes', 'before', 'serving']","['pour', 'tomatoes', 'juice', 'large', 'bowl', 'cut', 'tomatoes', 'pieces', 'add', 'soup', 'mix', 'stocks', 'herbs', 'tomato', 'paste', 'soy', 'sauce', 'garlic', 'mince', 'water', 'mix', 'thoroughly', 'grease', 'round', 'casserole', 'dish', '21cm', 'spoon', 'third', 'meat', 'mixture', 'arrange', 'half', 'noodles', 'top', 'cover', 'another', 'third', 'mixture', 'spread', 'remaining', 'noodles', 'evenly', 'top', 'remaining', 'meat', 'mixture', 'cover', 'cook', 'high', 'stand', 'covered', 'uncover', 'cook', 'high', 'spread', 'cheese', 'top', 'continue', 'cooking', 'sprinkle', 'dried', 'breadcrumbs', 'parsley', 'stand', 'uncovered', 'serving']",Italian
7767,"['spread', 'the', 'ground', 'meat', 'on', 'a', 'large', 'plate', 'sprinkle', '1', 't', 'of', 'the', 'cayenne', 'pepper', 'on', 'the', 'meat', 'heat', '2', 't', 'of', 'the', 'oil', 'in', 'a', 'small', 'heavy', 'saucepan', 'until', 'it', 'starts', 'to', 'smoke', 'a', 'little', 'pour', 'over', 'the', 'meat', 'add', 'the', 'sugar', '1/2', 't', 'of', 'the', 'ginger', 'powder', '1', 't', 'ground', 'fennel', 'whole', 'fennel', 'whole', 'cumin', 'seeds', 'cardamom', 'seeds', 'and', 'salt', 'knead', 'together', 'for', 'a', 'couple', 'of', 'minutes', 'until', 'all', 'the', 'ingredients', 'are', 'well', 'mixed', 'shape', 'the', 'meatballs', 'set', 'aside', 'heat', 'the', 'remaining', 'oil', 'in', 'a', 'heavy', '6', 'quart', 'saucepan', 'on', 'medium', 'high', 'heat', 'add', 'the', 'chopped', 'onion', 'and', 'immediately', 'thereafter', 'the', 'cloves', 'fry', 'til', 'golden', 'brown', 'in', 'the', 'meanwhile', 'mix', 'the', 'remaining', 'cyaenne', 'pepper', 'well', 'with', 'the', 'yogurt', 'when', 'the', 'onions', 'are', 'a', 'goldern', 'brown', 'add', 'the', 'cayenne', 'pepper-yogurt', 'mixture', 'stir', 'fry', 'briskly', 'for', 'a', 'couple', 'of', 'seconds', 'add', 'the', 'water', 'remaining', 'ground', 'fennel', 'and', 'ginger', 'stir', 'briskly', 'untkl', 'the', 'mixture', 'boils', 'add', 'the', 'meatballs', 'one', 'at', 'a', 'time', 'reduce', 'heat', 'to', 'low', 'cover', 'and', 'cook', 'for', 'about', 'a', 'half', 'hour', 'or', 'until', 'meatballs', 'become', 'firm', 'and', 'are', 'well', 'cooked', 'and', 'the', 'oil', 'has', 'risen', 'to', 'the', 'top', 'of', 'the', 'saucepan', 'once', 'placed', 'in', 'the', 'saucepan', 'do', 'not', 'stir', 'until', 'the', 'meatballs', 'have', 'become', 'firm', 'once', 'meatballs', 'are', 'cooked', 'and', 'firm', 'stir', 'gently', 'sprinkle', 'the', 'ground', 'cardamom', 'cumin', 'and', 'cinnamon', 'on', 'the', 'meatballs', 'stir', 'a', 'little', 'to', 'mix', 'well', 'with', 'the', 'gravy', 'cover', 'and', 'cook', 'on', 'low', 'heat', 'for', 'another', '5', 'minutes', 'serve', 'hot', 'reheat', 'on', 'low', 'heat', 'til', 'it', 'starts', 'simmering']","['spread', 'ground', 'meat', 'large', 'plate', 'sprinkle', 'cayenne', 'pepper', 'meat', 'heat', 'oil', 'small', 'heavy', 'saucepan', 'starts', 'smoke', 'little', 'pour', 'meat', 'add', 'sugar', 'ginger', 'powder', 'ground', 'fennel', 'whole', 'fennel', 'whole', 'cumin', 'seeds', 'cardamom', 'seeds', 'salt', 'knead', 'together', 'couple', 'ingredients', 'well', 'mixed', 'shape', 'meatballs', 'set', 'aside', 'heat', 'remaining', 'oil', 'heavy', 'saucepan', 'medium', 'high', 'heat', 'add', 'chopped', 'onion', 'immediately', 'thereafter', 'cloves', 'fry', 'til', 'golden', 'brown', 'meanwhile', 'mix', 'remaining', 'cyaenne', 'pepper', 'well', 'yogurt', 'onions', 'goldern', 'brown', 'add', 'cayenne', 'pepper', 'yogurt', 'mixture', 'stir', 'fry', 'briskly', 'couple', 'seconds', 'add', 'water', 'remaining', 'ground', 'fennel', 'ginger', 'stir', 'briskly', 'untkl', 'mixture', 'boils', 'add', 'meatballs', 'one', 'time', 'reduce', 'heat', 'low', 'cover', 'cook', 'half', 'meatballs', 'become', 'firm', 'well', 'cooked', 'oil', 'risen', 'top', 'saucepan', 'placed', 'saucepan', 'stir', 'meatballs', 'become', 'firm', 'meatballs', 'cooked', 'firm', 'stir', 'gently', 'sprinkle', 'ground', 'cardamom', 'cumin', 'cinnamon', 'meatballs', 'stir', 'little', 'mix', 'well', 'gravy', 'cover', 'cook', 'low', 'heat', 'another', 'serve', 'hot', 'reheat', 'low', 'heat', 'til', 'starts', 'simmering']",Indian
8074,"['heat', 'oil', 'in', 'pan', 'over', 'medium', 'heat', 'and', 'fry', 'coriander', 'seeds', 'until', 'toasted', 'add', 'bell', 'peppers', 'cayenne', 'and', 'cinnamon', 'and', 'sauté', 'until', 'tender', 'approximately', '4', 'minutes', 'add', 'chicken', 'stock', 'and', 'saffron', 'threads', 'and', 'bring', 'to', 'a', 'boil', 'stir', 'in', 'couscous', 'cover', 'and', 'remove', 'from', 'heat', 'let', 'it', 'sit', 'until', 'all', 'the', 'liquid', 'has', 'been', 'absorbed', 'approximately', '10-15', 'minutes', 'if', 'the', 'liquid', 'is', 'not', 'fully', 'absorbed', 'after', 'the', 'allotted', 'time', 'return', 'to', 'low', 'heat', 'and', 'cook', 'until', 'it', 'is', 'fully', 'absorbed', 'while', 'stirring', 'season', 'with', 'salt', 'and', 'pepper', 'and', 'sprinkle', 'with', 'chopped', 'baby', 'thyme', 'cover', 'and', 'refrigerate', 'to', 'cool', 'when', 'the', 'couscous', 'has', 'cooled', 'beat', 'the', 'eggs', 'together', 'and', 'fold', 'them', 'into', 'the', 'couscous', 'cover', 'with', 'plastic', 'wrap', 'and', 'refrigerate', 'again', 'for', '1/2', 'hour', 'using', 'your', 'hands', 'form', 'palm', 'sized', 'pancakes', 'with', 'the', 'mix', 'and', 'place', 'them', 'in', 'a', 'hot', 'oiled', 'non-stick', 'skillet', 'brown', 'on', 'both', 'sides', 'remove', 'from', 'pan', 'and', 'place', 'on', 'a', 'paper', 'towel', 'to', 'drain', 'continue', 'until', 'all', 'the', 'mixture', 'has', 'been', 'used', 'plate', 'the', 'couscous', 'pancakes', 'with', 'a', 'dollop', 'of', 'saffron', 'cream', 'on', 'top', 'and', 'garnish', 'with', 'mint', 'while', 'it', 'cools', 'make', 'the', 'saffron', 'cream', 'by', 'combining', 'the', 'cream', 'cheese', 'sour', 'cream', 'and', 'saffron', 'threads', 'in', 'a', 'blender', 'and', 'mix', 'until', 'creamy']","['heat', 'oil', 'pan', 'medium', 'heat', 'fry', 'coriander', 'seeds', 'toasted', 'add', 'bell', 'peppers', 'cayenne', 'cinnamon', 'sauté', 'tender', 'approximately', 'add', 'chicken', 'stock', 'saffron', 'threads', 'bring', 'boil', 'stir', 'couscous', 'cover', 'remove', 'heat', 'let', 'sit', 'liquid', 'absorbed', 'approximately', 'liquid', 'fully', 'absorbed', 'allotted', 'time', 'return', 'low', 'heat', 'cook', 'fully', 'absorbed', 'stirring', 'season', 'salt', 'pepper', 'sprinkle', 'chopped', 'baby', 'thyme', 'cover', 'refrigerate', 'cool', 'couscous', 'cooled', 'beat', 'eggs', 'together', 'fold', 'couscous', 'cover', 'plastic', 'wrap', 'refrigerate', 'using', 'hands', 'form', 'palm', 'sized', 'pancakes', 'mix', 'place', 'hot', 'oiled', 'non', 'stick', 'skillet', 'brown', 'sides', 'remove', 'pan', 'place', 'paper', 'towel', 'drain', 'continue', 'mixture', 'used', 'plate', 'couscous', 'pancakes', 'dollop', 'saffron', 'cream', 'top', 'garnish', 'mint', 'cools', 'make', 'saffron', 'cream', 'combining', 'cream', 'cheese', 'sour', 'cream', 'saffron', 'threads', 'blender', 'mix', 'creamy']",Indian
80,"['in', 'a', 'small', 'frying', 'pan', 'toast', 'the', 'pine', 'nuts', 'over', 'moderately', 'low', 'heat', 'stirring', 'frequently', 'until', 'golden', 'brown', 'about', '5', 'minutes', 'remove', 'from', 'the', 'pan', 'or', 'toast', 'the', 'pine', 'nuts', 'in', 'a', '350°', 'oven', 'for', '5', 'to', '10', 'minutes', 'in', 'a', 'blender', 'or', 'food', 'processor', 'put', '1/4', 'cup', 'of', 'the', 'pine', 'nuts', 'the', 'whole', 'sun-dried', 'tomatoes', 'the', 'oil', 'water', '1/2', 'teaspoon', 'of', 'the', 'salt', 'and', '1/4', 'teaspoon', 'of', 'the', 'pepper', 'puree', 'until', 'smooth', 'meanwhile', 'in', 'a', 'large', 'pot', 'of', 'boiling', 'salted', 'water', 'cook', 'the', 'fusilli', 'until', 'just', 'done', 'about', '13', 'minutes', 'drain', 'rinse', 'with', 'cold', 'water', 'and', 'drain', 'thoroughly', 'in', 'a', 'large', 'glass', 'or', 'stainless-steel', 'bowl', 'toss', 'the', 'pasta', 'with', 'the', 'remaining', '1/2', 'cup', 'toasted', 'pine', 'nuts', '3/4', 'teaspoon', 'salt', 'and', '1/4', 'teaspoon', 'pepper', 'the', 'pesto', 'the', 'chopped', 'sun-dried', 'tomatoes', 'the', 'spinach', 'cherry', 'tomatoes', 'and', 'parmesan']","['small', 'frying', 'pan', 'toast', 'pine', 'nuts', 'moderately', 'low', 'heat', 'stirring', 'frequently', 'golden', 'brown', 'remove', 'pan', 'toast', 'pine', 'nuts', '350°', 'oven', 'blender', 'food', 'processor', 'put', 'pine', 'nuts', 'whole', 'sun', 'dried', 'tomatoes', 'oil', 'water', 'salt', 'pepper', 'puree', 'smooth', 'meanwhile', 'large', 'pot', 'boiling', 'salted', 'water', 'cook', 'fusilli', 'done', 'drain', 'rinse', 'cold', 'water', 'drain', 'thoroughly', 'large', 'glass', 'stainless', 'steel', 'bowl', 'toss', 'pasta', 'remaining', 'toasted', 'pine', 'nuts', 'salt', 'pepper', 'pesto', 'chopped', 'sun', 'dried', 'tomatoes', 'spinach', 'cherry', 'tomatoes', 'parmesan']",Italian
8714,"['for', 'koftas', 'boil', 'all', 'the', 'above', 'mentioned', 'vegetables', 'with', 'little', 'salt', 'and', 'asafetida', 'heat', 'oil', 'in', 'a', 'pan', 'add', 'jeera', 'asafetida', 'green', 'chilies', 'ginger', 'garlic', 'paste', 'boiled', 'veggies', 'salt', 'red', 'chili', 'powder', 'coriander', 'powder', 'turmeric', 'powder', 'garam', 'masala', 'and', 'coriander', 'leaves', 'mix', 'well', 'make', 'small', 'bolls', 'out', 'of', 'the', 'mixture', 'for', 'koftas', 'then', 'deep', 'fry', 'for', 'curry', 'heat', 'oil', 'in', 'pan', 'add', 'jeera', 'green', 'chilies', 'ginger', 'garlic', 'paste', 'cashew', 'paste', 'fry', 'for', '2', 'minutes', 'then', 'add', 'onion', 'paste', 'fry', 'light', 'golden', 'brown', 'add', 'pitch', 'of', 'salt', 'add', 'red', 'chilly', 'powder', 'coriander', 'powder', 'turmeric', 'powder', 'amchur', 'powder', 'and', 'garam', 'masala', 'powder', 'cook', 'till', 'the', 'flavors', 'of', 'the', 'spices', 'comes', 'out', 'then', 'add', 'fresh', 'cream', 'cook', 'for', '5', 'minutes', 'add', 'tomato', 'pure', 'lime', 'juice', 'salt', 'and', 'coriander', 'leaves', 'mix', 'well', 'allow', 'the', 'curry', 'to', 'cool', 'for', '10', 'minutes', 'then', 'add', 'fried', 'koftas', 'to', 'it', 'decor', 'the', 'curry', 'with', 'chopped', 'coriander', 'leaves', 'and', 'onion', 'rings', 'serve', 'with', 'parathas', 'steamed', 'basmati', 'rice', 'or', 'breads', 'happy', 'cooking']","['koftas', 'boil', 'mentioned', 'vegetables', 'little', 'salt', 'asafetida', 'heat', 'oil', 'pan', 'add', 'jeera', 'asafetida', 'green', 'chilies', 'ginger', 'garlic', 'paste', 'boiled', 'veggies', 'salt', 'red', 'chili', 'powder', 'coriander', 'powder', 'turmeric', 'powder', 'garam', 'masala', 'coriander', 'leaves', 'mix', 'well', 'make', 'small', 'bolls', 'mixture', 'koftas', 'deep', 'fry', 'curry', 'heat', 'oil', 'pan', 'add', 'jeera', 'green', 'chilies', 'ginger', 'garlic', 'paste', 'cashew', 'paste', 'fry', 'add', 'onion', 'paste', 'fry', 'light', 'golden', 'brown', 'add', 'pitch', 'salt', 'add', 'red', 'chilly', 'powder', 'coriander', 'powder', 'turmeric', 'powder', 'amchur', 'powder', 'garam', 'masala', 'powder', 'cook', 'till', 'flavors', 'spices', 'comes', 'add', 'fresh', 'cream', 'cook', 'add', 'tomato', 'pure', 'lime', 'juice', 'salt', 'coriander', 'leaves', 'mix', 'well', 'allow', 'curry', 'cool', 'add', 'fried', 'koftas', 'decor', 'curry', 'chopped', 'coriander', 'leaves', 'onion', 'rings', 'serve', 'parathas', 'steamed', 'basmati', 'rice', 'breads', 'happy', 'cooking']",Indian
6942,"['wash', 'and', 'scrape', 'carrots', 'cut', 'into', '4', 'lengthwise', 'dry', 'grind', 'the', 'mustard', 'seeds', 'mix', 'together', 'carrots', 'salt', 'mustard', 'seeds', 'and', 'chilli', 'gently', 'add', 'water', 'mix', 'well', 'put', 'the', 'mixture', 'into', 'a', 'large', 'bottle', 'close', 'lid', 'tightly', 'and', 'keep', 'it', 'in', 'the', 'sun', 'for', '5-6', 'days', 'shake', 'the', 'bottle', 'a', 'few', 'times', 'daily', 'chill', 'kanji', 'before', 'serving', 'sprinkle', 'chopped', 'mint', 'and', 'serve']","['wash', 'scrape', 'carrots', 'cut', 'lengthwise', 'dry', 'grind', 'mustard', 'seeds', 'mix', 'together', 'carrots', 'salt', 'mustard', 'seeds', 'chilli', 'gently', 'add', 'water', 'mix', 'well', 'put', 'mixture', 'large', 'bottle', 'close', 'lid', 'tightly', 'keep', 'sun', 'days', 'shake', 'bottle', 'times', 'daily', 'chill', 'kanji', 'serving', 'sprinkle', 'chopped', 'mint', 'serve']",Indian
11828,"['wash', 'lentils', 'drain', 'combine', 'with', '6', 'cups', 'water', 'cinnamon', 'stick', 'bay', 'leaf', 'garlic', 'cloves', 'ginger', 'slices', 'turmeric', 'bring', 'to', 'a', 'boil', 'lower', 'heat', 'simmer', 'for', '40', 'minutes', 'till', 'lentils', 'are', 'tender', 'the', 'water', 'has', 'been', 'reduced', 'significantly', 'slice', 'lemon', 'thinly', 'add', 'to', 'the', 'pot', 'with', 'salt', 'black', 'pepper', 'cayenne', 'simmer', 'for', 'a', 'further', '5', 'minutes', 'just', 'before', 'serving', 'heat', 'ghee', 'till', 'hot', 'add', 'asafoetida', 'cumin', 'seeds', 'sauté', 'till', 'the', 'seeds', 'begin', 'to', 'color', 'pour', 'over', 'top', 'of', 'dhal', 'serve', 'over', 'rice']","['wash', 'lentils', 'drain', 'combine', 'water', 'cinnamon', 'stick', 'bay', 'leaf', 'garlic', 'cloves', 'ginger', 'slices', 'turmeric', 'bring', 'boil', 'lower', 'heat', 'simmer', 'till', 'lentils', 'tender', 'water', 'reduced', 'significantly', 'slice', 'lemon', 'thinly', 'add', 'pot', 'salt', 'black', 'pepper', 'cayenne', 'simmer', 'serving', 'heat', 'ghee', 'till', 'hot', 'add', 'asafoetida', 'cumin', 'seeds', 'sauté', 'till', 'seeds', 'begin', 'color', 'pour', 'top', 'dhal', 'serve', 'rice']",Indian
4829,"['heat', 'oil', 'in', 'heavy', 'large', 'pot', 'over', 'high', 'heat', 'add', 'meat', 'and', 'onions', 'and', 'sauté', 'until', 'brown', 'about', '10', 'minutes', 'reduce', 'heat', 'to', 'medium', 'and', 'add', 'cinnamon', 'cayenne', 'and', 'cloves', 'sauté', '5', 'minutes', 'add', 'wine', 'tomatoes', 'and', 'tomato', 'sauce', 'simmer', 'until', 'mixture', 'is', 'thick', 'stirring', 'occasionally', 'about', '10', 'minutes', 'can', 'be', 'made', '1', 'day', 'ahead', 'cool', 'slightly', 'chill', 'sauce', 'uncovered', 'until', 'cool', 'then', 'cover', 'and', 'chill', 'rewarm', 'before', 'continuing.', 'cook', 'pasta', 'in', 'a', 'large', 'pot', 'of', 'boiling', 'salted', 'water', 'until', 'just', 'tender', 'but', 'still', 'firm', 'to', 'bite', 'stirring', 'occasionally', 'drain', 'add', 'to', 'sauce', 'and', 'toss', 'to', 'coat', 'season', 'to', 'taste', 'with', 'salt', 'and', 'pepper', 'transfer', 'pasta', 'to', 'bowl', 'sprinkle', 'with', 'grated', 'parmesan', 'cheese', 'and', 'serve']","['heat', 'oil', 'heavy', 'large', 'pot', 'high', 'heat', 'add', 'meat', 'onions', 'sauté', 'brown', 'reduce', 'heat', 'medium', 'add', 'cinnamon', 'cayenne', 'cloves', 'sauté', 'add', 'wine', 'tomatoes', 'tomato', 'sauce', 'simmer', 'mixture', 'thick', 'stirring', 'occasionally', 'made', 'day', 'ahead', 'cool', 'slightly', 'chill', 'sauce', 'uncovered', 'cool', 'cover', 'chill', 'rewarm', 'continuing.', 'cook', 'pasta', 'large', 'pot', 'boiling', 'salted', 'water', 'tender', 'still', 'firm', 'bite', 'stirring', 'occasionally', 'drain', 'add', 'sauce', 'toss', 'coat', 'season', 'taste', 'salt', 'pepper', 'transfer', 'pasta', 'bowl', 'sprinkle', 'grated', 'parmesan', 'cheese', 'serve']",Italian
2302,"['prepare', 'the', 'balsamic', 'pearls', 'recipe', '500406', 'pour', 'the', 'olive', 'oil', 'into', 'a', 'tall', 'clear', 'vessel', 'like', 'a', 'large', 'beer', 'glass', 'and', 'place', 'it', 'in', 'the', 'freezer', 'to', 'chill', 'to', 'about', '38', 'f', 'about', '30', 'minutes', 'combine', 'the', 'agar', 'agar', 'and', 'balsamic', 'in', 'a', 'small', 'saucepan', 'and', 'bring', 'to', 'a', 'boil', 'stir', 'to', 'completely', 'dissolve', 'the', 'agar', 'agar', 'let', 'cool', 'for', '5', 'minutes', 'to', 'about', '125', 'f.', 'then', 'transfer', 'the', 'mixture', 'to', 'a', 'large', 'plastic', 'syringe', 'or', 'a', 'squeeze', 'bottle', 'carefully', 'dispense', 'frops', 'into', 'the', 'olive', 'oil', 'to', 'form', '``', 'pearls', ""''"", 'allowing', 'them', 'to', 'sink', 'to', 'the', 'bottom', 'drain', 'the', 'pearls', 'when', 'ready', 'to', 'use', 'reserving', 'the', 'olive', 'oil', 'for', 'another', 'use', 'make', 'the', 'strawberry', 'chips', 'preheat', 'the', 'oven', 'to', '300', 'f.', 'thinly', 'slice', 'the', 'strawberries', 'lengthwise', 'line', 'a', 'baking', 'sheet', 'with', 'parchment', 'or', 'a', 'silicone', 'mat', 'and', 'arrange', 'the', 'slices', 'evenly', 'on', 'the', 'sheet', 'sprinkle', 'with', 'the', 'confectioners', 'sugar', 'bake', 'for', '2', 'hours', 'or', 'until', 'the', 'strawberries', 'are', 'dehydrated', 'and', 'crisp', 'to', 'assemble', 'halve', 'the', 'fresh', 'strawberries', 'lengthwise', 'top', 'with', 'the', 'balsamic', 'pearls', 'parmesan', 'shavings', 'basil', 'flowers', 'and', 'sprouts', 'garnish', 'with', 'the', 'dried', 'strawberry', 'chips', 'dot', 'with', 'a', 'little', 'extra', 'virgin', 'olive', 'oil']","['prepare', 'balsamic', 'pearls', 'recipe', 'pour', 'olive', 'oil', 'tall', 'clear', 'vessel', 'like', 'large', 'beer', 'glass', 'place', 'freezer', 'chill', 'f', 'combine', 'agar', 'agar', 'balsamic', 'small', 'saucepan', 'bring', 'boil', 'stir', 'completely', 'dissolve', 'agar', 'agar', 'let', 'cool', 'f.', 'transfer', 'mixture', 'large', 'plastic', 'syringe', 'squeeze', 'bottle', 'carefully', 'dispense', 'frops', 'olive', 'oil', 'form', '``', 'pearls', ""''"", 'allowing', 'sink', 'bottom', 'drain', 'pearls', 'ready', 'use', 'reserving', 'olive', 'oil', 'another', 'use', 'make', 'strawberry', 'chips', 'preheat', 'oven', 'f.', 'thinly', 'slice', 'strawberries', 'lengthwise', 'line', 'baking', 'sheet', 'parchment', 'silicone', 'mat', 'arrange', 'slices', 'evenly', 'sheet', 'sprinkle', 'confectioners', 'sugar', 'bake', 'strawberries', 'dehydrated', 'crisp', 'assemble', 'halve', 'fresh', 'strawberries', 'lengthwise', 'top', 'balsamic', 'pearls', 'parmesan', 'shavings', 'basil', 'flowers', 'sprouts', 'garnish', 'dried', 'strawberry', 'chips', 'dot', 'little', 'extra', 'virgin', 'olive', 'oil']",Italian
6331,"['preheat', 'oven', 'to', '450', 'degrees', 'f', '230', 'degrees', 'c', 'in', 'a', 'bowl', 'mix', 'the', 'water', 'oil', 'and', 'yeast', 'stir', 'in', 'the', 'flour', 'roll', 'into', 'a', 'ball', 'and', 'transfer', 'to', 'a', 'well-oiled', 'bowl', 'allow', 'to', 'rise', '1', 'hour', 'in', 'a', 'warm', 'location', 'or', 'until', 'doubled', 'in', 'size', 'thoroughly', 'grease', 'a', 'deep', 'dish', 'pizza', 'pan', 'punch', 'down', 'dough', 'and', 'transfer', 'to', 'the', 'pan', 'cover', 'dough', 'with', 'a', 'cloth', 'and', 'allow', 'crust', 'to', 'rise', '25', 'minutes', 'until', 'puffy', 'in', 'a', 'saucepan', 'over', 'low', 'heat', 'mix', 'the', 'cream', 'butter', 'and', 'cream', 'cheese', 'stirring', 'constantly', 'until', 'melted', 'and', 'well-blended', 'mix', 'in', 'parmesan', 'cheese', 'and', 'garlic', 'powder', 'continue', 'to', 'cook', 'and', 'stir', '15', 'minutes', 'or', 'until', 'parmesan', 'is', 'lightly', 'browned', 'spread', 'over', 'the', 'pizza', 'crust', 'top', 'with', 'mozzarella', 'cheese', 'bake', '35', 'minutes', 'in', 'the', 'preheated', 'oven', 'until', 'crust', 'is', 'lightly', 'browned']","['preheat', 'oven', 'f', 'c', 'bowl', 'mix', 'water', 'oil', 'yeast', 'stir', 'flour', 'roll', 'ball', 'transfer', 'well', 'oiled', 'bowl', 'allow', 'rise', 'warm', 'location', 'doubled', 'size', 'thoroughly', 'grease', 'deep', 'dish', 'pizza', 'pan', 'punch', 'dough', 'transfer', 'pan', 'cover', 'dough', 'cloth', 'allow', 'crust', 'rise', 'puffy', 'saucepan', 'low', 'heat', 'mix', 'cream', 'butter', 'cream', 'cheese', 'stirring', 'constantly', 'melted', 'well', 'blended', 'mix', 'parmesan', 'cheese', 'garlic', 'powder', 'continue', 'cook', 'stir', 'parmesan', 'lightly', 'browned', 'spread', 'pizza', 'crust', 'top', 'mozzarella', 'cheese', 'bake', 'preheated', 'oven', 'crust', 'lightly', 'browned']",Italian
4818,"['remove', 'the', 'skin', 'from', 'all', 'chicken', 'and', 'wash', 'well', 'pat', 'chicken', 'dry', 'and', 'sprinkle', 'with', 'salt', 'and', 'pepper', 'heat', 'chilli', 'oil', 'in', 'the', 'pot', 'if', 'you', 'do', 'not', 'have', 'chilli', 'oil', 'you', 'can', 'make', 'some', 'easily', 'you', 'will', 'need', 'to', 'take', 'olive', 'oil', 'and', 'heat', 'it', 'up', 'do', 'not', 'burn', 'it', 'add', 'lots', 'of', 'red', 'pepper', 'flakes', 'and', 'let', 'it', 'simmer', 'without', 'burning', 'the', 'flakes', 'for', 'about', '5', 'minutes', 'once', 'the', 'mixture', 'is', 'cool', 'that', ""'s"", 'chilli', 'oil', 'add', 'the', 'chicken', 'to', 'the', 'pot', 'with', 'the', 'meatiest', 'parts', 'on', 'the', 'bottom', 'brown', 'the', 'chicken', 'for', 'about', '10-12', 'minutes', 'making', 'sure', 'it', 'does', ""n't"", 'stick', 'to', 'the', 'pot', 'or', 'burn', 'turn', 'over', 'if', 'necessary', 'you', 'may', 'add', 'more', 'chilli', 'oil', 'if', 'you', 'think', 'it', ""'s"", 'required', 'add', 'the', 'chopped', 'capers', 'garlic', 'olives', 'and', 'parsley', 'to', 'the', 'pot', 'if', 'you', ""'d"", 'like', 'extra', 'sauce', 'and', 'olives', 'or', 'capers', 'in', 'this', 'recipe', 'you', 'can', 'add', 'them', 'freely', 'i', 'usually', 'add', 'lots', 'of', 'olives', 'so', 'that', 'everyone', 'gets', 'a', 'huge', 'scoope', 'of', 'them', 'on', 'their', 'chicken', 'add', 'the', 'white', 'wine', 'to', 'the', 'pot', 'if', 'you', 'do', ""n't"", 'think', 'there', ""'s"", 'enough', 'sauce', 'for', 'your', 'meal', 'then', 'add', 'extra', 'white', 'wine', 'stir', 'a', 'bit', 'so', 'that', 'everything', 'is', 'nicely', 'mixed', 'cover', 'the', 'pot', 'and', 'allow', 'the', 'chicken', 'to', 'fully', 'cook', 'in', 'the', 'boiling', 'white', 'wine', 'sauce', 'serve', 'hot', 'nice', 'sides', 'are', 'rice', 'pasta', 'or', 'salad']","['remove', 'skin', 'chicken', 'wash', 'well', 'pat', 'chicken', 'dry', 'sprinkle', 'salt', 'pepper', 'heat', 'chilli', 'oil', 'pot', 'chilli', 'oil', 'make', 'easily', 'need', 'take', 'olive', 'oil', 'heat', 'burn', 'add', 'lots', 'red', 'pepper', 'flakes', 'let', 'simmer', 'without', 'burning', 'flakes', 'mixture', 'cool', 'chilli', 'oil', 'add', 'chicken', 'pot', 'meatiest', 'parts', 'bottom', 'brown', 'chicken', 'making', 'sure', 'stick', 'pot', 'burn', 'turn', 'necessary', 'may', 'add', 'chilli', 'oil', 'think', 'required', 'add', 'chopped', 'capers', 'garlic', 'olives', 'parsley', 'pot', 'like', 'extra', 'sauce', 'olives', 'capers', 'recipe', 'add', 'freely', 'usually', 'add', 'lots', 'olives', 'everyone', 'gets', 'huge', 'scoope', 'chicken', 'add', 'white', 'wine', 'pot', 'think', 'enough', 'sauce', 'meal', 'add', 'extra', 'white', 'wine', 'stir', 'bit', 'everything', 'nicely', 'mixed', 'cover', 'pot', 'allow', 'chicken', 'fully', 'cook', 'boiling', 'white', 'wine', 'sauce', 'serve', 'hot', 'nice', 'sides', 'rice', 'pasta', 'salad']",Italian
12829,"['heat', 'oil', 'in', 'a', 'wok', 'saute', 'the', 'cottage', 'cheese', 'cubes', 'in', 'it', 'lightly', 'remove', 'from', 'wok', 'and', 'keep', 'on', 'clean', 'paper', 'kitchen', 'napkins', 'to', 'drain', 'heat', 'the', 'remaining', 'oil', 'in', 'a', 'pot', 'saute', 'garlic', 'in', 'it', 'for', 'a', 'minute', 'add', 'spring', 'onion', 'and', 'broccoli', 'stir-fry', 'for', '3-5', 'minutes', 'add', 'cottage', 'cheese', 'cubes', 'cornflour', 'blended', 'in', 'a', 'little', 'water', 'a', 'vegetable', 'stock', 'cube', 'pineapple', 'soy', 'amd', 'chilli', 'sauce', 'stir', 'and', 'cook', 'until', 'the', 'gravy', 'thickens', 'add', 'an', 'additional', 'stock', 'cube', 'if', 'desired', 'now', 'and', 'cook', 'until', 'it', 'completely', 'dissolves', 'sprinklee', 'with', 'almonds', 'serve', 'hot']","['heat', 'oil', 'wok', 'saute', 'cottage', 'cheese', 'cubes', 'lightly', 'remove', 'wok', 'keep', 'clean', 'paper', 'kitchen', 'napkins', 'drain', 'heat', 'remaining', 'oil', 'pot', 'saute', 'garlic', 'add', 'spring', 'onion', 'broccoli', 'stir', 'fry', 'add', 'cottage', 'cheese', 'cubes', 'cornflour', 'blended', 'little', 'water', 'vegetable', 'stock', 'cube', 'pineapple', 'soy', 'amd', 'chilli', 'sauce', 'stir', 'cook', 'gravy', 'thickens', 'add', 'additional', 'stock', 'cube', 'desired', 'cook', 'completely', 'dissolves', 'sprinklee', 'almonds', 'serve', 'hot']",Indian
1049,"['prepare', 'a', 'charcoal', 'grill', 'or', 'heat', 'a', 'gas', 'grill', 'to', 'medium-high', 'toast', 'the', 'bread', 'slices', 'on', 'one', 'side', 'transfer', 'bread', 'to', 'a', 'work', 'surface', 'toasted-side', 'up', 'reduce', 'grill', 'to', 'medium-low', 'top', 'bread', 'with', 'the', 'tomato', 'mozzarella', 'olives', 'and', 'anchovy', 'drizzle', 'with', 'oil', 'and', 'season', 'with', 'salt', 'and', 'pepper', 'return', 'bread', 'to', 'the', 'grill', 'cover', 'and', 'cook', 'until', 'cheese', 'is', 'melted', 'and', 'bubbly', 'about', '15', 'minutes', 'sprinkle', 'with', 'basil', 'and', 'serve', 'warm']","['prepare', 'charcoal', 'grill', 'heat', 'gas', 'grill', 'medium', 'high', 'toast', 'bread', 'slices', 'one', 'side', 'transfer', 'bread', 'work', 'surface', 'toasted', 'side', 'reduce', 'grill', 'medium', 'low', 'top', 'bread', 'tomato', 'mozzarella', 'olives', 'anchovy', 'drizzle', 'oil', 'season', 'salt', 'pepper', 'return', 'bread', 'grill', 'cover', 'cook', 'cheese', 'melted', 'bubbly', 'sprinkle', 'basil', 'serve', 'warm']",Italian
240,"['allow', 'the', 'tomatoes', 'to', 'drain', 'in', 'a', 'colander', 'for', '30', 'minutes', 'lightly', 'toast', 'the', 'slices', 'of', 'bread', 'and', 'rub', 'each', 'with', 'garlic', 'combine', 'the', 'tomatoes', 'with', 'the', 'remaining', 'ingredients', 'in', 'a', 'small', 'bowl', 'and', 'divide', 'between', 'the', 'slices', 'of', 'toast', 'serve', 'immediately']","['allow', 'tomatoes', 'drain', 'colander', 'lightly', 'toast', 'slices', 'bread', 'rub', 'garlic', 'combine', 'tomatoes', 'remaining', 'ingredients', 'small', 'bowl', 'divide', 'slices', 'toast', 'serve', 'immediately']",Italian
7277,"['place', 'the', 'pumpkin', 'in', 'a', 'bowl', 'add', 'the', 'curry', 'paste', 'and', 'toss', 'well', 'to', 'coat', 'the', 'pumpkin', 'evenly', 'heat', '2', 'tbsp', 'of', 'the', 'oil', 'in', 'a', 'saucepan', 'add', 'the', 'onion', 'garlic', 'red', 'pepper', 'ginger', 'and', 'ground', 'spices', 'and', 'fry', 'over', 'a', 'medium', 'heat', 'for', '5-6', 'minutes', 'until', 'the', 'onion', 'is', 'lightly', 'browned', 'remove', 'mixture', 'to', 'a', 'bowl', 'in', 'the', 'same', 'frying', 'pan', 'add', 'the', 'pureed', 'tomatoes', 'chilies', 'and', 'stock', 'to', 'the', 'onion', 'mixture', 'and', 'bring', 'to', 'a', 'boil', 'reduce', 'heat', 'to', 'low', 'and', 'simmer', 'gently', 'for', '5', 'minutes', 'meanwhile', 'heat', 'the', 'remaining', 'oil', 'in', 'another', 'frying', 'pan', 'add', 'the', 'coated', 'pumpkin', 'and', 'fry', 'for', '5', 'minutes', 'until', 'golden', 'add', 'into', 'the', 'tomato/onion', 'sauce', 'along', 'with', 'the', 'chickpeas', 'cover', 'and', 'cook', 'for', '20', 'minutes', 'until', 'the', 'pumpkin', 'is', 'tender', 'peel', 'the', 'banana', 'slice', 'thickly', 'and', 'stir', 'into', 'the', 'curry', '5', 'mins', 'before', 'the', 'end', 'of', 'the', 'cooking', 'time', 'stir', 'in', 'the', 'chopped', 'cilantro', 'or', 'parsley', 'and', 'sprinkle', 'the', 'pine', 'nuts', 'over', 'the', 'top', 'serve', 'immediately', 'this', 'would', 'be', 'good', 'served', 'with', 'rice', 'and', 'lentils', 'enjoy', 'serves', '3', 'hungry', 'or', '4', 'otherwise']","['place', 'pumpkin', 'bowl', 'add', 'curry', 'paste', 'toss', 'well', 'coat', 'pumpkin', 'evenly', 'heat', 'oil', 'saucepan', 'add', 'onion', 'garlic', 'red', 'pepper', 'ginger', 'ground', 'spices', 'fry', 'medium', 'heat', 'onion', 'lightly', 'browned', 'remove', 'mixture', 'bowl', 'frying', 'pan', 'add', 'pureed', 'tomatoes', 'chilies', 'stock', 'onion', 'mixture', 'bring', 'boil', 'reduce', 'heat', 'low', 'simmer', 'gently', 'meanwhile', 'heat', 'remaining', 'oil', 'another', 'frying', 'pan', 'add', 'coated', 'pumpkin', 'fry', 'golden', 'add', 'tomato/onion', 'sauce', 'along', 'chickpeas', 'cover', 'cook', 'pumpkin', 'tender', 'peel', 'banana', 'slice', 'thickly', 'stir', 'curry', 'mins', 'end', 'cooking', 'time', 'stir', 'chopped', 'cilantro', 'parsley', 'sprinkle', 'pine', 'nuts', 'top', 'serve', 'immediately', 'would', 'good', 'served', 'rice', 'lentils', 'enjoy', 'serves', 'hungry', 'otherwise']",Indian
7425,"['boil', 'eggs', 'in', 'a', 'pot', 'alongwith', 'plenty', 'of', 'water', 'once', 'the', 'eggs', 'have', 'boiled', 'remove', 'the', 'water', 'and', 'allow', 'the', 'eggs', 'to', 'cool', 'completely', 'heat', 'oil', 'in', 'a', 'pot', 'when', 'its', 'hot', 'add', 'fennel', 'seeds', 'and', 'bay', 'leaf', 'after', '15', 'seconds', 'add', 'ginger', 'garlic', 'and', 'the', 'green', 'chilli', 'saute', 'until', 'the', 'raw', 'smell', 'of', 'ginger', 'and', 'garlic', 'is', 'gone', 'add', 'tomatoes', 'and', 'cook', 'well', 'until', 'softened', 'completely', 'mix', 'in', 'salt', 'now', 'very', 'gently', 'add', 'the', 'halved', 'boiled', 'eggs', 'mix', 'the', 'eggs', 'carefully', 'to', 'coat', 'with', 'the', 'masala', 'garnish', 'with', 'corriander', 'leaves', 'and', 'serve', 'hot', 'with', 'chappatis', 'rotis/indian', 'flatbreads', 'or', 'with', 'bread', 'or', 'cooked', 'long-grain', 'basmati', 'rice']","['boil', 'eggs', 'pot', 'alongwith', 'plenty', 'water', 'eggs', 'boiled', 'remove', 'water', 'allow', 'eggs', 'cool', 'completely', 'heat', 'oil', 'pot', 'hot', 'add', 'fennel', 'seeds', 'bay', 'leaf', 'seconds', 'add', 'ginger', 'garlic', 'green', 'chilli', 'saute', 'raw', 'smell', 'ginger', 'garlic', 'gone', 'add', 'tomatoes', 'cook', 'well', 'softened', 'completely', 'mix', 'salt', 'gently', 'add', 'halved', 'boiled', 'eggs', 'mix', 'eggs', 'carefully', 'coat', 'masala', 'garnish', 'corriander', 'leaves', 'serve', 'hot', 'chappatis', 'rotis/indian', 'flatbreads', 'bread', 'cooked', 'long', 'grain', 'basmati', 'rice']",Indian
2603,"['add', 'the', 'oil', 'butter', 'and', 'garlic', 'to', 'a', 'large', 'saute', 'pan', 'and', 'heat', 'to', 'medium', 'when', 'oil', 'is', 'hot', 'and', 'the', 'garlic', 'fragrant', 'add', 'the', 'shrimp', 'and', 'a', 'couple', 'pinches', 'of', 'salt', 'and', 'black', 'pepper', 'after', '2-3', 'minutes', 'add', 'oregano', 'and', 'parsley', 'and', 'saute', 'keep', 'turning', 'the', 'shrimp', 'so', 'both', 'sides', 'cook', 'evenly', 'and', 'the', 'shrimp', 'is', 'pink', 'and', 'cooked', 'through', 'when', 'shrimp', 'is', 'done', 'a', 'couple', 'minutes', 'longer', 'add', 'the', 'breadcrumbs', 'and', 'cheese', 'turn', 'to', 'coat', 'well', 'add', 'the', 'lemon', 'juice', 'stirring', 'all', 'to', 'combinee', 'well', 'serve', 'over', 'linguini']","['add', 'oil', 'butter', 'garlic', 'large', 'saute', 'pan', 'heat', 'medium', 'oil', 'hot', 'garlic', 'fragrant', 'add', 'shrimp', 'couple', 'pinches', 'salt', 'black', 'pepper', 'add', 'oregano', 'parsley', 'saute', 'keep', 'turning', 'shrimp', 'sides', 'cook', 'evenly', 'shrimp', 'pink', 'cooked', 'shrimp', 'done', 'couple', 'longer', 'add', 'breadcrumbs', 'cheese', 'turn', 'coat', 'well', 'add', 'lemon', 'juice', 'stirring', 'combinee', 'well', 'serve', 'linguini']",Italian
54,"['in', 'a', 'pot', 'combine', 'milk', 'broth', 'salt', 'and', 'cornmeal', 'place', 'over', 'medium-high', 'heat', 'and', 'whisk', 'constantly', 'until', 'liquid', 'is', 'boiling', 'reduce', 'heat', 'to', 'low', 'cover', 'and', 'cook', '20', 'minutes', 'until', 'creamy', 'stirring', 'every', '3-4', 'minutes', 'to', 'prevent', 'sticking', 'and', 'burning', 'remove', 'from', 'heat', 'stir', 'in', 'pepper', 'butter', 'cheeses', 'and', 'optional', 'herbs']","['pot', 'combine', 'milk', 'broth', 'salt', 'cornmeal', 'place', 'medium', 'high', 'heat', 'whisk', 'constantly', 'liquid', 'boiling', 'reduce', 'heat', 'low', 'cover', 'cook', 'creamy', 'stirring', 'every', 'prevent', 'sticking', 'burning', 'remove', 'heat', 'stir', 'pepper', 'butter', 'cheeses', 'optional', 'herbs']",Italian
8287,"['method', 'heat', '1', 'tbsp', 'oil', 'in', 'a', 'pan', 'add', 'cumin', 'seeds', 'as', 'seeds', 'crack', 'add', 'chopped', 'onion', 'ginger', 'garlic', 'paste', 'and', 'fry', 'on', 'low', 'flame', 'add', 'tomato', 'carrot', 'cabbage', 'mix', 'well', 'and', 'stir', 'for', '3', 'minutes', 'add', 'red', 'chilli', 'powder', 'salt', 'garam', 'masala', 'powder', 'coriander', 'leaves', 'and', 'cook', 'on', 'low', 'flame', 'for', 'few', 'minutes', 'filling', 'is', 'ready', 'now', 'and', 'keep', 'aside', 'assembling', 'the', 'kathi', 'roll', 'take', 'one', 'roti', 'chapati', 'spread', 'a', 'tsp', 'of', 'tomato', 'sauce', 'on', 'it', 'place', 'a', 'spoonful', 'of', 'the', 'vegetable', 'filling', 'on', 'one', 'side', 'of', 'the', 'chapati', 'roll', 'the', 'chapathi', 'tightly', 'cut', 'into', 'halves', 'and', 'serve', 'enjoy']","['method', 'heat', 'oil', 'pan', 'add', 'cumin', 'seeds', 'seeds', 'crack', 'add', 'chopped', 'onion', 'ginger', 'garlic', 'paste', 'fry', 'low', 'flame', 'add', 'tomato', 'carrot', 'cabbage', 'mix', 'well', 'stir', 'add', 'red', 'chilli', 'powder', 'salt', 'garam', 'masala', 'powder', 'coriander', 'leaves', 'cook', 'low', 'flame', 'filling', 'ready', 'keep', 'aside', 'assembling', 'kathi', 'roll', 'take', 'one', 'roti', 'chapati', 'spread', 'tomato', 'sauce', 'place', 'spoonful', 'vegetable', 'filling', 'one', 'side', 'chapati', 'roll', 'chapathi', 'tightly', 'cut', 'halves', 'serve', 'enjoy']",Indian
4146,"['in', 'a', 'saucepan', 'heat', 'the', 'oil', 'and', 'cook', 'the', 'onion', 'and', 'garlic', 'for', '5', 'minutes', 'add', 'the', 'mushrooms', 'stock', 'and', 'sherry', 'and', 'mix', 'well', 'stir', 'in', 'the', 'tomatoes', 'thyme', 'and', 'salt', 'and', 'pepper', 'and', 'mix', 'well', 'bring', 'slowly', 'to', 'the', 'boil', 'stirring', 'then', 'cover', 'and', 'simmer', 'gently', 'for', '15', 'minutes', 'stirring', 'occasionally', 'uncover', 'and', 'simmer', 'for', 'a', 'further', '10', 'minutes', 'stirring', 'occasionally', 'until', 'the', 'sauce', 'thickens', 'garnish', 'with', 'thyme', 'leaves', 'and', 'serve', 'with', 'freshly', 'cooked', 'pasta']","['saucepan', 'heat', 'oil', 'cook', 'onion', 'garlic', 'add', 'mushrooms', 'stock', 'sherry', 'mix', 'well', 'stir', 'tomatoes', 'thyme', 'salt', 'pepper', 'mix', 'well', 'bring', 'slowly', 'boil', 'stirring', 'cover', 'simmer', 'gently', 'stirring', 'occasionally', 'uncover', 'simmer', 'stirring', 'occasionally', 'sauce', 'thickens', 'garnish', 'thyme', 'leaves', 'serve', 'freshly', 'cooked', 'pasta']",Italian
8769,"['1.heat', 'the', 'oil', 'and', 'cook', 'the', 'onions', 'until', 'soft', '2.add', 'the', 'garlic', 'and', 'cook', 'for', '2', 'minutes', '3.stir', 'in', 'the', 'spices', 'and', 'cook', 'for', '2-3', 'minutes', '4.stir', 'in', 'the', 'pasata', '5.add', 'salt', '6.blast', 'with', 'blender', 'till', 'smooth', '7.add', 'chicken', 'cook', 'till', 'browned', '8.lastley', 'add', '400g', 'mango', 'chutney', '9.', 'taste', 'serve', 'with', 'rice/chips', 'woo', 'woo']","['1.heat', 'oil', 'cook', 'onions', 'soft', '2.add', 'garlic', 'cook', '3.stir', 'spices', 'cook', '4.stir', 'pasata', '5.add', 'salt', '6.blast', 'blender', 'till', 'smooth', '7.add', 'chicken', 'cook', 'till', 'browned', '8.lastley', 'add', '400g', 'mango', 'chutney', 'taste', 'serve', 'rice/chips', 'woo', 'woo']",Indian
4445,"['juice', 'one', 'lime', 'reserving', 'juice', 'dice', 'the', 'lime', 'shell', 'place', 'tuaca', 'in', 'bottom', 'of', 'shaker', 'with', 'mint', 'leaves', 'muddle', 'leaves', 'along', 'with', 'lime', 'shell', 'until', 'the', 'fresh', 'mint', 'flavor', 'is', 'released', 'add', 'simple', 'syrup', 'and', 'rum', 'along', 'with', 'cracked', 'ice', 'shake', 'to', 'break', 'up', 'the', 'mint', 'leaves', 'pour', 'into', 'tall', 'mojito', 'glass', 'over', 'more', 'cracked', 'ice', 'top', 'with', 'asti', 'spumante', 'or', 'your', 'favorite', 'sweet', 'champagne', 'stir', 'and', 'serve']","['juice', 'one', 'lime', 'reserving', 'juice', 'dice', 'lime', 'shell', 'place', 'tuaca', 'bottom', 'shaker', 'mint', 'leaves', 'muddle', 'leaves', 'along', 'lime', 'shell', 'fresh', 'mint', 'flavor', 'released', 'add', 'simple', 'syrup', 'rum', 'along', 'cracked', 'ice', 'shake', 'break', 'mint', 'leaves', 'pour', 'tall', 'mojito', 'glass', 'cracked', 'ice', 'top', 'asti', 'spumante', 'favorite', 'sweet', 'champagne', 'stir', 'serve']",Italian
8631,"['in', 'a', 'large', 'pan', 'heat', 'up', 'the', 'oil', 'and', 'add', 'the', 'mustard', 'seeds', 'curry', 'leaves', 'cumin', 'seeds', 'garam', 'masala', 'chilli', 'powder', 'and', 'turmeric', 'cook', 'for', 'a', 'few', 'minutes', 'add', 'the', 'chillies', 'ginger', 'garlic', 'and', 'onions', 'continue', 'cooking', 'slowly', 'until', 'the', 'garlic', 'and', 'onions', 'are', 'soft', 'then', 'add', 'the', 'rice', 'and', 'water', 'bring', 'to', 'a', 'boil', 'then', 'reduce', 'the', 'heat', 'and', 'simmer', 'for', '15', 'minutes', 'add', 'the', 'fish', 'and', 'coconut', 'milk', 'with', 'a', 'pinch', 'of', 'salt', 'put', 'the', 'lid', 'on', 'the', 'pan', 'and', 'simmer', 'for', 'another', '10', 'minutes', 'then', 'stir', 'well', 'to', 'break', 'up', 'the', 'pieces', 'of', 'fish', 'taste', 'and', 'correct', 'the', 'seasoning', 'with', 'salt', 'and', 'pepper', 'just', 'before', 'serving', 'squeeze', 'in', 'the', 'lime', 'juice', 'ans', 'stir', 'in', 'half', 'the', 'cilantro', 'serve', 'in', 'warmed', 'bowls', 'sprinkle', 'some', 'freshly', 'grated', 'coconut', 'opt', 'and', 'garnish', 'with', 'the', 'rest', 'of', 'the', 'cilantro']","['large', 'pan', 'heat', 'oil', 'add', 'mustard', 'seeds', 'curry', 'leaves', 'cumin', 'seeds', 'garam', 'masala', 'chilli', 'powder', 'turmeric', 'cook', 'add', 'chillies', 'ginger', 'garlic', 'onions', 'continue', 'cooking', 'slowly', 'garlic', 'onions', 'soft', 'add', 'rice', 'water', 'bring', 'boil', 'reduce', 'heat', 'simmer', 'add', 'fish', 'coconut', 'milk', 'pinch', 'salt', 'put', 'lid', 'pan', 'simmer', 'another', 'stir', 'well', 'break', 'pieces', 'fish', 'taste', 'correct', 'seasoning', 'salt', 'pepper', 'serving', 'squeeze', 'lime', 'juice', 'ans', 'stir', 'half', 'cilantro', 'serve', 'warmed', 'bowls', 'sprinkle', 'freshly', 'grated', 'coconut', 'opt', 'garnish', 'rest', 'cilantro']",Indian
7521,"['gently', 'melt', 'the', 'butter', 'in', 'a', 'heavy', 'saucepan', 'gently', 'fry', 'the', 'onions', 'and', 'garlic', 'until', 'transparent', 'add', 'the', 'other', 'vegetables', 'and', 'gently', 'fry', 'for', 'about', '5', 'minutes', 'add', 'the', 'curry', 'powder', 'and', 'fry', 'for', 'a', 'further', '5', 'minutes', 'add', 'the', 'lentils', 'tomatoe', 'puree', 'and', 'the', 'vegetable', 'stock', 'and', 'cook', 'for', 'approximately', '20', 'minutes', 'until', 'all', 'the', 'ingredients', 'are', 'cooked', 'just', 'before', 'serving', 'add', 'the', 'fresh', 'coriander', 'leaves']","['gently', 'melt', 'butter', 'heavy', 'saucepan', 'gently', 'fry', 'onions', 'garlic', 'transparent', 'add', 'vegetables', 'gently', 'fry', 'add', 'curry', 'powder', 'fry', 'add', 'lentils', 'tomatoe', 'puree', 'vegetable', 'stock', 'cook', 'approximately', 'ingredients', 'cooked', 'serving', 'add', 'fresh', 'coriander', 'leaves']",Indian
3646,"['put', 'beans', 'in', 'a', 'large', 'pot', 'of', 'boiling', 'water', 'and', 'boil', '5-7', 'minutes', 'drain', 'and', 'then', 'plunge', 'into', 'ice', 'water', 'to', 'stop', 'the', 'cooking', 'set', 'the', 'beans', 'aside', 'heat', 'olive', 'oil', 'in', 'a', 'large', 'skillet', 'over', 'medium', 'heat', 'and', 'add', 'crushed', 'red', 'pepper', 'and', 'cook', 'for', '1', 'minute', 'remove', 'pepper', 'flakes', 'and', 'add', 'garlic', 'tomatoes', 'and', 'seasonings', 'except', 'the', 'parmesan', 'cheese', 'now', 'turn', 'heat', 'to', 'low', 'and', 'simmer', 'covered', 'for', '20', 'minutes', 'add', 'the', 'beans', 'to', 'the', 'mixture', 'and', 'heat', 'through', 'about', '8-10', 'minutes', 'sprinkle', 'with', 'parmesan', 'cheese', 'and', 'serve']","['put', 'beans', 'large', 'pot', 'boiling', 'water', 'boil', 'drain', 'plunge', 'ice', 'water', 'stop', 'cooking', 'set', 'beans', 'aside', 'heat', 'olive', 'oil', 'large', 'skillet', 'medium', 'heat', 'add', 'crushed', 'red', 'pepper', 'cook', 'remove', 'pepper', 'flakes', 'add', 'garlic', 'tomatoes', 'seasonings', 'except', 'parmesan', 'cheese', 'turn', 'heat', 'low', 'simmer', 'covered', 'add', 'beans', 'mixture', 'heat', 'sprinkle', 'parmesan', 'cheese', 'serve']",Italian
7618,"['in', 'a', 'bowl', 'beat', 'yoghurt', 'till', 'smooth', 'to', 'this', 'add', 'the', 'green', 'masala', 'paste', 'salt', 'and', 'water', 'add', 'more', 'water', 'if', 'you', 'do', 'not', 'want', 'a', 'thick', 'consistency', 'just', 'like', 'butter', 'milk', 'if', 'you', 'do', 'not', 'have', 'green', 'masala', 'paste', 'on', 'hand', 'then', 'just', 'crush', '2', 'green', 'chilles', 'and', '2', 'cloves', 'garlic', 'and', 'add', 'to', 'the', 'yoghurt', 'mix', 'well', 'now', 'heat', 'oil', 'in', 'a', 'saucepan', 'add', 'mustard', 'seeds', 'cumin', 'seeds', 'chopped', 'or', 'crushed', 'garlic', 'and', 'curry', 'leaves', 'when', 'the', 'seeds', 'start', 'to', 'splutter', 'add', 'green', 'chilies', 'stir', 'for', 'a', 'few', 'seconds', 'and', 'add', 'the', 'yoghurt', 'mix', 'keep', 'stirring', 'this', 'do', 'not', 'boil', 'just', 'heat', 'through', 'and', 'turn', 'of', 'the', 'gas', 'add', 'the', 'coriander', 'leaves', 'now', 'now', 'enjoy', 'this', 'as', 'it', 'is', 'or', 'with', 'any', 'type', 'of', 'khichdi']","['bowl', 'beat', 'yoghurt', 'till', 'smooth', 'add', 'green', 'masala', 'paste', 'salt', 'water', 'add', 'water', 'want', 'thick', 'consistency', 'like', 'butter', 'milk', 'green', 'masala', 'paste', 'hand', 'crush', 'green', 'chilles', 'cloves', 'garlic', 'add', 'yoghurt', 'mix', 'well', 'heat', 'oil', 'saucepan', 'add', 'mustard', 'seeds', 'cumin', 'seeds', 'chopped', 'crushed', 'garlic', 'curry', 'leaves', 'seeds', 'start', 'splutter', 'add', 'green', 'chilies', 'stir', 'seconds', 'add', 'yoghurt', 'mix', 'keep', 'stirring', 'boil', 'heat', 'turn', 'gas', 'add', 'coriander', 'leaves', 'enjoy', 'type', 'khichdi']",Indian
2260,"['preheat', 'oven', 'to', '350', 'degrees', 'start', 'chopping', 'basil', 'and', 'parsley', 'use', 'dried', 'if', 'you', 'really', 'feel', 'lazy', 'prepare', 'lasagna', 'pasta', 'according', 'to', 'package', 'lay', 'a', 'few', 'sheets', 'of', 'wax', 'paper', 'on', 'the', 'kitchen', 'table', 'in', 'a', 'mixing', 'bowl', 'combine', 'riccota', '1/2', 'of', 'the', 'mozzarella', 'reserve', 'rest', 'for', 'later', 'parsley', 'basil', 'spinach', 'hopefully', 'you', 'really', 'squeezed', 'it', 'out', 'dry', 'salt', 'pepper', 'egg', 'and', 'carrots', 'mix', 'well', 'by', 'hand', 'lay', 'cooked', 'lasagna', 'on', 'wax', 'paper', 'spread', 'a', 'thin', 'layer', 'of', 'spinach', 'mixture', 'down', 'the', 'length', 'of', 'the', 'lasagna', 'you', 'may', 'have', 'leftover', 'pasta', 'and/or', 'spinach', 'filling', 'just', 'store', 'it', 'or', 'chuck', 'it', 'spread', 'a', 'little', 'sauce', 'on', 'the', 'bottom', 'of', 'large', 'shallow', 'casserole', 'dish', 'roll', 'each', 'filled', 'lasagna', 'and', 'place', 'in', 'casserole', 'dish', 'spoon', 'the', 'pasta', 'sauce', 'onto', 'spinach', 'roles', 'top', 'with', 'remaining', 'mozzarella', 'cheese', 'bake', 'for', '20-30', 'minutes', 'serve', 'hot', 'with', 'a', 'crusty', 'garlic', 'bread', 'and', 'salad']","['preheat', 'oven', 'start', 'chopping', 'basil', 'parsley', 'use', 'dried', 'really', 'feel', 'lazy', 'prepare', 'lasagna', 'pasta', 'according', 'package', 'lay', 'sheets', 'wax', 'paper', 'kitchen', 'table', 'mixing', 'bowl', 'combine', 'riccota', 'mozzarella', 'reserve', 'rest', 'later', 'parsley', 'basil', 'spinach', 'hopefully', 'really', 'squeezed', 'dry', 'salt', 'pepper', 'egg', 'carrots', 'mix', 'well', 'hand', 'lay', 'cooked', 'lasagna', 'wax', 'paper', 'spread', 'thin', 'layer', 'spinach', 'mixture', 'length', 'lasagna', 'may', 'leftover', 'pasta', 'and/or', 'spinach', 'filling', 'store', 'chuck', 'spread', 'little', 'sauce', 'bottom', 'large', 'shallow', 'casserole', 'dish', 'roll', 'filled', 'lasagna', 'place', 'casserole', 'dish', 'spoon', 'pasta', 'sauce', 'onto', 'spinach', 'roles', 'top', 'remaining', 'mozzarella', 'cheese', 'bake', 'serve', 'hot', 'crusty', 'garlic', 'bread', 'salad']",Italian
7214,"['heat', 'oil', 'in', 'a', 'fairly', 'large', 'skillet', 'brown', 'garlic', 'and', 'onions', 'a', 'bit', '3-4', 'minutes', 'or', 'until', 'translucent', 'add', 'beef', 'season', 'with', 'salt', 'and', 'pepper', 'to', 'taste', 'and', 'brown', 'drain', 'off', 'grease', 'add', 'lemon', 'juice', 'water', 'garam', 'masala', 'mint', 'and', 'cumin', 'stir', 'to', 'combine', 'and', 'simmer', 'until', 'liquid', 'has', 'mostly', 'evaporated', 'add', 'pine', 'nuts', 'and', 'stir', 'to', 'combine', 'cook', '2', 'minutes', 'remove', 'from', 'heat', 'and', 'allow', 'to', 'slightly', 'cool', 'fill', 'pastry', 'with', 'meat', 'mixture', 'and', 'seal', 'edges', 'by', 'moistening', 'the', 'edges', 'with', 'water', 'and', 'pinching', 'the', 'edges', 'together', 'heat', 'oil', 'over', 'med-high', 'heat', 'brown', 'the', 'samosas', 'turning', 'frequently', 'until', 'golden', 'about', '4', 'minutes', 'total', 'drain', 'on', 'paper', 'towels', 'samosas', 'may', 'be', 'frozen', 'either', 'before', 'or', 'after', 'deep', 'frying', 'if', 'freezing', 'before', 'thaw', 'and', 'then', 'deep', 'fry', 'as', 'above', 'if', 'freezing', 'after', 'frying', 'thaw', 'and', 'reheat', 'in', '350o', 'oven', 'until', 'heated', 'through', 'about', '10', 'minutes']","['heat', 'oil', 'fairly', 'large', 'skillet', 'brown', 'garlic', 'onions', 'bit', 'translucent', 'add', 'beef', 'season', 'salt', 'pepper', 'taste', 'brown', 'drain', 'grease', 'add', 'lemon', 'juice', 'water', 'garam', 'masala', 'mint', 'cumin', 'stir', 'combine', 'simmer', 'liquid', 'mostly', 'evaporated', 'add', 'pine', 'nuts', 'stir', 'combine', 'cook', 'remove', 'heat', 'allow', 'slightly', 'cool', 'fill', 'pastry', 'meat', 'mixture', 'seal', 'edges', 'moistening', 'edges', 'water', 'pinching', 'edges', 'together', 'heat', 'oil', 'med', 'high', 'heat', 'brown', 'samosas', 'turning', 'frequently', 'golden', 'total', 'drain', 'paper', 'towels', 'samosas', 'may', 'frozen', 'either', 'deep', 'frying', 'freezing', 'thaw', 'deep', 'fry', 'freezing', 'frying', 'thaw', 'reheat', '350o', 'oven', 'heated']",Indian
6732,"['combine', 'the', 'tandoori', 'paste', 'with', '1/2', 'cup', 'yoghurt', 'coat', 'the', 'salmon', 'with', 'this', 'mixture', 'and', 'set', 'aside', 'bring', 'a', 'saucepan', 'of', 'water', 'to', 'the', 'boil', 'add', 'the', 'rice', 'saffron', 'and', 'salt', 'if', 'desired', 'and', 'cook', 'until', 'rice', 'is', 'al', 'dente', 'drain', 'and', 'toss', 'the', 'rice', 'with', 'the', 'lemon', 'zest', 'juice', 'and', 'cilantro', 'and', 'keep', 'warm', 'mix', 'remaining', 'yoghurt', 'with', 'the', 'garlic', 'coconut', 'and', 'cucumber', 'and', 'season', 'to', 'taste', 'with', 'salt', 'and', 'pepper', 'place', 'coconut', 'and', 'cucumber', 'sambal', 'in', 'a', 'serving', 'dish', 'garnish', 'with', 'a', 'sprinkling', 'of', 'paprika', 'and', 'set', 'aside', 'brush', 'a', 'heated', 'cast-iron', 'grill', 'with', 'the', 'oil', 'or', 'heat', 'the', 'oil', 'in', 'a', 'non-stick', 'skillet', 'on', 'high', 'cook', 'the', 'salmon', 'for', '1-2', 'minutes', 'on', 'each', 'side-', 'it', 'should', 'be', 'just', 'cooked', 'but', 'still', 'a', 'little', 'rare', 'in', 'the', 'centre', 'but', 'if', 'you', 'prefer', 'cook', 'a', 'little', 'longer', 'serve', 'salmon', 'with', 'the', 'saffron', 'rice', 'and', 'the', 'cucumber', 'coconut', 'sambal']","['combine', 'tandoori', 'paste', 'yoghurt', 'coat', 'salmon', 'mixture', 'set', 'aside', 'bring', 'saucepan', 'water', 'boil', 'add', 'rice', 'saffron', 'salt', 'desired', 'cook', 'rice', 'al', 'dente', 'drain', 'toss', 'rice', 'lemon', 'zest', 'juice', 'cilantro', 'keep', 'warm', 'mix', 'remaining', 'yoghurt', 'garlic', 'coconut', 'cucumber', 'season', 'taste', 'salt', 'pepper', 'place', 'coconut', 'cucumber', 'sambal', 'serving', 'dish', 'garnish', 'sprinkling', 'paprika', 'set', 'aside', 'brush', 'heated', 'cast', 'iron', 'grill', 'oil', 'heat', 'oil', 'non', 'stick', 'skillet', 'high', 'cook', 'salmon', 'side', 'cooked', 'still', 'little', 'rare', 'centre', 'prefer', 'cook', 'little', 'longer', 'serve', 'salmon', 'saffron', 'rice', 'cucumber', 'coconut', 'sambal']",Indian
12625,"['preheat', 'oven', 'to', '350°f', 'mix', 'all', 'ingredients', 'together', 'and', 'put', 'in', 'a', 'buttered', 'casserole', 'dish', 'bake', 'uncovered', 'at', '350f', 'for', '40-45', 'minutes']","['preheat', 'oven', '350°f', 'mix', 'ingredients', 'together', 'put', 'buttered', 'casserole', 'dish', 'bake', 'uncovered', '350f']",Indian
10676,"['cut', 'potatoes', 'crosswise', 'into', '1/4', 'inch', 'slices', 'melt', 'butter', 'in', 'a', 'wide', 'nonstick', 'frying', 'pan', 'or', 'wok', 'over', 'medium', 'high', 'heat', 'add', 'potatoes', 'bell', 'pepper', 'onion', 'cumin', 'coriander', 'hot', 'chile', 'oil', 'and', '3', 'tablespoons', 'water', 'stir-fry', 'gently', 'until', 'potatoes', 'are', 'tinged', 'with', 'brown', 'and', 'tender', 'when', 'pierced', 'about', '15', 'minutes', 'do', 'not', 'scorch', 'add', 'water', '1', 'tablespoon', 'at', 'a', 'time', 'if', 'pan', 'appears', 'dry', 'remove', 'pan', 'from', 'heat', 'sprinkle', 'potato', 'mixture', 'with', 'chopped', 'cilantro', 'and', 'mix', 'gently', 'spoon', 'into', 'a', 'serving', 'bowl', 'top', 'with', 'sour', 'cream', 'and', 'garnish', 'with', 'cilantro', 'sprigs', 'add', 'salt', 'to', 'taste']","['cut', 'potatoes', 'crosswise', 'slices', 'melt', 'butter', 'wide', 'nonstick', 'frying', 'pan', 'wok', 'medium', 'high', 'heat', 'add', 'potatoes', 'bell', 'pepper', 'onion', 'cumin', 'coriander', 'hot', 'chile', 'oil', 'water', 'stir', 'fry', 'gently', 'potatoes', 'tinged', 'brown', 'tender', 'pierced', 'scorch', 'add', 'water', 'time', 'pan', 'appears', 'dry', 'remove', 'pan', 'heat', 'sprinkle', 'potato', 'mixture', 'chopped', 'cilantro', 'mix', 'gently', 'spoon', 'serving', 'bowl', 'top', 'sour', 'cream', 'garnish', 'cilantro', 'sprigs', 'add', 'salt', 'taste']",Indian
1209,"['brown', 'sausage', 'celery', 'and', 'onion', 'in', 'stock', 'pot', 'until', 'onion', 'translucent', 'add', 'remainder', 'of', 'ingredients', 'except', 'for', 'orzo', 'and', 'simmer', 'for', 'approximately', '30', 'minutes', 'or', 'more', 'add', 'orzo', 'during', 'last', 'nine', 'minutes', 'of', 'cooking']","['brown', 'sausage', 'celery', 'onion', 'stock', 'pot', 'onion', 'translucent', 'add', 'remainder', 'ingredients', 'except', 'orzo', 'simmer', 'approximately', 'add', 'orzo', 'last', 'nine', 'cooking']",Italian
10591,"['in', 'a', 'bowl', 'mix', 'together', 'the', 'flour', 'coconut', 'and', 'salt', 'add', 'some', 'water', 'grease', 'your', 'palm', 'with', 'a', 'little', 'butter', 'then', 'mix', 'the', 'batter', 'well', 'to', 'form', 'a', 'dough', 'the', 'idea', 'behind', 'greasing', 'your', 'palms', 'is', 'to', 'avoid', 'the', 'batter', 'from', 'sticking', 'to', 'your', 'palms', 'add', 'chillies', 'and', 'onions', 'mix', 'well', 'divide', 'the', 'dough', 'into', '6-8', 'equal', 'sized', 'balls', 'then', 'using', 'a', 'rolling', 'pin', 'on', 'a', 'floured', 'board', 'roll', 'out', 'each', 'ball', 'into', 'a', 'round', 'roti', 'heat', 'a', 'flat', 'pan', 'tawa', 'put', 'the', 'roti', 'on', 'it', 'in', 'the', 'middle', 'of', 'the', 'pan', 'when', 'one', 'side', 'is', 'cooked', 'turn', 'it', 'and', 'cook', 'the', 'other', 'side', 'until', 'light', 'brown', 'specs', 'appear', 'on', 'either', 'side', 'remove', 'from', 'pan', 'serve', 'hot', 'with', 'pol', 'sambhar', 'recipe', 'posted', 'separately']","['bowl', 'mix', 'together', 'flour', 'coconut', 'salt', 'add', 'water', 'grease', 'palm', 'little', 'butter', 'mix', 'batter', 'well', 'form', 'dough', 'idea', 'behind', 'greasing', 'palms', 'avoid', 'batter', 'sticking', 'palms', 'add', 'chillies', 'onions', 'mix', 'well', 'divide', 'dough', 'equal', 'sized', 'balls', 'using', 'rolling', 'pin', 'floured', 'board', 'roll', 'ball', 'round', 'roti', 'heat', 'flat', 'pan', 'tawa', 'put', 'roti', 'middle', 'pan', 'one', 'side', 'cooked', 'turn', 'cook', 'side', 'light', 'brown', 'specs', 'appear', 'either', 'side', 'remove', 'pan', 'serve', 'hot', 'pol', 'sambhar', 'recipe', 'posted', 'separately']",Indian
9667,"['in', 'a', 'small', 'frying', 'pan', 'put', '1', 'tablespoon', 'oil', '1', 'teaspoon', 'black', 'mustard', 'seeds', 'and', '1/2', 'teaspoon', 'cumin', 'seeds', 'heat', 'over', 'high', 'heat', 'until', 'the', 'mustard', 'seeds', 'have', 'popped', 'for', 'about', '5', 'seconds', 'remove', 'from', 'heat', 'and', 'set', 'the', 'mixture', 'aside', 'to', 'cool', 'in', 'a', 'glass', 'casserole', 'dish', 'or', 'serving', 'bowl', 'put', '3', 'peeled', 'and', 'pitted', 'large', 'avocadoes', 'add', '1', 'tablespoon', 'lemon', 'juice', 'and', '1', 'minced', 'garlic', 'clove', 'mash', 'well', 'with', 'a', 'fork', 'stir', 'in', '1', 'minced', 'serrano', 'chili', 'and', 'salt', 'to', 'taste', 'add', 'the', 'mustard', 'and', 'cumin', 'seeds', 'that', 'were', 'fried', 'in', 'oil', 'and', 'mix', 'again', 'chill', 'in', 'the', 'fridge', 'until', 'serving', 'time', 'serve', 'with', 'pappadums', 'or', 'tortilla', 'chips', 'variations', 'exchange', 'the', 'cumin', 'seeds', 'for', 'ground', 'cumin', 'and', 'add', 'the', 'cumin', 'powder', 'with', 'the', 'salt', 'other', 'items', 'that', 'can', 'be', 'added', 'are', 'one', 'small', 'deseeded', 'and', 'finely', 'chopped', 'tomato', '1', 'tablespoon', 'beaten', 'yogurt', 'and/or', '1', 'tablespoon', 'minced', 'cilantro', 'added', 'with', 'the', 'salt']","['small', 'frying', 'pan', 'put', 'oil', 'black', 'mustard', 'seeds', 'cumin', 'seeds', 'heat', 'high', 'heat', 'mustard', 'seeds', 'popped', 'seconds', 'remove', 'heat', 'set', 'mixture', 'aside', 'cool', 'glass', 'casserole', 'dish', 'serving', 'bowl', 'put', 'peeled', 'pitted', 'large', 'avocadoes', 'add', 'lemon', 'juice', 'minced', 'garlic', 'clove', 'mash', 'well', 'fork', 'stir', 'minced', 'serrano', 'chili', 'salt', 'taste', 'add', 'mustard', 'cumin', 'seeds', 'fried', 'oil', 'mix', 'chill', 'fridge', 'serving', 'time', 'serve', 'pappadums', 'tortilla', 'chips', 'variations', 'exchange', 'cumin', 'seeds', 'ground', 'cumin', 'add', 'cumin', 'powder', 'salt', 'items', 'added', 'one', 'small', 'deseeded', 'finely', 'chopped', 'tomato', 'beaten', 'yogurt', 'and/or', 'minced', 'cilantro', 'added', 'salt']",Indian
10693,"['cut', 'the', 'chicken', 'joints', 'into', 'two', 'put', 'the', 'chicken', 'in', 'a', 'large', 'pot', 'with', 'half', 'of', 'the', 'onions', 'water', 'ginger', 'garlic', 'coriander', 'cumin', 'caraway', 'turmeric', 'chilli', 'powder', 'cinnamon', 'cardamoms', 'and', 'cloves', 'bring', 'to', 'the', 'boil', 'stir', 'cover', 'with', 'a', 'lid', 'reduce', 'heat', 'to', 'medium', 'and', 'simmer', 'for', '20', 'minutes', 'in', 'a', 'separate', 'pan', 'heat', 'the', 'oil', 'and', 'fry', 'the', 'rest', 'of', 'the', 'onions', 'till', 'golden', 'with', 'a', 'slotted', 'spoon', 'remove', 'the', 'chicken', 'and', 'add', 'to', 'the', 'fried', 'onions', 'retain', 'the', 'cooking', 'water', 'fry', 'till', 'the', 'chicken', 'is', 'brown', 'add', 'half', 'of', 'the', 'cooking', 'liquid', 'to', 'the', 'chicken', 'and', 'fry', 'for', '5', 'mins', 'add', 'the', 'remaining', 'liquid', 'and', 'fry', 'for', '5', 'minutes', 'add', 'the', 'salt', 'and', 'tomato', 'puree', 'with', 'the', 'green', 'chillies', 'and', 'coriander', 'leaves', 'fry', 'for', '5', 'minutes', 'serve', 'with', 'boiled', 'rice', 'and', 'tarka', 'dhal']","['cut', 'chicken', 'joints', 'two', 'put', 'chicken', 'large', 'pot', 'half', 'onions', 'water', 'ginger', 'garlic', 'coriander', 'cumin', 'caraway', 'turmeric', 'chilli', 'powder', 'cinnamon', 'cardamoms', 'cloves', 'bring', 'boil', 'stir', 'cover', 'lid', 'reduce', 'heat', 'medium', 'simmer', 'separate', 'pan', 'heat', 'oil', 'fry', 'rest', 'onions', 'till', 'golden', 'slotted', 'spoon', 'remove', 'chicken', 'add', 'fried', 'onions', 'retain', 'cooking', 'water', 'fry', 'till', 'chicken', 'brown', 'add', 'half', 'cooking', 'liquid', 'chicken', 'fry', 'mins', 'add', 'remaining', 'liquid', 'fry', 'add', 'salt', 'tomato', 'puree', 'green', 'chillies', 'coriander', 'leaves', 'fry', 'serve', 'boiled', 'rice', 'tarka', 'dhal']",Indian
10800,"['in', 'small', 'bowl', 'stir', 'together', 'curry', 'powder', 'brown', 'sugar', 'and', 'sea', 'salt', 'stir', 'in', 'remaining', 'spices', 'adjusting', 'to', 'taste', 'store', 'in', 'airtight', 'container', 'for', 'up', 'to', '6', 'months']","['small', 'bowl', 'stir', 'together', 'curry', 'powder', 'brown', 'sugar', 'sea', 'salt', 'stir', 'remaining', 'spices', 'adjusting', 'taste', 'store', 'airtight', 'container', 'months']",Indian
9197,"['heat', 'a', 'deep', 'saucepan', 'or', 'a', 'medium', 'sized', 'wok', 'and', 'add', 'the', 'oil', 'or', 'butter', 'followed', 'by', 'the', 'onions', 'and', 'garlic', 'fry', 'the', 'mixture', 'till', 'the', 'onions', 'are', 'caramelised', 'then', 'add', 'the', 'salt', 'cumin', 'coriander', 'turmeric', 'and', 'red', 'chilli', 'powders', 'mix', 'for', 'a', 'minute', 'and', 'tip', 'in', 'the', 'tomatoes', 'cook', 'the', 'sauce', 'until', 'it', 'begins', 'to', 'thicken', 'add', '1/4', 'cup', 'of', 'water', 'and', 'stir', 'then', 'tip', 'in', 'the', 'chickpeas', 'and', 'mix', 'mash', 'a', 'few', 'of', 'the', 'chickpeas', 'while', 'mixing', 'cover', 'and', 'simmer', 'for', '5', 'minutes', 'then', 'add', 'the', 'ginger', 'and', 'the', 'garam', 'masala', 'cook', 'for', 'another', 'minute', 'and', 'serve']","['heat', 'deep', 'saucepan', 'medium', 'sized', 'wok', 'add', 'oil', 'butter', 'followed', 'onions', 'garlic', 'fry', 'mixture', 'till', 'onions', 'caramelised', 'add', 'salt', 'cumin', 'coriander', 'turmeric', 'red', 'chilli', 'powders', 'mix', 'tip', 'tomatoes', 'cook', 'sauce', 'begins', 'thicken', 'add', 'water', 'stir', 'tip', 'chickpeas', 'mix', 'mash', 'chickpeas', 'mixing', 'cover', 'simmer', 'add', 'ginger', 'garam', 'masala', 'cook', 'another', 'serve']",Indian
9062,"['combine', 'all', 'ingredients', 'in', 'a', 'blender', 'process', 'about', '1', 'minute', 'or', 'until', 'smooth']","['combine', 'ingredients', 'blender', 'process', 'smooth']",Indian
3477,"['in', 'a', 'large', 'skillet', 'on', 'medium', 'heat', 'add', 'butter', 'or', 'olive', 'oil', 'when', 'butter', 'is', 'hot', 'add', 'onions', 'red', 'green', 'bell', 'peppers', 'garlic', 'salt', 'and', 'pepper', 'stirring', 'frequently', 'so', 'as', 'not', 'to', 'burn', 'your', 'onions', 'continue', 'to', 'saute', 'on', 'medium', 'heat', 'until', 'onions', 'are', 'translucent', 'add', 'wine', 'to', 'skillet', 'and', 'continue', 'to', 'saute', 'for', 'another', 'two', 'minutes', 'add', 'chicken', 'to', 'skillet', 'and', 'continue', 'cooking', 'until', 'chicken', 'is', 'no', 'longer', 'pink', 'add', 'stewed', 'tomatoes', 'basil', 'and', 'cheese', 'to', 'skillet', 'turn', 'heat', 'down', 'to', 'medium-low', 'and', 'simmer', 'while', 'rice', 'is', 'cooking', 'stirring', 'occasionally', 'in', 'a', 'separate', 'pot', 'make', 'rice', 'according', 'to', 'package', 'directions', 'when', 'rice', 'is', 'cooked', 'place', 'one', 'serving', 'of', 'rice', 'on', 'a', 'plate', 'and', 'cover', 'with', 'chicken', 'saute', 'serve', 'hot', 'great', 'with', 'italian', 'bread', 'and', 'a', 'small', 'salad']","['large', 'skillet', 'medium', 'heat', 'add', 'butter', 'olive', 'oil', 'butter', 'hot', 'add', 'onions', 'red', 'green', 'bell', 'peppers', 'garlic', 'salt', 'pepper', 'stirring', 'frequently', 'burn', 'onions', 'continue', 'saute', 'medium', 'heat', 'onions', 'translucent', 'add', 'wine', 'skillet', 'continue', 'saute', 'another', 'two', 'add', 'chicken', 'skillet', 'continue', 'cooking', 'chicken', 'longer', 'pink', 'add', 'stewed', 'tomatoes', 'basil', 'cheese', 'skillet', 'turn', 'heat', 'medium', 'low', 'simmer', 'rice', 'cooking', 'stirring', 'occasionally', 'separate', 'pot', 'make', 'rice', 'according', 'package', 'directions', 'rice', 'cooked', 'place', 'one', 'serving', 'rice', 'plate', 'cover', 'chicken', 'saute', 'serve', 'hot', 'great', 'italian', 'bread', 'small', 'salad']",Italian
12694,"['peel', 'potatoes', 'and', 'cut', 'into', 'large', 'cubes', 'approx', 'make', '4', 'cubes', 'out', 'of', '1', 'potato', 'poke', 'holes', 'all', 'over', 'the', 'potatoes', 'with', 'a', 'fork', 'add', 'a', 'pinch', 'of', 'salt', 'to', 'the', 'potatoes', 'toss', 'the', 'potatoes', 'with', 'salt', 'in', 'a', 'bowl', 'with', 'the', 'help', 'of', 'your', 'fingers', 'fry', 'in', 'oil', 'till', 'golden', 'brown', 'then', 'drain', 'excess', 'oil', 'on', 'paper', 'napkins/clean', 'kitchen', 'towels', 'and', 'set', 'aside', 'now', 'prepare', 'the', 'masala', 'for', 'this', 'mix', 'all', 'the', 'masala', 'powders', 'mentioned', 'above', 'in', 'a', 'bowl', 'keep', 'aside', 'sprinkle', 'the', 'masala', 'powder', 'prepared', 'above', 'on', 'the', 'potatoes', 'toss', 'the', 'potatoes', 'in', 'the', 'same', 'garnish', 'with', 'cilantro', 'serve', 'immediately', 'this', 'is', 'a', 'side', 'dish', 'served', 'with', 'hot', 'puris', 'or', 'rotis', 'indian', 'flatbreads', 'and', 'some', 'low-fat', 'yogurt', 'on', 'the', 'side']","['peel', 'potatoes', 'cut', 'large', 'cubes', 'approx', 'make', 'cubes', 'potato', 'poke', 'holes', 'potatoes', 'fork', 'add', 'pinch', 'salt', 'potatoes', 'toss', 'potatoes', 'salt', 'bowl', 'help', 'fingers', 'fry', 'oil', 'till', 'golden', 'brown', 'drain', 'excess', 'oil', 'paper', 'napkins/clean', 'kitchen', 'towels', 'set', 'aside', 'prepare', 'masala', 'mix', 'masala', 'powders', 'mentioned', 'bowl', 'keep', 'aside', 'sprinkle', 'masala', 'powder', 'prepared', 'potatoes', 'toss', 'potatoes', 'garnish', 'cilantro', 'serve', 'immediately', 'side', 'dish', 'served', 'hot', 'puris', 'rotis', 'indian', 'flatbreads', 'low', 'fat', 'yogurt', 'side']",Indian
1708,"['in', 'a', 'large', 'saucepan', 'cook', 'and', 'drain', 'tortellini', 'as', 'directed', 'on', 'package', 'adding', 'cauliflower', 'and', 'broccoli', 'during', 'the', 'last', 'minute', 'of', 'cooking', 'time', 'rinse', 'with', 'cold', 'water', 'to', 'cool', 'drain', 'well', 'meanwhile', 'in', 'a', 'large', 'bowl', 'mix', 'tomatoes', 'onion', 'parsley', 'and', 'artichokes', 'add', 'tortellini', 'cauliflower', 'and', 'broccoli', 'to', 'salad', 'stir', 'gently', 'add', 'dressing', 'and', 'reserved', '1/4', 'cup', 'artichoke', 'liquid', 'toss', 'to', 'mix', 'serve', 'immediately', 'or', 'cover', 'and', 'refrigerate', 'until', 'serving', 'time']","['large', 'saucepan', 'cook', 'drain', 'tortellini', 'directed', 'package', 'adding', 'cauliflower', 'broccoli', 'last', 'cooking', 'time', 'rinse', 'cold', 'water', 'cool', 'drain', 'well', 'meanwhile', 'large', 'bowl', 'mix', 'tomatoes', 'onion', 'parsley', 'artichokes', 'add', 'tortellini', 'cauliflower', 'broccoli', 'salad', 'stir', 'gently', 'add', 'dressing', 'reserved', 'artichoke', 'liquid', 'toss', 'mix', 'serve', 'immediately', 'cover', 'refrigerate', 'serving', 'time']",Italian
1660,"['heat', 'a', 'deep', 'wide', 'frying', 'pan', 'add', 'the', 'lamb', 'onion', 'and', 'garlic', 'and', 'fry', 'for', '5', 'minutes', 'stir', 'in', 'the', 'peppers', 'pesto', 'and', 'tomatoes', 'and', 'simmer', 'for', '20', 'minutes', 'stirring', 'occasionally', 'meanwhile', 'cook', 'the', 'pasta', 'according', 'to', 'the', 'packet', 'instructions', 'mix', 'into', 'the', 'meat', 'sauce', 'serve', 'or', 'freeze', 'as', 'per', 'directions', 'above']","['heat', 'deep', 'wide', 'frying', 'pan', 'add', 'lamb', 'onion', 'garlic', 'fry', 'stir', 'peppers', 'pesto', 'tomatoes', 'simmer', 'stirring', 'occasionally', 'meanwhile', 'cook', 'pasta', 'according', 'packet', 'instructions', 'mix', 'meat', 'sauce', 'serve', 'freeze', 'per', 'directions']",Italian
11005,"['heat', 'oil', 'in', 'a', 'non-stick', 'pan', 'add', 'onion', 'and', 'stir-fry', 'on', 'medium', 'flame', 'until', 'it', 'is', 'transparent', 'add', 'chopped', 'mushrooms', 'and', 'stir-fry', 'on', 'high', 'flame', 'until', 'the', 'water', 'from', 'the', 'mushrooms', 'is', 'absorbed', 'add', 'diced', 'cottage', 'cheese', 'mango', 'and', 'red', 'chilli', 'powder', 'and', 'the', 'chicken/vegetable', 'stock', 'cube', 'powder', 'stir-fry', 'on', 'medium', 'flame', 'for', '3', 'minutes', 'transfer', 'onto', 'a', 'plate', 'and', 'allow', 'to', 'cool', 'divide', 'the', 'filling', 'into', '2', 'portions', 'place', 'each', 'portion', 'of', 'filling', 'between', '2', 'slices', 'of', 'bread', 'toast', 'the', 'prepared', 'sandwiches', 'in', 'a', 'sandwich', 'toaster', 'serve', 'hot', 'enjoy']","['heat', 'oil', 'non', 'stick', 'pan', 'add', 'onion', 'stir', 'fry', 'medium', 'flame', 'transparent', 'add', 'chopped', 'mushrooms', 'stir', 'fry', 'high', 'flame', 'water', 'mushrooms', 'absorbed', 'add', 'diced', 'cottage', 'cheese', 'mango', 'red', 'chilli', 'powder', 'chicken/vegetable', 'stock', 'cube', 'powder', 'stir', 'fry', 'medium', 'flame', 'transfer', 'onto', 'plate', 'allow', 'cool', 'divide', 'filling', 'portions', 'place', 'portion', 'filling', 'slices', 'bread', 'toast', 'prepared', 'sandwiches', 'sandwich', 'toaster', 'serve', 'hot', 'enjoy']",Indian
1704,"['in', 'large', 'heavy', 'pan', 'lightly', 'brown', 'beef', 'and', 'onion', 'in', 'oil', 'add', 'tomatoes', 'paste', 'water', 'parsley', 'salt', 'sugar', 'garlic', 'pepper', 'and', 'oregano', 'simmer', 'uncovered', 'stirring', 'occasionally', 'about', '30', 'minutes', 'meanwhile', 'cook', 'lasagne', 'as', 'directed', 'drain', 'in', '13x9x2', ""''"", 'baking', 'pan', 'spread', 'about', '1', 'cup', 'sauce', 'then', 'alternate', 'layers', 'of', 'lasagne', 'sauce', 'ricotta', 'mozzarella', 'and', 'parmesean', 'cheese', 'ending', 'with', 'sauce', 'mozzarella', 'and', 'parmesean', 'bake', 'at', '350', 'for', '40', 'to', '50', 'minutes', 'until', 'lightly', 'browned', 'and', 'bubbling', 'allow', 'to', 'stand', 'for', '15', 'minutes', 'cut', 'in', 'squares', 'to', 'serve', 'makes', '8', 'servings', 'i', 'make', 'this', 'a', 'lot', 'and', 'serve', 'with', 'italian', 'garlic', 'bread', 'and', 'salad', 'it', 'always', 'gets', 'a', 'rave', 'review', 'especially', 'if', 'the', 'mozzarella', 'strings', 'with', 'every', 'bite']","['large', 'heavy', 'pan', 'lightly', 'brown', 'beef', 'onion', 'oil', 'add', 'tomatoes', 'paste', 'water', 'parsley', 'salt', 'sugar', 'garlic', 'pepper', 'oregano', 'simmer', 'uncovered', 'stirring', 'occasionally', 'meanwhile', 'cook', 'lasagne', 'directed', 'drain', '13x9x2', ""''"", 'baking', 'pan', 'spread', 'sauce', 'alternate', 'layers', 'lasagne', 'sauce', 'ricotta', 'mozzarella', 'parmesean', 'cheese', 'ending', 'sauce', 'mozzarella', 'parmesean', 'bake', 'lightly', 'browned', 'bubbling', 'allow', 'stand', 'cut', 'squares', 'serve', 'makes', 'servings', 'make', 'lot', 'serve', 'italian', 'garlic', 'bread', 'salad', 'always', 'gets', 'rave', 'review', 'especially', 'mozzarella', 'strings', 'every', 'bite']",Italian
1313,"['in', 'a', 'soup', 'pot', 'heat', 'olive', 'oil', 'over', 'medium', 'flame', 'add', 'onion', 'carrot', 'celery', 'red', 'pepper', 'flakes', 'rosemary', '1', '1/2', 'tsp', 'salt', 'and', '1/4', 'tsp', 'pepper', 'cook', 'stirring', 'occasionally', 'until', 'onion', 'begins', 'to', 'turn', 'golden', '5-8', 'minutes', 'add', 'tomatoes', 'and', 'cook', 'until', 'liquid', 'begins', 'to', 'evaporate', '1-2', 'minutes', 'add', 'potato', 'cabbage', 'beans', 'and', '7', 'c', 'water', 'bring', 'to', 'a', 'boil', 'and', 'add', 'green', 'beans', 'reduce', 'to', 'a', 'simmer', 'cover', 'and', 'cook', '20', 'min', 'or', 'until', 'all', 'the', 'vegetables', 'are', 'tender', 'season', 'with', 'salt', 'and', 'pepper', 'add', 'garlic', 'and', 'basil', 'serve', 'sprinkled', 'with', 'parmigiano', 'and', 'a', 'drizzle', 'of', 'extra', 'virgin', 'olive', 'oil']","['soup', 'pot', 'heat', 'olive', 'oil', 'medium', 'flame', 'add', 'onion', 'carrot', 'celery', 'red', 'pepper', 'flakes', 'rosemary', 'salt', 'pepper', 'cook', 'stirring', 'occasionally', 'onion', 'begins', 'turn', 'golden', 'add', 'tomatoes', 'cook', 'liquid', 'begins', 'evaporate', 'add', 'potato', 'cabbage', 'beans', 'c', 'water', 'bring', 'boil', 'add', 'green', 'beans', 'reduce', 'simmer', 'cover', 'cook', 'min', 'vegetables', 'tender', 'season', 'salt', 'pepper', 'add', 'garlic', 'basil', 'serve', 'sprinkled', 'parmigiano', 'drizzle', 'extra', 'virgin', 'olive', 'oil']",Italian
204,"['heat', '1', 'tablespoon', 'of', 'the', 'olive', 'oil', 'in', 'a', 'frying', 'pan', 'add', '1', 'tablespoon', 'each', 'of', 'the', 'celery', 'carrot', 'and', 'onion', 'and', 'cook', 'over', 'a', 'low', 'heat', 'stirring', 'occasionally', 'for', '5', 'minutes', 'stir', 'in', 'the', 'lentils', 'and', 'cook', 'for', 'a', 'few', 'minutes', 'more', 'heat', 'the', 'remaining', 'olive', 'oil', 'in', 'a', 'shallow', 'saucepan', 'add', 'the', 'remaining', 'celery', 'carrot', 'and', 'onion', 'and', 'cook', 'over', 'a', 'low', 'heat', 'stirring', 'occasionally', 'for', '5', 'minutes', 'add', 'the', 'sea', 'bass', 'and', 'the', 'squid', 'increase', 'the', 'heat', 'to', 'high', 'and', 'cook', 'for', '1', 'minute', 'then', 'add', 'the', 'prawns', 'langoustines', 'clams', 'and', 'lentil', 'mixture', 'pour', 'in', 'the', 'fish', 'stock', 'season', 'with', 'salt', 'and', 'pepper', 'and', 'cook', 'until', 'the', 'fish', 'is', 'tender', 'just', 'before', 'removing', 'the', 'pan', 'from', 'the', 'heat', 'add', 'the', 'tomato', 'parsley', 'and', 'basil', 'serve', 'with', 'a', 'drizzle', 'of', 'olive', 'oil', 'serves', '4.', 'that', ""'s"", 'it']","['heat', 'olive', 'oil', 'frying', 'pan', 'add', 'celery', 'carrot', 'onion', 'cook', 'low', 'heat', 'stirring', 'occasionally', 'stir', 'lentils', 'cook', 'heat', 'remaining', 'olive', 'oil', 'shallow', 'saucepan', 'add', 'remaining', 'celery', 'carrot', 'onion', 'cook', 'low', 'heat', 'stirring', 'occasionally', 'add', 'sea', 'bass', 'squid', 'increase', 'heat', 'high', 'cook', 'add', 'prawns', 'langoustines', 'clams', 'lentil', 'mixture', 'pour', 'fish', 'stock', 'season', 'salt', 'pepper', 'cook', 'fish', 'tender', 'removing', 'pan', 'heat', 'add', 'tomato', 'parsley', 'basil', 'serve', 'drizzle', 'olive', 'oil', 'serves']",Italian
10311,"['place', 'vegetables', 'chickpeas', 'tomato', 'sauce', 'coconut', 'milk', 'vegetable', 'broth', 'and', 'spices', 'in', 'the', 'slow', 'cooker', 'and', 'heat', 'on', 'low', 'for', '8', 'hours', 'or', 'on', 'high', 'for', '4', 'hours', 'check', 'for', 'seasoning', 'and', 'adjust', 'accordingly', 'serve', 'over', 'brown', 'rice', 'or', 'grain', 'of', 'choice', 'or', 'on', 'own', 'with', 'yogurt', 'cilantro', 'and', 'scallions', 'sriracha', 'does', ""n't"", 'hurt', 'either']","['place', 'vegetables', 'chickpeas', 'tomato', 'sauce', 'coconut', 'milk', 'vegetable', 'broth', 'spices', 'slow', 'cooker', 'heat', 'low', 'high', 'check', 'seasoning', 'adjust', 'accordingly', 'serve', 'brown', 'rice', 'grain', 'choice', 'yogurt', 'cilantro', 'scallions', 'sriracha', 'hurt', 'either']",Indian
9152,"['soak', 'the', 'saffron', 'threads', 'in', 'the', 'milk', 'for', 'about', '1', 'hour', 'let', 'the', 'frozen', 'yogurt', 'thaw', 'at', 'room', 'temperature', 'until', 'it', 'melts', 'about', '1', 'hour', 'mix', 'in', 'the', 'saffron', 'milk', 'and', 'ground', 'cardamom', 'and', 'transfer', 'to', 'a', 'medium', 'freezer', 'bowl', 'or', 'fluted', 'cake', 'pan', 'freeze', 'until', 'it', 'becomes', 'firm', '2-4', 'hours', 'to', 'serve', 'set', 'at', 'room', 'temperature', '5-7', 'minutes', 'or', 'dip', 'in', 'a', 'bowl', 'of', 'hot', 'water', 'invert', 'onto', 'a', 'platter', 'remove', 'the', 'pan', 'and', 'garnish', 'with', 'the', 'toasted', 'nuts', 'and', 'fruits', 'and', 'serve']","['soak', 'saffron', 'threads', 'milk', 'let', 'frozen', 'yogurt', 'thaw', 'room', 'temperature', 'melts', 'mix', 'saffron', 'milk', 'ground', 'cardamom', 'transfer', 'medium', 'freezer', 'bowl', 'fluted', 'cake', 'pan', 'freeze', 'becomes', 'firm', 'serve', 'set', 'room', 'temperature', 'dip', 'bowl', 'hot', 'water', 'invert', 'onto', 'platter', 'remove', 'pan', 'garnish', 'toasted', 'nuts', 'fruits', 'serve']",Indian
9266,"['wash', 'rice', 'in', '1', 'quart', 'pan', 'put', '2', 'tbsp', 'oil', 'garlic', 'powder', 'and', 'rice', 'stir', 'over', 'medium', 'heat', 'for', '30', 'seconds', 'add', 'water', 'turmeric', 'and', 'salt', 'add', 'peas', 'bring', 'to', 'a', 'full', 'boil', 'then', 'cover', 'and', 'cook', 'on', 'very', 'low', 'heat', 'for', '18', 'minutes', 'stir', 'in', 'cashew', 'pieces', 'garnish', 'w/', 'coriander', 'leaves']","['wash', 'rice', 'pan', 'put', 'oil', 'garlic', 'powder', 'rice', 'stir', 'medium', 'heat', 'seconds', 'add', 'water', 'turmeric', 'salt', 'add', 'peas', 'bring', 'full', 'boil', 'cover', 'cook', 'low', 'heat', 'stir', 'cashew', 'pieces', 'garnish', 'w/', 'coriander', 'leaves']",Indian
12254,"['in', 'a', 'bowl', 'combine', 'all', 'the', 'above', 'mawa', 'ingredients', 'and', 'knead', 'the', 'dough', 'by', 'adding', 'milk', 'slowly', 'and', 'gradually', 'till', 'you', 'get', 'soft', 'dough', 'crumble', 'it', 'keep', 'aside', 'boil', 'the', 'sugar', 'with', 'water', 'to', 'one', 'thread', 'consistency', 'to', 'form', 'a', 'syrup', 'add', 'the', 'saffron', 'and', 'yellow', 'colors', 'reduce', 'heat', 'soak', 'the', 'sev', 'in', 'to', 'rose', 'water', 'to', 'make', 'it', 'bit', 'soggy', 'and', 'also', 'to', 'absorb', 'the', 'fragrance', 'of', 'rose', 'water', 'for', 'approximately', '10', 'seconds', 'quickly', 'put', 'the', 'sev', 'and', 'mawa', 'into', 'syrup', 'and', 'stir', 'well', 'grease', 'a', 'baking', 'tray', 'and', 'pour', 'out', 'the', 'mixture', 'on', 'to', 'it', 'decorate', 'with', 'silver', ""''"", 'vark', ""''"", 'cut', 'into', 'squares', 'or', 'any', 'other', 'shapes', 'e.g', 'diamond', 'shape', 'or', 'any', 'other', 'you', 'want', 'when', 'cool', 'serve', 'it']","['bowl', 'combine', 'mawa', 'ingredients', 'knead', 'dough', 'adding', 'milk', 'slowly', 'gradually', 'till', 'get', 'soft', 'dough', 'crumble', 'keep', 'aside', 'boil', 'sugar', 'water', 'one', 'thread', 'consistency', 'form', 'syrup', 'add', 'saffron', 'yellow', 'colors', 'reduce', 'heat', 'soak', 'sev', 'rose', 'water', 'make', 'bit', 'soggy', 'also', 'absorb', 'fragrance', 'rose', 'water', 'approximately', 'seconds', 'quickly', 'put', 'sev', 'mawa', 'syrup', 'stir', 'well', 'grease', 'baking', 'tray', 'pour', 'mixture', 'decorate', 'silver', ""''"", 'vark', ""''"", 'cut', 'squares', 'shapes', 'e.g', 'diamond', 'shape', 'want', 'cool', 'serve']",Indian
8943,"['combine', 'turmeric', 'cayenne', '2', 'oz', 'lemon', 'juice', 'garlic', 'and', 'salt', 'into', 'a', 'marinade', 'and', 'marinate', 'chicken', 'for', '3-4', 'hours', 'make', 'a', 'basting', 'sauce', 'of', 'the', 'soy', 'sugar', 'oil', 'and', '1', 'oz', 'of', 'lemon', 'juice', 'grill', 'the', 'chicken', 'until', 'done', 'turning', 'and', 'brushing', 'with', 'the', 'basting', 'sauce', 'every', '5', 'minutes', 'or', 'so']","['combine', 'turmeric', 'cayenne', 'lemon', 'juice', 'garlic', 'salt', 'marinade', 'marinate', 'chicken', 'make', 'basting', 'sauce', 'soy', 'sugar', 'oil', 'lemon', 'juice', 'grill', 'chicken', 'done', 'turning', 'brushing', 'basting', 'sauce', 'every']",Indian
9929,"['mix', 'the', 'tahina', 'paste', 'with', 'cold', 'water', 'in', 'a', 'bowl', 'add', 'salt', 'cumin', 'seeds', 'lemon', 'juice', 'orange', 'juice', 'pepper', 'and', 'salt', 'mix', 'well', 'and', 'keep', 'aside', 'heat', 'oil', 'in', 'a', 'skillet', 'add', 'garlic', 'and', '20gms', 'of', 'onion', 'stir-fry', 'until', 'brown', 'add', 'the', 'tahina', 'mix', 'and', 'keep', 'boiling', 'on', 'low', 'flame', 'until', 'well', 'cooked', 'allow', 'to', 'cool', 'when', 'it', 'cools', 'arrange', 'the', 'grilled', 'fish', 'on', 'the', 'mix', 'and', 'top', 'it', 'with', 'fried', 'onions', 'and', 'pine', 'nuts', 'serve', 'hot']","['mix', 'tahina', 'paste', 'cold', 'water', 'bowl', 'add', 'salt', 'cumin', 'seeds', 'lemon', 'juice', 'orange', 'juice', 'pepper', 'salt', 'mix', 'well', 'keep', 'aside', 'heat', 'oil', 'skillet', 'add', 'garlic', '20gms', 'onion', 'stir', 'fry', 'brown', 'add', 'tahina', 'mix', 'keep', 'boiling', 'low', 'flame', 'well', 'cooked', 'allow', 'cool', 'cools', 'arrange', 'grilled', 'fish', 'mix', 'top', 'fried', 'onions', 'pine', 'nuts', 'serve', 'hot']",Indian
10125,"['saute', 'the', 'scallions', 'and', 'tomatoes', 'in', 'the', 'oil', 'for', 'a', 'few', 'minutes', 'until', 'soft', 'add', 'garlic', 'and', 'curry', 'powder', 'sate', 'for', '30', 'second', 'longer', 'add', 'chicken', 'broth', 'cook', 'down', 'a', 'bit', 'throw', 'in', 'the', 'peas', 'and', 'sour', 'cream', 'stir', 'until', 'combined', 'add', 'the', 'cooked', 'shrimp', 'heat', 'through', 'serve', 'over', 'hot', 'rice']","['saute', 'scallions', 'tomatoes', 'oil', 'soft', 'add', 'garlic', 'curry', 'powder', 'sate', 'second', 'longer', 'add', 'chicken', 'broth', 'cook', 'bit', 'throw', 'peas', 'sour', 'cream', 'stir', 'combined', 'add', 'cooked', 'shrimp', 'heat', 'serve', 'hot', 'rice']",Indian
4080,"['blend', 'together', 'in', 'small', 'blender', 'cup', 'like', 'a', 'magic', 'bullet', 'blender', 'with', 'small', 'blender', 'cup', 'the', 'flat', 'blade', 'works', 'great', 'enjoy']","['blend', 'together', 'small', 'blender', 'like', 'magic', 'bullet', 'blender', 'small', 'blender', 'flat', 'blade', 'works', 'great', 'enjoy']",Italian
12288,"['soak', 'bread', 'in', 'milk', 'squeeze', 'excess', 'milk', 'from', 'bread', 'hard', 'boil', '2', 'eggs', 'and', 'shell', 'blend', 'well', 'chicken', 'garlic', 'cilantro', 'bread', '1/2', 'beaten', 'egg', 'salt', 'green', 'chillies', 'and', 'potato', 'divide', 'the', 'blended', 'mixture', 'into', '2', 'parts', 'pat', 'each', 'portion', 'into', 'the', 'hard', 'boiled', 'egg', 'dip', 'these', 'in', 'the', 'remaining', 'beaten', 'egg', 'then', 'roll', 'gently', 'in', 'breadrumbs', 'and', 'deep', 'fry', 'till', 'golden', 'brown', 'serve', 'with', 'thinly', 'sliced', 'onion', 'rings']","['soak', 'bread', 'milk', 'squeeze', 'excess', 'milk', 'bread', 'hard', 'boil', 'eggs', 'shell', 'blend', 'well', 'chicken', 'garlic', 'cilantro', 'bread', 'beaten', 'egg', 'salt', 'green', 'chillies', 'potato', 'divide', 'blended', 'mixture', 'parts', 'pat', 'portion', 'hard', 'boiled', 'egg', 'dip', 'remaining', 'beaten', 'egg', 'roll', 'gently', 'breadrumbs', 'deep', 'fry', 'till', 'golden', 'brown', 'serve', 'thinly', 'sliced', 'onion', 'rings']",Indian
777,"['halve', 'squash', 'remove', 'and', 'discard', 'seeds', 'quarter', 'to', 'fit', 'in', 'a', 'large', 'pot', 'add', 'water', 'to', '1', 'inch', 'bring', 'to', 'boil', 'cover', 'reduce', 'to', 'simmer', 'and', 'cook', '20', 'to', '30', 'minutes', 'or', 'until', 'tender', 'remove', 'and', 'cool', 'scrape', 'squash', 'pulp', 'from', 'rind', 'to', 'make', '4', 'cups', 'drain', 'on', 'paper', 'towels', 'to', 'remove', 'excess', 'moisture', 'in', 'large', 'bowl', 'combine', 'squash', 'with', 'mushrooms', 'onions', 'peppers', 'and', 'dressing', 'mix', 'and', 'refrigerate', 'serves', '8']","['halve', 'squash', 'remove', 'discard', 'seeds', 'quarter', 'fit', 'large', 'pot', 'add', 'water', 'bring', 'boil', 'cover', 'reduce', 'simmer', 'cook', 'tender', 'remove', 'cool', 'scrape', 'squash', 'pulp', 'rind', 'make', 'drain', 'paper', 'towels', 'remove', 'excess', 'moisture', 'large', 'bowl', 'combine', 'squash', 'mushrooms', 'onions', 'peppers', 'dressing', 'mix', 'refrigerate', 'serves']",Italian
6656,"['cut', 'beef', 'into', '3cm', 'pieces', 'process', 'lemongrass', 'chillies', 'onion', 'garlic', 'and', 'ginger', 'until', 'smooth', 'heat', 'oil', 'in', 'pan', 'add', 'extra', 'onion', 'and', 'ground', 'spices', 'cook', 'stirring', 'until', 'onion', 'is', 'soft', 'add', 'lemongrass', 'mixture', 'cook', 'stirring', 'until', 'fragrant', 'stir', 'in', 'beef', 'cinnamon', 'torn', 'curry', 'leaves', 'sugar', 'and', 'coconut', 'milk', 'simmer', 'covered', '1', 'hour', 'remove', 'lid', 'simmer', '1', '1/2', 'hours', 'or', 'until', 'beef', 'is', 'tender', 'and', 'mixture', 'thick', 'discard', 'cinnamon', 'stick', 'in', 'juice']","['cut', 'beef', '3cm', 'pieces', 'process', 'lemongrass', 'chillies', 'onion', 'garlic', 'ginger', 'smooth', 'heat', 'oil', 'pan', 'add', 'extra', 'onion', 'ground', 'spices', 'cook', 'stirring', 'onion', 'soft', 'add', 'lemongrass', 'mixture', 'cook', 'stirring', 'fragrant', 'stir', 'beef', 'cinnamon', 'torn', 'curry', 'leaves', 'sugar', 'coconut', 'milk', 'simmer', 'covered', 'remove', 'lid', 'simmer', 'beef', 'tender', 'mixture', 'thick', 'discard', 'cinnamon', 'stick', 'juice']",Indian
1815,"['add', 'oil', 'to', 'a', 'medium', 'size', 'sauce', 'pan', 'add', 'chopped', 'vegetables', 'and', 'saute', 'over', 'medium', 'heat', 'until', 'tender', 'add', '2', '1/2', 'cups', 'water', 'salt', 'and', 'pepper', 'cover', 'and', 'bring', 'to', 'a', 'boil', 'add', 'rice', 'stir', 'and', 'cover', 'reduce', 'heat', 'and', 'simmer', '15', 'minutes', 'remove', 'pan', 'from', 'heat', 'and', 'let', 'sit', 'until', 'liquid', 'is', 'absorbed', 'and', 'rice', 'is', 'fluffy']","['add', 'oil', 'medium', 'size', 'sauce', 'pan', 'add', 'chopped', 'vegetables', 'saute', 'medium', 'heat', 'tender', 'add', 'water', 'salt', 'pepper', 'cover', 'bring', 'boil', 'add', 'rice', 'stir', 'cover', 'reduce', 'heat', 'simmer', 'remove', 'pan', 'heat', 'let', 'sit', 'liquid', 'absorbed', 'rice', 'fluffy']",Italian
1178,"['combine', 'sour', 'cream', 'and', 'cream', 'cheese', 'beat', 'until', 'fluffy', 'beat', 'in', 'salad', 'dressing', 'mix', 'and', 'lemon', 'juice', 'stir', 'in', 'shrimp', 'and', 'green', 'pepper', 'cover', 'and', 'chill', 'several', 'hours', 'serve', 'with', 'melba', 'toasts', 'or', 'vegetables']","['combine', 'sour', 'cream', 'cream', 'cheese', 'beat', 'fluffy', 'beat', 'salad', 'dressing', 'mix', 'lemon', 'juice', 'stir', 'shrimp', 'green', 'pepper', 'cover', 'chill', 'several', 'serve', 'melba', 'toasts', 'vegetables']",Italian
4194,"['combine', 'all', 'the', 'ingredients', 'in', 'a', 'deep', 'plate', 'and', 'serve', 'with', 'fresh', 'bread']","['combine', 'ingredients', 'deep', 'plate', 'serve', 'fresh', 'bread']",Italian
10801,"['wash', 'the', 'chickpeas', 'in', 'cold', 'water', 'drain', 'and', 'set', 'aside', 'heat', 'oil', 'in', 'a', 'medium-sized', 'non-stick', 'skillet', 'add', 'onion', 'paste', 'ginger', 'paste', 'and', 'garlic', 'paste', 'fry', 'till', 'the', 'raw', 'smell', 'of', 'ginger', 'and', 'garlic', 'is', 'gone', 'and', 'the', 'paste', 'mixture', 'begins', 'to', 'leave', 'the', 'sides', 'of', 'the', 'pan', 'sprinkle', 'few', 'drops', 'of', 'water', 'if', 'the', 'paste', 'becomes', 'too', 'sticky', 'add', 'the', 'tomato', 'paste', 'and', 'saute', 'add', 'the', 'corriander', 'powder', 'turmeric', 'powder', 'red', 'chilli', 'powder', 'and', 'the', 'garam', 'masala', 'powder', 'add', 'the', 'chickpeas', 'mix', 'well', 'cover', 'and', 'cook', 'for', '10', 'minutes', 'on', 'medium', 'flame', 'add', 'the', 'chopped', 'methi', 'leaves', 'and', 'salt', 'cook', 'for', '5-10', 'minutes', 'on', 'medium', 'flame', 'garnish', 'with', 'cilantro', 'and', 'serve', 'immediately', 'with', 'hot', 'rotis', 'indian', 'flatbreads', 'or', 'white', 'bread', 'slices', 'or', 'rice']","['wash', 'chickpeas', 'cold', 'water', 'drain', 'set', 'aside', 'heat', 'oil', 'medium', 'sized', 'non', 'stick', 'skillet', 'add', 'onion', 'paste', 'ginger', 'paste', 'garlic', 'paste', 'fry', 'till', 'raw', 'smell', 'ginger', 'garlic', 'gone', 'paste', 'mixture', 'begins', 'leave', 'sides', 'pan', 'sprinkle', 'drops', 'water', 'paste', 'becomes', 'sticky', 'add', 'tomato', 'paste', 'saute', 'add', 'corriander', 'powder', 'turmeric', 'powder', 'red', 'chilli', 'powder', 'garam', 'masala', 'powder', 'add', 'chickpeas', 'mix', 'well', 'cover', 'cook', 'medium', 'flame', 'add', 'chopped', 'methi', 'leaves', 'salt', 'cook', 'medium', 'flame', 'garnish', 'cilantro', 'serve', 'immediately', 'hot', 'rotis', 'indian', 'flatbreads', 'white', 'bread', 'slices', 'rice']",Indian
4615,"['heat', 'olive', 'oil', 'in', 'a', '8-10-quart', 'pot', 'over', 'medium-high', 'heat', 'add', 'in', 'the', 'sausage', 'meat', 'cook', 'until', 'browned', 'about', '8-10', 'minutes', 'remove', 'the', 'meat', 'to', 'a', 'plate', 'or', 'bowl', 'add', 'in', 'the', 'onion', 'carrots', 'basil', 'and', 'dried', 'chili', 'flakes', 'saute', 'for', 'about', '5-6', 'minutes', 'adding', 'in', 'the', 'garlic', 'the', 'last', 'couple', 'minutes', 'add', 'in', 'chicken', 'broth', 'tomatoes', 'with', 'juice', 'and', 'drained', 'beans', 'bring', 'to', 'a', 'boil', 'cover', 'with', 'lid', 'and', 'cook', 'at', 'medium-low', 'for', 'about', '30', 'minutes', 'add', 'in', 'pasta', 'shells', 'reduce', 'heat', 'and', 'simmer', 'until', 'the', 'pasta', 'is', 'firm-tender', 'about', '10', 'minutes', 'stirring', 'occasionally', 'skim', 'any', 'fat', 'that', 'has', 'accumulated', 'on', 'top', 'of', 'the', 'soup', 'then', 'stir', 'in', 'about', '1/4', 'cup', 'grated', 'parmesan', 'cheese', 'and', 'the', 'fresh', 'spinach', 'cook', 'until', 'the', 'spinach', 'is', 'just', 'wilted', 'about', '1-2', 'minutes', 'season', 'with', 'salt', 'and', 'pepper', 'pass', 'more', 'parmesan', 'cheese', 'at', 'the', 'table']","['heat', 'olive', 'oil', '8', '10', 'quart', 'pot', 'medium', 'high', 'heat', 'add', 'sausage', 'meat', 'cook', 'browned', 'remove', 'meat', 'plate', 'bowl', 'add', 'onion', 'carrots', 'basil', 'dried', 'chili', 'flakes', 'saute', 'adding', 'garlic', 'last', 'couple', 'add', 'chicken', 'broth', 'tomatoes', 'juice', 'drained', 'beans', 'bring', 'boil', 'cover', 'lid', 'cook', 'medium', 'low', 'add', 'pasta', 'shells', 'reduce', 'heat', 'simmer', 'pasta', 'firm', 'tender', 'stirring', 'occasionally', 'skim', 'fat', 'accumulated', 'top', 'soup', 'stir', 'grated', 'parmesan', 'cheese', 'fresh', 'spinach', 'cook', 'spinach', 'wilted', 'season', 'salt', 'pepper', 'pass', 'parmesan', 'cheese', 'table']",Italian
10470,"['in', 'a', 'small', 'bowl', 'mix', 'all', 'ingredients', 'chill', 'for', '15', 'minutes', 'and', 'serve']","['small', 'bowl', 'mix', 'ingredients', 'chill', 'serve']",Indian
11093,"['follow', 'the', 'instructions', 'on', 'the', 'packet', 'of', 'the', 'strawberry', 'jelly', 'and', 'prepare', 'it', 'keep', 'aside', 'in', 'a', 'blender', 'prepare', 'the', 'guava', 'milkshake', 'to', 'prepare', 'the', 'same', 'add', 'milk', 'and', 'sugar', 'to', 'the', 'guavas', 'and', 'process', 'until', 'smooth', 'keep', 'aside', 'prepare', 'whip', 'cream', 'in', 'a', 'bowl', 'by', 'adding', '1/2', 'cup', 'milk', 'and', 'a', 'pkt', 'of', 'dream', 'whip', 'and', 'mixing', 'them', 'together', 'add', 'the', 'guava', 'milkshake', 'chilled', 'jelly', 'nestle', 'cream', 'and', 'dream', 'whip', 'mix', 'well', 'in', 'a', 'blender', 'pour', 'the', 'mixture', 'in', 'a', 'serving', 'bowl', 'freeze', 'for', '3', 'hours', 'before', 'serving', 'garnish', 'with', 'strawberry', 'and', 'kiwi', 'fruit', 'slices', 'serve', 'chilled', 'on', 'a', 'hot', 'summer', 'afternoon', 'and', 'enjoy', 'this', 'treat']","['follow', 'instructions', 'packet', 'strawberry', 'jelly', 'prepare', 'keep', 'aside', 'blender', 'prepare', 'guava', 'milkshake', 'prepare', 'add', 'milk', 'sugar', 'guavas', 'process', 'smooth', 'keep', 'aside', 'prepare', 'whip', 'cream', 'bowl', 'adding', 'milk', 'pkt', 'dream', 'whip', 'mixing', 'together', 'add', 'guava', 'milkshake', 'chilled', 'jelly', 'nestle', 'cream', 'dream', 'whip', 'mix', 'well', 'blender', 'pour', 'mixture', 'serving', 'bowl', 'freeze', 'serving', 'garnish', 'strawberry', 'kiwi', 'fruit', 'slices', 'serve', 'chilled', 'hot', 'summer', 'afternoon', 'enjoy', 'treat']",Indian
9568,"['cut', 'chicken', 'crosswise', 'into', 'strips', 'in', 'large', 'skillet', 'heat', '1', 'tbsp', 'of', 'the', 'oil', 'over', 'medium-high', 'heat', 'brown', 'chicken', 'in', 'batches', 'and', 'adding', 'more', 'oil', 'as', 'necessary', 'transfer', 'to', 'bowl', 'drain', 'fat', 'from', 'skillet', 'in', 'same', 'skillet', 'fry', 'onion', 'jalapeno', 'pepper', 'if', 'using', 'and', 'salt', 'stirring', 'occasionally', 'until', 'softened', 'about', '3', 'minutes', 'add', 'curry', 'paste', 'cook', 'stirring', 'until', 'fragrant', 'about', '1', 'minute', 'drain', 'tomatoes', 'and', 'add', 'to', 'skillet', 'return', 'chicken', 'to', 'pan', 'stir', 'in', 'cauliflower', 'florets', 'diced', 'apple', 'and', 'raisins', 'cover', 'and', 'simmer', 'until', 'cauliflower', 'is', 'tender', 'about', '10', 'minutes', 'add', 'peas', 'and', 'half', 'of', 'the', 'cilantro', 'simmer', 'covered', 'until', 'steaming', 'about', '5', 'minutes', 'sprinkle', 'with', 'remaining', 'cilantro']","['cut', 'chicken', 'crosswise', 'strips', 'large', 'skillet', 'heat', 'oil', 'medium', 'high', 'heat', 'brown', 'chicken', 'batches', 'adding', 'oil', 'necessary', 'transfer', 'bowl', 'drain', 'fat', 'skillet', 'skillet', 'fry', 'onion', 'jalapeno', 'pepper', 'using', 'salt', 'stirring', 'occasionally', 'softened', 'add', 'curry', 'paste', 'cook', 'stirring', 'fragrant', 'drain', 'tomatoes', 'add', 'skillet', 'return', 'chicken', 'pan', 'stir', 'cauliflower', 'florets', 'diced', 'apple', 'raisins', 'cover', 'simmer', 'cauliflower', 'tender', 'add', 'peas', 'half', 'cilantro', 'simmer', 'covered', 'steaming', 'sprinkle', 'remaining', 'cilantro']",Indian
11382,"['mix', 'the', 'tomato', 'paste', 'fennel', 'seeds', 'ginger', 'coriander', 'garlic', 'chilli', 'powder', 'curry', 'powder', 'turmeric', 'lemon', 'juice', 'salt', 'and', 'water', 'in', 'a', 'bowl', 'heat', 'the', 'vegetable', 'oil', 'in', 'a', 'pan', 'and', 'cook', 'the', 'onions', 'until', 'they', 'are', 'softened', 'pour', 'the', 'spice', 'mixture', 'into', 'the', 'pan', 'and', 'let', 'simmer', 'break', 'the', 'seitan', 'into', 'pieces', 'and', 'add', 'to', 'the', 'pan', 'let', 'the', 'seitan', 'simmer', 'for', 'about', '10', 'minutes', 'until', 'much', 'of', 'the', 'liquid', 'has', 'been', 'absorbed', 'by', 'the', 'seitan', 'or', 'has', 'evaporated', 'remove', 'the', 'pan', 'from', 'the', 'heat', 'stir', 'in', 'the', 'chopped', 'chiles', 'and', 'serve']","['mix', 'tomato', 'paste', 'fennel', 'seeds', 'ginger', 'coriander', 'garlic', 'chilli', 'powder', 'curry', 'powder', 'turmeric', 'lemon', 'juice', 'salt', 'water', 'bowl', 'heat', 'vegetable', 'oil', 'pan', 'cook', 'onions', 'softened', 'pour', 'spice', 'mixture', 'pan', 'let', 'simmer', 'break', 'seitan', 'pieces', 'add', 'pan', 'let', 'seitan', 'simmer', 'much', 'liquid', 'absorbed', 'seitan', 'evaporated', 'remove', 'pan', 'heat', 'stir', 'chopped', 'chiles', 'serve']",Indian
1487,"['in', 'a', 'large', 'pot', 'heat', 'oil', 'over', 'medium', 'heat', 'add', 'leeks', 'carrots', 'and', 'water', 'cover', 'and', 'cook', 'until', 'the', 'leeks', 'are', 'very', 'tender', '15', 'minutes', 'do', ""n't"", 'allow', 'to', 'brown', 'add', '6', 'cups', 'broth', 'and', 'bring', 'to', 'a', 'boil', 'add', 'pasta', 'and', 'cook', 'stirring', 'occasionally', 'until', 'almost', 'tender', 'about', '10', 'minutes', 'add', 'beans', 'green', 'beans', 'zucchini', 'peas', 'and', 'asparagus', 'simmer', 'uncovered', 'over', 'medium', 'heat', 'until', 'vegetables', 'are', 'tender', '8', 'minutes', 'in', 'a', 'small', 'bowl', 'mix', 'parsley', 'basil', 'green', 'onions', 'and', 'garlic', 'stir', 'into', 'simmering', 'soup', 'add', 'additional', 'broth', 'to', 'thin', 'soup', 'if', 'neccesary', 'season', 'with', 'salt', 'and', 'pepper', 'top', 'with', 'parmesan', 'if', 'desired']","['large', 'pot', 'heat', 'oil', 'medium', 'heat', 'add', 'leeks', 'carrots', 'water', 'cover', 'cook', 'leeks', 'tender', 'allow', 'brown', 'add', 'broth', 'bring', 'boil', 'add', 'pasta', 'cook', 'stirring', 'occasionally', 'almost', 'tender', 'add', 'beans', 'green', 'beans', 'zucchini', 'peas', 'asparagus', 'simmer', 'uncovered', 'medium', 'heat', 'vegetables', 'tender', 'small', 'bowl', 'mix', 'parsley', 'basil', 'green', 'onions', 'garlic', 'stir', 'simmering', 'soup', 'add', 'additional', 'broth', 'thin', 'soup', 'neccesary', 'season', 'salt', 'pepper', 'top', 'parmesan', 'desired']",Italian
9660,"['heat', 'the', 'oil', 'in', 'a', 'large', 'skillet', 'over', 'medium', 'heat', 'add', 'cumin', 'chopped', 'onion', 'and', 'cook', 'until', 'the', 'onion', 'has', 'softened', 'and', 'turned', 'translucent', '3', 'to', '4', 'minutes', 'stir', 'together', 'tomato', 'paste', 'and', 'water', 'and', 'pour', 'into', 'skillet', 'stir', 'in', 'chicken', 'and', 'cook', 'until', 'it', 'has', 'firmed', 'and', 'turned', 'white', 'about', '5', 'minutes', 'add', 'coconut', 'milk', 'brown', 'sugar', 'cayenne', 'pepper', 'turmeric', 'salt', 'and', 'pepper', 'if', 'using', 'dried', 'cilantro', 'add', 'it', 'in', 'now', 'bring', 'mixture', 'to', 'a', 'simmer', 'then', 'reduce', 'heat', 'to', 'medium-low', 'cover', 'and', 'continue', 'to', 'simmer', 'until', 'the', 'chicken', 'is', 'done', 'about', '15', 'minutes', 'if', 'using', 'fresh', 'cilantro', 'sprinkle', 'it', 'on', 'before', 'serving']","['heat', 'oil', 'large', 'skillet', 'medium', 'heat', 'add', 'cumin', 'chopped', 'onion', 'cook', 'onion', 'softened', 'turned', 'translucent', 'stir', 'together', 'tomato', 'paste', 'water', 'pour', 'skillet', 'stir', 'chicken', 'cook', 'firmed', 'turned', 'white', 'add', 'coconut', 'milk', 'brown', 'sugar', 'cayenne', 'pepper', 'turmeric', 'salt', 'pepper', 'using', 'dried', 'cilantro', 'add', 'bring', 'mixture', 'simmer', 'reduce', 'heat', 'medium', 'low', 'cover', 'continue', 'simmer', 'chicken', 'done', 'using', 'fresh', 'cilantro', 'sprinkle', 'serving']",Indian
9633,"['heat', '2', 'tablespoons', 'oil', 'in', 'heavy', 'large', 'skillet', 'over', 'medium', 'heat', 'add', 'onion', 'and', 'curry', 'powder', 'and', 'sauté', '5', 'minutes', 'add', 'chicken', 'and', 'sauté', 'until', 'cooked', 'through', 'about', '4', 'minutes', 'transfer', 'to', 'large', 'bowl', 'and', 'cool', 'mix', 'in', 'rice', 'peas', 'bell', 'peppers', 'raisins', 'and', 'cilantro', 'whisk', 'remaining', '3/4', 'cup', 'oil', 'vinegar', 'and', 'cumin', 'in', 'small', 'bowl', 'to', 'blend', 'add', 'enough', 'dressing', 'to', 'salad', 'to', 'season', 'to', 'taste', 'toss', 'well']","['heat', 'oil', 'heavy', 'large', 'skillet', 'medium', 'heat', 'add', 'onion', 'curry', 'powder', 'sauté', 'add', 'chicken', 'sauté', 'cooked', 'transfer', 'large', 'bowl', 'cool', 'mix', 'rice', 'peas', 'bell', 'peppers', 'raisins', 'cilantro', 'whisk', 'remaining', 'oil', 'vinegar', 'cumin', 'small', 'bowl', 'blend', 'add', 'enough', 'dressing', 'salad', 'season', 'taste', 'toss', 'well']",Indian
2296,"['in', 'a', 'pot', 'boil', 'cauliflower', 'with', 'diced', 'tomatoes', 'for', 'around', '10', 'minutes', 'to', 'get', 'the', 'flavor', 'into', 'the', 'cauliflower', 'add', 'garlic', 'salt', 'and', 'pepper', 'to', 'taste', 'in', 'a', 'separate', 'pan', 'cook', 'chicken', 'for', '10-15', 'minutes', 'in', 'pasta', 'sauce', 'add', 'onions', 'yellow', 'and', 'green', 'basil', 'mushrooms', 'and', 'garlic', 'salt', 'and', 'pepper', 'to', 'taste', 'to', 'the', 'chicken', 'cook', 'for', 'another', 'five', 'minutes', 'or', 'until', 'veggies', 'are', 'to', 'your', 'liking', 'serve', 'chicken', 'and', 'veggies', 'over', 'strained', 'cauliflower', 'and', 'tomatoes', 'add', 'parmesan', 'cheese', 'or', 'feta', 'now', 'if', 'you', 'want']","['pot', 'boil', 'cauliflower', 'diced', 'tomatoes', 'around', 'get', 'flavor', 'cauliflower', 'add', 'garlic', 'salt', 'pepper', 'taste', 'separate', 'pan', 'cook', 'chicken', 'pasta', 'sauce', 'add', 'onions', 'yellow', 'green', 'basil', 'mushrooms', 'garlic', 'salt', 'pepper', 'taste', 'chicken', 'cook', 'another', 'five', 'veggies', 'liking', 'serve', 'chicken', 'veggies', 'strained', 'cauliflower', 'tomatoes', 'add', 'parmesan', 'cheese', 'feta', 'want']",Italian
10619,"['wash', 'and', 'flatten', 'chops', 'mix', 'onion-garlic', 'paste', 'garam', 'masala', 'chilli', 'powder', 'vinegar', 'yoghurt', 'salt', 'and', 'pepper', 'add', 'chops', 'to', 'the', 'mixture', 'and', 'rub', 'well', 'on', 'both', 'sides', 'set', 'aside', 'for', '3', 'hours', 'beat', 'egg', 'whites', 'lightly', 'drain', 'each', 'chop', 'dip', 'each', 'piece', 'in', 'the', 'beaten', 'egg', 'white', 'coat', 'with', 'bread', 'crumbs', 'heat', 'oil', 'in', 'a', 'shallow', 'pan', 'fry', 'until', 'golden', 'brown', 'serve', 'hot']","['wash', 'flatten', 'chops', 'mix', 'onion', 'garlic', 'paste', 'garam', 'masala', 'chilli', 'powder', 'vinegar', 'yoghurt', 'salt', 'pepper', 'add', 'chops', 'mixture', 'rub', 'well', 'sides', 'set', 'aside', 'beat', 'egg', 'whites', 'lightly', 'drain', 'chop', 'dip', 'piece', 'beaten', 'egg', 'white', 'coat', 'bread', 'crumbs', 'heat', 'oil', 'shallow', 'pan', 'fry', 'golden', 'brown', 'serve', 'hot']",Indian
610,"['pound', 'each', 'chicken', 'breast', 'half', 'to', '1/4-inch', 'thick', 'with', 'meat', 'mallet', 'or', 'rolling', 'pin', 'i', 'put', 'them', 'between', '2', 'sheets', 'of', 'plastic', 'wrap', 'first', 'brush', 'chicken', 'with', 'juice', 'and', 'sprinkle', 'with', 'salt', 'and', 'pepper', 'dredge', 'chicken', 'in', 'breadcrumbs', 'heat', 'a', 'large', 'nonstick', 'skillet', 'to', 'medium-high', 'heat', 'and', 'coat', 'with', 'cooking', 'spray', 'add', 'chicken', 'and', 'cook', 'for', '3', 'minutes', 'or', 'so', 'on', 'each', 'side', 'until', 'chicken', 'is', 'done', 'remove', 'from', 'pan', 'and', 'keep', 'warm', 'add', 'broth', 'and', 'wine', 'to', 'pan', 'cook', '30', 'seconds', 'stirring', 'constantly', 'remove', 'from', 'heat', 'stir', 'in', 'capers', 'and', 'butter', 'spoon', '1', 'tablespoon', 'sauce', 'over', 'each', 'chicken', 'breast']","['chicken', 'breast', 'half', '1/4', 'inch', 'thick', 'meat', 'mallet', 'rolling', 'pin', 'put', 'sheets', 'plastic', 'wrap', 'first', 'brush', 'chicken', 'juice', 'sprinkle', 'salt', 'pepper', 'dredge', 'chicken', 'breadcrumbs', 'heat', 'large', 'nonstick', 'skillet', 'medium', 'high', 'heat', 'coat', 'cooking', 'spray', 'add', 'chicken', 'cook', 'side', 'chicken', 'done', 'remove', 'pan', 'keep', 'warm', 'add', 'broth', 'wine', 'pan', 'cook', 'seconds', 'stirring', 'constantly', 'remove', 'heat', 'stir', 'capers', 'butter', 'spoon', 'sauce', 'chicken', 'breast']",Italian
11643,"['cut', 'the', 'meat', 'onions', 'and', 'peppers', 'season', 'the', 'meat', 'with', 'the', 'ginger', 'salt', 'pepper', 'worcestershire', 'sauce', 'you', 'can', 'let', 'it', 'marinate', '1/2', ""''"", 'or', 'more', 'but', 'it', 'is', 'not', 'necessary', 'heat', '1/3', 'of', 'the', 'oil', 'in', 'a', 'large', 'frying', 'pan/wok', 'over', 'high', 'heat', 'and', 'saute', '1/3', 'of', 'the', 'meat', 'briefly', 'til', 'no', 'longer', 'pink', 'empty', 'meat', 'and', 'juices', 'into', 'another', 'bowl', 'to', 'keep', 'warm', 'repeat', 'with', 'the', 'rest', 'of', 'the', 'meat', 'saute', 'onion', 'and', 'peppers', 'in', 'a', 'bit', 'of', 'oil', 'just', 'a', 'few', 'minutes', 'not', 'too', 'long', 'because', 'they', 'will', 'continue', 'to', 'cook', 'just', 'sitting', 'a', 'hot', 'pan', 'add', 'curry', 'powder', 'and', 'meat', 'to', 'the', 'onion', 'and', 'peppers', 'in', 'the', 'skillet', 'stir', 'well', 'add', 'coconut', 'milk', 'and', 'heat', 'til', 'warm', 'add', 'salt', 'and', 'pepper', 'to', 'taste', 'garnish', 'with', 'cilantro', 'serve', 'over', 'rice']","['cut', 'meat', 'onions', 'peppers', 'season', 'meat', 'ginger', 'salt', 'pepper', 'worcestershire', 'sauce', 'let', 'marinate', ""''"", 'necessary', 'heat', 'oil', 'large', 'frying', 'pan/wok', 'high', 'heat', 'saute', 'meat', 'briefly', 'til', 'longer', 'pink', 'empty', 'meat', 'juices', 'another', 'bowl', 'keep', 'warm', 'repeat', 'rest', 'meat', 'saute', 'onion', 'peppers', 'bit', 'oil', 'long', 'continue', 'cook', 'sitting', 'hot', 'pan', 'add', 'curry', 'powder', 'meat', 'onion', 'peppers', 'skillet', 'stir', 'well', 'add', 'coconut', 'milk', 'heat', 'til', 'warm', 'add', 'salt', 'pepper', 'taste', 'garnish', 'cilantro', 'serve', 'rice']",Indian
11007,"['prepare', 'egg', 'noodles', 'according', 'to', 'package', 'directions', 'the', 'rinse', 'with', 'cool', 'water', 'and', 'set', 'aside', 'heat', 'half', 'of', 'the', 'oil', 'in', 'a', 'wok', 'over', 'medium', 'heat', 'and', 'add', 'the', 'potatoes', 'cooking', 'until', 'just', 'soft', 'about', '10', 'minutes', 'stirring', 'often', 'remove', 'from', 'wok', 'and', 'set', 'aside', 'cook', 'the', 'tofu', 'in', 'the', 'wok', 'about', '15', 'minutes', 'stirring', 'regularly', 'until', 'the', 'outside', 'begins', 'to', 'brown', 'remove', 'and', 'set', 'aside', 'pour', 'the', 'eggs', 'with', 'water', 'into', 'the', 'wok', 'and', 'scramble', 'remove', 'when', 'done', 'and', 'set', 'aside', 'with', 'potatoes', 'and', 'tofu', 'add', 'the', 'remaining', 'oil', 'to', 'the', 'wok', 'and', 'fry', 'onions', 'and', 'garlic', '5-10', 'minutes', 'or', 'until', 'the', 'onion', 'begins', 'to', 'become', 'transparent', 'add', 'the', 'noodles', 'soy', 'sauce', 'ketchup', 'and', 'chilli', 'sauce', 'and', 'stir', 'well', 'to', 'ensure', 'all', 'the', 'noodles', 'are', 'mixed', 'with', 'the', 'sauces', 'add', 'the', 'potato', 'tofu', 'eggs', 'and', 'scallions', 'to', 'the', 'wok', 'mix', 'well', 'and', 'cook', 'an', 'additional', '10-15', 'minutes', 'or', 'until', 'hot', 'serve', 'and', 'enjoy']","['prepare', 'egg', 'noodles', 'according', 'package', 'directions', 'rinse', 'cool', 'water', 'set', 'aside', 'heat', 'half', 'oil', 'wok', 'medium', 'heat', 'add', 'potatoes', 'cooking', 'soft', 'stirring', 'often', 'remove', 'wok', 'set', 'aside', 'cook', 'tofu', 'wok', 'stirring', 'regularly', 'outside', 'begins', 'brown', 'remove', 'set', 'aside', 'pour', 'eggs', 'water', 'wok', 'scramble', 'remove', 'done', 'set', 'aside', 'potatoes', 'tofu', 'add', 'remaining', 'oil', 'wok', 'fry', 'onions', 'garlic', 'onion', 'begins', 'become', 'transparent', 'add', 'noodles', 'soy', 'sauce', 'ketchup', 'chilli', 'sauce', 'stir', 'well', 'ensure', 'noodles', 'mixed', 'sauces', 'add', 'potato', 'tofu', 'eggs', 'scallions', 'wok', 'mix', 'well', 'cook', 'additional', 'hot', 'serve', 'enjoy']",Indian
5843,"['prepare', 'pasta', 'according', 'directions', 'and', 'drain', 'when', 'cooked', 'if', 'you', 'are', 'using', 'diced', 'tomatoes', 'which', 'i', 'highly', 'recommend', 'for', 'extra', 'flavor', 'drain', 'the', 'tomatoes', 'of', 'liquid', 'and', 'set', 'aside', 'if', 'you', 'want', 'the', 'pasta', 'to', 'have', 'a', 'thinner', 'sauce', 'keep', 'the', 'juice', 'meanwhile', 'pour', 'enough', 'olive', 'oil', 'to', 'coat', 'the', 'pasta', 'and', 'whichever', 'vegetables', 'you', 'are', 'using', 'into', 'large', 'pot', 'over', 'high', 'heat', 'add', 'garlic', 'and', 'onions', 'to', 'pot', 'cook', 'until', 'garlic', 'takes', 'on', 'a', 'nice', 'golden', 'brown', 'color', 'if', 'you', 'are', 'using', 'diced', 'tomatoes', 'add', 'them', 'to', 'the', 'mix', 'quickly', 'add', 'whichever', 'vegetables', 'you', 'are', 'using', 'to', 'pot', 'i', 'use', 'frozen', 'vegetables', 'just', 'because', 'it', ""'s"", 'easier', 'and', 'no', 'one', 'seems', 'to', 'notice', 'if', 'you', 'use', 'all', 'the', 'suggested', 'veggies', 'in', 'the', 'recipe', 'add', 'them', 'in', 'the', 'order', 'frozen', 'veggies', 'capsicum', 'spinach', 'spacing', 'out', 'when', 'added', 'so', 'they', ""'re"", 'all', 'cooked', 'to', 'your', 'liking', 'cook', 'veggies', 'until', 'heated', 'throughout', 'or', 'tender-crisp', 'at', 'this', 'point', 'taste', 'the', 'veggie', 'mix', 'and', 'if', 'desired', 'add', 'basil', 'salt', 'and', 'pepper', 'to', 'taste', 'sometimes', 'i', 'leave', 'out', 'pepper', 'and', 'basil', 'and', 'retaste', 'add', 'the', 'pasta', 'and', 'toss', 'to', 'coat', 'serve', 'with', 'grated', 'parmesan', 'cheese', 'on', 'top', 'if', 'desired', 'enjoy']","['prepare', 'pasta', 'according', 'directions', 'drain', 'cooked', 'using', 'diced', 'tomatoes', 'highly', 'recommend', 'extra', 'flavor', 'drain', 'tomatoes', 'liquid', 'set', 'aside', 'want', 'pasta', 'thinner', 'sauce', 'keep', 'juice', 'meanwhile', 'pour', 'enough', 'olive', 'oil', 'coat', 'pasta', 'whichever', 'vegetables', 'using', 'large', 'pot', 'high', 'heat', 'add', 'garlic', 'onions', 'pot', 'cook', 'garlic', 'takes', 'nice', 'golden', 'brown', 'color', 'using', 'diced', 'tomatoes', 'add', 'mix', 'quickly', 'add', 'whichever', 'vegetables', 'using', 'pot', 'use', 'frozen', 'vegetables', 'easier', 'one', 'seems', 'notice', 'use', 'suggested', 'veggies', 'recipe', 'add', 'order', 'frozen', 'veggies', 'capsicum', 'spinach', 'spacing', 'added', 'cooked', 'liking', 'cook', 'veggies', 'heated', 'throughout', 'tender', 'crisp', 'point', 'taste', 'veggie', 'mix', 'desired', 'add', 'basil', 'salt', 'pepper', 'taste', 'sometimes', 'leave', 'pepper', 'basil', 'retaste', 'add', 'pasta', 'toss', 'coat', 'serve', 'grated', 'parmesan', 'cheese', 'top', 'desired', 'enjoy']",Italian
12969,"['blend', 'tomatoes', 'tomato', 'juice', 'ginger', 'corriander', 'sugar', 'oil', 'and', '3', 'tbsps', 'lime', 'juice', 'in', 'a', 'blender', 'puree', 'on', 'full', 'speed', 'until', 'liquified', 'pour', 'into', 'a', 'large', 'bowl', 'and', 'season', 'generously', 'with', 'salt', 'and', 'pepper', 'refrigerate', 'until', 'cold', 'takes', '1', 'hour', 'check', 'taste', 'prior', 'to', 'serving', 'you', 'may', 'add', 'cold', 'water', 'to', 'thin', 'it', 'a', 'bit', 'in', 'a', 'bowl', 'whisk', 'together', 'yoghurt', 'and', 'the', 'remaining', '1', 'tablespoons', 'lime', 'juice', 'until', 'smooth', 'add', 'salt', 'and', 'pepper', 'to', 'season', 'ladle', 'soup', 'into', 'individual', 'serving', 'bowls', 'add', 'a', 'dollop', 'of', 'yoghurt', 'if', 'desired', 'serve', 'with', 'toasted', 'flatbread', 'if', 'you', 'prefer', 'enjoy']","['blend', 'tomatoes', 'tomato', 'juice', 'ginger', 'corriander', 'sugar', 'oil', 'tbsps', 'lime', 'juice', 'blender', 'puree', 'full', 'speed', 'liquified', 'pour', 'large', 'bowl', 'season', 'generously', 'salt', 'pepper', 'refrigerate', 'cold', 'takes', 'check', 'taste', 'prior', 'serving', 'may', 'add', 'cold', 'water', 'thin', 'bit', 'bowl', 'whisk', 'together', 'yoghurt', 'remaining', 'lime', 'juice', 'smooth', 'add', 'salt', 'pepper', 'season', 'ladle', 'soup', 'individual', 'serving', 'bowls', 'add', 'dollop', 'yoghurt', 'desired', 'serve', 'toasted', 'flatbread', 'prefer', 'enjoy']",Indian
658,"['beat', 'egg', 'whites', 'until', 'starting', 'to', 'expand', 'but', 'still', 'soft', 'add', 'sugar', 'honey', 'and', 'extracts', 'beat', 'at', 'high', 'speed', 'until', 'very', 'stiff', 'peaks', 'form', 'about', '8-10', 'minutes', 'fold', 'in', 'flour', 'and', 'coconut', 'by', 'hand', 'drop', 'on', 'well-buttered', 'baking', 'sheets', 'by', 'heaping', 'teaspoonfuls', 'or', 'use', 'a', 'pastry', 'bag', 'with', 'a', 'star', 'tip', '2', 'bake', 'at', '375', 'degrees', 'for', 'about', '10', 'minutes', 'or', 'until', 'golden', 'let', 'cool', 'for', 'a', 'minute', 'then', 'carefully', 'remove', 'to', 'a', 'rack', 'to', 'cool', 'variations', 'for', 'cocomacs', 'add', '1', 'additional', 'tablespoon', 'honey', 'to', 'egg', 'white', 'then', 'fold', 'in', '1/2', 'cup', 'unsweetened', 'cocoa', 'with', 'the', 'flour', 'dip', 'the', 'bottoms', 'of', 'cooled', 'macaroons', 'in', 'melted', 'semisweet', 'chocolate', 'drying', 'upside', 'down', 'on', 'a', 'rack', 'sandwich', 'two', 'dipped', 'macaroons', 'together', 'to', 'make', 'a', ""''"", 'macwich', '``', 'if', 'you', 'can', 'only', 'find', 'sweetened', 'coconut', 'reduce', 'the', 'amount', 'of', 'sugar', 'in', 'the', 'recipe', 'to', '1/4', 'cup']","['beat', 'egg', 'whites', 'starting', 'expand', 'still', 'soft', 'add', 'sugar', 'honey', 'extracts', 'beat', 'high', 'speed', 'stiff', 'peaks', 'form', 'fold', 'flour', 'coconut', 'hand', 'drop', 'well', 'buttered', 'baking', 'sheets', 'heaping', 'teaspoonfuls', 'use', 'pastry', 'bag', 'star', 'tip', 'bake', 'golden', 'let', 'cool', 'carefully', 'remove', 'rack', 'cool', 'variations', 'cocomacs', 'add', 'additional', 'honey', 'egg', 'white', 'fold', 'unsweetened', 'cocoa', 'flour', 'dip', 'bottoms', 'cooled', 'macaroons', 'melted', 'semisweet', 'chocolate', 'drying', 'upside', 'rack', 'sandwich', 'two', 'dipped', 'macaroons', 'together', 'make', ""''"", 'macwich', '``', 'find', 'sweetened', 'coconut', 'reduce', 'amount', 'sugar', 'recipe']",Italian
980,"['heat', 'the', 'olive', 'oil', 'in', 'a', 'large', 'casserole', 'dish', 'such', 'as', 'a', 'le', 'creuset', 'or', 'dutch', 'oven', 'over', 'medium-high', 'heat', 'add', 'the', 'grapes', 'crushing', 'them', 'slightly', 'with', 'the', 'back', 'of', 'a', 'large', 'spoon', 'cook', 'and', 'stir', 'for', 'a', 'few', 'minutes', 'until', 'some', 'of', 'the', 'grapes', 'just', 'begin', 'to', 'collapse', 'reduce', 'heat', 'to', 'medium', 'add', 'the', 'sausages', 'pricking', 'them', 'with', 'a', 'fork', 'to', 'help', 'release', 'the', 'fat', 'during', 'cooking', 'saute', 'them', 'briefly', 'then', 'add', 'the', 'wine', 'and', 'simmer', 'but', 'do', 'not', 'boil', 'until', 'liquid', 'is', 'reduced', 'by', 'half', 'about', '10', 'to', '15', 'minutes', 'garnish', 'with', 'fresh', 'thyme', 'serve', 'piping', 'hot', 'with', 'potatoes', 'or', 'pasta', 'assorted', 'cheeses', 'a', 'good', 'crusty', 'baguette', 'or', 'rustic', 'peasant', 'bread', 'and', 'a', 'bottle', 'of', 'the', 'year', ""'s"", 'new', 'vintage', 'beaujolais', 'nouveau', 'or', 'gamay', 'beaujolais', 'wine', 'viva', 'la', 'vendange']","['heat', 'olive', 'oil', 'large', 'casserole', 'dish', 'le', 'creuset', 'dutch', 'oven', 'medium', 'high', 'heat', 'add', 'grapes', 'crushing', 'slightly', 'back', 'large', 'spoon', 'cook', 'stir', 'grapes', 'begin', 'collapse', 'reduce', 'heat', 'medium', 'add', 'sausages', 'pricking', 'fork', 'help', 'release', 'fat', 'cooking', 'saute', 'briefly', 'add', 'wine', 'simmer', 'boil', 'liquid', 'reduced', 'half', 'garnish', 'fresh', 'thyme', 'serve', 'piping', 'hot', 'potatoes', 'pasta', 'assorted', 'cheeses', 'good', 'crusty', 'baguette', 'rustic', 'peasant', 'bread', 'bottle', 'year', 'new', 'vintage', 'beaujolais', 'nouveau', 'gamay', 'beaujolais', 'wine', 'viva', 'la', 'vendange']",Italian
10900,"['put', 'all', 'the', 'ingredients', 'into', 'a', 'blender', 'and', 'blend', 'for', 'two', 'minutes', 'pour', 'into', 'individual', 'glasses', 'and', 'serve']","['put', 'ingredients', 'blender', 'blend', 'two', 'pour', 'individual', 'glasses', 'serve']",Indian
2689,"['butter', 'large', 'baking', 'dish', 'and', 'preheat', 'oven', 'to', '375', 'degrees', 'boil', 'water', 'for', 'the', 'pasta', 'making', 'sure', 'it', ""'s"", 'liberally', 'salted', 'add', 'pasta', 'and', 'let', 'it', 'cook', 'for', '7-8', 'minutes', 'or', 'until', 'slightly', 'stiffer', 'than', 'al', 'dente', 'drain', 'and', 'set', 'aside', 'in', 'a', 'very', 'large', 'saucepan', 'heat', '3', 'tbsp', 'of', 'olive', 'oil', 'add', 'pancetta', 'and', 'cook', 'until', 'crispy', 'about', '5', 'minutes', 'set', 'aside', 'pancetta', 'and', 'leave', 'fat', 'in', 'pan', 'make', 'sure', 'there', 'is', 'about', '1/4', 'cup', 'of', 'oil', 'in', 'there', 'add', 'olive', 'oil', 'to', 'make', 'up', 'the', 'difference', 'if', 'necessary', 'add', '3', 'tsp', 'of', 'minced', 'garlic', 'and', 'cook', 'for', '30', 'seconds', 'add', 'flour', 'and', 'whisk', 'thoroughly', 'slowly', 'add', 'milk', 'whisking', 'and', 'bring', 'to', 'a', 'boil', 'set', 'heat', 'to', 'low', 'and', 'let', 'it', 'simmer', 'for', '3', 'minutes', 'whisking', 'occasionally', 'slowly', 'add', 'all', 'the', 'cheese', 'until', 'thoroughly', 'melted', 'whisking', 'constantly', 'add', 'pasta', 'to', 'the', 'saucepan', 'add', 'pancetta', 'and', 'basil', 'to', 'the', 'saucepan', 'and', 'toss', 'transfer', 'contents', 'of', 'saucepan', 'to', 'baking', 'dish', 'sprinkle', 'breadcrumbs', 'over', 'the', 'top', 'and', 'put', 'in', 'oven', 'for', '25', 'minutes']","['butter', 'large', 'baking', 'dish', 'preheat', 'oven', 'boil', 'water', 'pasta', 'making', 'sure', 'liberally', 'salted', 'add', 'pasta', 'let', 'cook', 'slightly', 'stiffer', 'al', 'dente', 'drain', 'set', 'aside', 'large', 'saucepan', 'heat', 'olive', 'oil', 'add', 'pancetta', 'cook', 'crispy', 'set', 'aside', 'pancetta', 'leave', 'fat', 'pan', 'make', 'sure', 'oil', 'add', 'olive', 'oil', 'make', 'difference', 'necessary', 'add', 'minced', 'garlic', 'cook', 'seconds', 'add', 'flour', 'whisk', 'thoroughly', 'slowly', 'add', 'milk', 'whisking', 'bring', 'boil', 'set', 'heat', 'low', 'let', 'simmer', 'whisking', 'occasionally', 'slowly', 'add', 'cheese', 'thoroughly', 'melted', 'whisking', 'constantly', 'add', 'pasta', 'saucepan', 'add', 'pancetta', 'basil', 'saucepan', 'toss', 'transfer', 'contents', 'saucepan', 'baking', 'dish', 'sprinkle', 'breadcrumbs', 'top', 'put', 'oven']",Italian
11950,"['heat', 'the', 'oil', 'in', 'a', 'large', 'deep', 'frying', 'pan', 'or', 'wok', 'and', 'add', 'the', 'garlic', 'green', 'chillies', 'and', 'ginger', 'mix', 'them', 'for', 'a', 'minute', 'in', 'hot', 'oil', 'then', 'add', 'the', 'chopped', 'onions', 'stir', 'and', 'leave', 'to', 'cook', 'over', 'a', 'medium', 'heat', 'for', '8', 'to', '10', 'minutes', 'once', 'the', 'onions', 'have', 'turned', 'a', 'golden', 'colour', 'add', 'the', 'turmeric', 'chilli', 'cumin', 'coriander', 'and', 'garam', 'masala', 'powders', 'stir', 'and', 'cook', 'for', 'about', 'a', 'minute', 'add', 'the', 'chopped', 'tomatoes', 'with', '100ml', 'water', 'and', 'a', 'good', 'pinch', 'of', 'salt', 'stir', 'together', 'cover', 'the', 'pan', 'and', 'allow', 'it', 'to', 'come', 'to', 'a', 'boil', 'stir', 'occasionally', 'until', 'the', 'masala', 'becomes', 'nice', 'and', 'thick', 'add', 'the', 'chicken', 'to', 'the', 'pan', 'and', 'coat', 'the', 'pieces', 'in', 'the', 'masala', 'so', 'it', '’', 's', 'all', 'nicely', 'covered', 'cook', 'over', 'a', 'medium', 'heat', 'stirring', 'occasionally', 'for', '15', 'to', '20', 'minutes', 'or', 'until', 'the', 'chicken', 'is', 'tender', 'and', 'combined', 'with', 'the', 'thick', 'masala', 'sauce', 'leave', 'lid', 'off', 'for', 'last', '5', 'minutes', 'to', 'reduce', 'if', 'it', 'needs', 'to', 'be', 'thickened.', 'stir', 'in', 'the', 'lemon', 'juice', 'to', 'add', 'a', 'little', 'zing', 'and', 'garnish', 'with', 'coriander', 'if', 'using', 'to', 'serve', 'with', 'basmati', 'rice', 'and/or', 'roti/naan']","['heat', 'oil', 'large', 'deep', 'frying', 'pan', 'wok', 'add', 'garlic', 'green', 'chillies', 'ginger', 'mix', 'hot', 'oil', 'add', 'chopped', 'onions', 'stir', 'leave', 'cook', 'medium', 'heat', 'onions', 'turned', 'golden', 'colour', 'add', 'turmeric', 'chilli', 'cumin', 'coriander', 'garam', 'masala', 'powders', 'stir', 'cook', 'add', 'chopped', 'tomatoes', '100ml', 'water', 'good', 'pinch', 'salt', 'stir', 'together', 'cover', 'pan', 'allow', 'come', 'boil', 'stir', 'occasionally', 'masala', 'becomes', 'nice', 'thick', 'add', 'chicken', 'pan', 'coat', 'pieces', 'masala', '’', 'nicely', 'covered', 'cook', 'medium', 'heat', 'stirring', 'occasionally', 'chicken', 'tender', 'combined', 'thick', 'masala', 'sauce', 'leave', 'lid', 'last', 'reduce', 'needs', 'thickened.', 'stir', 'lemon', 'juice', 'add', 'little', 'zing', 'garnish', 'coriander', 'using', 'serve', 'basmati', 'rice', 'and/or', 'roti/naan']",Indian
7392,"['wash', 'chop', 'and', 'steam', 'spinach', 'wash', 'and', 'chop', 'cilantro', 'discarding', 'lower', 'stems', 'heat', 'ghee', 'in', 'saucepan', 'on', 'medium-high', 'setting', 'once', 'ghee', 'is', 'hot', 'add', 'mustard', 'seed', 'once', 'mustard', 'seeds', 'pop', 'add', 'chopped', 'onion', 'and', 'sautee', 'till', 'translucent', 'reduce', 'heat', 'to', 'medium-low', 'add', 'to', 'pan', 'the', 'steamed', 'spinach', 'cumin', 'coriander', 'salt', 'and', 'cayenne', 'remove', 'pan', 'from', 'heat', 'and', 'add', 'chopped', 'cilantro', 'stir', 'serve', 'with', 'your', 'favorite', 'indian', 'main', 'dish']","['wash', 'chop', 'steam', 'spinach', 'wash', 'chop', 'cilantro', 'discarding', 'lower', 'stems', 'heat', 'ghee', 'saucepan', 'medium', 'high', 'setting', 'ghee', 'hot', 'add', 'mustard', 'seed', 'mustard', 'seeds', 'pop', 'add', 'chopped', 'onion', 'sautee', 'till', 'translucent', 'reduce', 'heat', 'medium', 'low', 'add', 'pan', 'steamed', 'spinach', 'cumin', 'coriander', 'salt', 'cayenne', 'remove', 'pan', 'heat', 'add', 'chopped', 'cilantro', 'stir', 'serve', 'favorite', 'indian', 'main', 'dish']",Indian
1942,"['heat', 'the', 'oil', 'in', 'a', 'large', 'skillet', 'over', 'medium', 'heat', 'put', 'rice', 'on', 'to', 'cook', 'according', 'to', 'package', 'directions', 'season', 'the', 'chicken', 'with', 'salt', 'and', 'pepper', 'cook', 'until', 'golden', 'brown', 'about', '3', 'minutes', 'per', 'side', 'transfer', 'to', 'a', 'plate', 'add', 'the', 'onion', 'and', 'cook', 'stirring', 'occasionally', 'until', 'slightly', 'soft', '5', 'minutes', 'add', 'the', 'olives', 'garlic', 'and', 'tomatoes', 'and', 'cook', 'stirring', 'for', '2', 'minutes', 'more', 'return', 'the', 'chicken', 'to', 'the', 'skillet', 'add', 'the', 'wine', 'and', 'bring', 'to', 'a', 'simmer', 'cook', 'until', 'the', 'chicken', 'is', 'cooked', 'through', 'and', 'the', 'sauce', 'has', 'slightly', 'thickened', '4', 'to', '6', 'minutes', 'stir', 'in', 'the', 'parsley', 'divide', 'the', 'chicken', 'among', 'individual', 'plates', 'and', 'spoon', 'the', 'sauce', 'over', 'the', 'top', 'serve', 'with', 'the', 'rice']","['heat', 'oil', 'large', 'skillet', 'medium', 'heat', 'put', 'rice', 'cook', 'according', 'package', 'directions', 'season', 'chicken', 'salt', 'pepper', 'cook', 'golden', 'brown', 'per', 'side', 'transfer', 'plate', 'add', 'onion', 'cook', 'stirring', 'occasionally', 'slightly', 'soft', 'add', 'olives', 'garlic', 'tomatoes', 'cook', 'stirring', 'return', 'chicken', 'skillet', 'add', 'wine', 'bring', 'simmer', 'cook', 'chicken', 'cooked', 'sauce', 'slightly', 'thickened', 'stir', 'parsley', 'divide', 'chicken', 'among', 'individual', 'plates', 'spoon', 'sauce', 'top', 'serve', 'rice']",Italian
4954,"['in', 'a', 'large', 'soup', 'pot', 'melt', 'butter', 'over', 'medium', 'heat', 'and', 'add', 'onion', 'and', 'sauté', 'until', 'golden', 'add', 'the', 'escarole', 'to', 'the', 'pot', 'and', 'a', 'pinch', 'of', 'salt', 'and', 'stir', 'to', 'coat', 'well', 'with', 'the', 'onion', 'and', 'butter', 'add', 'broth', 'and', 'bring', 'to', 'a', 'boil', 'add', 'the', 'rice', 'and', 'cover', 'adjust', 'the', 'heat', 'to', 'bring', 'the', 'soup', 'to', 'a', 'simmer', 'let', 'simmer', '20', '25', 'minutes', 'stirring', 'occasionally', 'until', 'rice', 'is', 'al', 'dente', 'add', 'cheese', 'and', 'serve', 'immediately']","['large', 'soup', 'pot', 'melt', 'butter', 'medium', 'heat', 'add', 'onion', 'sauté', 'golden', 'add', 'escarole', 'pot', 'pinch', 'salt', 'stir', 'coat', 'well', 'onion', 'butter', 'add', 'broth', 'bring', 'boil', 'add', 'rice', 'cover', 'adjust', 'heat', 'bring', 'soup', 'simmer', 'let', 'simmer', 'stirring', 'occasionally', 'rice', 'al', 'dente', 'add', 'cheese', 'serve', 'immediately']",Italian
6103,"['cook', 'spaghetti', '1-', '2', 'minutes', 'less', 'than', 'package', 'directions', 'melt', 'half', 'the', 'butter', 'in', 'skillet', 'and', 'sauté', 'sliced', 'mushrooms', 'for', '5', 'minute', 'melt', 'remaining', 'butter', 'in', 'a', 'saucepan', 'stir', 'in', 'flour', 'until', 'smooth', 'gradually', 'add', 'chicken', 'broth', 'and', 'cream', 'stirring', 'constantly', 'until', 'it', 'reaches', 'boiling', 'point', 'cook', 'on', 'low', 'heat', 'for', '10', 'minutes', 'stir', 'in', 'salt', 'pepper', 'nutmeg', 'wine', 'and', 'swiss', 'cheese', 'until', 'cheese', 'melts', 'mix', '1/2', 'of', 'the', 'sauce', 'with', 'the', 'mushrooms', 'and', 'spaghetti', 'mix', 'remaining', 'half', 'of', 'the', 'sauce', 'with', 'the', 'chicken', 'layer', 'in', 'a', 'large', 'casserole', 'or', 'in', 'two', '2', '1/2', 'quart', 'casseroles', 'and', 'freeze', 'one', 'sprinkle', 'with', 'parmesan', 'cheese', 'bake', 'in', 'a', '350°f', 'oven', 'for', '25', 'minutes', 'or', 'until', 'heated', 'through', 'and', 'browned', 'to', 'cook', 'when', 'frozen', 'place', 'covered', 'in', 'preheated', '325°f', 'oven', 'for', '20', 'minutes', 'remove', 'cover', 'and', 'sprinkle', 'with', '1/4', 'cup', 'parmesan', 'cheese', 'raise', 'oven', 'temperature', 'to', '350°f', 'and', 'bake', 'for', '20', 'minutes', 'or', 'until', 'browned']","['cook', 'spaghetti', 'less', 'package', 'directions', 'melt', 'half', 'butter', 'skillet', 'sauté', 'sliced', 'mushrooms', 'melt', 'remaining', 'butter', 'saucepan', 'stir', 'flour', 'smooth', 'gradually', 'add', 'chicken', 'broth', 'cream', 'stirring', 'constantly', 'reaches', 'boiling', 'point', 'cook', 'low', 'heat', 'stir', 'salt', 'pepper', 'nutmeg', 'wine', 'swiss', 'cheese', 'cheese', 'melts', 'mix', 'sauce', 'mushrooms', 'spaghetti', 'mix', 'remaining', 'half', 'sauce', 'chicken', 'layer', 'large', 'casserole', 'two', 'casseroles', 'freeze', 'one', 'sprinkle', 'parmesan', 'cheese', 'bake', '350°f', 'oven', 'heated', 'browned', 'cook', 'frozen', 'place', 'covered', 'preheated', '325°f', 'oven', 'remove', 'cover', 'sprinkle', 'parmesan', 'cheese', 'raise', 'oven', 'temperature', '350°f', 'bake', 'browned']",Italian
10750,"['clean', 'any', 'fibrous', 'threads', 'from', 'the', 'stems', 'chop', 'the', 'vegetables', 'into', 'thin', 'slanted', 'slivers', 'heat', 'oil', 'in', 'a', 'pan', 'add', 'ginger', 'and', 'garlic', 'saute', 'for', 'a', 'minute', 'add', 'vegetables', 'stir', 'fry', 'till', 'tender', 'add', 'water', 'and', 'bring', 'to', 'a', 'boil', 'mix', 'cornflour', 'in', '1/2', 'cup', 'cold', 'water', 'add', 'to', 'soup', 'stirring', 'continuously', 'till', 'it', 'comes', 'back', 'to', 'a', 'boil', 'add', 'the', 'chilli', 'sugar', 'salt', 'soya', 'sauce', 'and', 'boil', 'till', 'thickened', 'like', 'cornsoup', 'serve', 'fresh', 'and', 'piping', 'hot']","['clean', 'fibrous', 'threads', 'stems', 'chop', 'vegetables', 'thin', 'slanted', 'slivers', 'heat', 'oil', 'pan', 'add', 'ginger', 'garlic', 'saute', 'add', 'vegetables', 'stir', 'fry', 'till', 'tender', 'add', 'water', 'bring', 'boil', 'mix', 'cornflour', 'cold', 'water', 'add', 'soup', 'stirring', 'continuously', 'till', 'comes', 'back', 'boil', 'add', 'chilli', 'sugar', 'salt', 'soya', 'sauce', 'boil', 'till', 'thickened', 'like', 'cornsoup', 'serve', 'fresh', 'piping', 'hot']",Indian
8294,"['put', 'madras', 'curry', 'paste', 'into', 'a', 'cold', 'deep', 'frying', 'pan', 'when', 'paste', 'becomes', 'fragrant', 'and', 'starts', 'to', 'sizzle', 'add', 'diced', 'chicken', 'meat', 'until', 'browned', 'remove', 'chicken', 'from', 'frying', 'pan', 'and', 'set', 'aside', 'put', 'oil', 'into', 'pan', 'and', 'add', 'diced', 'onion', 'and', 'minced', 'garlic', 'cook', 'until', 'soft', 'add', 'chopped', 'red', 'peppers', 'or', 'whatever', 'veggies', 'you', 'might', 'have', 'hanging', 'around', 'that', 'need', 'to', 'be', 'used', 'up', 'use', 'whatever', 'strikes', 'your', 'fancy', 'cook', 'until', 'slightly', 'soft', 'add', 'chicken', 'to', 'vegetable', 'mix', 'and', 'stir', 'in', 'the', 'coconut', 'milk', 'add', 'salt', 'pepper', 'and', 'chili', 'flakes', 'if', 'required', 'simmer', 'over', 'low-medium', 'heat', 'for', 'at', 'least', '20', 'minutes', 'to', 'let', 'flavours', 'blend', '20', 'minutes', 'is', 'just', 'enough', 'time', 'to', 'check', 'email', 'and', 'have', 'a', 'glass', 'of', 'red', 'while', 'the', 'man', 'runs', 'up', 'to', 'the', 'local', 'corner', 'indian', 'joint', 'for', 'hot', 'fresh', 'cheap', 'authentic', 'naan', 'bread', 'stir', 'occasionally', 'pour', 'more', 'wine', 'and', 'serve', 'with', 'piping', 'hot', 'naan', 'bread', 'and', 'basmati', 'rice']","['put', 'madras', 'curry', 'paste', 'cold', 'deep', 'frying', 'pan', 'paste', 'becomes', 'fragrant', 'starts', 'sizzle', 'add', 'diced', 'chicken', 'meat', 'browned', 'remove', 'chicken', 'frying', 'pan', 'set', 'aside', 'put', 'oil', 'pan', 'add', 'diced', 'onion', 'minced', 'garlic', 'cook', 'soft', 'add', 'chopped', 'red', 'peppers', 'whatever', 'veggies', 'might', 'hanging', 'around', 'need', 'used', 'use', 'whatever', 'strikes', 'fancy', 'cook', 'slightly', 'soft', 'add', 'chicken', 'vegetable', 'mix', 'stir', 'coconut', 'milk', 'add', 'salt', 'pepper', 'chili', 'flakes', 'required', 'simmer', 'low', 'medium', 'heat', 'least', 'let', 'flavours', 'blend', 'enough', 'time', 'check', 'email', 'glass', 'red', 'man', 'runs', 'local', 'corner', 'indian', 'joint', 'hot', 'fresh', 'cheap', 'authentic', 'naan', 'bread', 'stir', 'occasionally', 'pour', 'wine', 'serve', 'piping', 'hot', 'naan', 'bread', 'basmati', 'rice']",Indian
2391,"['chop', 'the', 'garlic', 'grind', 'the', 'garlic', 'peppercorns', 'salt', 'thyme', 'basil', 'and', 'oregano', 'together', 'with', 'a', 'mortar', 'and', 'pestle', 'start', 'frying', 'these', 'ground', 'ingredients', 'in', 'a', 'large', 'frying', 'pan', 'with', 'a', 'little', 'oil', 'fry', 'for', 'a', 'few', 'seconds', 'add', 'the', 'ground', 'beef', 'now', 'boil', 'some', 'water', 'add', 'the', 'lasagna', 'noodles', 'chop', 'the', 'mushrooms', 'onions', 'and', 'any', 'vegetables', 'up', 'add', 'to', 'the', 'frying', 'meat', 'when', 'the', 'beef', 'is', 'fully', 'cooked', 'add', 'the', 'spaghetti', 'sauce', 'tomatoes', 'and', 'tomato', 'paste', 'continue', 'cooking', 'until', 'the', 'vegetables', 'are', 'cooked', 'when', 'the', 'lasagne', 'noodles', 'are', 'cooked', 'preheat', 'the', 'oven', 'to', '350°f', 'grate', 'the', 'mozzarella', 'crumble', 'the', 'ricotta', 'and', 'parmesan', 'and', 'mix', 'the', '3', 'cheeses', 'together', 'in', 'a', 'lasagne', 'pan', 'layer', 'the', 'ingredients', 'starting', 'with', 'sauce', 'then', 'noodles', 'then', 'cheese', 'put', '3', 'layers', 'of', 'noodles', 'and', 'then', 'more', 'sauce', 'on', 'the', 'top', 'and', 'finally', 'add', 'some', 'more', 'parmesan', 'to', 'the', 'top', 'bake', 'in', 'the', 'oven', 'for', 'about', '30', 'minutes']","['chop', 'garlic', 'grind', 'garlic', 'peppercorns', 'salt', 'thyme', 'basil', 'oregano', 'together', 'mortar', 'pestle', 'start', 'frying', 'ground', 'ingredients', 'large', 'frying', 'pan', 'little', 'oil', 'fry', 'seconds', 'add', 'ground', 'beef', 'boil', 'water', 'add', 'lasagna', 'noodles', 'chop', 'mushrooms', 'onions', 'vegetables', 'add', 'frying', 'meat', 'beef', 'fully', 'cooked', 'add', 'spaghetti', 'sauce', 'tomatoes', 'tomato', 'paste', 'continue', 'cooking', 'vegetables', 'cooked', 'lasagne', 'noodles', 'cooked', 'preheat', 'oven', '350°f', 'grate', 'mozzarella', 'crumble', 'ricotta', 'parmesan', 'mix', 'cheeses', 'together', 'lasagne', 'pan', 'layer', 'ingredients', 'starting', 'sauce', 'noodles', 'cheese', 'put', 'layers', 'noodles', 'sauce', 'top', 'finally', 'add', 'parmesan', 'top', 'bake', 'oven']",Italian
324,"['preheat', 'the', 'oven', 'to', '450°f', 'place', 'the', 'tomatoes', 'in', 'a', 'small', 'saucepan', 'and', 'bring', 'to', 'a', 'simmer', 'over', 'medium', 'heat', 'cook', 'for', '10', 'minutes', 'remove', 'from', 'heat', 'and', 'reserve', 'heat', '1/4', 'cup', 'of', 'the', 'olive', 'oil', 'in', 'a', 'large', 'saucepan', 'over', 'medium', 'flame', 'add', 'the', 'onion', 'and', 'garlic', 'and', 'sauté', 'stirring', 'for', '3', 'minutes', 'or', 'until', 'lightly', 'browned', 'add', 'the', 'diced', 'zucchini', 'and', 'continue', 'cooking', 'until', 'lightly', 'browned', 'stir', 'in', 'the', 'reserved', 'tomatoes', 'the', 'basil', 'parsley', '1', 'teaspoon', 'salt', 'and', '1/2', 'teaspoon', 'pepper', 'remove', 'from', 'the', 'heat', 'and', 'cool', 'in', 'a', 'large', 'mixing', 'bowl', 'combine', 'the', 'bread', 'crumbs', 'and', 'cheese', 'add', 'the', 'cooled', 'zucchini', 'mixture', 'and', 'the', 'beaten', 'egg', 'stirring', 'until', 'all', 'ingredients', 'are', 'thoroughly', 'combined', 'lightly', 'coat', 'a', 'baking', 'dish', 'with', 'oil', 'place', 'the', 'mushrooms', 'cap', 'side', 'down', 'in', 'one', 'layer', 'in', 'the', 'dish', 'season', 'with', 'the', 'remaining', 'salt', 'and', 'pepper', 'and', 'fill', 'with', 'the', 'zucchini', 'mixture', 'bake', 'in', 'the', 'oven', 'for', '20', 'to', '25', 'minutes', 'or', 'until', 'a', 'light', 'crust', 'forms', 'serve', 'hot']","['preheat', 'oven', '450°f', 'place', 'tomatoes', 'small', 'saucepan', 'bring', 'simmer', 'medium', 'heat', 'cook', 'remove', 'heat', 'reserve', 'heat', 'olive', 'oil', 'large', 'saucepan', 'medium', 'flame', 'add', 'onion', 'garlic', 'sauté', 'stirring', 'lightly', 'browned', 'add', 'diced', 'zucchini', 'continue', 'cooking', 'lightly', 'browned', 'stir', 'reserved', 'tomatoes', 'basil', 'parsley', 'salt', 'pepper', 'remove', 'heat', 'cool', 'large', 'mixing', 'bowl', 'combine', 'bread', 'crumbs', 'cheese', 'add', 'cooled', 'zucchini', 'mixture', 'beaten', 'egg', 'stirring', 'ingredients', 'thoroughly', 'combined', 'lightly', 'coat', 'baking', 'dish', 'oil', 'place', 'mushrooms', 'cap', 'side', 'one', 'layer', 'dish', 'season', 'remaining', 'salt', 'pepper', 'fill', 'zucchini', 'mixture', 'bake', 'oven', 'light', 'crust', 'forms', 'serve', 'hot']",Italian
5144,"['whisk', 'all', 'ingredients', 'together', 'garlic', 'should', 'be', 'in', 'a', 'few', 'chunky', 'pieces', 'let', 'sit', 'over', 'night', 'in', 'a', 'covered', 'container', 'in', 'the', 'refrigerator', 'to', 'get', 'full', 'flavor']","['whisk', 'ingredients', 'together', 'garlic', 'chunky', 'pieces', 'let', 'sit', 'night', 'covered', 'container', 'refrigerator', 'get', 'full', 'flavor']",Italian
12749,"['cut', 'the', 'block', 'of', 'cottage', 'cheese', 'into', '3', 'x', '3', 'cm', 'cubes', 'of', '1', 'cm', 'thickness', 'spread', 'spoonfuls', 'of', 'ketchup', 'on', 'one', 'side', 'of', 'the', 'cottage', 'cheese', 'square', 'place', 'another', 'cottage', 'cheese', 'square', 'over', 'it', 'to', 'form', 'a', 'sandwich', 'likewise', 'repeat', 'for', 'all', 'the', 'cottage', 'cheese', 'squares', 'keep', 'aside', 'on', 'a', 'plate', 'lightly', 'beat', 'the', 'eggs', 'one', 'at', 'a', 'time', 'in', 'a', 'bowl', 'empty', 'the', 'knorr', 'coating', 'mix', 'on', 'a', 'plate', 'heat', 'oil', 'in', 'a', 'wok', 'dip', 'each', 'cottage', 'cheese', 'sandwich', 'first', 'in', 'the', 'egg', 'and', 'then', 'in', 'the', 'coating', 'mix', 'deep', 'fry', 'in', 'hot', 'oil', 'on', 'medium', 'flame', 'until', 'golden', 'brown', 'in', 'colour', 'drain', 'on', 'clean', 'paper', 'kitchen', 'napkins', 'serve', 'hot', 'as', 'an', 'appetiser']","['cut', 'block', 'cottage', 'cheese', 'x', 'cm', 'cubes', 'cm', 'thickness', 'spread', 'spoonfuls', 'ketchup', 'one', 'side', 'cottage', 'cheese', 'square', 'place', 'another', 'cottage', 'cheese', 'square', 'form', 'sandwich', 'likewise', 'repeat', 'cottage', 'cheese', 'squares', 'keep', 'aside', 'plate', 'lightly', 'beat', 'eggs', 'one', 'time', 'bowl', 'empty', 'knorr', 'coating', 'mix', 'plate', 'heat', 'oil', 'wok', 'dip', 'cottage', 'cheese', 'sandwich', 'first', 'egg', 'coating', 'mix', 'deep', 'fry', 'hot', 'oil', 'medium', 'flame', 'golden', 'brown', 'colour', 'drain', 'clean', 'paper', 'kitchen', 'napkins', 'serve', 'hot', 'appetiser']",Indian
12834,"['dry', 'roast', 'the', 'almonds', 'coconut', 'in', 'frying', 'pan', 'until', 'browned', '—', 'but', 'not', 'burned', 'set', 'aside', 'heat', 'oil', 'in', 'frying', 'pan', 'fry', 'onion', 'stirring', 'until', 'golden', 'brown', 'mix', 'ginger', 'garlic', 'chillies', 'garam', 'masala', 'salt', 'with', 'the', 'yoghurt', 'add', 'the', 'nuts', 'mix', 'well', 'add', 'the', 'onions', 'mix', 'well', 'set', 'side', 'arrange', 'chicken', 'in', 'ovenproof', 'dish', 'spoon', 'over', 'the', 'yoghurt', 'mix', 'oven', '160o', 'c', 'for', '35—45', 'mins', 'fan', 'oven', '140o', 'c', 'for', '25—35', 'mins', 'check', 'juices', 'run', 'clear', 'when', 'chicken', 'pierced', 'with', 'knife', 'or', 'skewer', 'garnish', 'with', 'lemon', 'wedges', 'coriander', 'leaves', 'serve', 'with', 'a', 'salad', 'if', 'you', 'don', '’', 't', 'have', 'fresh', 'chillies', 'use', '1', '–', '2', 'tsp', 'chilli', 'powder', 'for', 'a', 'spicier', 'dish', 'add', 'more', 'chilli', 'garlic', 'garam', 'masala']","['dry', 'roast', 'almonds', 'coconut', 'frying', 'pan', 'browned', '—', 'burned', 'set', 'aside', 'heat', 'oil', 'frying', 'pan', 'fry', 'onion', 'stirring', 'golden', 'brown', 'mix', 'ginger', 'garlic', 'chillies', 'garam', 'masala', 'salt', 'yoghurt', 'add', 'nuts', 'mix', 'well', 'add', 'onions', 'mix', 'well', 'set', 'side', 'arrange', 'chicken', 'ovenproof', 'dish', 'spoon', 'yoghurt', 'mix', 'oven', '160o', 'c', '35—45', 'mins', 'fan', 'oven', '140o', 'c', '25—35', 'mins', 'check', 'juices', 'run', 'clear', 'chicken', 'pierced', 'knife', 'skewer', 'garnish', 'lemon', 'wedges', 'coriander', 'leaves', 'serve', 'salad', '’', 'fresh', 'chillies', 'use', '–', 'chilli', 'powder', 'spicier', 'dish', 'add', 'chilli', 'garlic', 'garam', 'masala']",Indian
1971,"['score', 'sausages', 'every', '1/2', 'inch', 'cook', 'sausage', 'in', 'large', 'skillet', '15', 'minutes', 'drain', 'on', 'paper', 'towels', 'pour', 'off', 'drippings', 'reserving', '3', 'tb', 'of', 'drippings', 'place', 'the', '3', 'tb', 'drippings', 'back', 'into', 'skillet', 'add', 'onion', 'and', 'green', 'peppers', 'saute', '5', 'minutes', 'or', 'until', 'tender', 'add', 'salt', 'sugar', 'and', 'italian', 'seasonings', 'place', 'sausages', 'on', 'top', 'and', 'cook', 'additional', '5', 'minutes', 'covered', 'cut', 'out', 'centers', 'of', 'rolls', 'making', 'a', 'boat', 'shape', 'spread', 'some', 'butter', 'on', 'inside', 'of', 'each', 'roll', 'then', 'fill', 'the', 'rolls', 'with', 'handful', 'of', 'cheese', 'bake', 'rolls', 'at', '350', 'on', 'cookie', 'sheet', 'for', '10', 'minutes', 'remove', 'from', 'oven', 'and', 'place', 'sausage', 'into', 'each', 'boat', 'cover', 'each', 'with', 'onion', 'pepper', 'mixture']","['score', 'sausages', 'every', 'cook', 'sausage', 'large', 'skillet', 'drain', 'paper', 'towels', 'pour', 'drippings', 'reserving', 'tb', 'drippings', 'place', 'tb', 'drippings', 'back', 'skillet', 'add', 'onion', 'green', 'peppers', 'saute', 'tender', 'add', 'salt', 'sugar', 'italian', 'seasonings', 'place', 'sausages', 'top', 'cook', 'additional', 'covered', 'cut', 'centers', 'rolls', 'making', 'boat', 'shape', 'spread', 'butter', 'inside', 'roll', 'fill', 'rolls', 'handful', 'cheese', 'bake', 'rolls', 'cookie', 'sheet', 'remove', 'oven', 'place', 'sausage', 'boat', 'cover', 'onion', 'pepper', 'mixture']",Italian
6057,"['cut', 'bread', 'into', '1', ""''"", 'cubes', 'in', 'bowl', 'toss', 'bread', 'with', '1/4', 'cup', 'olive', 'oil', 'and', '2', 'cloves', 'garlic', 'place', 'on', 'baking', 'sheet', 'and', 'toast', 'for', '5', 'minutes', 'on', '350', 'degree', 'oven', 'cut', 'tomatoes', 'into', '1', ""''"", 'pieces', 'place', 'in', 'bowl', 'with', 'red', 'onion', 'basil', 'leaves', 'oliveoil', 'vinegar', 'salt', 'and', 'pepper', 'to', 'tast', 'toss', 'in', 'toasted', 'bread', 'allow', 'to', 'sit', 'for', '1/2', 'hour', 'tossing', 'often', 'bread', 'should', 'be', 'soft', 'and', 'saturated', 'slightly', 'with', 'the', 'oil', 'and', 'vinegar', 'taste', 'for', 'seasoning', 'serve', 'with', 'shaved', 'romano', 'cheese', 'on', 'top', 'you', 'can', 'add', 'grilled', 'shrimp', 'kalamata', 'olives', 'or', 'grilled', 'chicken', 'strips', 'to', 'the', 'salad', 'for', 'a', 'complete', 'one', 'dish', 'meal']","['cut', 'bread', ""''"", 'cubes', 'bowl', 'toss', 'bread', 'olive', 'oil', 'cloves', 'garlic', 'place', 'baking', 'sheet', 'toast', 'oven', 'cut', 'tomatoes', ""''"", 'pieces', 'place', 'bowl', 'red', 'onion', 'basil', 'leaves', 'oliveoil', 'vinegar', 'salt', 'pepper', 'tast', 'toss', 'toasted', 'bread', 'allow', 'sit', 'tossing', 'often', 'bread', 'soft', 'saturated', 'slightly', 'oil', 'vinegar', 'taste', 'seasoning', 'serve', 'shaved', 'romano', 'cheese', 'top', 'add', 'grilled', 'shrimp', 'kalamata', 'olives', 'grilled', 'chicken', 'strips', 'salad', 'complete', 'one', 'dish', 'meal']",Italian
4251,"['toss', 'the', 'shrimp', 'with', 'lemon', 'juice', 'heat', 'the', 'butter', 'and', 'oil', 'in', 'a', 'large', 'saute', 'pan', 'over', 'medium', 'heat', 'and', 'add', 'the', 'mushrooms', 'saute', '3-4', 'minutes', 'stirring', 'occasionally', 'then', 'add', 'the', 'shrimp', 'and', 'cook', 'for', 'another', '2', 'minutes', 'season', 'with', 'salt', 'and', 'pepper', 'add', 'the', 'onions', 'and', 'cook', 'another', '2', 'minutes', 'remove', 'shrimp', 'mushroom', 'and', 'onion', 'mixture', 'from', 'pan', 'and', 'save', 'on', 'a', 'plate', 'deglaze', 'the', 'saute', 'pan', 'with', 'the', 'wine', 'allowing', 'it', 'to', 'come', 'to', 'a', 'boil', 'reduce', 'the', 'wine', 'by', 'half', 'add', '1/2', 'of', 'the', 'cream', 'stir', 'reducing', 'the', 'heat', 'to', 'medium', 'beat', 'the', 'egg', 'yolks', 'with', 'the', 'remaining', 'cream', 'add', 'a', 'little', 'of', 'the', 'hot', 'cream/wine', 'mixture', 'to', 'the', 'yolks', 'to', 'temper', 'them', 'beat', 'well', 'and', 'then', 'add', 'the', 'eg', 'mixture', 'to', 'the', 'sauce', 'correct', 'the', 'seasonings', 'return', 'the', 'onion/shrimp/mushrooms', 'back', 'into', 'the', 'sauce', 'and', 'toss', 'with', 'hot', 'freshly', 'cooked', 'pasta', 'al', 'dente', 'garnish', 'with', 'a', 'lemon', 'slice', 'and', 'serve', 'enjoy']","['toss', 'shrimp', 'lemon', 'juice', 'heat', 'butter', 'oil', 'large', 'saute', 'pan', 'medium', 'heat', 'add', 'mushrooms', 'saute', 'stirring', 'occasionally', 'add', 'shrimp', 'cook', 'another', 'season', 'salt', 'pepper', 'add', 'onions', 'cook', 'another', 'remove', 'shrimp', 'mushroom', 'onion', 'mixture', 'pan', 'save', 'plate', 'deglaze', 'saute', 'pan', 'wine', 'allowing', 'come', 'boil', 'reduce', 'wine', 'half', 'add', 'cream', 'stir', 'reducing', 'heat', 'medium', 'beat', 'egg', 'yolks', 'remaining', 'cream', 'add', 'little', 'hot', 'cream/wine', 'mixture', 'yolks', 'temper', 'beat', 'well', 'add', 'eg', 'mixture', 'sauce', 'correct', 'seasonings', 'return', 'onion/shrimp/mushrooms', 'back', 'sauce', 'toss', 'hot', 'freshly', 'cooked', 'pasta', 'al', 'dente', 'garnish', 'lemon', 'slice', 'serve', 'enjoy']",Italian
6925,"['preheat', 'the', 'oven', 'to', 'about', '375°f', 'wash', 'the', 'bitter', 'melon', 'and', 'slice', 'them', 'using', 'a', 'mandolin', 'slicer', 'into', 'thin', 'round', 'slices', 'mix', 'with', 'salt', 'turmeric', 'and', 'chilli', 'powder', 'and', 'marinate', 'for', 'about', '1/2', 'an', 'hour', 'squeeze', 'excess', 'moisture', 'out', 'spread', 'foil', 'on', 'a', 'baking', 'tray', 'and', 'grease', 'it', 'with', 'about', 'a', 'tbsp', 'oil', 'toss', 'the', 'bitter', 'melon', 'slices', 'with', '2', 'tbsp', 'oil', 'and', 'spread', 'them', 'on', 'the', 'baking', 'tray', 'bake', 'for', 'about', '5-7', 'mins', 'and', 'then', 'broil', 'it', 'for', '7', 'minutes', 'depending', 'on', 'the', 'type', 'of', 'your', 'oven', 'the', 'broiling', 'might', 'be', 'a', 'few', 'mins', 'more', 'or', 'less', 'crispy', 'karela', 'without', 'frying']","['preheat', 'oven', '375°f', 'wash', 'bitter', 'melon', 'slice', 'using', 'mandolin', 'slicer', 'thin', 'round', 'slices', 'mix', 'salt', 'turmeric', 'chilli', 'powder', 'marinate', 'squeeze', 'excess', 'moisture', 'spread', 'foil', 'baking', 'tray', 'grease', 'oil', 'toss', 'bitter', 'melon', 'slices', 'oil', 'spread', 'baking', 'tray', 'bake', 'mins', 'broil', 'depending', 'type', 'oven', 'broiling', 'might', 'mins', 'less', 'crispy', 'karela', 'without', 'frying']",Indian
1196,"['clean', 'and', 'remove', 'stems', 'of', 'mushrooms', 'and', 'baste', 'mushrooms', 'with', 'melted', 'butter', 'combine', 'all', 'ingredients', 'except', 'for', 'the', 'mushrooms', 'and', 'stir', 'until', 'mixture', 'is', 'well', 'blended', 'fill', 'the', 'mushrooms', 'with', 'the', 'mixture', 'mounding', 'the', 'mixture', 'high', 'into', 'the', 'caps', 'bake', 'in', 'a', '350', 'f', 'oven', 'until', 'hot', 'then', 'broil', 'for', 'a', 'few', 'seconds', 'until', 'lightly', 'browned']","['clean', 'remove', 'stems', 'mushrooms', 'baste', 'mushrooms', 'melted', 'butter', 'combine', 'ingredients', 'except', 'mushrooms', 'stir', 'mixture', 'well', 'blended', 'fill', 'mushrooms', 'mixture', 'mounding', 'mixture', 'high', 'caps', 'bake', 'f', 'oven', 'hot', 'broil', 'seconds', 'lightly', 'browned']",Italian
3817,"['in', 'a', 'large', 'bowl', 'cream', 'together', 'sugar', 'and', 'softened', 'butter', 'to', 'this', 'add', 'egg', 'yolks', 'one', 'at', 'a', 'time', 'alternating', 'between', 'flour', 'also', 'added', 'a', 'bit', 'at', 'a', 'time', 'add', '1', 'tbsp', 'water', 'at', 'a', 'time', 'until', 'all', 'is', 'incorporated', 'and', 'dough', 'is', 'smooth', 'set', 'aside', 'and', 'keep', 'in', 'a', 'cool', 'place', 'to', 'rest', 'until', 'ready', 'to', 'roll', 'out', 'while', 'you', 'prepare', 'the', 'filling', 'filling', 'i', 'do', 'all', 'this', 'is', 'a', 'food', 'processor', 'but', 'it', 'can', 'be', 'done', 'with', 'an', 'electric', 'mixer', 'easily', 'add', 'the', 'cheese', 'eggs', 'sugar', 'orange', 'water', 'zest', 'of', 'lemon', 'zest', 'of', 'orange', 'and', 'mix', 'well', 'until', 'smooth', 'set', 'aside', 'mix', 'in', 'cherries', 'and', 'citron', 'by', 'hand', 'on', 'a', 'lightly', 'floured', 'surface', 'roll', 'out', 'dough', '1/4-inch', 'thick', 'and', 'fit', 'into', 'the', 'bottom', 'and', 'up', 'the', 'sides', 'of', 'a', '15', ""''"", 'round', '4', ""''"", 'high', 'cake', 'pan', 'this', 'dough', 'is', 'very', 'forgiving', 'and', 'can', 'be', 'manipulated', 'easily', 'to', 'fit', 'the', 'pan', 'and', 'to', 'patch', 'torn', 'areas', 'if', 'you', 'have', 'extra', 'dough', 'roll', 'and', 'cutout', 'thin', 'strips', 'to', 'place', 'on', 'top', 'of', 'filling', 'in', 'a', 'lattice', 'pattern', 'on', 'top', 'of', 'dough', 'cut', 'and', 'place', '1/2-inch', 'slices', 'of', 'sponge', 'cake', 'to', 'fit', 'around', 'the', 'bottom', 'of', 'the', 'pan', 'sprinkle', 'the', 'chocolate', 'chips', 'on', 'top', 'of', 'sponge', 'cake', 'pour', 'batter', 'into', 'pan', 'top', 'with', 'lattice', 'strips', 'preheat', 'oven', 'temperature', 'to', '375', 'degrees', 'bake', 'for', '1-1/4', 'hours', 'turn', 'off', 'oven', 'and', 'leave', 'the', 'pie', 'in', 'the', 'oven', 'with', 'door', 'open', 'to', 'cool', 'slowly', 'after', 'completely', 'cooled', 'dust', 'the', 'top', 'of', 'the', 'pie', 'with', 'confectionery', 'sugar']","['large', 'bowl', 'cream', 'together', 'sugar', 'softened', 'butter', 'add', 'egg', 'yolks', 'one', 'time', 'alternating', 'flour', 'also', 'added', 'bit', 'time', 'add', 'water', 'time', 'incorporated', 'dough', 'smooth', 'set', 'aside', 'keep', 'cool', 'place', 'rest', 'ready', 'roll', 'prepare', 'filling', 'filling', 'food', 'processor', 'done', 'electric', 'mixer', 'easily', 'add', 'cheese', 'eggs', 'sugar', 'orange', 'water', 'zest', 'lemon', 'zest', 'orange', 'mix', 'well', 'smooth', 'set', 'aside', 'mix', 'cherries', 'citron', 'hand', 'lightly', 'floured', 'surface', 'roll', 'dough', '1/4', 'inch', 'thick', 'fit', 'bottom', 'sides', ""''"", 'round', ""''"", 'high', 'cake', 'pan', 'dough', 'forgiving', 'manipulated', 'easily', 'fit', 'pan', 'patch', 'torn', 'areas', 'extra', 'dough', 'roll', 'cutout', 'thin', 'strips', 'place', 'top', 'filling', 'lattice', 'pattern', 'top', 'dough', 'cut', 'place', '1/2', 'inch', 'slices', 'sponge', 'cake', 'fit', 'around', 'bottom', 'pan', 'sprinkle', 'chocolate', 'chips', 'top', 'sponge', 'cake', 'pour', 'batter', 'pan', 'top', 'lattice', 'strips', 'preheat', 'oven', 'temperature', 'bake', 'turn', 'oven', 'leave', 'pie', 'oven', 'door', 'open', 'cool', 'slowly', 'completely', 'cooled', 'dust', 'top', 'pie', 'confectionery', 'sugar']",Italian
8860,"['peel', 'potatoes', 'cut', 'the', 'larger', 'ones', 'in', 'half', 'and', 'boil', 'for', '20', 'minutes', 'or', 'until', 'soft', 'mix', 'together', 'the', 'flour', '1', 'tablespoon', 'of', 'oil', 'fenugreek', 'powder', 'and', 'salt', 'add', 'a', 'little', 'water', 'until', 'mixture', 'becomes', 'crumbly', 'keep', 'adding', 'water', 'kneading', 'the', 'mixture', 'till', 'it', 'becomes', 'a', 'soft', 'pliable', 'dough', 'knead', 'the', 'dough', 'until', 'dry', 'ingredients', 'are', 'fully', 'blended', 'wrap', 'in', 'plastic', 'wrap', 'and', 'set', 'aside', 'for', '20', 'minutes', 'preheat', 'oven', 'to', '375', 'degrees', 'f.', 'heat', '2', 'tablespoons', 'of', 'olive', 'oil', 'in', 'a', 'pan', 'add', 'ginger', 'garlic', 'and', 'coriander', 'seeds', 'stir', 'fry', 'for', '1', 'minute', 'add', 'onions', 'and', 'saute', 'till', 'light', 'brown', 'add', 'cilantro', 'lemon', 'juice', 'turmeric', 'red', 'chili', 'salt', 'and', 'garam', 'masala', 'stir', 'fry', 'for', '2', 'minutes', 'break', 'potatoes', 'into', 'small', 'pieces', 'but', 'do', ""n't"", 'mash', 'them', 'and', 'add', 'to', 'the', 'pan', 'stir', 'fry', 'for', '2', 'minutes', 'set', 'aside', 'and', 'allow', 'to', 'cool', 'divide', 'dough', 'into', '8', 'equal', 'portions', 'use', 'a', 'rolling', 'pin', 'roll', 'a', 'piece', 'of', 'dough', 'into', 'a', '5', ""''"", 'oval', 'as', 'flat', 'as', 'you', 'can', 'make', 'it', 'cut', 'in', 'half', 'run', 'a', 'moist', 'finger', 'along', 'the', 'perimeter', 'of', 'each', 'half', 'place', 'a', 'tablespoon', 'of', 'the', 'filling', 'into', 'each', 'half', 'fold', 'the', 'dough', 'over', 'to', 'fully', 'cover', 'the', 'filling', 'and', 'press', 'any', 'loose', 'pieces', 'together', 'shape', 'each', 'half', 'into', 'a', 'triangle', 'repeat', 'for', 'remaining', 'dough', 'and', 'filling', 'brush', 'baking', 'sheet', 'with', 'some', 'of', 'the', 'remaining', 'oil', 'and', 'place', 'samosas', 'so', 'they', 'are', ""n't"", 'touching', 'brush', 'the', 'top', 'of', 'each', 'samosa', 'with', 'remaining', 'oil', 'bake', 'for', '10', 'minutes', 'then', 'flip', 'over', 'and', 'bake', 'for', 'another', '10', 'minutes']","['peel', 'potatoes', 'cut', 'larger', 'ones', 'half', 'boil', 'soft', 'mix', 'together', 'flour', 'oil', 'fenugreek', 'powder', 'salt', 'add', 'little', 'water', 'mixture', 'becomes', 'crumbly', 'keep', 'adding', 'water', 'kneading', 'mixture', 'till', 'becomes', 'soft', 'pliable', 'dough', 'knead', 'dough', 'dry', 'ingredients', 'fully', 'blended', 'wrap', 'plastic', 'wrap', 'set', 'aside', 'preheat', 'oven', 'f.', 'heat', 'olive', 'oil', 'pan', 'add', 'ginger', 'garlic', 'coriander', 'seeds', 'stir', 'fry', 'add', 'onions', 'saute', 'till', 'light', 'brown', 'add', 'cilantro', 'lemon', 'juice', 'turmeric', 'red', 'chili', 'salt', 'garam', 'masala', 'stir', 'fry', 'break', 'potatoes', 'small', 'pieces', 'mash', 'add', 'pan', 'stir', 'fry', 'set', 'aside', 'allow', 'cool', 'divide', 'dough', 'equal', 'portions', 'use', 'rolling', 'pin', 'roll', 'piece', 'dough', ""''"", 'oval', 'flat', 'make', 'cut', 'half', 'run', 'moist', 'finger', 'along', 'perimeter', 'half', 'place', 'filling', 'half', 'fold', 'dough', 'fully', 'cover', 'filling', 'press', 'loose', 'pieces', 'together', 'shape', 'half', 'triangle', 'repeat', 'remaining', 'dough', 'filling', 'brush', 'baking', 'sheet', 'remaining', 'oil', 'place', 'samosas', 'touching', 'brush', 'top', 'samosa', 'remaining', 'oil', 'bake', 'flip', 'bake', 'another']",Indian
7924,"['heat', 'oil', 'in', 'a', 'pan', 'fry', 'onions', 'and', 'garlic', 'until', 'golden', 'brown', 'add', 'chicken', 'and', 'fry', 'on', 'high', 'heat', 'until', 'it', 'is', 'nicely', 'brown', 'all', 'over', 'mix', 'all', 'spices', 'and', 'salt', 'in', 'yogurt', 'and', 'add', 'this', 'mix', 'to', 'the', 'chicken', 'cook', 'until', 'chicken', 'is', 'tender', 'you', 'cook', 'it', 'in', 'pressure', 'cooker', 'in', '10', 'minutes', 'garnish', 'with', 'coriander', 'leaves', 'and', 'serve', 'with', 'nan', 'or', 'tandoori', 'roti', 'or', 'chapatti', 'notes', 'you', 'can', 'add', '2', 'tbs', 'dry', 'methi', 'fenugreek', 'leaves', 'also', 'known', 'as', 'kasoori', 'methi', 'while', 'you', 'are', 'frying', 'onions', 'it', 'gives', 'the', 'dish', 'a', 'different', 'flavor', 'tips', 'for', 'cooking', 'with', 'yogurt', 'always', 'use', 'full', 'fat', 'yogurt', 'if', 'possible', 'skimmed', 'milk', 'yogurt', 'sometimes', 'curdles', 'during', 'cooking', 'if', 'you', 'wish', 'to', 'use', 'low', 'fat', 'yogurt', 'add', '1', 'heaped', 'teaspoon', 'of', 'plain', 'or', 'corn', 'flour', 'per', 'cup', 'of', 'yogurt', 'make', 'sure', 'that', 'the', 'dish', 'you', 'are', 'cooking', 'is', 'at', 'room', 'temperature', 'if', 'yogurt', 'is', 'cooked', 'straight', 'from', 'the', 'fridge', 'it', 'may', 'curdle', 'when', 'adding', 'yogurt', 'during', 'cooking', 'take', 'out', 'a', 'few', 'tablespoons', 'of', 'the', 'hot', 'food', 'in', 'a', 'bowl', 'mix', 'yogurt', 'warming', 'it', 'a', 'bit', 'and', 'then', 'stir', 'it', 'back', 'into', 'the', 'hot', 'dish', 'substitute', 'sour', 'cream', 'for', 'yogurt', 'using', 'only', 'half', 'the', 'amount']","['heat', 'oil', 'pan', 'fry', 'onions', 'garlic', 'golden', 'brown', 'add', 'chicken', 'fry', 'high', 'heat', 'nicely', 'brown', 'mix', 'spices', 'salt', 'yogurt', 'add', 'mix', 'chicken', 'cook', 'chicken', 'tender', 'cook', 'pressure', 'cooker', 'garnish', 'coriander', 'leaves', 'serve', 'nan', 'tandoori', 'roti', 'chapatti', 'notes', 'add', 'tbs', 'dry', 'methi', 'fenugreek', 'leaves', 'also', 'known', 'kasoori', 'methi', 'frying', 'onions', 'gives', 'dish', 'different', 'flavor', 'tips', 'cooking', 'yogurt', 'always', 'use', 'full', 'fat', 'yogurt', 'possible', 'skimmed', 'milk', 'yogurt', 'sometimes', 'curdles', 'cooking', 'wish', 'use', 'low', 'fat', 'yogurt', 'add', 'heaped', 'plain', 'corn', 'flour', 'per', 'yogurt', 'make', 'sure', 'dish', 'cooking', 'room', 'temperature', 'yogurt', 'cooked', 'straight', 'fridge', 'may', 'curdle', 'adding', 'yogurt', 'cooking', 'take', 'hot', 'food', 'bowl', 'mix', 'yogurt', 'warming', 'bit', 'stir', 'back', 'hot', 'dish', 'substitute', 'sour', 'cream', 'yogurt', 'using', 'half', 'amount']",Indian
11192,"['skin', 'the', 'chicken', 'and', 'cut', 'into', '8', 'pieces', 'chop', 'tomatoes', 'green', 'chillies', 'coriander', 'leaves', 'onions', 'capsicum', 'heat', 'ghee', 'in', 'wok', 'add', 'red', 'chillies', 'then', 'add', 'onions', 'and', 'saute', 'till', 'light', 'brown', 'add', 'ginger', 'garlic', 'paste', 'and', 'stir', 'for', 'a', 'minute', 'then', 'add', 'coriander', 'powder', 'add', 'tomatoes', 'and', 'fry', 'then', 'add', 'green', 'chillies', 'simmer', 'for', '5-6', 'mins', 'then', 'add', 'chicken', 'and', 'capsicum', 'and', 'cook', 'until', 'fat', 'floats', 'on', 'top', 'and', 'gravy', 'is', 'thick', 'and', 'chicken', 'is', 'cooked', 'sprinkle', 'garam', 'masala', 'add', 'coriander', 'leaves', 'and', 'stir', 'taste', 'for', 'salt', 'and', 'seasoning', 'remove', 'onto', 'a', 'wok', 'garnish', 'with', 'chopped', 'coriander', 'leaves', 'and', 'slices', 'of', 'tomatoes']","['skin', 'chicken', 'cut', 'pieces', 'chop', 'tomatoes', 'green', 'chillies', 'coriander', 'leaves', 'onions', 'capsicum', 'heat', 'ghee', 'wok', 'add', 'red', 'chillies', 'add', 'onions', 'saute', 'till', 'light', 'brown', 'add', 'ginger', 'garlic', 'paste', 'stir', 'add', 'coriander', 'powder', 'add', 'tomatoes', 'fry', 'add', 'green', 'chillies', 'simmer', 'mins', 'add', 'chicken', 'capsicum', 'cook', 'fat', 'floats', 'top', 'gravy', 'thick', 'chicken', 'cooked', 'sprinkle', 'garam', 'masala', 'add', 'coriander', 'leaves', 'stir', 'taste', 'salt', 'seasoning', 'remove', 'onto', 'wok', 'garnish', 'chopped', 'coriander', 'leaves', 'slices', 'tomatoes']",Indian
9553,"['add', 'all', 'the', 'ingredients', 'to', 'a', 'blender', 'or', 'food', 'processor', 'and', 'pulse', 'until', 'almost', 'pureed', 'but', 'still', 'somewhat', 'chunky', 'adjust', 'seasoning', 'and', 'chill', 'before', 'serving']","['add', 'ingredients', 'blender', 'food', 'processor', 'pulse', 'almost', 'pureed', 'still', 'somewhat', 'chunky', 'adjust', 'seasoning', 'chill', 'serving']",Indian
12907,"['baati', 'american', 'drop', 'dumplings', '=================', 'mix', 'flour', 'sooji', 'baking', 'powder', 'and', 'salt', 'in', 'a', 'mixing', 'bowl', 'add', 'milk', 'and', 'stir', 'to', 'make', 'a', 'soft', 'dough', 'add', 'more', 'milk', 'or', 'flour', 'depending', 'on', 'if', 'dough', 'is', 'too', 'thin', 'or', 'too', 'stiff', 'daal', '=================', 'wash', 'both', 'dals', 'together', 'add', '2', 'cups', 'water', 'a', 'pinch', 'of', 'turmeric', 'and', 'cook', 'dal', 'in', 'pressure', 'cooker', '1', 'whistle', 'and', 'low', 'heat', 'for', 'about', '15', 'min', 'let', 'pressure', 'release', 'naturally', 'mix', '1/2', 'tbs', 'garam', 'masala', '1', 'tsp', 'red', 'chilli', 'powder', '1/4', 'tsp', 'haldi', 'turmeric', 'powder', '1/4', 'tsp', 'dhania', 'pwdr', 'coriander', 'in', '1/2', 'cup', 'water', 'to', 'make', 'thin', 'paste', 'put', 'ghee', 'in', 'a', 'pan', 'and', 'heat', 'splutter', '1', 'tsp', 'cumin', 'seeds', '1/2', 'tsp', 'mustard', 'seeds', '1/4', 'tsp', 'coriander', 'seeds', 'add', 'ginger', 'and', 'the', 'paste', 'of', 'spice', 'powders', 'fry', 'for', 'a', 'minute', 'then', 'mix', 'it', 'into', 'the', 'dal', 'add', '2', 'cups', 'of', 'water', 'salt', 'and', 'stir', 'well', 'drop', 'dumpling', 'dough', 'into', 'dal', 'and', 'simmer', 'for', '15', 'minutes', 'without', 'removing', 'cover', 'add', 'lemon', 'juice', 'garnish', 'with', 'chopped', 'coriander', 'serve']","['baati', 'american', 'drop', 'dumplings', '=================', 'mix', 'flour', 'sooji', 'baking', 'powder', 'salt', 'mixing', 'bowl', 'add', 'milk', 'stir', 'make', 'soft', 'dough', 'add', 'milk', 'flour', 'depending', 'dough', 'thin', 'stiff', 'daal', '=================', 'wash', 'dals', 'together', 'add', 'water', 'pinch', 'turmeric', 'cook', 'dal', 'pressure', 'cooker', 'whistle', 'low', 'heat', 'min', 'let', 'pressure', 'release', 'naturally', 'mix', 'tbs', 'garam', 'masala', 'red', 'chilli', 'powder', 'haldi', 'turmeric', 'powder', 'dhania', 'pwdr', 'coriander', 'water', 'make', 'thin', 'paste', 'put', 'ghee', 'pan', 'heat', 'splutter', 'cumin', 'seeds', 'mustard', 'seeds', 'coriander', 'seeds', 'add', 'ginger', 'paste', 'spice', 'powders', 'fry', 'mix', 'dal', 'add', 'water', 'salt', 'stir', 'well', 'drop', 'dumpling', 'dough', 'dal', 'simmer', 'without', 'removing', 'cover', 'add', 'lemon', 'juice', 'garnish', 'chopped', 'coriander', 'serve']",Indian
6474,"['rinse', 'dry', 'beans', 'in', 'a', 'dutch', 'oven', 'combine', 'rinsed', 'beans', 'and', '5', 'cups', 'cold', 'water', 'bring', 'to', 'boiling', 'reduce', 'heat', 'simmer', 'for', '2', 'minutes', 'remove', 'from', 'heat', 'cover', 'and', 'let', 'stand', 'for', '1', 'hour', 'drain', 'and', 'rinse', 'the', 'beans', 'you', 'may', 'also', 'soak', 'beans', 'overnight', 'in', 'cold', 'water', 'in', 'a', 'covered', 'pan', 'then', 'drain', 'and', 'rinse.', 'in', 'a', '3', '1/2', 'or', '4', 'quart', 'crock', 'pot/slow', 'cooker', 'combine', 'beans', '4', 'cups', 'fresh', 'water', 'undrained', 'tomatoes', 'onion', 'bouillon', 'or', 'beef', 'stock', 'garlic', '2', 'teaspoons', 'italian', 'seasoning', 'and', 'pepper', 'cook', 'uncovered', 'on', 'low-heat', 'setting', 'for', '11', 'to', '13', 'hours', 'or', 'on', 'high', 'heat', 'setting', 'for', '5', '1/2', 'to', '6', '1/2', 'hours', 'or', 'until', 'beans', 'are', 'almost', 'tender', 'meanwhile', 'thaw', 'green', 'beans', 'stir', 'into', 'soup', 'cook', 'about', '30', 'minutes', 'on', 'high-heat', 'setting', 'or', 'till', 'beans', 'are', 'tender']","['rinse', 'dry', 'beans', 'dutch', 'oven', 'combine', 'rinsed', 'beans', 'cold', 'water', 'bring', 'boiling', 'reduce', 'heat', 'simmer', 'remove', 'heat', 'cover', 'let', 'stand', 'drain', 'rinse', 'beans', 'may', 'also', 'soak', 'beans', 'overnight', 'cold', 'water', 'covered', 'pan', 'drain', 'rinse.', 'crock', 'pot/slow', 'cooker', 'combine', 'beans', 'fresh', 'water', 'undrained', 'tomatoes', 'onion', 'bouillon', 'beef', 'stock', 'garlic', 'italian', 'seasoning', 'pepper', 'cook', 'uncovered', 'low', 'heat', 'setting', 'high', 'heat', 'setting', 'beans', 'almost', 'tender', 'meanwhile', 'thaw', 'green', 'beans', 'stir', 'soup', 'cook', 'high', 'heat', 'setting', 'till', 'beans', 'tender']",Italian
811,"['cook', 'spaghetti', 'according', 'to', 'package', 'directions', 'meanwhile', 'in', 'a', 'bowl', 'combine', 'the', 'cornstarch', 'water', 'and', 'broth', 'until', 'smooth', 'set', 'aside', 'in', 'a', 'large', 'skillet', 'sauté', 'garlic', 'and', 'cayenne', 'in', 'oil', 'until', 'tender', 'stir', 'broth', 'mixture', 'and', 'add', 'to', 'the', 'pan', 'bring', 'to', 'a', 'boil', 'cook', 'and', 'stir', 'for', '2', 'minutes', 'or', 'until', 'thickened', 'reduce', 'heat', 'add', 'shrimp', 'lemon', 'juice', 'and', 'zest', 'and', 'parsley', 'cook', 'for', '2-4', 'minutes', 'or', 'until', 'heated', 'through', 'drain', 'spaghetti', 'and', 'place', 'in', 'a', 'large', 'bowl', 'toss', 'with', 'the', 'sauce', 'to', 'coat']","['cook', 'spaghetti', 'according', 'package', 'directions', 'meanwhile', 'bowl', 'combine', 'cornstarch', 'water', 'broth', 'smooth', 'set', 'aside', 'large', 'skillet', 'sauté', 'garlic', 'cayenne', 'oil', 'tender', 'stir', 'broth', 'mixture', 'add', 'pan', 'bring', 'boil', 'cook', 'stir', 'thickened', 'reduce', 'heat', 'add', 'shrimp', 'lemon', 'juice', 'zest', 'parsley', 'cook', 'heated', 'drain', 'spaghetti', 'place', 'large', 'bowl', 'toss', 'sauce', 'coat']",Italian
5301,"['place', 'slices', 'of', 'bread', 'on', 'serving', 'tray', 'and', 'drizzle', 'lightly', 'with', 'olive', 'oil', 'and', 'vinegar', 'layer', 'cheese', 'one', 'or', 'two', 'slices', 'of', 'prosciutto', 'and', 'tomato', 'on', 'each', 'piece', 'of', 'bread', 'sprinkle', 'with', 'parsley', 'as', 'a', 'garnish']","['place', 'slices', 'bread', 'serving', 'tray', 'drizzle', 'lightly', 'olive', 'oil', 'vinegar', 'layer', 'cheese', 'one', 'two', 'slices', 'prosciutto', 'tomato', 'piece', 'bread', 'sprinkle', 'parsley', 'garnish']",Italian
6591,"['method-', 'melt', 'the', 'butter', 'to', 'the', 'melted', 'butter', 'add', 'the', 'cumin', 'and', 'when', 'brown', 'turn', 'off', 'the', 'gas', 'to', 'this', 'add', 'the', 'chilli', 'powder', 'first', 'and', 'then', 'all', 'the', 'other', 'ingrediends', 'and', 'toss', 'together-', 'you', 'can', 'adjust', 'the', 'ammount', 'of', 'lemon', 'juice/salt', 'and', 'chillies', 'to', 'your', 'taste', 'if', 'you', 'do', 'not', 'get', 'readymade', 'toasted', 'sesame', 'toast', 'the', 'seeds', 'in', 'a', 'dry', 'pan', 'till', 'golden', 'brown', 'and', 'powder-', 'this', 'can', 'be', 'stored', 'and', 'used', 'whenever', 'you', 'want', 'please', 'let', 'me', 'know', 'how', 'you', 'liked', 'this', 'whenever', 'you', 'make', 'it']","['method', 'melt', 'butter', 'melted', 'butter', 'add', 'cumin', 'brown', 'turn', 'gas', 'add', 'chilli', 'powder', 'first', 'ingrediends', 'toss', 'together', 'adjust', 'ammount', 'lemon', 'juice/salt', 'chillies', 'taste', 'get', 'readymade', 'toasted', 'sesame', 'toast', 'seeds', 'dry', 'pan', 'till', 'golden', 'brown', 'powder', 'stored', 'used', 'whenever', 'want', 'please', 'let', 'know', 'liked', 'whenever', 'make']",Indian
11046,"['remove', 'the', 'hard', 'outer', 'leaves', 'of', 'the', 'cabbage', 'and', 'its', 'core', 'cut', 'it', 'fine', 'chop', 'the', 'carrots', 'and', 'radishes', 'into', 'small', 'pieces', 'add', 'the', 'finely', 'cut', 'cabbage', 'mix', 'lemon', 'juice', 'and', 'olive', 'oil', 'add', 'it', 'to', 'the', 'vegetables', 'add', 'salt', 'and', 'pepper', 'to', 'taste', 'mix', 'well', 'serve', 'chilled']","['remove', 'hard', 'outer', 'leaves', 'cabbage', 'core', 'cut', 'fine', 'chop', 'carrots', 'radishes', 'small', 'pieces', 'add', 'finely', 'cut', 'cabbage', 'mix', 'lemon', 'juice', 'olive', 'oil', 'add', 'vegetables', 'add', 'salt', 'pepper', 'taste', 'mix', 'well', 'serve', 'chilled']",Indian
12465,"['pour', '2', 'tbsp', 'of', 'butter', 'into', 'a', 'pan', 'for', 'making', 'the', 'white', 'sauce', 'add', 'the', 'onions', 'and', 'saute', 'for', '2', 'minutes', 'then', 'add', 'the', 'flour', 'cook', 'for', 'a', 'minute', 'until', 'the', 'flour', 'turns', 'lightly', 'brown', 'add', 'the', 'pepper', 'and', 'salt', 'and', 'the', 'gradually', 'add', 'the', 'milk', 'stir', 'continuously', 'to', 'avoid', 'lumps', 'when', 'the', 'sauce', 'thickens', 'add', 'the', 'cream', 'and', 'take', 'it', 'off', 'the', 'fire', 'in', 'a', 'separate', 'pan', 'pour', 'the', 'remaining', 'butter', 'add', 'the', 'spinach', 'and', 'saute', 'for', '5', 'minutes', 'take', 'it', 'off', 'the', 'fire', 'stir-fry', 'the', 'potatoes', 'for', '5-10', 'minutes', 'add', 'the', 'prepared', 'spinach', 'mix', 'to', 'the', 'stir-fried', 'potato', 'rounds', 'to', 'the', 'white', 'sauce', 'spread', 'the', 'mixture', 'in', 'an', 'oven', 'proof', 'baking', 'dish', 'sprinkle', 'the', 'dried', 'parsley', 'and', 'the', 'cheddar', 'cheese', 'on', 'top', 'and', 'bake', 'for', '20', 'minutes', 'at', '180', 'degrees', 'celcius', 'serve', 'hot', 'with', 'garlic', 'bread']","['pour', 'butter', 'pan', 'making', 'white', 'sauce', 'add', 'onions', 'saute', 'add', 'flour', 'cook', 'flour', 'turns', 'lightly', 'brown', 'add', 'pepper', 'salt', 'gradually', 'add', 'milk', 'stir', 'continuously', 'avoid', 'lumps', 'sauce', 'thickens', 'add', 'cream', 'take', 'fire', 'separate', 'pan', 'pour', 'remaining', 'butter', 'add', 'spinach', 'saute', 'take', 'fire', 'stir', 'fry', 'potatoes', 'add', 'prepared', 'spinach', 'mix', 'stir', 'fried', 'potato', 'rounds', 'white', 'sauce', 'spread', 'mixture', 'oven', 'proof', 'baking', 'dish', 'sprinkle', 'dried', 'parsley', 'cheddar', 'cheese', 'top', 'bake', 'celcius', 'serve', 'hot', 'garlic', 'bread']",Indian
2925,"['fry', 'the', 'onion', 'in', 'olive', 'oil', 'until', 'it', 'begins', 'to', 'caramelize', 'then', 'add', '6', 'cloves', 'garlic', 'nutmeg', '1', 'tsp', 'basil', '2', 'tsp', 'oregano', 'and', 'parsley', 'fry', 'just', 'until', 'garlic', 'browns', 'then', 'add', 'mushrooms', 'cook', 'until', 'the', 'mushrooms', 'have', 'released', 'their', 'liquid', 'then', 'add', 'the', 'spinach', 'and', 'cook', 'for', 'another', 'two', 'minutes', 'or', 'so', 'add', 'tomato', 'sauce', 'crushed', 'tomatoes', 'tomato', 'paste', '1/2', 'tsp', 'salt', 'sugar', 'and', 'wine', 'simmer', 'on', 'low', 'for', 'an', 'hour', 'mix', 'sirloin', 'eggs', 'kosher', 'salt', '4', 'cloves', 'garlic', '2', 'tsp', 'oregano', '4', 'tsp', 'basil', 'bread', 'crumbs', 'and', 'asiago', 'cheese', 'roll', 'into', 'quarter-sized', 'balls', 'place', 'in', 'ungreased', 'glass', 'pans', 'so', 'that', 'they', 'do', ""n't"", 'touch', 'each', 'other', 'and', 'bake', 'at', '425', 'for', '12-15', 'minutes', 'turning', 'half', 'way', 'serve', 'over', 'spaghetti', 'with', 'parmesan', 'cheese', 'and', 'lots', 'of', 'fresh', 'coarse', 'ground', 'black', 'pepper', 'throw', 'in', 'a', 'ceasar', 'salad', 'red', 'wine', 'garlic', 'bread', 'and', 'tiramisu', 'and', 'you', ""'re"", 'a', 'hero']","['fry', 'onion', 'olive', 'oil', 'begins', 'caramelize', 'add', 'cloves', 'garlic', 'nutmeg', 'basil', 'oregano', 'parsley', 'fry', 'garlic', 'browns', 'add', 'mushrooms', 'cook', 'mushrooms', 'released', 'liquid', 'add', 'spinach', 'cook', 'another', 'two', 'add', 'tomato', 'sauce', 'crushed', 'tomatoes', 'tomato', 'paste', 'salt', 'sugar', 'wine', 'simmer', 'low', 'mix', 'sirloin', 'eggs', 'kosher', 'salt', 'cloves', 'garlic', 'oregano', 'basil', 'bread', 'crumbs', 'asiago', 'cheese', 'roll', 'quarter', 'sized', 'balls', 'place', 'ungreased', 'glass', 'pans', 'touch', 'bake', 'turning', 'half', 'way', 'serve', 'spaghetti', 'parmesan', 'cheese', 'lots', 'fresh', 'coarse', 'ground', 'black', 'pepper', 'throw', 'ceasar', 'salad', 'red', 'wine', 'garlic', 'bread', 'tiramisu', 'hero']",Italian
12141,"['cook', 'the', 'rice', 'in', 'the', 'water', 'with', 'the', 'cloves', 'according', 'to', 'the', 'packet', 'instructions', 'once', 'cooked', 'drain', 'the', 'rice', 'thoroughly', 'and', 'carefully', 'take', 'out', 'the', 'cloves', 'in', 'a', 'separate', 'saucepan', 'heat', 'the', 'ghee', 'and', 'the', 'sugar', 'on', 'a', 'low', 'heat', 'so', 'that', 'it', 'caramelizes', 'add', 'the', 'cinnamon', 'stick', 'bay', 'leaves', 'cumin', 'seeds', 'and', 'stir', 'add', 'the', 'drained', 'rice', 'and', 'some', 'sultanas', 'and', 'chopped', 'almonds', 'and', 'stir', 'thoroughly', 'cover', 'and', 'cook', 'gently', 'on', 'a', 'low', 'heat', 'for', '5-10', 'mins', 'stirring', 'occasionally', 'to', 'make', 'sure', 'the', 'bottom', 'does', 'not', 'burn', 'serve', 'hot']","['cook', 'rice', 'water', 'cloves', 'according', 'packet', 'instructions', 'cooked', 'drain', 'rice', 'thoroughly', 'carefully', 'take', 'cloves', 'separate', 'saucepan', 'heat', 'ghee', 'sugar', 'low', 'heat', 'caramelizes', 'add', 'cinnamon', 'stick', 'bay', 'leaves', 'cumin', 'seeds', 'stir', 'add', 'drained', 'rice', 'sultanas', 'chopped', 'almonds', 'stir', 'thoroughly', 'cover', 'cook', 'gently', 'low', 'heat', 'mins', 'stirring', 'occasionally', 'make', 'sure', 'bottom', 'burn', 'serve', 'hot']",Indian
7551,"['heat', 'oil', 'in', 'a', 'pot', 'on', 'medium', 'flame', 'when', 'it', ""'s"", 'hot', 'lower', 'flame', 'and', 'add', 'mustard', 'seeds', 'and', 'cumin', 'seeds', 'allow', 'the', 'seeds', 'to', 'splutter', 'and', 'crackle', 'in', 'the', 'hot', 'oil', 'once', 'they', 'stop', 'doing', 'that', 'add', 'ginger', 'garlic', 'onions', 'and', 'green', 'chillies', 'to', 'the', 'oil', 'mix', 'well', 'and', 'stir-fry', 'for', '5-7', 'minutes', 'or', 'until', 'the', 'raw', 'smell', 'of', 'ginger', 'and', 'garlic', 'is', 'gone', 'and', 'the', 'onions', 'are', 'softened', 'add', 'turmeric', 'powder', 'red', 'chilli', 'powder', 'and', 'corriander', 'powder', 'mix', 'once', 'again', 'and', 'then', 'add', 'the', 'cut', 'okra', 'and', 'sweet', 'corn', 'both', 'drained', 'mix', 'well', 'cover', 'the', 'pot', 'with', 'a', 'tight-fitting', 'lid', 'and', 'allow', 'the', 'veggies', 'to', 'cook', 'on', 'medium', 'flame', 'for', '5', 'minutes', 'uncover', 'add', 'tomatoes', 'and', 'salt', 'mix', 'well', 'and', 'cover', 'the', 'pot', 'with', 'the', 'tight-fitting', 'lid', 'allow', 'to', 'cook', 'for', '10', 'minutes', 'on', 'medium', 'flame', 'uncover', 'mix', 'once', 'and', 'then', 'cover', 'the', 'pot', 'again', 'allow', 'the', 'veggies', 'to', 'cook', 'for', '5', 'minutes', 'on', 'medium', 'flame', 'or', 'until', 'the', 'tomatoes', 'are', 'softened', 'and', 'the', 'veggies', 'are', 'tender', 'and', 'cooked', 'well', 'remove', 'the', 'pot', 'from', 'flame', 'serve', 'hot', 'with', 'indian', 'flatbreads', 'rotis', 'or', 'white', 'bread', 'or', 'potato', 'bread', 'or', 'kulchas', 'or', 'naan', 'or', 'parathas', 'or', 'over', 'some', 'plain', 'white', 'basmati', 'rice', 'alongwith', 'plain', 'yogurt', 'on', 'the', 'side', 'totally', 'yum', 'enjoy']","['heat', 'oil', 'pot', 'medium', 'flame', 'hot', 'lower', 'flame', 'add', 'mustard', 'seeds', 'cumin', 'seeds', 'allow', 'seeds', 'splutter', 'crackle', 'hot', 'oil', 'stop', 'add', 'ginger', 'garlic', 'onions', 'green', 'chillies', 'oil', 'mix', 'well', 'stir', 'fry', 'raw', 'smell', 'ginger', 'garlic', 'gone', 'onions', 'softened', 'add', 'turmeric', 'powder', 'red', 'chilli', 'powder', 'corriander', 'powder', 'mix', 'add', 'cut', 'okra', 'sweet', 'corn', 'drained', 'mix', 'well', 'cover', 'pot', 'tight', 'fitting', 'lid', 'allow', 'veggies', 'cook', 'medium', 'flame', 'uncover', 'add', 'tomatoes', 'salt', 'mix', 'well', 'cover', 'pot', 'tight', 'fitting', 'lid', 'allow', 'cook', 'medium', 'flame', 'uncover', 'mix', 'cover', 'pot', 'allow', 'veggies', 'cook', 'medium', 'flame', 'tomatoes', 'softened', 'veggies', 'tender', 'cooked', 'well', 'remove', 'pot', 'flame', 'serve', 'hot', 'indian', 'flatbreads', 'rotis', 'white', 'bread', 'potato', 'bread', 'kulchas', 'naan', 'parathas', 'plain', 'white', 'basmati', 'rice', 'alongwith', 'plain', 'yogurt', 'side', 'totally', 'yum', 'enjoy']",Indian
10172,"['heat', 'water', 'for', '1', 'minute', 'in', 'a', 'microwave-proof', 'and', 'microwave-safe', 'cup', 'add', 'milk', 'and', 'heat', 'for', 'another', 'minute', 'stir', 'in', 'sugar', 'and', 'heat', 'for', 'another', 'minute', 'add', 'ground', 'coffee', 'mix', 'well', 'and', 'heat', 'for', 'another', 'minute', 'strain', 'into', 'a', 'clean', 'cup', 'stir', 'in', 'chocolate', 'chips', 'if', 'desired', 'mix', 'well', 'and', 'drink', 'away', 'i', 'enjoyed', 'this', 'with', 'hershey', ""'s"", 'ready-made', 'pie', 'crust', 'i', 'ate', 'that', 'as', 'a', 'biscuit/cookie', 'because', 'i', 'was', 'too', 'tired', 'to', 'cook', 'necessity', 'is', 'the', 'mother', 'of', 'invention', 'as', 'they', 'say', 'enjoy']","['heat', 'water', 'microwave', 'proof', 'microwave', 'safe', 'add', 'milk', 'heat', 'another', 'stir', 'sugar', 'heat', 'another', 'add', 'ground', 'coffee', 'mix', 'well', 'heat', 'another', 'strain', 'clean', 'stir', 'chocolate', 'chips', 'desired', 'mix', 'well', 'drink', 'away', 'enjoyed', 'hershey', 'ready', 'made', 'pie', 'crust', 'ate', 'biscuit/cookie', 'tired', 'cook', 'necessity', 'mother', 'invention', 'say', 'enjoy']",Indian
10917,"['put', 'the', 'chopped', 'garlic', 'ginger', 'and', '1/2', 'cup', 'of', 'the', 'vinegar', 'into', 'the', 'container', 'of', 'an', 'electric', 'blender', 'and', 'blend', 'at', 'high', 'speed', 'until', 'smooth', 'in', 'a', '4-quart', 'heavy-bottomed', 'pot', 'with', 'non-metallic', 'finish', 'place', 'the', 'tomatoes', 'and', 'juice', 'from', 'the', 'can', 'the', 'rest', 'of', 'the', 'vinegar', 'the', 'sugar', 'salt', 'and', 'cayenne', 'pepper', 'or', 'if', 'you', 'prefer', 'add', 'the', 'cayenne', 'at', 'the', 'end', 'a', 'little', 'at', 'a', 'time', 'stirring', 'and', 'tasting', 'as', 'you', 'do', 'so', 'bring', 'to', 'a', 'boil', 'add', 'puree', 'from', 'blender', 'lower', 'heat', 'and', 'simmer', 'gently', 'uncovered', 'for', 'about', '1', '1/2', 'to', '2', 'hours', 'or', 'until', 'chutney', 'becomes', 'thick', 'a', 'film', 'should', 'cling', 'to', 'a', 'spoon', 'dipped', 'in', 'it', 'stir', 'occasionally', 'at', 'first', 'and', 'more', 'frequently', 'later', 'as', 'it', 'thickens', 'you', 'may', 'need', 'to', 'lower', 'the', 'heat', 'as', 'the', 'liquid', 'diminishes', 'you', 'should', 'end', 'up', 'with', '2', '1/2', 'cups', 'of', 'chutney', 'and', 'it', 'should', 'be', 'atleast', 'as', 'thick', 'as', 'honey', 'after', 'it', 'cools', 'if', 'the', 'canned', 'tomatoes', 'you', 'used', 'have', 'a', 'lot', 'of', 'liquid', 'in', 'them', 'a', 'longer', 'cooking', 'time', 'may', 'be', 'required', 'resulting', 'in', 'a', 'little', 'less', 'chutney', 'add', 'the', 'almonds', 'and', 'the', 'raisins', 'simmer', 'stirring', 'another', '5', 'minutes', 'turn', 'heat', 'off', 'and', 'allow', 'to', 'cool', 'bottle', 'keep', 'refrigerated']","['put', 'chopped', 'garlic', 'ginger', 'vinegar', 'container', 'electric', 'blender', 'blend', 'high', 'speed', 'smooth', '4', 'quart', 'heavy', 'bottomed', 'pot', 'non', 'metallic', 'finish', 'place', 'tomatoes', 'juice', 'rest', 'vinegar', 'sugar', 'salt', 'cayenne', 'pepper', 'prefer', 'add', 'cayenne', 'end', 'little', 'time', 'stirring', 'tasting', 'bring', 'boil', 'add', 'puree', 'blender', 'lower', 'heat', 'simmer', 'gently', 'uncovered', 'chutney', 'becomes', 'thick', 'film', 'cling', 'spoon', 'dipped', 'stir', 'occasionally', 'first', 'frequently', 'later', 'thickens', 'may', 'need', 'lower', 'heat', 'liquid', 'diminishes', 'end', 'chutney', 'atleast', 'thick', 'honey', 'cools', 'canned', 'tomatoes', 'used', 'lot', 'liquid', 'longer', 'cooking', 'time', 'may', 'required', 'resulting', 'little', 'less', 'chutney', 'add', 'almonds', 'raisins', 'simmer', 'stirring', 'another', 'turn', 'heat', 'allow', 'cool', 'bottle', 'keep', 'refrigerated']",Indian
4346,"['in', 'a', 'food', 'processor', '9or', 'by', 'hand', 'combine', 'all', 'the', 'ingredients', 'except', 'the', 'pasta', 'the', 'sauce', 'should', 'remain', 'chunky.', 'taste', 'for', 'seasoning', 'adding', 'salt', 'and', 'pepper', 'as', 'needed', 'set', 'aside', 'bring', 'a', 'large', 'pot', 'of', 'water', 'to', 'the', 'boil', 'add', 'pasta', 'and', 'boil', 'for', '10-12', 'minutes', 'or', 'until', ""''"", 'al', 'dente', ""''"", 'drain', 'reserving', '1/3', 'cup', 'of', 'pasta', 'water', 'place', 'spaghettini', 'in', 'a', 'bowl', 'and', 'immediately', 'toss', 'with', 'pasta', 'water', 'and', 'sauce', 'for', 'those', 'who', 'like', 'it', 'serve', 'with', 'extra', 'olive', 'oil', 'and', 'parmesan', 'cheese']","['food', 'processor', '9or', 'hand', 'combine', 'ingredients', 'except', 'pasta', 'sauce', 'remain', 'chunky.', 'taste', 'seasoning', 'adding', 'salt', 'pepper', 'needed', 'set', 'aside', 'bring', 'large', 'pot', 'water', 'boil', 'add', 'pasta', 'boil', ""''"", 'al', 'dente', ""''"", 'drain', 'reserving', 'pasta', 'water', 'place', 'spaghettini', 'bowl', 'immediately', 'toss', 'pasta', 'water', 'sauce', 'like', 'serve', 'extra', 'olive', 'oil', 'parmesan', 'cheese']",Italian
3634,"['heat', 'the', 'olive', 'oil', 'in', 'a', 'pan', 'add', 'the', 'garlic', 'either', 'chopped', 'or', 'smashed', 'cook', 'the', 'garlic', 'for', 'about', '3', 'minutes', 'add', 'spinach', 'and', 'with', 'tongs', 'turn', 'constantly', 'until', 'wilted', 'sprinkle', 'with', 'nutmeg', 'salt', 'and', 'pepper', 'enjoy']","['heat', 'olive', 'oil', 'pan', 'add', 'garlic', 'either', 'chopped', 'smashed', 'cook', 'garlic', 'add', 'spinach', 'tongs', 'turn', 'constantly', 'wilted', 'sprinkle', 'nutmeg', 'salt', 'pepper', 'enjoy']",Italian
9128,"['cook', 'the', 'split', 'yellow', 'pigeon', 'peas', 'yellow', 'lentils', 'in', 'a', 'pressure', 'cooker', 'roast', 'the', 'coriander', 'seeds', 'the', 'split', 'chickpeas', 'and', 'chillies', 'until', 'the', 'chickpeas', 'start', 'turning', 'brown', 'ensure', 'not', 'to', 'over-roast', 'as', 'it', 'will', 'result', 'in', 'a', 'burnt', 'taste', 'ground', 'the', 'above', 'roasted', 'ingredients', 'into', 'a', 'fine', 'powder', 'this', 'is', 'fresh', 'sambhar', 'powder', 'add', 'water', 'into', 'a', 'wok', 'and', 'add', 'the', 'potatoes', 'salt', 'and', 'turmeric', 'and', 'set', 'it', 'on', 'medium', 'fire', 'when', 'potatoes', 'start', 'turning', 'soft', 'add', 'the', 'onions', 'and', 'the', 'chicken', 'once', 'the', 'water', 'starts', 'boiling', 'again', 'add', 'the', 'tamarind', 'concentrate', 'and', 'cook', 'for', '10mts', 'on', 'medium', 'fire', 'add', 'the', 'sambhar', 'powder', 'brown', 'sugar', 'and', 'salt', 'and', 'let', 'it', 'simmer', 'for', '15-20mts', 'add', 'some', 'water', 'to', 'replace', 'the', 'water', 'absorbed', 'by', 'the', 'sambhar', 'powder', 'do', 'not', 'add', 'too', 'much', 'water', 'as', 'it', 'will', 'make', 'the', 'dish', 'very', 'runny', 'the', 'consistency', 'should', 'be', 'same', 'as', 'that', 'of', 'a', 'pasta', 'sauce.', 'add', 'the', 'brown', 'sugar', 'fry', 'the', 'mustard', 'in', 'oil', 'and', 'when', 'it', 'starts', 'spluttering', 'add', 'it', 'to', 'the', 'wok', 'serve', 'with', 'boiled', 'rice', 'roti', 'or', 'naan', 'indian', 'breads', 'papadam/papad', 'roasted', 'or', 'fried', 'will', 'be', 'a', 'good', 'accompaniment', 'bless', 'the', 'chef']","['cook', 'split', 'yellow', 'pigeon', 'peas', 'yellow', 'lentils', 'pressure', 'cooker', 'roast', 'coriander', 'seeds', 'split', 'chickpeas', 'chillies', 'chickpeas', 'start', 'turning', 'brown', 'ensure', 'roast', 'result', 'burnt', 'taste', 'ground', 'roasted', 'ingredients', 'fine', 'powder', 'fresh', 'sambhar', 'powder', 'add', 'water', 'wok', 'add', 'potatoes', 'salt', 'turmeric', 'set', 'medium', 'fire', 'potatoes', 'start', 'turning', 'soft', 'add', 'onions', 'chicken', 'water', 'starts', 'boiling', 'add', 'tamarind', 'concentrate', 'cook', '10mts', 'medium', 'fire', 'add', 'sambhar', 'powder', 'brown', 'sugar', 'salt', 'let', 'simmer', '15', '20mts', 'add', 'water', 'replace', 'water', 'absorbed', 'sambhar', 'powder', 'add', 'much', 'water', 'make', 'dish', 'runny', 'consistency', 'pasta', 'sauce.', 'add', 'brown', 'sugar', 'fry', 'mustard', 'oil', 'starts', 'spluttering', 'add', 'wok', 'serve', 'boiled', 'rice', 'roti', 'naan', 'indian', 'breads', 'papadam/papad', 'roasted', 'fried', 'good', 'accompaniment', 'bless', 'chef']",Indian
4192,"['saute', 'onion', 'garlic', 'and', 'mushrooms', 'in', 'large', 'pot', 'until', 'onion', 'is', 'soft', '3', 'minutes', 'on', 'the', 'sid', 'smash', 'the', 'peeled', 'tomatoes', 'in', 'a', 'bowl', 'add', 'smashed', 'tomatoes', 'can', 'of', 'puree', 'tomato', 'paste', 'and', 'tomato', 'juice', 'to', 'the', 'pot', 'add', 'the', 'rest', 'of', 'the', 'ingredients', 'simmer', 'covered', 'for', 'three', 'hours', 'enjoy']","['saute', 'onion', 'garlic', 'mushrooms', 'large', 'pot', 'onion', 'soft', 'sid', 'smash', 'peeled', 'tomatoes', 'bowl', 'add', 'smashed', 'tomatoes', 'puree', 'tomato', 'paste', 'tomato', 'juice', 'pot', 'add', 'rest', 'ingredients', 'simmer', 'covered', 'three', 'enjoy']",Italian
5335,"['preheat', 'oven', 'to', '375', 'degrees', 'f.', 'heat', 'oil', 'in', 'a', 'large', 'pot', 'over', 'medium-high', 'heat', 'add', 'red', 'onion', 'green', 'onion', 'garlic', 'and', 'celery', 'saute', 'until', 'onion', 'is', 'translucent', 'and', 'celery', 'starts', 'to', 'soften', 'add', 'other', 'veggies', 'one', 'by', 'one', 'stirring', 'before', 'adding', 'the', 'next', 'cover', 'and', 'cook', '5', 'minutes', 'stirring', 'once', 'uncover', 'and', 'cook', 'til', 'vegetables', 'are', 'tender', 'stirring', 'often', 'about', '10', 'minutes', 'longer', 'season', 'with', 'salt', 'and', 'pepper', 'melt', 'butter', 'in', 'large', 'sauce', 'pan', 'over', 'medium', 'heat', 'whisk', 'in', 'flour', 'whisk', '2', 'minutes', 'gradually', 'whisk', 'in', 'milk', 'cook', 'until', 'mixture', 'comes', 'to', 'a', 'boil', 'whisking', 'often', 'remove', 'from', 'heat', 'and', 'season', 'with', 'salt', 'and', 'pepper', 'spoon', '1', 'cup', 'of', 'sauce', 'over', 'bottom', 'of', 'your', 'lasagna', 'pan', 'arrange', '5', 'lasagna', 'noodles', 'atop', 'sauce', 'overlapping', 'slightly', 'spoon', 'half', 'of', 'vegetables', 'over', 'noodles', 'spoon', '1', '1/2', 'cups', 'sauce', 'over', 'veggies', 'sprinkle', '1/3', 'of', 'your', 'cheese', 'over', 'sauce', 'repeat', 'each', 'layer', 'once', 'top', 'with', 'the', 'last', '5', 'lasagna', 'noodles', 'spoon', 'remaining', 'sauce', 'over', 'noodles', 'top', 'with', 'remaining', 'cheese', 'this', 'is', 'where', 'you', 'would', 'refrigerate', 'for', 'later', 'use', 'just', 'cover', 'tightly', 'bake', 'lasagna', 'uncovered', 'on', 'center', 'rack', 'until', 'sauce', 'is', 'bubbling', 'about', '40', 'minutes', '55', 'minutes', 'if', 'previously', 'chilled', 'remove', 'from', 'oven', 'and', 'allow', 'to', 'stand', 'for', 'at', 'least', '10-15', 'minutes', 'before', 'slicing']","['preheat', 'oven', 'f.', 'heat', 'oil', 'large', 'pot', 'medium', 'high', 'heat', 'add', 'red', 'onion', 'green', 'onion', 'garlic', 'celery', 'saute', 'onion', 'translucent', 'celery', 'starts', 'soften', 'add', 'veggies', 'one', 'one', 'stirring', 'adding', 'next', 'cover', 'cook', 'stirring', 'uncover', 'cook', 'til', 'vegetables', 'tender', 'stirring', 'often', 'longer', 'season', 'salt', 'pepper', 'melt', 'butter', 'large', 'sauce', 'pan', 'medium', 'heat', 'whisk', 'flour', 'whisk', 'gradually', 'whisk', 'milk', 'cook', 'mixture', 'comes', 'boil', 'whisking', 'often', 'remove', 'heat', 'season', 'salt', 'pepper', 'spoon', 'sauce', 'bottom', 'lasagna', 'pan', 'arrange', 'lasagna', 'noodles', 'atop', 'sauce', 'overlapping', 'slightly', 'spoon', 'half', 'vegetables', 'noodles', 'spoon', 'sauce', 'veggies', 'sprinkle', 'cheese', 'sauce', 'repeat', 'layer', 'top', 'last', 'lasagna', 'noodles', 'spoon', 'remaining', 'sauce', 'noodles', 'top', 'remaining', 'cheese', 'would', 'refrigerate', 'later', 'use', 'cover', 'tightly', 'bake', 'lasagna', 'uncovered', 'center', 'rack', 'sauce', 'bubbling', 'previously', 'chilled', 'remove', 'oven', 'allow', 'stand', 'least', 'slicing']",Italian
9766,"['boil', 'water', 'and', 'salt', 'in', 'a', 'pot', 'add', 'semolina', 'and', 'stir', 'well', 'cook', 'until', 'the', 'water', 'is', 'absorbed', 'allow', 'the', 'mixture', 'to', 'cool', 'fold', 'in', 'all', 'the', 'other', 'ingredients', 'knead', 'well', 'and', 'shape', 'into', 'cutlets', 'the', 'shape', 'you', 'give', 'is', 'your', 'choice', 'shallow', 'fry', 'the', 'cutlets', 'in', 'oil', 'drain', 'on', 'clean', 'kitchen', 'paper', 'towels', 'serve', 'hot', 'with', 'green', 'chutney', 'or', 'tomato', 'ketchup', 'enjoy']","['boil', 'water', 'salt', 'pot', 'add', 'semolina', 'stir', 'well', 'cook', 'water', 'absorbed', 'allow', 'mixture', 'cool', 'fold', 'ingredients', 'knead', 'well', 'shape', 'cutlets', 'shape', 'give', 'choice', 'shallow', 'fry', 'cutlets', 'oil', 'drain', 'clean', 'kitchen', 'paper', 'towels', 'serve', 'hot', 'green', 'chutney', 'tomato', 'ketchup', 'enjoy']",Indian
4061,"['mix', 'sauce', 'italian', 'seasoning', 'and', 'garlic', 'powder', 'in', 'small', 'bowl', 'set', 'aside', 'place', 'eggs', 'in', 'a', 'shallow', 'bowl', 'combine', 'crumbs', 'parmesan', 'cheese', 'and', 'parsley', 'in', 'a', 'shallow', 'bowl', 'heat', 'butter', 'in', 'large', 'skillet', 'dip', 'chicken', 'in', 'eggs', 'then', 'crumbs', 'brown', 'on', 'both', 'sides', 'in', 'butter', 'cook', '5', 'minutes', 'add', 'tomato', 'sauce', 'simmer', 'for', '10', 'minutes', 'sprinkle', 'with', 'mozzarella', 'cover', 'and', 'cook', 'until', 'cheese', 'is', 'melted']","['mix', 'sauce', 'italian', 'seasoning', 'garlic', 'powder', 'small', 'bowl', 'set', 'aside', 'place', 'eggs', 'shallow', 'bowl', 'combine', 'crumbs', 'parmesan', 'cheese', 'parsley', 'shallow', 'bowl', 'heat', 'butter', 'large', 'skillet', 'dip', 'chicken', 'eggs', 'crumbs', 'brown', 'sides', 'butter', 'cook', 'add', 'tomato', 'sauce', 'simmer', 'sprinkle', 'mozzarella', 'cover', 'cook', 'cheese', 'melted']",Italian
3603,"['brown', 'hamburger', 'and', 'onion', 'add', 'green', 'pepper', 'celery', 'seasonings', 'and', 'tomato', 'sauce', 'cook', '15', 'minutes', 'cook', 'pasta', 'drain', 'mix', 'all', 'ingredients', 'bake', 'at', '350', 'for', '30', 'minutes']","['brown', 'hamburger', 'onion', 'add', 'green', 'pepper', 'celery', 'seasonings', 'tomato', 'sauce', 'cook', 'cook', 'pasta', 'drain', 'mix', 'ingredients', 'bake']",Italian
1746,"['add', 'broccoli', 'cauliflower', 'and', 'string', 'beans', 'to', 'rapidly', 'boiling', 'water', 'in', 'large', 'saucepan', 'cook', '2', 'minutes', 'or', 'until', 'vegetables', 'are', 'bright', 'in', 'color', 'and', 'crisp', 'do', 'not', 'overcook', 'drain', 'immediately', 'and', 'rinse', 'with', 'very', 'cold', 'water', 'drain', 'well', 'place', 'vegetable', 'mixture', 'in', 'large', 'serving', 'bowl', 'add', 'pepper', 'strips', 'cover', 'refrigerate', 'toss', 'vegetables', 'with', 'dressing', 'and', 'cheese', 'just', 'before', 'serving', 'add', 'slivered', 'almonds', 'to', 'ganrish']","['add', 'broccoli', 'cauliflower', 'string', 'beans', 'rapidly', 'boiling', 'water', 'large', 'saucepan', 'cook', 'vegetables', 'bright', 'color', 'crisp', 'overcook', 'drain', 'immediately', 'rinse', 'cold', 'water', 'drain', 'well', 'place', 'vegetable', 'mixture', 'large', 'serving', 'bowl', 'add', 'pepper', 'strips', 'cover', 'refrigerate', 'toss', 'vegetables', 'dressing', 'cheese', 'serving', 'add', 'slivered', 'almonds', 'ganrish']",Italian
6026,"['slice', 'zucchini', 'into', 'thinly', 'sliced', '1/4', 'inch', 'pieces', 'set', 'aside', 'dice', 'red', 'bell', 'pepper', 'and', 'onion', 'set', 'aside', 'heat', 'olive', 'oil', 'in', 'a', 'large', 'saute', 'pan', 'or', 'wok', 'over', 'medium-low', 'heat', 'add', 'garlic', 'and', 'saute', 'for', '1', 'minute', 'add', 'onion', 'to', 'pan', 'cook', '2', 'minutes', 'or', 'until', 'pieces', 'begin', 'to', 'soften', 'add', 'bell', 'pepper', 'zucchini', 'and', 'edamame', 'stir', 'and', 'cook', 'for', '2', 'minutes', 'strain', 'tomatoes', 'reserving', 'juice', 'about', '1', 'cup', 'combine', 'solid', 'tomato', 'chunks', 'with', 'vegetable', 'mixture', 'and', 'stir', 'whisk', 'together', 'reserved', 'tomato', 'and', 'orange', 'juice', 'pour', 'over', 'vegetables', 'turn', 'heat', 'to', 'low', 'and', 'simmer', '15', 'to', '20', 'minutes', 'add', 'basil', 'and', 'toss', 'together', 'serve', 'over', 'brown', 'rice', 'and', 'garnish']","['slice', 'zucchini', 'thinly', 'sliced', 'pieces', 'set', 'aside', 'dice', 'red', 'bell', 'pepper', 'onion', 'set', 'aside', 'heat', 'olive', 'oil', 'large', 'saute', 'pan', 'wok', 'medium', 'low', 'heat', 'add', 'garlic', 'saute', 'add', 'onion', 'pan', 'cook', 'pieces', 'begin', 'soften', 'add', 'bell', 'pepper', 'zucchini', 'edamame', 'stir', 'cook', 'strain', 'tomatoes', 'reserving', 'juice', 'combine', 'solid', 'tomato', 'chunks', 'vegetable', 'mixture', 'stir', 'whisk', 'together', 'reserved', 'tomato', 'orange', 'juice', 'pour', 'vegetables', 'turn', 'heat', 'low', 'simmer', 'add', 'basil', 'toss', 'together', 'serve', 'brown', 'rice', 'garnish']",Italian
12375,"['peel', 'and', 'grate', 'pears', 'heat', 'ghee', 'in', 'a', 'heavy', 'bottomed', 'saucepan', 'add', 'raisins', 'fry', 'lightly', 'for', '2', 'minutes', 'remove', 'from', 'ghee', 'keep', 'aside', 'add', 'khoya', 'and', 'saute', 'lightly', 'remove', 'and', 'keep', 'aside', 'add', 'grated', 'pears', 'saute', 'on', 'medium', 'heat', 'for', '5', 'minutes', 'add', 'milk', 'khoya', 'and', 'sugar', 'to', 'pears', 'stir', 'well', 'cook', 'till', 'the', 'mixture', 'becomes', 'dry', 'sprinkle', 'cardamom', 'powder', 'stir', 'well', 'serve', 'hot', 'garnish', 'with', 'almond', 'slices', 'pistachio', 'slices', 'and', 'fried', 'raisins']","['peel', 'grate', 'pears', 'heat', 'ghee', 'heavy', 'bottomed', 'saucepan', 'add', 'raisins', 'fry', 'lightly', 'remove', 'ghee', 'keep', 'aside', 'add', 'khoya', 'saute', 'lightly', 'remove', 'keep', 'aside', 'add', 'grated', 'pears', 'saute', 'medium', 'heat', 'add', 'milk', 'khoya', 'sugar', 'pears', 'stir', 'well', 'cook', 'till', 'mixture', 'becomes', 'dry', 'sprinkle', 'cardamom', 'powder', 'stir', 'well', 'serve', 'hot', 'garnish', 'almond', 'slices', 'pistachio', 'slices', 'fried', 'raisins']",Indian
748,"['brown', 'the', 'sausage', 'and', 'ground', 'meat', 'and', 'drain', 'all', 'the', 'fat', 'add', 'all', 'the', 'other', 'ingredients', 'for', 'the', 'meat', 'filling', 'and', 'simmer', 'on', 'the', 'stove', 'uncovered', 'for', 'about', '1/2', 'hour', 'i', 'usually', 'add', 'a', 'bay', 'leaf', 'or', 'two', 'mix', 'up', 'the', 'cheese', 'filling', 'and', 'set', 'aside', 'in', 'fridge', 'until', 'ready', 'to', 'use', 'put', 'the', 'noodles', 'in', 'salted', 'water', 'and', 'cook', 'until', 'soft', 'when', 'poked', 'with', 'a', 'fork', 'when', 'the', 'noodles', 'are', 'done', 'drain', 'the', 'noodles', 'and', 'rinse', 'off', 'with', 'cold', 'water', 'so', 'they', 'can', 'be', 'handled', 'easily', 'spray', 'the', 'baking', 'pan', 'with', 'a', 'non-stick', 'spray', 'and', 'put', 'a', 'layer', 'of', 'noodles', 'down', 'on', 'the', 'bottom', 'of', 'the', 'pan', 'it', 'is', 'ok', 'to', 'cut', 'some', 'of', 'the', 'noodles', 'to', 'fit', 'into', 'the', 'pan', 'if', 'they', 'do', 'not', 'fit', 'whole', 'spread', 'half', 'the', 'cheese', 'filling', 'over', 'the', 'noodels', 'then', 'half', 'of', 'the', 'mozarella', 'cheese', 'on', 'top', 'of', 'that', 'then', 'half', 'of', 'the', 'meat', 'sauce', 'over', 'the', 'grated', 'mozarella', 'cheese', 'repeat', 'layers', 'and', 'then', 'top', 'with', 'more', 'mozarella', 'cheese', 'bake', 'at', '375', 'degrees', 'for', '30', 'minutes', 'let', 'stand', 'for', '10', 'minutes', 'before', 'cutting', 'into', 'it', 'leftovers', 'can', 'be', 'easily', 'stored', 'in', 'the', 'freezer']","['brown', 'sausage', 'ground', 'meat', 'drain', 'fat', 'add', 'ingredients', 'meat', 'filling', 'simmer', 'stove', 'uncovered', 'usually', 'add', 'bay', 'leaf', 'two', 'mix', 'cheese', 'filling', 'set', 'aside', 'fridge', 'ready', 'use', 'put', 'noodles', 'salted', 'water', 'cook', 'soft', 'poked', 'fork', 'noodles', 'done', 'drain', 'noodles', 'rinse', 'cold', 'water', 'handled', 'easily', 'spray', 'baking', 'pan', 'non', 'stick', 'spray', 'put', 'layer', 'noodles', 'bottom', 'pan', 'ok', 'cut', 'noodles', 'fit', 'pan', 'fit', 'whole', 'spread', 'half', 'cheese', 'filling', 'noodels', 'half', 'mozarella', 'cheese', 'top', 'half', 'meat', 'sauce', 'grated', 'mozarella', 'cheese', 'repeat', 'layers', 'top', 'mozarella', 'cheese', 'bake', 'let', 'stand', 'cutting', 'leftovers', 'easily', 'stored', 'freezer']",Italian
3494,"['chop', 'tomatoes', 'and', 'put', 'in', 'a', 'large', 'saucepan', 'with', 'olive', 'oil', 'add', 'onion', 'celery', 'carrot', 'tomato', 'paste', 'and', 'basil', 'cook', 'over', 'moderate', 'heat', 'covered', 'for', '30', 'to', '40', 'minutes', 'remove', 'lid', 'and', 'continue', 'cooking', '1', 'hour', 'stirring', 'occasionally', 'when', 'the', 'sauce', 'reaches', 'the', 'desired', 'thickness', 'stir', 'in', 'the', 'butter', 'wine', 'and', 'seasonings']","['chop', 'tomatoes', 'put', 'large', 'saucepan', 'olive', 'oil', 'add', 'onion', 'celery', 'carrot', 'tomato', 'paste', 'basil', 'cook', 'moderate', 'heat', 'covered', 'remove', 'lid', 'continue', 'cooking', 'stirring', 'occasionally', 'sauce', 'reaches', 'desired', 'thickness', 'stir', 'butter', 'wine', 'seasonings']",Italian
12058,"['n', 'large', 'zip-close', 'plastic', 'bag', 'combine', 'spice', 'mix', 'onion', 'garlic', 'yogurt', 'and', 'lime', 'juice', 'make', 'diagonal', 'slashes', 'across', 'chicken', 'about', '1', 'inch', 'apart', 'add', 'chicken', 'refrigerate', '6', 'to', '24', 'hours', 'heat', 'broiler', 'cover', 'baking', 'sheet', 'with', 'aluminum', 'foil', 'place', 'chicken', 'on', 'sheet', 'cover', 'with', 'sauce', 'broil', '4', 'inches', 'from', 'element', 'until', 'cooked', 'through', 'about', '15', 'minutes', 'note', 'if', 'spice', 'mix', 'is', 'unavailable', 'substitute', '1', 'tbsp', 'fresh', 'minced', 'ginger', '1', '1/2', 'tsp', 'coriander', '2', 'tsp', 'cumin', '1', 'tsp', 'paprika', '1', 'tsp', 'salt', 'and', '1/2', 'tsp', 'pumpkin', 'pie', 'spice']","['n', 'large', 'zip', 'close', 'plastic', 'bag', 'combine', 'spice', 'mix', 'onion', 'garlic', 'yogurt', 'lime', 'juice', 'make', 'diagonal', 'slashes', 'across', 'chicken', 'apart', 'add', 'chicken', 'refrigerate', 'heat', 'broiler', 'cover', 'baking', 'sheet', 'aluminum', 'foil', 'place', 'chicken', 'sheet', 'cover', 'sauce', 'broil', 'element', 'cooked', 'note', 'spice', 'mix', 'unavailable', 'substitute', 'fresh', 'minced', 'ginger', 'coriander', 'cumin', 'paprika', 'salt', 'pumpkin', 'pie', 'spice']",Indian
2506,"['place', 'first', '5', 'ingredients', 'in', 'bread', 'machine', 'in', 'order', 'listed', 'program', 'machine', 'for', 'dough', 'or', 'manual', 'cycle', 'and', 'press', 'start', 'check', 'dough', 'after', 'first', 'few', 'minutes', 'of', 'first', 'knead', 'cycle', 'and', 'add', 'more', 'water', 'if', 'necessary', 'to', 'form', 'very', 'wet', 'batter-like', 'dough', 'that', 'barely', 'forms', 'ball', 'and', 'does', 'not', 'clean', 'sides', 'of', 'pan', 'allow', 'dough', 'to', 'go', 'through', 'one', 'knead', 'cycle', 'and', 'one', 'rise', 'cycle', 'only', 'line', 'very', 'large', 'baking', 'sheet', 'with', 'parchment', 'paper', 'pour', 'and', 'scrape', 'dough', 'onto', 'lightly', 'floured', 'work', 'surface', 'using', 'dough', 'scraper', 'divide', 'dough', 'into', '3', 'equal', 'pieces', 'using', 'floured', 'hands', 'transfer', 'dough', 'pieces', 'to', 'prepared', 'baking', 'sheet', 'forming', 'flat', 'irregular', 'oval', 'shapes', 'and', 'spacing', 'at', 'least', '2', '1/2-inches', 'apart', 'drizzle', 'tops', 'with', 'olive', 'oil', 'and', 'allow', 'dough', 'to', 'rise', 'in', 'warm', 'draft-free', 'area', 'until', 'almost', 'doubled', 'about', '20', 'minutes', 'longer', 'if', 'needed', 'position', 'rack', 'in', 'upper', 'third', 'of', 'oven', 'just', 'below', 'highest', 'position', 'and', 'preheat', 'oven', 'to', '450', 'degrees', 'f.', 'press', 'fingertips', 'into', 'dough', 'in', 'several', 'places', 'to', 'dimple', 'surface', 'characteristic', 'of', 'this', 'bread', 'bake', 'until', 'tops', 'are', 'dry', 'if', 'using', 'sourdough', 'enhancer', 'loaves', 'will', 'remain', 'pale', 'after', 'baking', 'transfer', 'ciabattas', 'to', 'rack', 'and', 'cool', 'at', 'least', '15', 'minutes', 'before', 'serving', '-doughenhancer-', 'mix', 'all', 'ingredients', 'and', 'store', 'in', 'tightly', 'closed', 'glass', 'jar', 'add', 'to', 'breadmaker', 'in', 'amount', 'equal', 'to', 'yeast', 'with', 'other', 'dry', 'ingredients', 'the', 'ginger', 'makes', 'the', 'yeast', 'act', 'more', 'swiftly', 'the', 'ascorbic', 'acid', 'strengthens', 'the', 'gluten', 'and', 'the', 'lecithin', 'aids', 'the', 'oil', 'in', 'causing', 'the', 'strands', 'of', 'gluten', 'to', 'slip', 'against', 'each', 'other', 'more', 'easily', 'and', 'thus', 'rise', 'better']","['place', 'first', 'ingredients', 'bread', 'machine', 'order', 'listed', 'program', 'machine', 'dough', 'manual', 'cycle', 'press', 'start', 'check', 'dough', 'first', 'first', 'knead', 'cycle', 'add', 'water', 'necessary', 'form', 'wet', 'batter', 'like', 'dough', 'barely', 'forms', 'ball', 'clean', 'sides', 'pan', 'allow', 'dough', 'go', 'one', 'knead', 'cycle', 'one', 'rise', 'cycle', 'line', 'large', 'baking', 'sheet', 'parchment', 'paper', 'pour', 'scrape', 'dough', 'onto', 'lightly', 'floured', 'work', 'surface', 'using', 'dough', 'scraper', 'divide', 'dough', 'equal', 'pieces', 'using', 'floured', 'hands', 'transfer', 'dough', 'pieces', 'prepared', 'baking', 'sheet', 'forming', 'flat', 'irregular', 'oval', 'shapes', 'spacing', 'least', '1/2', 'inches', 'apart', 'drizzle', 'tops', 'olive', 'oil', 'allow', 'dough', 'rise', 'warm', 'draft', 'free', 'area', 'almost', 'doubled', 'longer', 'needed', 'position', 'rack', 'upper', 'third', 'oven', 'highest', 'position', 'preheat', 'oven', 'f.', 'press', 'fingertips', 'dough', 'several', 'places', 'dimple', 'surface', 'characteristic', 'bread', 'bake', 'tops', 'dry', 'using', 'sourdough', 'enhancer', 'loaves', 'remain', 'pale', 'baking', 'transfer', 'ciabattas', 'rack', 'cool', 'least', 'serving', 'doughenhancer', 'mix', 'ingredients', 'store', 'tightly', 'closed', 'glass', 'jar', 'add', 'breadmaker', 'amount', 'equal', 'yeast', 'dry', 'ingredients', 'ginger', 'makes', 'yeast', 'act', 'swiftly', 'ascorbic', 'acid', 'strengthens', 'gluten', 'lecithin', 'aids', 'oil', 'causing', 'strands', 'gluten', 'slip', 'easily', 'thus', 'rise', 'better']",Italian
6097,"['preheat', 'oven', 'to', '350.', 'break', 'the', 'pasta', 'into', '3', 'inch', 'lengths', 'then', 'cook', 'according', 'to', 'package', 'directions', 'rinse', 'drain', 'while', 'the', 'pasta', 'is', 'cooking', 'dice', 'the', 'onion', 'and', 'brown', 'it', 'with', 'the', 'ground', 'beef', 'until', 'no', 'longer', 'pink', 'drain', 'any', 'excess', 'grease', 'stir', 'the', 'spaghetti', 'sauce', 'and', 'diced', 'tomatoes', 'in', 'with', 'the', 'beef', 'mixture', 'simmer', 'for', 'a', 'few', 'minutes', 'until', 'thickened', 'stir', 'in', 'the', 'pasta', 'and', 'then', 'stir', 'in', 'the', 'cheddar', 'cheese', 'mixing', 'until', 'cheese', 'is', 'completely', 'melted', 'i', 'would', 'suggest', 'using', 'a', 'pasta', 'server', 'to', 'do', 'this', 'it', 'just', 'works', 'better', 'personally', 'i', 'use', 'the', 'olive', 'oil', 'flavored', 'pam', 'to', 'grease', 'my', 'baking', 'pan', 'i', 'usually', 'divide', 'this', 'between', '2', '8', 'inch', 'square', 'pans', 'and', 'i', 'line', 'one', 'with', 'tinfoil', 'so', 'i', 'can', 'freeze', 'it', 'for', 'another', 'night', 'so', 'either', 'do', 'that', 'or', 'put', 'the', 'whole', 'mix', 'into', 'a', 'sprayed', '13x9', 'pan', 'bake', 'at', '350', 'for', 'about', '15', 'minutes', 'then', 'sprinkle', 'your', 'mozzarella', 'on', 'top', 'and', 'bake', 'for', 'about', '15', 'more', 'minutes', 'or', 'until', 'the', 'mozzarella', 'has', 'melted', 'to', 'your', 'liking', 'dig', 'in']","['preheat', 'oven', 'break', 'pasta', 'lengths', 'cook', 'according', 'package', 'directions', 'rinse', 'drain', 'pasta', 'cooking', 'dice', 'onion', 'brown', 'ground', 'beef', 'longer', 'pink', 'drain', 'excess', 'grease', 'stir', 'spaghetti', 'sauce', 'diced', 'tomatoes', 'beef', 'mixture', 'simmer', 'thickened', 'stir', 'pasta', 'stir', 'cheddar', 'cheese', 'mixing', 'cheese', 'completely', 'melted', 'would', 'suggest', 'using', 'pasta', 'server', 'works', 'better', 'personally', 'use', 'olive', 'oil', 'flavored', 'pam', 'grease', 'baking', 'pan', 'usually', 'divide', 'square', 'pans', 'line', 'one', 'tinfoil', 'freeze', 'another', 'night', 'either', 'put', 'whole', 'mix', 'sprayed', '13x9', 'pan', 'bake', 'sprinkle', 'mozzarella', 'top', 'bake', 'mozzarella', 'melted', 'liking', 'dig']",Italian
735,"['heat', 'oil', 'caramelize', 'onions', 'saute', 'mushrooms', 'with', 'balsamic', 'vinegar', 'add', 'onions', 'to', 'the', 'mushrooms', 'season', 'with', 'salt', 'and', 'pepper', 'add', 'garlic', 'add', 'chicken', 'add', 'chicken', 'stock', 'marsala', 'and', 'white', 'wine', 'cook', 'until', 'reduced', 'by', 'half', 'add', 'cream', 'and', 'bring', 'to', 'a', 'boil', 'turn', 'down', 'heat', 'and', 'simmer', 'to', 'skim', 'away', 'any', 'impurities', 'cook', 'rigatoni', 'al', 'dente', 'add', 'drained', 'rigatoni', 'to', 'chicken', 'mixture', 'in', 'pan', 'and', 'finish', 'with', 'basil-parsley', 'mix', 'parmesan', 'cheese', 'garlic', 'butter', 'and', 'salt', 'and', 'pepper', 'add', 'more', 'marsala', 'for', 'flavor', 'as', 'needed', 'place', 'in', 'pasta', 'bowl', 'and', 'garnish', 'with', 'parmesan', 'shavings', 'and', 'chopped', 'parsley']","['heat', 'oil', 'caramelize', 'onions', 'saute', 'mushrooms', 'balsamic', 'vinegar', 'add', 'onions', 'mushrooms', 'season', 'salt', 'pepper', 'add', 'garlic', 'add', 'chicken', 'add', 'chicken', 'stock', 'marsala', 'white', 'wine', 'cook', 'reduced', 'half', 'add', 'cream', 'bring', 'boil', 'turn', 'heat', 'simmer', 'skim', 'away', 'impurities', 'cook', 'rigatoni', 'al', 'dente', 'add', 'drained', 'rigatoni', 'chicken', 'mixture', 'pan', 'finish', 'basil', 'parsley', 'mix', 'parmesan', 'cheese', 'garlic', 'butter', 'salt', 'pepper', 'add', 'marsala', 'flavor', 'needed', 'place', 'pasta', 'bowl', 'garnish', 'parmesan', 'shavings', 'chopped', 'parsley']",Italian
7975,"['prepare', 'the', 'ginger', 'juice', 'and', 'set', 'aside', 'in', 'a', 'blender', 'purée', 'the', 'mangoes', 'with', 'the', 'orange', 'juice', 'pour', 'into', 'a', 'large', 'bowl', 'and', 'whisk', 'in', 'the', 'ginger', 'juice', 'red', 'pepper', 'cardamom', 'nutmeg', 'and', 'salt', 'pour', 'into', 'popsicle', 'molds', 'and', 'freeze']","['prepare', 'ginger', 'juice', 'set', 'aside', 'blender', 'purée', 'mangoes', 'orange', 'juice', 'pour', 'large', 'bowl', 'whisk', 'ginger', 'juice', 'red', 'pepper', 'cardamom', 'nutmeg', 'salt', 'pour', 'popsicle', 'molds', 'freeze']",Indian
2611,"['mix', 'the', 'ground', 'beef', 'rice', 'together', 'then', 'stir', 'in', 'the', 'cheese', 'parmesan', 'spices', 'mix', 'the', 'egg', 'in', 'with', 'the', 'meat', 'mixture', 'to', 'bind', 'it', 'together', 'with', 'slightly', 'moist', 'fingers', 'shape', 'the', 'mixture', 'into', 'small', 'balls', 'heat', 'a', 'small', 'amount', 'about', '1/4', 'inch', 'of', 'oil', 'in', 'a', 'frying', 'pan', 'roll', 'the', 'balls', 'in', 'the', 'bread', 'crumbs', 'then', 'fry', 'until', 'golden', 'brown', 'crisp', 'drain', 'on', 'paper', 'towels', 'serve', 'immediately']","['mix', 'ground', 'beef', 'rice', 'together', 'stir', 'cheese', 'parmesan', 'spices', 'mix', 'egg', 'meat', 'mixture', 'bind', 'together', 'slightly', 'moist', 'fingers', 'shape', 'mixture', 'small', 'balls', 'heat', 'small', 'amount', 'oil', 'frying', 'pan', 'roll', 'balls', 'bread', 'crumbs', 'fry', 'golden', 'brown', 'crisp', 'drain', 'paper', 'towels', 'serve', 'immediately']",Italian
12247,"['heat', 'the', 'oven', 'to', '350', 'degrees', 'put', 'the', 'rice', 'in', 'a', 'small', 'bowl', 'and', 'cover', 'with', 'water', 'let', 'it', 'soak', 'for', '20', 'minutes', 'drain', 'the', 'rice', 'and', 'set', 'it', 'aside', 'heat', 'the', 'oil', 'in', 'a', '4-qt', 'dutch', 'oven', 'over', 'medium-high', 'heat', 'add', 'the', 'coriander', 'and', 'chiles', 'and', 'cook', 'stirring', 'occasionally', 'until', 'fragrant', '1-2', 'minutes', 'add', 'the', 'salt', 'cinnamon', 'garlic', 'chicken', 'onion', 'ginger', 'and', 'jalapeno', 'and', 'cook', 'stirring', 'frequently', 'until', 'the', 'onions', 'soften', 'about', '6', 'minutes', 'stir', 'in', 'the', 'reserved', 'rice', 'and', '1', '1/4', 'cups', 'water', 'and', 'bring', 'to', 'a', 'simmer', 'cover', 'pot', 'and', 'transfer', 'to', 'the', 'oven', 'cook', 'until', 'rice', 'is', 'tender', 'and', 'chicken', 'is', 'cooked', 'through', 'about', '35', 'minutes', 'transfer', 'the', 'pot', 'to', 'a', 'rack', 'and', 'let', 'it', 'sit', 'covered', 'for', '5', 'minutes', 'uncover', 'and', 'fluff', 'the', 'rice', 'with', 'a', 'fork', 'transfer', 'to', 'a', 'serving', 'platter', 'and', 'garnish', 'with', 'almonds', 'fried', 'shallots', 'and', 'cilantro']","['heat', 'oven', 'put', 'rice', 'small', 'bowl', 'cover', 'water', 'let', 'soak', 'drain', 'rice', 'set', 'aside', 'heat', 'oil', '4', 'qt', 'dutch', 'oven', 'medium', 'high', 'heat', 'add', 'coriander', 'chiles', 'cook', 'stirring', 'occasionally', 'fragrant', 'add', 'salt', 'cinnamon', 'garlic', 'chicken', 'onion', 'ginger', 'jalapeno', 'cook', 'stirring', 'frequently', 'onions', 'soften', 'stir', 'reserved', 'rice', 'water', 'bring', 'simmer', 'cover', 'pot', 'transfer', 'oven', 'cook', 'rice', 'tender', 'chicken', 'cooked', 'transfer', 'pot', 'rack', 'let', 'sit', 'covered', 'uncover', 'fluff', 'rice', 'fork', 'transfer', 'serving', 'platter', 'garnish', 'almonds', 'fried', 'shallots', 'cilantro']",Indian
12069,"['boil', 'the', 'water', 'with', 'the', '1/2', 'tsp', 'salt', 'add', 'the', 'beef', 'and', 'simmer', 'til', 'it', 'is', 'tender', 'mix', 'the', 'spices', 'together', 'and', 'add', 'the', 'milk', 'to', 'make', 'a', 'paste', 'melt', 'the', 'ghee', 'and', 'fry', 'the', 'onions', 'and', 'garlic', 'til', 'golden', 'add', 'the', 'spice', 'paste', 'and', 'fry', 'for', '3', 'minutes', 'add', 'the', 'meat', 'and', 'half', 'of', 'the', 'water', 'it', 'was', 'cooked', 'inches', 'bring', 'to', 'the', 'boil', 'and', 'simmer', 'for', '15', 'minutes', 'if', 'the', 'gravy', 'is', 'too', 'thick', 'add', 'some', 'more', 'of', 'the', 'water', 'garnish', 'with', 'the', 'chopped', 'coriander', 'serve', 'with', 'boiled', 'rice']","['boil', 'water', 'salt', 'add', 'beef', 'simmer', 'til', 'tender', 'mix', 'spices', 'together', 'add', 'milk', 'make', 'paste', 'melt', 'ghee', 'fry', 'onions', 'garlic', 'til', 'golden', 'add', 'spice', 'paste', 'fry', 'add', 'meat', 'half', 'water', 'cooked', 'bring', 'boil', 'simmer', 'gravy', 'thick', 'add', 'water', 'garnish', 'chopped', 'coriander', 'serve', 'boiled', 'rice']",Indian
9336,"['combine', 'all', 'of', 'the', 'ingredients', 'except', 'the', 'ice', 'in', 'a', 'blender', 'blend', 'for', '30', 'seconds', 'to', 'froth', 'the', 'milk', 'add', 'the', 'ice', 'cubes', 'and', 'blend', 'until', 'the', 'ice', 'is', 'pulverized', 'pour', 'the', 'lassi', 'into', 'large', 'glasses', 'filled', 'with', 'ice', 'and', 'serve', 'variation', 'the', 'same', 'ingredients', 'can', 'make', 'a', 'soothing', 'warm', 'drink', 'increase', 'the', 'milk', 'to', '3', 'cups', 'and', 'heat', 'it', 'almost', 'to', 'a', 'boil', 'add', 'the', 'honey', 'ginger', 'and', 'nutmeg', 'and', 'stir', 'well', 'omit', 'the', 'ice', 'serve', 'in', 'mugs']","['combine', 'ingredients', 'except', 'ice', 'blender', 'blend', 'seconds', 'froth', 'milk', 'add', 'ice', 'cubes', 'blend', 'ice', 'pulverized', 'pour', 'lassi', 'large', 'glasses', 'filled', 'ice', 'serve', 'variation', 'ingredients', 'make', 'soothing', 'warm', 'drink', 'increase', 'milk', 'heat', 'almost', 'boil', 'add', 'honey', 'ginger', 'nutmeg', 'stir', 'well', 'omit', 'ice', 'serve', 'mugs']",Indian
12078,"['heat', '1/2', 'cup', 'milk', 'just', 'until', 'hot', 'combine', 'hot', 'milk', 'and', 'cocoa', 'mix', 'in', 'container', 'of', 'electric', 'blender', 'process', 'until', 'smooth', 'add', 'remaining', '1', '1/2', 'cups', 'milk', 'vanilla', 'and', 'peppermint', 'blend', 'well', 'add', 'ice', 'cream', 'and', 'process', 'until', 'mixture', 'is', 'smooth']","['heat', 'milk', 'hot', 'combine', 'hot', 'milk', 'cocoa', 'mix', 'container', 'electric', 'blender', 'process', 'smooth', 'add', 'remaining', 'milk', 'vanilla', 'peppermint', 'blend', 'well', 'add', 'ice', 'cream', 'process', 'mixture', 'smooth']",Indian
8365,"['combine', 'curry', 'powder', 'coriander', 'turmeric', 'salt', 'pepper', 'cumin', 'and', 'bay', 'leaf', 'in', 'small', 'bowl', 'heat', 'oil', 'in', 'large', 'dutch', 'oven', 'over', 'medium', 'high', 'heat', 'add', 'chicken', 'to', 'pan', 'and', 'saute', 'til', 'beginning', 'to', 'brown', 'stir', 'frequently', 'add', 'onions', 'and', 'continue', 'to', 'cook', 'til', 'onions', 'tender', 'and', 'chicken', 'is', 'browning', 'still', 'stirring', 'add', 'ginger', 'and', 'garlic', 'cook', '1', 'minute', 'stirring', 'constantly', 'add', 'curry', 'powder', 'mixture', 'stir', 'constantly', '2', 'minutes', 'add', 'broth', 'tomatoes', 'coconut', 'milk', 'and', 'potatoes', 'bring', 'to', 'a', 'boil', 'reduce', 'heat', 'and', 'simmer', 'for', 'an', 'hour', 'stirring', 'occasionally', 'after', 'an', 'hour', 'begin', 'water', 'for', 'rice', 'and', 'add', 'chickpeas', 'and', 'green', 'peas', 'to', 'curry', 'mixture', 'when', 'rice', 'is', 'finished', 'remove', 'curry', 'from', 'heat', 'and', 'add', 'lemon', 'serve', 'over', 'rice']","['combine', 'curry', 'powder', 'coriander', 'turmeric', 'salt', 'pepper', 'cumin', 'bay', 'leaf', 'small', 'bowl', 'heat', 'oil', 'large', 'dutch', 'oven', 'medium', 'high', 'heat', 'add', 'chicken', 'pan', 'saute', 'til', 'beginning', 'brown', 'stir', 'frequently', 'add', 'onions', 'continue', 'cook', 'til', 'onions', 'tender', 'chicken', 'browning', 'still', 'stirring', 'add', 'ginger', 'garlic', 'cook', 'stirring', 'constantly', 'add', 'curry', 'powder', 'mixture', 'stir', 'constantly', 'add', 'broth', 'tomatoes', 'coconut', 'milk', 'potatoes', 'bring', 'boil', 'reduce', 'heat', 'simmer', 'stirring', 'occasionally', 'begin', 'water', 'rice', 'add', 'chickpeas', 'green', 'peas', 'curry', 'mixture', 'rice', 'finished', 'remove', 'curry', 'heat', 'add', 'lemon', 'serve', 'rice']",Indian
6927,"['boil', 'water', 'in', 'a', 'large', 'pot', 'on', 'high', 'flame', 'once', 'the', 'water', 'has', 'boiled', 'put', 'the', 'shark', 'fish', 'in', 'it', 'cover', 'the', 'pot', 'with', 'a', 'lid', 'and', 'keep', 'aside', 'for', '10', 'minutes', 'now', 'remove', 'the', 'skin', 'of', 'the', 'shark', 'and', 'wash', 'the', 'shark', 'well', 'to', 'make', 'sure', 'its', 'clean', 'apply', 'salt', 'and', 'turmeric', 'powder', 'to', 'the', 'clean', 'shark', 'mash', 'the', 'shark', 'as', 'well', 'as', 'you', 'can', 'now', 'keep', 'aside', 'heat', 'oil', 'in', 'a', 'wok', 'add', 'ginger', 'and', 'garlic', 'stir-fry', 'until', 'the', 'raw', 'smell', 'of', 'both', 'is', 'gone', 'toss', 'in', 'the', 'onions', 'now', 'stir-fry', 'until', 'they', 'turn', 'brown', 'add', 'curry', 'leaves', 'and', 'green', 'chillies', 'lower', 'flame', 'and', 'saute', 'for', '2', 'minutes', 'add', 'turmeric', 'red', 'chilli', 'and', 'black', 'pepper', 'powders', 'followed', 'by', 'salt', 'mixing', 'well', 'as', 'you', 'do', 'so', 'now', 'add', 'the', 'mashed', 'shark', 'to', 'this', 'mixture', 'mix', 'well', 'and', 'allow', 'it', 'to', 'cook', 'for', '5', 'minutes', 'on', 'low', 'heat', 'remove', 'from', 'flame', 'garnish', 'with', 'corriander', 'leaves', 'serve', 'with', 'steamed', 'rice', 'and', 'a', 'fish', 'curry', 'by', 'the', 'side', 'enjoy']","['boil', 'water', 'large', 'pot', 'high', 'flame', 'water', 'boiled', 'put', 'shark', 'fish', 'cover', 'pot', 'lid', 'keep', 'aside', 'remove', 'skin', 'shark', 'wash', 'shark', 'well', 'make', 'sure', 'clean', 'apply', 'salt', 'turmeric', 'powder', 'clean', 'shark', 'mash', 'shark', 'well', 'keep', 'aside', 'heat', 'oil', 'wok', 'add', 'ginger', 'garlic', 'stir', 'fry', 'raw', 'smell', 'gone', 'toss', 'onions', 'stir', 'fry', 'turn', 'brown', 'add', 'curry', 'leaves', 'green', 'chillies', 'lower', 'flame', 'saute', 'add', 'turmeric', 'red', 'chilli', 'black', 'pepper', 'powders', 'followed', 'salt', 'mixing', 'well', 'add', 'mashed', 'shark', 'mixture', 'mix', 'well', 'allow', 'cook', 'low', 'heat', 'remove', 'flame', 'garnish', 'corriander', 'leaves', 'serve', 'steamed', 'rice', 'fish', 'curry', 'side', 'enjoy']",Indian
11493,"['heat', 'the', 'oil', 'in', 'a', 'large', 'frying', 'pan', 'until', 'hot', 'and', 'add', 'cumin', 'seeds', 'when', 'cumin', 'begins', 'to', 'brown', 'add', 'potatoes', 'and', 'onions', 'toss', 'potatoes', 'until', 'coated', 'with', 'spice-infused', 'oil', 'reduce', 'heat', 'and', 'pan-roast', 'potatoes', 'turning', 'occasionally', 'for', '10', 'minutes', 'or', 'until', 'browned', 'and', 'crisp', 'season', 'with', 'salt', 'and', 'pepper', 'and', 'serve']","['heat', 'oil', 'large', 'frying', 'pan', 'hot', 'add', 'cumin', 'seeds', 'cumin', 'begins', 'brown', 'add', 'potatoes', 'onions', 'toss', 'potatoes', 'coated', 'spice', 'infused', 'oil', 'reduce', 'heat', 'pan', 'roast', 'potatoes', 'turning', 'occasionally', 'browned', 'crisp', 'season', 'salt', 'pepper', 'serve']",Indian
11288,"['sift', 'bajra', 'or', 'wheat', 'flour', 'and', 'salt', 'in', 'a', 'basin', 'rub', 'in', '2', 'tbsps', 'ghee', 'mix', 'all', 'the', 'ingredients', 'knead', 'to', 'a', 'soft', 'dough', 'with', 'water', 'divide', 'the', 'dough', 'into', '10', 'parts', 'and', 'roll', 'out', 'each', 'into', 'a', 'circle', 'of', '3', ""''"", 'diameter', 'place', '2-3', 'bhakris', 'at', 'a', 'time', 'on', 'a', 'hot', 'griddle', 'spoon', 'little', 'ghee', 'around', 'them', 'turn', 'and', 'cook', 'the', 'other', 'side', 'till', 'both', 'sides', 'are', 'brown', 'and', 'crisp', 'it', 'can', 'be', 'cooked', 'without', 'ghee', 'also']","['sift', 'bajra', 'wheat', 'flour', 'salt', 'basin', 'rub', 'tbsps', 'ghee', 'mix', 'ingredients', 'knead', 'soft', 'dough', 'water', 'divide', 'dough', 'parts', 'roll', 'circle', ""''"", 'diameter', 'place', 'bhakris', 'time', 'hot', 'griddle', 'spoon', 'little', 'ghee', 'around', 'turn', 'cook', 'side', 'till', 'sides', 'brown', 'crisp', 'cooked', 'without', 'ghee', 'also']",Indian
4232,"['cook', 'the', 'couscous', 'with', 'salt', 'to', 'taste', 'according', 'to', 'the', 'package', 'directions', 'in', 'a', 'small', 'bowl', 'whisk', 'together', 'the', 'basil', 'oil', 'lemon', 'juice', 'salt', 'and', 'pepper', 'to', 'taste', 'stir', 'in', 'the', 'warm', 'couscous', 'mix', 'well', 'taste', 'and', 'adjust', 'seasoning', 'drain', 'the', 'tuna', 'and', 'add', 'it', 'to', 'the', 'bowl', 'with', 'the', 'celery', 'tomato', 'and', 'cucumber', 'stir', 'well', 'taste', 'and', 'adjust', 'seasoning', 'serve', 'at', 'room', 'temperature', 'or', 'chill', 'in', 'the', 'refrigerator', 'briefly']","['cook', 'couscous', 'salt', 'taste', 'according', 'package', 'directions', 'small', 'bowl', 'whisk', 'together', 'basil', 'oil', 'lemon', 'juice', 'salt', 'pepper', 'taste', 'stir', 'warm', 'couscous', 'mix', 'well', 'taste', 'adjust', 'seasoning', 'drain', 'tuna', 'add', 'bowl', 'celery', 'tomato', 'cucumber', 'stir', 'well', 'taste', 'adjust', 'seasoning', 'serve', 'room', 'temperature', 'chill', 'refrigerator', 'briefly']",Italian
6777,"['scrub', 'wash', 'and', 'dry', '4', 'potatoes', 'pierce', 'the', 'potatoes', 'all', 'over', 'with', 'a', 'fork', 'bake', 'in', 'a', 'moderately', 'hot', 'oven', 'for', '1', 'hour', 'or', 'until', 'tender', 'a', 'good', 'tip', 'to', 'keep', 'in', 'mind', 'is', 'this', 'if', 'you', 'want', 'to', 'bake', 'the', 'potatoes', 'quickly', 'place', 'them', 'in', 'salt', 'water', 'for', '15', 'minutes', 'before', 'baking', 'pat', 'them', 'dry', 'with', 'a', 'paper', 'napkin', 'and', 'then', 'bake', 'then', 'carefully', 'chop', 'off', 'the', 'top', 'of', 'each', 'potato', 'scoop', 'out', '3/4th', 'of', 'each', 'potato', 'leaving', 'the', 'skin', 'as', 'it', 'is', 'heat', 'a', 'pan', 'on', 'medium', 'flame', 'add', 'butter', 'allow', 'it', 'to', 'melt', 'add', 'onions', 'walnuts', 'and', 'sugar', 'stir', 'cook', 'over', 'low', 'flame', 'until', 'the', 'onions', 'are', 'soft', 'add', 'the', 'scooped', 'out', 'potato', 'pulp', 'to', 'the', 'walnut', 'mixture', 'saute', 'for', '2', 'minutes', 'divide', 'the', 'mixture', 'into', '4', 'equal', 'parts', 'spoon', 'the', 'topping', 'onto', 'each', 'baked', 'potato', 'garnish', 'with', 'parsley', 'serve', 'hot']","['scrub', 'wash', 'dry', 'potatoes', 'pierce', 'potatoes', 'fork', 'bake', 'moderately', 'hot', 'oven', 'tender', 'good', 'tip', 'keep', 'mind', 'want', 'bake', 'potatoes', 'quickly', 'place', 'salt', 'water', 'baking', 'pat', 'dry', 'paper', 'napkin', 'bake', 'carefully', 'chop', 'top', 'potato', 'scoop', '3/4th', 'potato', 'leaving', 'skin', 'heat', 'pan', 'medium', 'flame', 'add', 'butter', 'allow', 'melt', 'add', 'onions', 'walnuts', 'sugar', 'stir', 'cook', 'low', 'flame', 'onions', 'soft', 'add', 'scooped', 'potato', 'pulp', 'walnut', 'mixture', 'saute', 'divide', 'mixture', 'equal', 'parts', 'spoon', 'topping', 'onto', 'baked', 'potato', 'garnish', 'parsley', 'serve', 'hot']",Indian
8839,"['heat', 'the', 'oil', 'in', 'a', 'wok', 'over', 'a', 'medium', 'flame', 'add', 'the', 'cumin', 'seeds', 'curry', 'leaves', 'chili', 'powder', 'mixed', 'seeds', 'fennel', 'seeds', 'garlic', 'and', 'ginger', 'stir', 'fry', 'for', '1', 'minute', 'then', 'add', 'the', 'onions', 'and', 'stir', 'fry', 'for', 'a', 'further', '5', 'minutes', 'add', 'the', 'potatoes', 'salt', 'and', 'chilies', 'and', 'mix', 'well', 'cover', 'the', 'pan', 'tightly', 'and', 'cook', 'over', 'a', 'low', 'heat', 'for', '7', 'minutes', 'or', 'until', 'the', 'potatoes', 'are', 'tender', 'remove', 'from', 'the', 'heat', 'and', 'stir', 'in', 'the', 'coriander', 'leaf']","['heat', 'oil', 'wok', 'medium', 'flame', 'add', 'cumin', 'seeds', 'curry', 'leaves', 'chili', 'powder', 'mixed', 'seeds', 'fennel', 'seeds', 'garlic', 'ginger', 'stir', 'fry', 'add', 'onions', 'stir', 'fry', 'add', 'potatoes', 'salt', 'chilies', 'mix', 'well', 'cover', 'pan', 'tightly', 'cook', 'low', 'heat', 'potatoes', 'tender', 'remove', 'heat', 'stir', 'coriander', 'leaf']",Indian
2454,"['combine', 'milk', 'cream', 'and', '1/2', 'cup', 'sugar', 'in', 'a', '2-quart', 'microwave', 'safe', 'bowl', 'cook', 'in', 'the', 'microwave', 'on', 'high', 'heat', 'for', '10-12', 'minutes', 'whisking', 'with', 'a', 'wire', 'whisk', 'every', 'two', 'minutes', 'until', 'mixture', 'just', 'begins', 'to', 'boil', 'set', 'aside', 'meanwhile', 'in', 'a', 'medium', 'bowl', 'use', 'a', 'hand', 'held', 'electric', 'mixer', 'to', 'whisk', 'the', 'egg', 'yolks', 'with', '1/4', 'cup', 'sugar', 'until', 'pale', 'yellow', 'and', 'thickened', 'about', '2-3', 'minutes', 'gradually', 'pour', '1/2', 'cup', 'of', 'the', 'warm', 'milk', 'mixture', 'into', 'the', 'egg', 'mixture', 'whisking', 'constantly', 'then', 'use', 'a', 'heatproof', 'spatula', 'to', 'scrape', 'the', 'warmed', 'egg', 'yolks', 'back', 'into', 'the', 'bowl', 'of', 'warm', 'milk', 'whisking', 'thoroughly', 'to', 'combine', 'heat', 'mixture', 'in', 'microwave', 'on', 'high', 'heat', 'for', 'about', '3-6', 'minutes', 'whisking', 'every', 'minute', 'or', 'two', 'until', 'mixture', 'thickens', 'enough', 'to', 'coat', 'the', 'wire', 'whisk', 'but', 'do', 'not', 'boil', 'or', 'the', 'eggs', 'mixture', 'will', 'curdle', 'note', 'at', 'this', 'stage', 'you', 'can', 'strain', 'the', 'custard', 'through', 'a', 'fine', 'mesh', 'strainer', 'but', 'i', 'never', 'do', 'remove', 'from', 'microwave', 'and', 'stir', 'in', 'the', 'vanilla', 'extract', 'vanilla', 'seeds', 'frangelico', 'and', 'the', 'hazelnut', 'spread', 'until', 'it', 'dissolves', 'mix', 'thoroughly', 'let', 'sit', 'at', 'room', 'temperature', 'until', 'cooled', 'then', 'cover', 'and', 'refrigerate', 'several', 'hours', 'or', 'overnight', 'until', 'mixture', 'is', 'completely', 'chilled', 'pour', 'into', 'an', 'ice', 'cream', 'maker', 'and', 'process', 'according', 'to', 'manufacturer', ""'s"", 'instructions', 'note', 'if', 'you', 'do', ""n't"", 'have', 'an', 'ice', 'cream', 'or', 'gelato', 'maker', 'place', 'into', 'freezer', 'and', 'stir', 'every', '30', 'minutes', 'until', 'creamy', 'and', 'set', 'about', '4', 'hours', 'spoon', 'into', 'small', 'dessert', 'dishes', 'and', 'serve', 'the', 'gelato', 'topped', 'with', 'crushed', 'hazelnuts', 'and', 'chocolate-hazelnut', 'cream', 'filled', 'wafers', 'enjoy']","['combine', 'milk', 'cream', 'sugar', '2', 'quart', 'microwave', 'safe', 'bowl', 'cook', 'microwave', 'high', 'heat', 'whisking', 'wire', 'whisk', 'every', 'two', 'mixture', 'begins', 'boil', 'set', 'aside', 'meanwhile', 'medium', 'bowl', 'use', 'hand', 'held', 'electric', 'mixer', 'whisk', 'egg', 'yolks', 'sugar', 'pale', 'yellow', 'thickened', 'gradually', 'pour', 'warm', 'milk', 'mixture', 'egg', 'mixture', 'whisking', 'constantly', 'use', 'heatproof', 'spatula', 'scrape', 'warmed', 'egg', 'yolks', 'back', 'bowl', 'warm', 'milk', 'whisking', 'thoroughly', 'combine', 'heat', 'mixture', 'microwave', 'high', 'heat', 'whisking', 'every', 'two', 'mixture', 'thickens', 'enough', 'coat', 'wire', 'whisk', 'boil', 'eggs', 'mixture', 'curdle', 'note', 'stage', 'strain', 'custard', 'fine', 'mesh', 'strainer', 'never', 'remove', 'microwave', 'stir', 'vanilla', 'extract', 'vanilla', 'seeds', 'frangelico', 'hazelnut', 'spread', 'dissolves', 'mix', 'thoroughly', 'let', 'sit', 'room', 'temperature', 'cooled', 'cover', 'refrigerate', 'several', 'overnight', 'mixture', 'completely', 'chilled', 'pour', 'ice', 'cream', 'maker', 'process', 'according', 'manufacturer', 'instructions', 'note', 'ice', 'cream', 'gelato', 'maker', 'place', 'freezer', 'stir', 'every', 'creamy', 'set', 'spoon', 'small', 'dessert', 'dishes', 'serve', 'gelato', 'topped', 'crushed', 'hazelnuts', 'chocolate', 'hazelnut', 'cream', 'filled', 'wafers', 'enjoy']",Italian
6904,"['heat', 'oil', 'in', 'a', 'large', 'no', 'stick', 'frypan', 'over', 'medium', 'high', 'heat', 'until', 'hot', 'add', 'chicken', 'strips', 'and', 'onion', 'cook', '5', 'minutes', 'or', 'until', 'chicken', 'is', 'browned', 'and', 'onion', 'is', 'tender', 'stirring', 'often', 'add', 'all', 'remaining', 'ingredients', 'except', 'nuts', 'mix', 'well', 'bring', 'to', 'boil', 'and', 'reduce', 'heat', 'to', 'medium', 'low', 'cover', 'and', 'cook', '15-20', 'minutes', 'or', 'until', 'chicken', 'is', 'no', 'longer', 'pink', 'rice', 'is', 'tender', 'and', 'liquid', 'is', 'absorbed', 'just', 'before', 'serving', 'sprinkle', 'nuts', 'over', 'top']","['heat', 'oil', 'large', 'stick', 'frypan', 'medium', 'high', 'heat', 'hot', 'add', 'chicken', 'strips', 'onion', 'cook', 'chicken', 'browned', 'onion', 'tender', 'stirring', 'often', 'add', 'remaining', 'ingredients', 'except', 'nuts', 'mix', 'well', 'bring', 'boil', 'reduce', 'heat', 'medium', 'low', 'cover', 'cook', 'chicken', 'longer', 'pink', 'rice', 'tender', 'liquid', 'absorbed', 'serving', 'sprinkle', 'nuts', 'top']",Indian
10645,"['the', 'best', 'cumin', 'powder', 'to', 'use', 'for', 'a', 'raita', 'is', 'dry', 'roasted', 'if', 'you', 'can', 'take', 'the', 'time', '5', 'minutes', 'bake', 'the', 'cumin', 'seeds', 'until', 'they', 'are', 'a', 'little', 'dark', 'and', 'then', 'grind', 'them', 'in', 'a', 'spice', 'grinder', 'or', 'under', 'a', 'rolling', 'pin', 'in', 'a', 'bowl', 'mix', 'yogurt', 'water', 'salt', 'and', 'cayenne', 'add', 'cucumbers', 'to', 'yogurt', 'mixture', 'sprinkle', 'cumin', 'powder', 'on', 'top', 'garnish', 'w/', 'coriander', 'leaves']","['best', 'cumin', 'powder', 'use', 'raita', 'dry', 'roasted', 'take', 'time', 'bake', 'cumin', 'seeds', 'little', 'dark', 'grind', 'spice', 'grinder', 'rolling', 'pin', 'bowl', 'mix', 'yogurt', 'water', 'salt', 'cayenne', 'add', 'cucumbers', 'yogurt', 'mixture', 'sprinkle', 'cumin', 'powder', 'top', 'garnish', 'w/', 'coriander', 'leaves']",Indian
6915,"['blend', 'all', 'ingredients', 'besides', 'the', 'yoghurt', 'on', 'high', 'speed', 'for', '30', 'seconds', 'toss', 'in', 'the', 'yoghurt', 'and', 'process', 'for', '45', 'seconds', 'or', 'until', 'frothy', 'chill', 'and', 'serve']","['blend', 'ingredients', 'besides', 'yoghurt', 'high', 'speed', 'seconds', 'toss', 'yoghurt', 'process', 'seconds', 'frothy', 'chill', 'serve']",Indian
486,"['preheat', 'oven', 'to', '450', 'degrees', 'f.', 'stir', 'together', 'first', '13', 'ingredients', 'bread', 'crumbs', 'to', 'nutmeg', 'in', 'a', 'large', 'bowl', 'add', 'the', 'meat', 'and', 'mix', 'thoroughly', 'i', 'use', 'a', 'fork', 'to', 'mix', 'to', 'prevent', 'overhandling', 'the', 'meat', 'shape', 'meat', 'mixture', 'into', '2-inch', 'balls', 'approximately', '1', '1/2', 'oz', 'each', 'by', 'weight', 'i', 'like', 'to', 'use', 'a', '30', 'scoop', 'to', 'portion', 'them', 'out', 'then', 'i', 'roll', 'them', 'into', 'balls', 'by', 'hand', 'spray', 'a', 'shallow', 'pan', 'such', 'as', 'a', 'baking', 'sheet', 'with', 'an', 'edge', 'all', 'around', 'with', 'nonstick', 'cooking', 'spray', 'place', 'meatballs', 'on', 'the', 'prepared', 'pan', 'taking', 'care', 'not', 'to', 'crowd', 'them', 'or', 'let', 'them', 'touch', 'pour', 'the', '1', 'cup', 'of', 'beef', 'broth', 'into', 'the', 'bottom', 'of', 'the', 'pan', 'make', 'sure', 'bottom', 'of', 'pan', 'is', 'covered', 'bake', 'for', '25', 'minutes', 'or', 'until', 'meatballs', 'are', 'cooked', 'through', 'reserve', 'the', 'pan', 'juices', 'to', 'make', 'the', 'tomato', 'sauce', 'recipe', 'posted', 'separately']","['preheat', 'oven', 'f.', 'stir', 'together', 'first', 'ingredients', 'bread', 'crumbs', 'nutmeg', 'large', 'bowl', 'add', 'meat', 'mix', 'thoroughly', 'use', 'fork', 'mix', 'prevent', 'overhandling', 'meat', 'shape', 'meat', 'mixture', '2', 'inch', 'balls', 'approximately', 'weight', 'like', 'use', 'scoop', 'portion', 'roll', 'balls', 'hand', 'spray', 'shallow', 'pan', 'baking', 'sheet', 'edge', 'around', 'nonstick', 'cooking', 'spray', 'place', 'meatballs', 'prepared', 'pan', 'taking', 'care', 'crowd', 'let', 'touch', 'pour', 'beef', 'broth', 'bottom', 'pan', 'make', 'sure', 'bottom', 'pan', 'covered', 'bake', 'meatballs', 'cooked', 'reserve', 'pan', 'juices', 'make', 'tomato', 'sauce', 'recipe', 'posted', 'separately']",Italian
11278,"['mix', 'all', 'the', 'above', 'ingredients', 'and', 'store', 'in', 'a', 'bottle', 'can', 'be', 'used', 'for', 'sprinkling', 'over', 'fruit', 'salad', 'cooked', 'vegetables', 'fried', 'potatoes', 'boiled', 'potatoes', 'tandoori', 'or', 'roasted', 'meats']","['mix', 'ingredients', 'store', 'bottle', 'used', 'sprinkling', 'fruit', 'salad', 'cooked', 'vegetables', 'fried', 'potatoes', 'boiled', 'potatoes', 'tandoori', 'roasted', 'meats']",Indian
5975,"['in', 'a', 'large', 'pot', 'melt', 'the', 'butter', 'over', 'moderately', 'low', 'heat', 'add', 'the', 'onion', 'celery', 'and', 'garlic', 'and', 'cook', 'stirring', 'occasionally', 'until', 'the', 'vegetables', 'start', 'to', 'soften', 'about', '5', 'minutes', 'add', 'the', 'wine', 'and', 'boil', 'until', 'it', 'almost', 'evaporates', 'about', '5', 'minutes', 'add', 'the', 'broth', 'and', 'bring', 'to', 'a', 'boil', 'boil', 'until', 'the', 'liquid', 'is', 'reduce', 'to', 'approximately', '7', 'cups', 'about', '20', 'minutes', 'add', 'the', 'rice', 'parsley', 'and', 'salt', 'and', 'cook', 'at', 'a', 'low', 'boil', 'stirring', 'occasionally', 'until', 'the', 'rice', 'is', 'just', 'tender', '10-15', 'minutes', 'stir', 'in', 'the', 'peas', 'ham', 'parmesan', 'and', 'pepper']","['large', 'pot', 'melt', 'butter', 'moderately', 'low', 'heat', 'add', 'onion', 'celery', 'garlic', 'cook', 'stirring', 'occasionally', 'vegetables', 'start', 'soften', 'add', 'wine', 'boil', 'almost', 'evaporates', 'add', 'broth', 'bring', 'boil', 'boil', 'liquid', 'reduce', 'approximately', 'add', 'rice', 'parsley', 'salt', 'cook', 'low', 'boil', 'stirring', 'occasionally', 'rice', 'tender', 'stir', 'peas', 'ham', 'parmesan', 'pepper']",Italian
1635,"['preheat', 'oven', 'to', '500', 'f.', 'line', 'a', '13x9', ""''"", 'baking', 'pan', 'with', 'foil', 'arrange', 'chicken', 'in', 'the', 'pan', 'combine', 'the', 'sun-dried', 'tomatoes', '2', 'tbsp', 'of', 'the', 'oil', 'basil', 'parmesan', 'cheese', 'garlic', 'and', 'pepper', 'in', 'a', 'food', 'processor', 'whirl', 'until', 'smooth', 'spread', 'about', 'half', 'around', '1/4', 'cup', 'of', 'the', 'pesto', 'over', 'the', 'chicken', 'bake', 'about', '15-20', 'minutes', 'or', 'until', 'juices', 'run', 'clear', 'remove', 'pan', 'from', 'oven', 'heat', 'the', 'broiler', 'spread', 'the', 'remaining', 'pesto', 'over', 'the', 'chicken', 'broil', '6', ""''"", 'from', 'heat', 'for', '3-5', 'minutes', 'or', 'until', 'browned']","['preheat', 'oven', 'f.', 'line', '13x9', ""''"", 'baking', 'pan', 'foil', 'arrange', 'chicken', 'pan', 'combine', 'sun', 'dried', 'tomatoes', 'oil', 'basil', 'parmesan', 'cheese', 'garlic', 'pepper', 'food', 'processor', 'whirl', 'smooth', 'spread', 'half', 'around', 'pesto', 'chicken', 'bake', 'juices', 'run', 'clear', 'remove', 'pan', 'oven', 'heat', 'broiler', 'spread', 'remaining', 'pesto', 'chicken', 'broil', ""''"", 'heat', 'browned']",Italian
2914,"['in', 'medium', 'skillet', 'heat', 'olive', 'oil', 'saute', 'onion', 'and', 'garlic', '2', 'minutes', 'add', 'carrot', 'and', 'capers', 'and', 'cook', '1', 'minute', 'longer', 'add', 'beef', 'stock', 'and', 'pepper', 'flakes', 'cook', 'slowly', 'for', 'five', 'minutes', 'meanwhile', 'cook', 'fusilli', 'al', 'dente', 'drain', 'and', 'return', 'to', 'pan', 'stir', 'in', 'sauce', 'and', 'broccoli', 'into', 'pasta', 'and', 'half', 'the', 'cheese', 'serve', 'hot', 'topped', 'with', 'the', 'remaining', 'cheese']","['medium', 'skillet', 'heat', 'olive', 'oil', 'saute', 'onion', 'garlic', 'add', 'carrot', 'capers', 'cook', 'longer', 'add', 'beef', 'stock', 'pepper', 'flakes', 'cook', 'slowly', 'five', 'meanwhile', 'cook', 'fusilli', 'al', 'dente', 'drain', 'return', 'pan', 'stir', 'sauce', 'broccoli', 'pasta', 'half', 'cheese', 'serve', 'hot', 'topped', 'remaining', 'cheese']",Italian
8968,"['preheat', 'oven', 'to', '375', 'degrees', 'season', 'chicken', 'thighs', 'generously', 'with', 'salt', 'and', 'pepper', 'preheat', 'a', 'large', 'skillet', 'over', 'high', 'heat', 'add', 'olive', 'oil', 'and', 'swirl', 'to', 'coat', 'add', 'chicken', 'thighs', 'skin', 'side', 'down', 'and', 'saute', 'flipping', 'once', 'until', 'deeply', 'golden', 'on', 'both', 'sides', 'about', '4', 'minutes', 'per', 'side', 'remove', 'to', 'a', 'plate', 'drain', 'all', 'but', '1', 'tablespoon', 'fat', 'and', 'lower', 'heat', 'to', 'medium-high', 'add', '1', 'tablespoon', 'butter', 'onion', 'shallots', 'ginger', 'garlic', 'and', 'chile', 'season', 'generously', 'with', 'salt', 'and', 'pepper', 'and', 'saute', 'stirring', 'until', 'softened', '5', 'minutes', 'make', 'a', 'well', 'in', 'the', 'center', 'of', 'the', 'pot', 'and', 'add', 'remaining', '1', 'tablespoon', 'butter', 'when', 'melted', 'add', 'garam', 'masala', 'madras', 'curry', 'powder', 'cinnamon', 'turmeric', 'tomato', 'paste', 'cilantro', 'stems', 'and', 'toss', 'to', 'coat', 'with', 'butter', 'cook', 'until', 'fragrant', 'and', 'toasted', '30', 'seconds', 'more', 'add', 'chicken', 'stock', 'scraping', 'bottom', 'of', 'pan', 'to', 'deglaze', 'and', 'bring', 'to', 'a', 'boil', 'return', 'chicken', 'to', 'pan', 'skin', 'side', 'up', 'then', 'transfer', 'the', 'pan', 'to', 'the', 'oven', 'cook', 'until', 'sauce', 'is', 'reduced', 'and', 'chicken', 'is', 'falling', 'off', 'the', 'bone', 'about', '50', 'minutes', 'return', 'pan', 'to', 'stovetop', 'and', 'divide', 'chicken', 'among', 'serving', 'dishes', 'place', 'pan', 'on', 'medium', 'heat', 'add', 'yogurt', 'and', 'whisk', 'to', 'incorporate', 'season', 'sauce', 'with', 'salt', 'and', 'pepper', 'and', 'add', 'all', 'but', '1/4', 'cup', 'cilantro', 'spoon', 'sauce', 'around', 'chicken', 'top', 'with', 'reserved', '1/4', 'cup', 'cilantro', 'and', 'serve', 'with', 'cauliflower', 'rice']","['preheat', 'oven', 'season', 'chicken', 'thighs', 'generously', 'salt', 'pepper', 'preheat', 'large', 'skillet', 'high', 'heat', 'add', 'olive', 'oil', 'swirl', 'coat', 'add', 'chicken', 'thighs', 'skin', 'side', 'saute', 'flipping', 'deeply', 'golden', 'sides', 'per', 'side', 'remove', 'plate', 'drain', 'fat', 'lower', 'heat', 'medium', 'high', 'add', 'butter', 'onion', 'shallots', 'ginger', 'garlic', 'chile', 'season', 'generously', 'salt', 'pepper', 'saute', 'stirring', 'softened', 'make', 'well', 'center', 'pot', 'add', 'remaining', 'butter', 'melted', 'add', 'garam', 'masala', 'madras', 'curry', 'powder', 'cinnamon', 'turmeric', 'tomato', 'paste', 'cilantro', 'stems', 'toss', 'coat', 'butter', 'cook', 'fragrant', 'toasted', 'seconds', 'add', 'chicken', 'stock', 'scraping', 'bottom', 'pan', 'deglaze', 'bring', 'boil', 'return', 'chicken', 'pan', 'skin', 'side', 'transfer', 'pan', 'oven', 'cook', 'sauce', 'reduced', 'chicken', 'falling', 'bone', 'return', 'pan', 'stovetop', 'divide', 'chicken', 'among', 'serving', 'dishes', 'place', 'pan', 'medium', 'heat', 'add', 'yogurt', 'whisk', 'incorporate', 'season', 'sauce', 'salt', 'pepper', 'add', 'cilantro', 'spoon', 'sauce', 'around', 'chicken', 'top', 'reserved', 'cilantro', 'serve', 'cauliflower', 'rice']",Indian
2305,"['let', 'cheese', 'soften', 'and', 'mix', 'all', 'ingredients', 'together', 'with', 'a', 'mixer', 'until', 'smooth', 'at', 'the', 'inn', 'this', 'spread', 'was', 'served', 'with', 'carrot', 'strips', 'celery', 'sticks', 'sweet', 'italian', 'peppers', 'and', 'breadsticks']","['let', 'cheese', 'soften', 'mix', 'ingredients', 'together', 'mixer', 'smooth', 'inn', 'spread', 'served', 'carrot', 'strips', 'celery', 'sticks', 'sweet', 'italian', 'peppers', 'breadsticks']",Italian
8900,"['heat', 'coconut', 'oil', 'in', 'a', 'large', 'pot', 'over', 'medium-high', 'heat', 'add', 'the', 'mushrooms', 'and', 'carrots', 'and', 'cook', 'stirring', 'occasionally', 'until', 'the', 'vegetables', 'soften', 'about', '8', 'minutes', 'add', 'the', 'spinach', 'turmeric', 'ginger', 'pepper', 'and', 'salt', 'cook', '1', 'minute', 'add', 'chickpeas', 'and', 'tikka', 'masala', 'sauce', 'bring', 'to', 'a', 'simmer', 'and', 'cook', '5', 'minutes', 'stir', 'in', 'coconut', 'milk', 'and', 'warm', 'through', 'serve', 'immediately']","['heat', 'coconut', 'oil', 'large', 'pot', 'medium', 'high', 'heat', 'add', 'mushrooms', 'carrots', 'cook', 'stirring', 'occasionally', 'vegetables', 'soften', 'add', 'spinach', 'turmeric', 'ginger', 'pepper', 'salt', 'cook', 'add', 'chickpeas', 'tikka', 'masala', 'sauce', 'bring', 'simmer', 'cook', 'stir', 'coconut', 'milk', 'warm', 'serve', 'immediately']",Indian
2725,"['cut', 'broccoli', 'into', 'flowerets', 'brown', 'sausage', 'drain', 'and', 'slice', 'combine', 'all', 'ingredients', 'except', 'dressing', 'in', 'large', 'bowl', 'pour', 'dressing', 'over', 'salad', 'and', 'toss', 'gently', 'cover', 'and', 'refrigerate', '8', 'hours']","['cut', 'broccoli', 'flowerets', 'brown', 'sausage', 'drain', 'slice', 'combine', 'ingredients', 'except', 'dressing', 'large', 'bowl', 'pour', 'dressing', 'salad', 'toss', 'gently', 'cover', 'refrigerate']",Italian
12116,"['in', 'a', 'microwave-proof', 'bowl', 'mix', 'together', 'oil', 'ginger-garlic', 'paste', 'chilli', 'powder', 'and', 'yoghurt', 'microwave', 'on', 'high', 'power', 'level', 'for', '5', 'minutes', 'add', 'chicken', 'and', '2', 'tbsps', 'water', 'cover', 'and', 'cook', 'for', '3', 'minutes', 'on', 'high', 'power', 'level', 'add', 'cashew', 'paste', 'garam', 'masala', 'powder', 'and', 'salt', 'cook', 'for', '12', 'minutes', 'on', 'medium', 'high', 'power', 'level', 'drizzle', 'cream', 'sprinkle', 'garam', 'masala', 'powder', 'and', 'garnish', 'with', 'fried', 'onions', 'serve', 'immediately', 'and', 'enjoy']","['microwave', 'proof', 'bowl', 'mix', 'together', 'oil', 'ginger', 'garlic', 'paste', 'chilli', 'powder', 'yoghurt', 'microwave', 'high', 'power', 'level', 'add', 'chicken', 'tbsps', 'water', 'cover', 'cook', 'high', 'power', 'level', 'add', 'cashew', 'paste', 'garam', 'masala', 'powder', 'salt', 'cook', 'medium', 'high', 'power', 'level', 'drizzle', 'cream', 'sprinkle', 'garam', 'masala', 'powder', 'garnish', 'fried', 'onions', 'serve', 'immediately', 'enjoy']",Indian
3554,"['slice', 'off', 'the', 'tops', 'of', 'the', 'peppers', 'with', 'a', 'small', 'spoon', 'scoop', 'out', 'the', 'seeds', 'combine', 'the', 'bread', 'crumbs', 'anchovies', 'capers', 'and', 'garlic', 'add', 'about', '3', 'tablespoons', 'of', 'olive', 'oil', 'or', 'enough', 'to', 'moisten', 'the', 'crumbs', 'add', '1', 'to', '2', 'tablespoons', 'of', 'the', 'reserved', 'pepper', 'juices', 'to', 'taste', 'fill', 'the', 'cherry', 'peppers', 'with', 'the', 'crumb', 'mixture', 'packing', 'it', 'lightly', 'refrigerate', 'until', 'serving', 'time', 'just', 'before', 'serving', 'drizzle', 'the', 'peppers', 'with', 'a', 'little', 'extra', 'virgin', 'olive', 'oil', 'if', 'desired']","['slice', 'tops', 'peppers', 'small', 'spoon', 'scoop', 'seeds', 'combine', 'bread', 'crumbs', 'anchovies', 'capers', 'garlic', 'add', 'olive', 'oil', 'enough', 'moisten', 'crumbs', 'add', 'reserved', 'pepper', 'juices', 'taste', 'fill', 'cherry', 'peppers', 'crumb', 'mixture', 'packing', 'lightly', 'refrigerate', 'serving', 'time', 'serving', 'drizzle', 'peppers', 'little', 'extra', 'virgin', 'olive', 'oil', 'desired']",Italian
6011,"['cook', 'pasta', 'as', 'indicated', 'mix', 'tuna', 'with', 'ricotta', 'in', 'a', 'large', 'bowl', 'stir', 'until', 'creamy', 'add', 'olive', 'oil', 'grated', 'onion', 'salt', 'pepper', 'and', 'parsley', 'and', 'stir', 'very', 'well', 'pour', 'off', 'pasta', 'and', 'mix', 'it', 'with', 'the', 'sauce', 'the', 'paste', 'needs', 'to', 'be', '``', 'wet', ""''"", 'otherwise', 'the', 'sauce', 'is', 'to', 'sticky', 'serve', 'in', 'preheated', 'plates']","['cook', 'pasta', 'indicated', 'mix', 'tuna', 'ricotta', 'large', 'bowl', 'stir', 'creamy', 'add', 'olive', 'oil', 'grated', 'onion', 'salt', 'pepper', 'parsley', 'stir', 'well', 'pour', 'pasta', 'mix', 'sauce', 'paste', 'needs', '``', 'wet', ""''"", 'otherwise', 'sauce', 'sticky', 'serve', 'preheated', 'plates']",Italian
6980,"['wash', 'and', 'boil', 'mince', 'with', 'salt', 'till', 'all', 'the', 'water', 'has', 'dried', 'grind', 'mince', 'to', 'a', 'paste', 'add', 'cream', 'nutmeg', 'butter', 'beat', 'eggs', 'lightly', 'and', 'mix', 'into', 'meat', 'spray', 'mould', 'bowl', 'well', 'or', 'grease', 'put', 'in', 'mold', 'bowl', 'cover', 'and', 'steam', 'for', '45', 'minutes', 'can', 'be', 'served', 'hot', 'or', 'cold', 'pack', 'into', 'container', 'and', 'put', 'in', 'fridge', 'to', 'set']","['wash', 'boil', 'mince', 'salt', 'till', 'water', 'dried', 'grind', 'mince', 'paste', 'add', 'cream', 'nutmeg', 'butter', 'beat', 'eggs', 'lightly', 'mix', 'meat', 'spray', 'mould', 'bowl', 'well', 'grease', 'put', 'mold', 'bowl', 'cover', 'steam', 'served', 'hot', 'cold', 'pack', 'container', 'put', 'fridge', 'set']",Indian
8590,"['combine', 'first', '7', 'ingredients', 'in', 'a', 'large', 'zip-top', 'plastic', 'bag', 'seal', 'and', 'marinate', 'in', 'refrigerator', '30', 'minutes', 'prepare', 'grill', 'remove', 'chicken', 'from', 'bag', 'and', 'discard', 'marinade', 'thread', 'chicken', 'strips', 'onto', '18', '8-inch', 'skewers', 'soaked', 'if', 'wooden', 'place', 'kebabs', 'on', 'grill', 'rack', 'coated', 'with', 'vegetable', 'oil', 'grill', '2', 'minutes', 'on', 'each', 'side', 'or', 'until', 'done', 'serve', 'with', 'prepared', 'peanut', 'sauce', 'to', 'make', 'the', 'peanut', 'sauce', 'combine', 'broth', 'and', 'peanut', 'butter', 'in', 'a', 'small', 'saucepan', 'cook', 'over', 'low', 'heat', '5', 'minutes', 'or', 'until', 'smooth', 'stirring', 'with', 'a', 'whisk', 'pour', 'peanut', 'butter', 'mixture', 'into', 'a', 'bowl', 'stir', 'in', 'the', 'remaining', 'ingredients', 'serve', 'at', 'room', 'temperature']","['combine', 'first', 'ingredients', 'large', 'zip', 'top', 'plastic', 'bag', 'seal', 'marinate', 'refrigerator', 'prepare', 'grill', 'remove', 'chicken', 'bag', 'discard', 'marinade', 'thread', 'chicken', 'strips', 'onto', '8', 'inch', 'skewers', 'soaked', 'wooden', 'place', 'kebabs', 'grill', 'rack', 'coated', 'vegetable', 'oil', 'grill', 'side', 'done', 'serve', 'prepared', 'peanut', 'sauce', 'make', 'peanut', 'sauce', 'combine', 'broth', 'peanut', 'butter', 'small', 'saucepan', 'cook', 'low', 'heat', 'smooth', 'stirring', 'whisk', 'pour', 'peanut', 'butter', 'mixture', 'bowl', 'stir', 'remaining', 'ingredients', 'serve', 'room', 'temperature']",Indian
11755,"['in', 'a', 'big', 'pot', 'saute', 'onion', 'and', 'garlic', 'in', 'oil', 'until', 'soft', 'add', 'in', 'beef', 'cook', 'until', 'browned', 'add', 'in', 'salt', 'sugar', 'pepper', 'oregano', 'cumin', 'chili', 'powder', 'cayenne', 'tomato', 'sauce', 'and', '1', '1/2', 'cups', 'water', 'stir', 'to', 'mix', 'bring', 'to', 'a', 'boil', 'decrease', 'heat', 'to', 'a', 'low', 'simmering', 'boil', 'and', 'cook', 'partially', 'covered', 'for', '1', 'hour', '10', 'minutes', 'remove', 'from', 'heat', 'add', 'in', 'masa', 'harina', 'mixture', 'return', 'to', 'low', 'heat', 'and', 'cook', 'stirring', 'occasionally', '5', 'minutes', 'serve', 'with', 'beans', 'rice', 'or', 'bread', 'on', 'the', 'side', 'all', 'useful', 'for', 'muffling', 'the', 'heat', 'also', 'helpful', 'is', 'a', 'tablespoon', 'of', 'sour', 'cream']","['big', 'pot', 'saute', 'onion', 'garlic', 'oil', 'soft', 'add', 'beef', 'cook', 'browned', 'add', 'salt', 'sugar', 'pepper', 'oregano', 'cumin', 'chili', 'powder', 'cayenne', 'tomato', 'sauce', 'water', 'stir', 'mix', 'bring', 'boil', 'decrease', 'heat', 'low', 'simmering', 'boil', 'cook', 'partially', 'covered', 'remove', 'heat', 'add', 'masa', 'harina', 'mixture', 'return', 'low', 'heat', 'cook', 'stirring', 'occasionally', 'serve', 'beans', 'rice', 'bread', 'side', 'useful', 'muffling', 'heat', 'also', 'helpful', 'sour', 'cream']",Indian
2668,"['cook', 'potatoes', 'in', 'salted', 'boiling', 'water', 'until', 'tender', 'and', 'drain', 'stir', 'in', 'remaining', 'ingredients', 'and', 'mash', 'with', 'a', 'potato', 'masher', 'until', 'mixture', 'is', 'smooth', 'taste', 'for', 'seasoning', 'adjustments', 'serve', 'warm']","['cook', 'potatoes', 'salted', 'boiling', 'water', 'tender', 'drain', 'stir', 'remaining', 'ingredients', 'mash', 'potato', 'masher', 'mixture', 'smooth', 'taste', 'seasoning', 'adjustments', 'serve', 'warm']",Italian
10877,"['to', 'boiling', 'water', 'add', 'sugar', 'and', 'apple', 'juice', 'take', 'off', 'heat', 'add', '2', 'tea', 'bags', 'and', 'let', 'set', 'until', 'done', 'stir', 'and', 'serve', 'over', 'ice', 'if', 'you', 'want', 'cold']","['boiling', 'water', 'add', 'sugar', 'apple', 'juice', 'take', 'heat', 'add', 'tea', 'bags', 'let', 'set', 'done', 'stir', 'serve', 'ice', 'want', 'cold']",Indian
11578,"['rinse', 'and', 'soak', 'the', 'black-eye', 'beans', 'in', 'a', 'bowl', 'of', 'water', 'overnight', 'place', 'the', 'beans', 'in', 'a', 'pan', 'of', 'water', 'and', 'bring', 'to', 'a', 'boil', 'over', 'a', 'low', 'het', 'for', 'about', '30', 'minutes', 'drain', 'the', 'beans', 'thoroughly', 'and', 'set', 'aside', 'heat', 'the', 'oil', 'in', 'a', 'pan', 'add', 'the', 'onions', 'and', 'fry', 'until', 'golden', 'brown', 'add', 'the', 'ginger', 'garlic', 'chilli', 'powder', 'salt', 'ground', 'coriander', 'and', 'ground', 'cumin', 'and', 'stir-fry', 'the', 'mixture', 'for', '3-5', 'minutes', 'add', 'the', 'water', 'to', 'the', 'pan', 'cover', 'and', 'cook', 'the', 'mixture', 'until', 'all', 'of', 'the', 'water', 'has', 'completely', 'evaporated', 'add', 'the', 'boiled', 'black-eye', 'beans', 'green', 'chillies', 'and', 'coriander', 'leaves', 'to', 'the', 'onions', 'and', 'stir', 'to', 'blend', 'together', 'stir-fry', 'the', 'bean', 'mixture', 'for', '3-5', 'minutes', 'transfer', 'the', 'black-eye', 'beans', 'to', 'a', 'serving', 'dish', 'and', 'sprinkle', 'over', 'the', 'lemon', 'juice', 'serve', 'hot', 'or', 'cold']","['rinse', 'soak', 'black', 'eye', 'beans', 'bowl', 'water', 'overnight', 'place', 'beans', 'pan', 'water', 'bring', 'boil', 'low', 'het', 'drain', 'beans', 'thoroughly', 'set', 'aside', 'heat', 'oil', 'pan', 'add', 'onions', 'fry', 'golden', 'brown', 'add', 'ginger', 'garlic', 'chilli', 'powder', 'salt', 'ground', 'coriander', 'ground', 'cumin', 'stir', 'fry', 'mixture', 'add', 'water', 'pan', 'cover', 'cook', 'mixture', 'water', 'completely', 'evaporated', 'add', 'boiled', 'black', 'eye', 'beans', 'green', 'chillies', 'coriander', 'leaves', 'onions', 'stir', 'blend', 'together', 'stir', 'fry', 'bean', 'mixture', 'transfer', 'black', 'eye', 'beans', 'serving', 'dish', 'sprinkle', 'lemon', 'juice', 'serve', 'hot', 'cold']",Indian
4779,"['1.', 'dice', 'scallions', 'and', 'garlic', 'and', 'shrimp', 'saute', 'in', 'olive', 'oil', '2.', 'add', 'all', 'spices', '3.', 'add', 'cream', 'cheese', 'and', 'melt', '4.', 'mix', 'egg', 'yolks', 'with', 'half', 'and', 'half', '5.', 'add', 'half', 'half', 'and', 'simmer', '6.', 'add', 'cheese', '7.', 'serve', 'over', 'pasta', 'of', 'choice']","['dice', 'scallions', 'garlic', 'shrimp', 'saute', 'olive', 'oil', 'add', 'spices', 'add', 'cream', 'cheese', 'melt', 'mix', 'egg', 'yolks', 'half', 'half', 'add', 'half', 'half', 'simmer', 'add', 'cheese', 'serve', 'pasta', 'choice']",Italian
3136,"['add', 'the', 'pasta', 'to', 'a', 'pot', 'of', 'boiling', 'water', 'and', 'cook', 'for', '8-10', 'minutes', 'until', 'al', 'dente', 'put', 'aside', 'fry', 'the', 'mushrooms', 'until', 'they', 'stop', 'giving', 'off', 'liquid', 'put', 'aside', 'heat', 'the', 'sour', 'cream', 'and', 'pesto', 'sauce', 'in', 'a', 'pan', 'until', 'smooth', 'add', 'the', 'spinach', 'and', 'cook', 'for', '5', 'minutes', 'until', 'spinach', 'is', 'wilted', 'add', 'the', 'pasta', 'mushrooms', 'tomatoes', 'tuna', 'oregano', 'and', 'lemon', 'juice', 'add', 'salt', 'pepper', 'and', 'oregano', 'to', 'taste', 'stir', 'and', 'cook', 'gently', 'for', '5', 'minutes', 'until', 'warmed', 'through']","['add', 'pasta', 'pot', 'boiling', 'water', 'cook', 'al', 'dente', 'put', 'aside', 'fry', 'mushrooms', 'stop', 'giving', 'liquid', 'put', 'aside', 'heat', 'sour', 'cream', 'pesto', 'sauce', 'pan', 'smooth', 'add', 'spinach', 'cook', 'spinach', 'wilted', 'add', 'pasta', 'mushrooms', 'tomatoes', 'tuna', 'oregano', 'lemon', 'juice', 'add', 'salt', 'pepper', 'oregano', 'taste', 'stir', 'cook', 'gently', 'warmed']",Italian
7702,"['mix', 'yeast', 'sugar', 'and', 'water', 'in', 'a', 'bowl', 'cover', 'and', 'leave', 'undisturbed', 'for', '10-15', 'minutes', 'mix', 'flour', 'and', 'salt', 'and', 'sieve', 'into', 'a', 'bowl', 'make', 'a', 'well', 'put', 'into', 'the', 'middle', 'the', 'melted', 'ghee', 'or', 'butter', 'the', 'yogurt', 'and', 'the', 'yeast', 'mixture', 'form', 'to', 'a', 'dough', 'knead', 'on', 'a', 'floured', 'surface', 'for', '10-15', 'minutes', 'until', 'the', 'dough', 'is', 'smooth', 'put', 'into', 'a', 'big', 'oiled', 'bowl', 'cover', 'with', 'a', 'wetish', 'towel', 'and', 'leave', 'to', 'rest', 'for', 'an', 'hour', 'by', 'when', 'the', 'dough', 'should', 'have', 'doubled', 'knead', 'for', 'one', 'minute', 'cut', 'into', '32', 'pieces', 'make', 'balls', 'and', 'press', 'them', 'into', '7', 'cm', '/2', '1/2', 'in', 'circles', 'put', 'on', 'a', 'lined', 'tin', 'mix', '4', 'tablespoons', 'melted', 'ghee', 'or', 'butter', 'with', 'the', 'minced', 'garlic', 'brush', 'the', 'unbaked', 'mini', 'naans', 'with', 'the', 'butter', 'garlic', 'mixture', 'sprinkle', 'with', 'the', 'herbs', 'mix', 'them', 'or', 'keep', 'them', 'individual', 'and', 'salt', 'bake', 'in', 'a', '190°c', '375°f', 'oven', 'for', '5-8', 'minutes', 'or', 'until', 'golden', 'mine', 'took', 'longer', 'than', '8', 'minutes', 'serve', 'your', 'guests', 'warm', 'or', 'cold', 'as', 'an', 'appetizer']","['mix', 'yeast', 'sugar', 'water', 'bowl', 'cover', 'leave', 'undisturbed', 'mix', 'flour', 'salt', 'sieve', 'bowl', 'make', 'well', 'put', 'middle', 'melted', 'ghee', 'butter', 'yogurt', 'yeast', 'mixture', 'form', 'dough', 'knead', 'floured', 'surface', 'dough', 'smooth', 'put', 'big', 'oiled', 'bowl', 'cover', 'wetish', 'towel', 'leave', 'rest', 'dough', 'doubled', 'knead', 'one', 'cut', 'pieces', 'make', 'balls', 'press', 'cm', 'circles', 'put', 'lined', 'tin', 'mix', 'melted', 'ghee', 'butter', 'minced', 'garlic', 'brush', 'unbaked', 'mini', 'naans', 'butter', 'garlic', 'mixture', 'sprinkle', 'herbs', 'mix', 'keep', 'individual', 'salt', 'bake', '190°c', '375°f', 'oven', 'golden', 'mine', 'took', 'longer', 'serve', 'guests', 'warm', 'cold', 'appetizer']",Indian
12125,"['grate', 'shred', 'the', 'paneer', 'or', 'cheese', 'finely', 'chop', 'onion', 'and', 'green', 'chillies', 'cut', 'the', 'peppers', 'into', 'half', 'without', 'removing', 'the', 'stem', 'remove', 'the', 'seeds', 'dry', 'it', 'and', 'apply', 'the', 'oil', 'season', 'it', 'with', 'salt', 'and', 'pepper', 'combine', 'bread', 'crumbs', 'with', 'chilli', 'powder', 'heat', '1', 'tbs', 'oil', 'in', 'the', 'pan', 'and', 'add', 'the', 'onion', 'and', 'the', 'chillies', 'when', 'the', 'onion', 'becomes', 'soft', 'remove', 'from', 'the', 'pan', 'in', 'the', 'same', 'pan', 'scramble', 'the', 'egg', 'whites', 'combine', 'the', 'onion', 'shredded', 'cheese', 'paneer', 'egg', 'and', 'salt', 'stuff', 'the', 'mixture', 'inside', 'the', 'peppers', 'sprinkle', 'the', 'bread', 'crumbs', 'over', 'the', 'stuffed', 'pepper', 'and', 'press', 'it', 'down', 'pre-heat', 'the', 'oven', 'to', '350', 'dgrs', 'arrange', 'the', 'peppers', 'on', 'a', 'foil', 'lined', 'baking', 'tray', 'drizzle', 'the', 'remaining', 'oil', 'over', 'the', 'peppers', 'bake', 'for', '25', 'to', '30', 'minutes', 'or', 'till', 'the', 'peppers', 'look', 'slight', 'brown', 'on', 'sides', 'and', 'crispy', 'transfer', 'it', 'to', 'a', 'serving', 'dish', 'and', 'serve', 'with', 'cucumber', 'salad', 'or', 'with', 'tomato', 'sauce']","['grate', 'shred', 'paneer', 'cheese', 'finely', 'chop', 'onion', 'green', 'chillies', 'cut', 'peppers', 'half', 'without', 'removing', 'stem', 'remove', 'seeds', 'dry', 'apply', 'oil', 'season', 'salt', 'pepper', 'combine', 'bread', 'crumbs', 'chilli', 'powder', 'heat', 'tbs', 'oil', 'pan', 'add', 'onion', 'chillies', 'onion', 'becomes', 'soft', 'remove', 'pan', 'pan', 'scramble', 'egg', 'whites', 'combine', 'onion', 'shredded', 'cheese', 'paneer', 'egg', 'salt', 'stuff', 'mixture', 'inside', 'peppers', 'sprinkle', 'bread', 'crumbs', 'stuffed', 'pepper', 'press', 'pre', 'heat', 'oven', 'dgrs', 'arrange', 'peppers', 'foil', 'lined', 'baking', 'tray', 'drizzle', 'remaining', 'oil', 'peppers', 'bake', 'till', 'peppers', 'look', 'slight', 'brown', 'sides', 'crispy', 'transfer', 'serving', 'dish', 'serve', 'cucumber', 'salad', 'tomato', 'sauce']",Indian
9983,"['take', 'a', 'large', 'pot', 'and', 'in', 'it', 'put', 'fresh', 'milk', 'as', 'well', 'as', 'the', 'evaporated', 'milk', 'and', 'carrots', 'allow', 'to', 'cook', 'on', 'low', 'heat', 'for', 'a', 'few', 'minutes', 'stirring', 'occasionally', 'add', 'remaining', 'ingredients', 'and', 'mix', 'well', 'bring', 'to', 'a', 'boil', 'lower', 'heat', 'and', 'cook', 'stirring', 'well', 'from', 'time', 'to', 'time', 'until', 'the', 'sugar', 'has', 'dissolved', 'and', 'the', 'carrots', 'are', 'tender', 'bring', 'to', 'half', 'boil', 'stage', 'mix', 'well', 'and', 'then', 'lower', 'heat', 'allow', 'to', 'cook', 'for', '5', 'minutes', 'more', 'remove', 'from', 'flame', 'transfer', 'to', 'the', 'best', 'serving', 'bowl', 'you', 'have', 'at', 'home', 'and', 'serve', 'hot', 'enjoy', 'and', 'happy', 'imbolc', 'to', 'you', 'and', 'yours']","['take', 'large', 'pot', 'put', 'fresh', 'milk', 'well', 'evaporated', 'milk', 'carrots', 'allow', 'cook', 'low', 'heat', 'stirring', 'occasionally', 'add', 'remaining', 'ingredients', 'mix', 'well', 'bring', 'boil', 'lower', 'heat', 'cook', 'stirring', 'well', 'time', 'time', 'sugar', 'dissolved', 'carrots', 'tender', 'bring', 'half', 'boil', 'stage', 'mix', 'well', 'lower', 'heat', 'allow', 'cook', 'remove', 'flame', 'transfer', 'best', 'serving', 'bowl', 'home', 'serve', 'hot', 'enjoy', 'happy', 'imbolc']",Indian
8516,"['in', 'a', 'pot', 'simmer', 'the', 'beans', 'in', '2-3', 'cups', 'of', 'water', 'for', '20-30', 'min', 'or', 'until', 'beans', 'are', 'tender', 'it', 'does', ""n't"", 'matter', 'if', 'they', 'end', 'up', 'really', 'liquidy', 'since', 'you', 'need', 'to', 'add', 'water', 'later', 'on', 'anyways', 'in', 'a', 'separate', 'pan', 'lightly', 'cook', 'the', 'onion', 'garlic', 'and', 'ginger', 'once', 'the', 'beans', 'are', 'cooked', 'mash', 'them', 'to', 'form', 'a', 'type', 'of', 'paste', 'although', 'lumps', 'do', ""n't"", 'really', 'matter', 'add', 'all', 'the', 'veggies', 'including', 'cooked', 'onion', 'mixture', 'turmeric', 'cumin', 'salt', 'and', 'pepper', 'to', 'the', 'pot', 'with', 'the', 'beans', 'and', 'extra', 'water', 'for', 'simmering', 'simmer', 'the', 'mixture', 'for', '1-1/2', 'to', '2', 'hours', 'adding', 'water', 'as', 'needed', 'to', 'keep', 'it', 'the', 'consistency', 'of', 'a', 'really', 'thick', 'soup', 'at', 'the', 'end', 'of', 'the', 'cooking', 'add', 'the', 'pepper', 'garam', 'masala', 'and', 'chopped', 'cilantro', 'serve', 'over', 'a', 'bed', 'of', 'rice', 'with', 'some', 'heated', 'naan', 'bread']","['pot', 'simmer', 'beans', 'water', 'min', 'beans', 'tender', 'matter', 'end', 'really', 'liquidy', 'since', 'need', 'add', 'water', 'later', 'anyways', 'separate', 'pan', 'lightly', 'cook', 'onion', 'garlic', 'ginger', 'beans', 'cooked', 'mash', 'form', 'type', 'paste', 'although', 'lumps', 'really', 'matter', 'add', 'veggies', 'including', 'cooked', 'onion', 'mixture', 'turmeric', 'cumin', 'salt', 'pepper', 'pot', 'beans', 'extra', 'water', 'simmering', 'simmer', 'mixture', 'adding', 'water', 'needed', 'keep', 'consistency', 'really', 'thick', 'soup', 'end', 'cooking', 'add', 'pepper', 'garam', 'masala', 'chopped', 'cilantro', 'serve', 'bed', 'rice', 'heated', 'naan', 'bread']",Indian
477,"['combine', 'berries', 'with', 'lemon', 'juice', 'and', 'sugar', 'let', 'stand', 'at', 'room', 'temperature', 'for', '30', 'minutes', 'this', 'will', 'allow', 'a', 'syrup', 'to', 'develop', 'mix', 'ricotta', 'ingredients', 'together', 'this', 'may', 'be', 'done', 'in', 'a', 'food', 'processor', 'if', 'a', 'finer', 'texture', 'is', 'desired', 'serve', 'berries', 'over', 'a', 'scoop', 'of', 'the', 'ricotta', 'serving', 'it', 'in', 'a', 'martini', 'or', 'other', 'decorative', 'glass', 'makes', 'for', 'a', 'nice', 'presentation']","['combine', 'berries', 'lemon', 'juice', 'sugar', 'let', 'stand', 'room', 'temperature', 'allow', 'syrup', 'develop', 'mix', 'ricotta', 'ingredients', 'together', 'may', 'done', 'food', 'processor', 'finer', 'texture', 'desired', 'serve', 'berries', 'scoop', 'ricotta', 'serving', 'martini', 'decorative', 'glass', 'makes', 'nice', 'presentation']",Italian
448,"['mix', 'all', 'ingredients', 'in', 'a', 'large', 'bowl', 'by', 'hand', 'bare', 'hands', 'yield', 'best', 'results', 'but', 'be', 'sure', 'to', 'wash', 'hands', 'thoroughly', 'before', 'and', 'after', 'handling', 'raw', 'meat', 'roll', 'meatballs', 'in', 'the', 'size', 'of', 'golf', 'balls', '—', 'you', 'can', 'make', 'smaller', 'meat', 'balls', 'but', 'you', 'will', 'need', 'to', 'adjust', 'cooking', 'time', 'accordingly', 'drop', 'raw', 'meatballs', 'into', 'large', 'pot', 'stock', 'pots', 'work', 'well', 'full', 'of', 'sauce', 'it', 'should', 'be', 'about', 'one', 'jar', 'of', 'your', 'favorite', 'sauce', 'simmer', 'for', '3', 'hours', 'either', 'store', 'in', 'the', 'fridge', 'or', 'freezer', 'your', 'meat', 'balls', 'for', 'later', 'mac', 'and', 'cheese', 'use', 'or', 'start', 'cooking', 'your', 'box', 'of', 'mac', 'and', 'cheese', 'in', 'the', 'last', '20', 'minutes', 'of', 'simmering', 'your', 'meat', 'balls', 'top', 'your', 'mac', 'and', 'cheese', 'with', 'as', 'many', 'meatballs', 'as', 'you', 'want', 'you', 'may', 'have', 'leftovers', 'depending', 'on', 'how', 'many', 'you', 'use', 'great', 'some', 'fresh', 'parmesan', 'cheese', 'on', 'top', 'if', 'desired']","['mix', 'ingredients', 'large', 'bowl', 'hand', 'bare', 'hands', 'yield', 'best', 'results', 'sure', 'wash', 'hands', 'thoroughly', 'handling', 'raw', 'meat', 'roll', 'meatballs', 'size', 'golf', 'balls', '—', 'make', 'smaller', 'meat', 'balls', 'need', 'adjust', 'cooking', 'time', 'accordingly', 'drop', 'raw', 'meatballs', 'large', 'pot', 'stock', 'pots', 'work', 'well', 'full', 'sauce', 'one', 'jar', 'favorite', 'sauce', 'simmer', 'either', 'store', 'fridge', 'freezer', 'meat', 'balls', 'later', 'mac', 'cheese', 'use', 'start', 'cooking', 'box', 'mac', 'cheese', 'last', 'simmering', 'meat', 'balls', 'top', 'mac', 'cheese', 'many', 'meatballs', 'want', 'may', 'leftovers', 'depending', 'many', 'use', 'great', 'fresh', 'parmesan', 'cheese', 'top', 'desired']",Italian
9749,"['heat', 'the', 'oil', 'add', 'the', 'cumin', 'and', 'mustard', 'seeds', 'add', 'the', 'asafoetida', 'powder', 'add', 'ginger', 'garlic', 'chillies', 'and', 'onions', 'cook', 'till', 'the', 'onions', 'are', 'a', 'little', 'soft', 'add', 'the', 'cabbage', 'add', 'salt', 'and', 'turmeric', 'powder', 'cook', 'till', 'the', 'consistency', 'which', 'you', 'like', 'your', 'cabbage', 'to', 'be', 'cooked', 'i', 'cook', 'about', '5', 'minutes', 'because', 'i', 'like', 'my', 'cabbage', 'crunchy', 'add', 'chopped', 'cilantro', 'serve', 'with', 'indian', 'bread', 'variations', 'i', 'have', 'these', 'variations', 'which', 'i', 'use', 'depending', 'on', 'what', 'i', 'am', 'in', 'the', 'mood', 'for', '1.', 'add', 'chopped', 'tomato', 'along', 'with', 'the', 'onions', '2.', 'add', 'boiled', 'diced', 'potatoes', '3.', 'add', 'grated', 'fresh', 'coconut', 'or', 'dry', 'coconut', 'with', 'the', 'cabbage']","['heat', 'oil', 'add', 'cumin', 'mustard', 'seeds', 'add', 'asafoetida', 'powder', 'add', 'ginger', 'garlic', 'chillies', 'onions', 'cook', 'till', 'onions', 'little', 'soft', 'add', 'cabbage', 'add', 'salt', 'turmeric', 'powder', 'cook', 'till', 'consistency', 'like', 'cabbage', 'cooked', 'cook', 'like', 'cabbage', 'crunchy', 'add', 'chopped', 'cilantro', 'serve', 'indian', 'bread', 'variations', 'variations', 'use', 'depending', 'mood', 'add', 'chopped', 'tomato', 'along', 'onions', 'add', 'boiled', 'diced', 'potatoes', 'add', 'grated', 'fresh', 'coconut', 'dry', 'coconut', 'cabbage']",Indian
3923,"['place', 'beef', 'mixture', 'in', 'a', 'mediuim', 'saucepan', 'breaking', 'uo', 'any', 'large', 'pieces', 'of', 'meat', 'stir', 'in', 'frozen', 'peppers', '1/2', 'tsp', 'of', 'italian', 'seasoning', 'and', 'the', 'crush', 'red', 'pepper', 'until', 'just', 'to', 'boiling', 'in', 'a', 'mixing', 'bowl', 'stir', 'together', 'the', 'coleslaw', 'mix', '1/2', 'cup', 'chopped', 'pepperoncini', 'and', 'the', 'liquid', 'and', 'the', 'remaining', '1/2', 'tsp', 'of', 'italian', 'seasoning', 'divide', 'the', 'meat', 'mixture', 'among', 'the', 'roll', 'bottoms', 'and', 'top', 'with', 'coleslaw', 'mixture', 'and', 'add', 'the', 'tops']","['place', 'beef', 'mixture', 'mediuim', 'saucepan', 'breaking', 'uo', 'large', 'pieces', 'meat', 'stir', 'frozen', 'peppers', 'italian', 'seasoning', 'crush', 'red', 'pepper', 'boiling', 'mixing', 'bowl', 'stir', 'together', 'coleslaw', 'mix', 'chopped', 'pepperoncini', 'liquid', 'remaining', 'italian', 'seasoning', 'divide', 'meat', 'mixture', 'among', 'roll', 'bottoms', 'top', 'coleslaw', 'mixture', 'add', 'tops']",Italian
604,"['place', 'breadcrumbs', 'in', 'a', 'mixing', 'bowl', 'and', 'moisten', 'with', '2', 'tablespoons', 'cold', 'water', 'add', 'mince', 'parmesan', 'parsley', 'garlic', 'and', 'lemon', 'zest', 'season', 'well', 'and', 'mix', 'well', 'shape', 'into', '4', 'large', 'flat', 'patties', 'heat', 'a', 'pan', 'with', 'low', 'fat', 'cooking', 'spray', 'and', 'cook', 'the', 'patties', 'for', '7', 'mins', 'per', 'side', 'until', 'they', 'have', 'a', 'golden', 'crust', 'and', 'are', 'cooked', 'through']","['place', 'breadcrumbs', 'mixing', 'bowl', 'moisten', 'cold', 'water', 'add', 'mince', 'parmesan', 'parsley', 'garlic', 'lemon', 'zest', 'season', 'well', 'mix', 'well', 'shape', 'large', 'flat', 'patties', 'heat', 'pan', 'low', 'fat', 'cooking', 'spray', 'cook', 'patties', 'mins', 'per', 'side', 'golden', 'crust', 'cooked']",Italian
1169,"['mix', 'together', 'dressing', 'in', 'a', 'blender', 'and', 'chill', 'well', 'until', 'serving', 'time', 'prep', 'and', 'chill', 'the', 'remaining', 'salad', 'ingredients', 'covered', 'in', 'a', 'separate', 'decorative', 'bowl', 'before', 'serving', 'toss', 'together', 'all', 'salad', 'ingredients', 'and', 'serve', 'with', 'dressing', 'on', 'the', 'side', 'you', 'may', 'have', 'extra', 'dressing', 'left', 'over']","['mix', 'together', 'dressing', 'blender', 'chill', 'well', 'serving', 'time', 'prep', 'chill', 'remaining', 'salad', 'ingredients', 'covered', 'separate', 'decorative', 'bowl', 'serving', 'toss', 'together', 'salad', 'ingredients', 'serve', 'dressing', 'side', 'may', 'extra', 'dressing', 'left']",Italian
12560,"['place', 'toor', 'dal', 'turmeric', 'salt', 'asoefetida', 'and', 'water', 'in', 'a', 'saucepan', 'bring', 'to', 'a', 'boil', 'then', 'reduce', 'heat', 'and', 'simmer', 'until', 'dal', 'is', 'cooked', 'adding', 'water', 'if', 'it', 'evaporates', 'for', 'about', '30-45', 'minutes', 'place', 'tempering', 'ingredients', 'in', 'a', 'small', 'saute', 'pan', 'and', 'heat', 'until', 'curry', 'leaves', 'begin', 'to', 'sputter', 'then', 'add', 'to', 'dal', 'soup', 'mix', 'tamarind', 'paste', 'with', 'hot', 'water', 'and', 'the', 'strain', 'through', 'a', 'sieve', 'pressing', 'with', 'the', 'back', 'of', 'a', 'spoon', 'to', 'get', 'all', 'the', 'pulp', 'place', 'ingredients', 'for', 'sambar', 'in', 'the', 'pan', 'with', 'the', 'soup', 'and', 'top', 'up', 'with', 'water', 'to', 'cover', 'bring', 'to', 'a', 'boil', 'and', 'then', 'reduce', 'heat', 'and', 'simmer', 'for', '30', 'minutes', 'or', 'until', 'vegetables', 'are', 'tender', 'adjusting', 'water', 'amount', 'to', 'your', 'liking', 'if', 'drumsticks', 'are', 'woody', 'discard', 'them', 'before', 'serving']","['place', 'toor', 'dal', 'turmeric', 'salt', 'asoefetida', 'water', 'saucepan', 'bring', 'boil', 'reduce', 'heat', 'simmer', 'dal', 'cooked', 'adding', 'water', 'evaporates', 'place', 'tempering', 'ingredients', 'small', 'saute', 'pan', 'heat', 'curry', 'leaves', 'begin', 'sputter', 'add', 'dal', 'soup', 'mix', 'tamarind', 'paste', 'hot', 'water', 'strain', 'sieve', 'pressing', 'back', 'spoon', 'get', 'pulp', 'place', 'ingredients', 'sambar', 'pan', 'soup', 'top', 'water', 'cover', 'bring', 'boil', 'reduce', 'heat', 'simmer', 'vegetables', 'tender', 'adjusting', 'water', 'amount', 'liking', 'drumsticks', 'woody', 'discard', 'serving']",Indian
7799,"['heat', '1', 'tablespoon', 'oil', 'in', 'a', 'large', 'skillet', 'over', 'medium', 'heat', 'place', 'mixed', 'nuts', 'in', 'the', 'skillet', 'cook', 'and', 'stir', 'until', 'golden', 'brown', 'and', 'set', 'aside', 'stir', 'onion', 'into', 'the', 'skillet', 'and', 'cook', 'until', 'tender', 'mix', 'in', 'garlic', 'paste', 'and', 'ginger', 'paste', 'and', 'cook', '1', 'minute', 'stir', 'in', 'tomato', 'sauce', 'cayenne', 'pepper', 'turmeric', 'coriander', 'and', 'garam', 'masala', 'pour', 'in', 'water', 'and', 'mix', 'in', 'raisins', 'carrots', 'green', 'bell', 'pepper', 'beans', 'peas', 'and', 'potatoes', 'bring', 'to', 'a', 'boil', 'reduce', 'heat', 'to', 'low', 'and', 'simmer', '20', 'minutes', 'until', 'potatoes', 'are', 'tender', 'heat', 'remaining', 'oil', 'in', 'a', 'separate', 'skillet', 'over', 'medium-high', 'heat', 'and', 'cook', 'the', 'paneer', 'on', 'both', 'sides', 'until', 'golden', 'brown', 'drain', 'on', 'paper', 'towels', 'place', 'in', 'a', 'bowl', 'with', 'enough', 'hot', 'water', 'to', 'cover', 'for', 'about', '2', 'minutes', 'to', 'soften', 'then', 'stir', 'into', 'the', 'skillet', 'with', 'the', 'vegetables', 'stir', 'milk', 'and', 'cream', 'into', 'the', 'skillet', 'with', 'the', 'vegetables', 'and', 'paneer', 'bring', 'to', 'a', 'boil', 'and', 'continue', 'cooking', '2', 'to', '3', 'minutes', 'season', 'with', 'salt', 'to', 'taste']","['heat', 'oil', 'large', 'skillet', 'medium', 'heat', 'place', 'mixed', 'nuts', 'skillet', 'cook', 'stir', 'golden', 'brown', 'set', 'aside', 'stir', 'onion', 'skillet', 'cook', 'tender', 'mix', 'garlic', 'paste', 'ginger', 'paste', 'cook', 'stir', 'tomato', 'sauce', 'cayenne', 'pepper', 'turmeric', 'coriander', 'garam', 'masala', 'pour', 'water', 'mix', 'raisins', 'carrots', 'green', 'bell', 'pepper', 'beans', 'peas', 'potatoes', 'bring', 'boil', 'reduce', 'heat', 'low', 'simmer', 'potatoes', 'tender', 'heat', 'remaining', 'oil', 'separate', 'skillet', 'medium', 'high', 'heat', 'cook', 'paneer', 'sides', 'golden', 'brown', 'drain', 'paper', 'towels', 'place', 'bowl', 'enough', 'hot', 'water', 'cover', 'soften', 'stir', 'skillet', 'vegetables', 'stir', 'milk', 'cream', 'skillet', 'vegetables', 'paneer', 'bring', 'boil', 'continue', 'cooking', 'season', 'salt', 'taste']",Indian
6496,"['sauté', 'the', 'onion', 'and', 'garlic', 'in', 'the', 'olive', 'oil', 'in', 'a', 'large', 'pot', 'add', 'the', 'italian', 'sausage', 'and', 'cook', 'till', 'brown', 'and', 'crumbled', 'add', 'chicken', 'broth', 'tomatoes', 'tomato', 'sauce', 'heavy', 'whipping', 'cream', 'and', 'tortellini', 'bring', 'to', 'a', 'boil', 'reduce', 'heat', 'cover', 'and', 'simmer', '15', 'minutes', 'turn', 'off', 'heat', 'and', 'add', 'spinach', 'leaves', 'and', 'salt', 'and', 'pepper', 'stir', 'till', 'wilted', 'and', 'serve', 'topping', 'with', 'parmesan', 'cheese']","['sauté', 'onion', 'garlic', 'olive', 'oil', 'large', 'pot', 'add', 'italian', 'sausage', 'cook', 'till', 'brown', 'crumbled', 'add', 'chicken', 'broth', 'tomatoes', 'tomato', 'sauce', 'heavy', 'whipping', 'cream', 'tortellini', 'bring', 'boil', 'reduce', 'heat', 'cover', 'simmer', 'turn', 'heat', 'add', 'spinach', 'leaves', 'salt', 'pepper', 'stir', 'till', 'wilted', 'serve', 'topping', 'parmesan', 'cheese']",Italian
9690,"['fry', 'onions', 'in', 'oil', 'until', 'golden', 'brown', 'prepare', 'a', 'paste', 'of', 'these', 'onions', 'keep', 'aside', 'soak', 'almonds', 'cashews', 'and', 'poppy', 'seeds', 'in', 'water', 'prior', 'to', 'making', 'this', 'dish', 'soak', 'for', '1', 'hour', 'grind', 'these', 'well', 'to', 'prepare', 'a', 'paste', 'now', 'heat', 'oil', 'in', 'a', 'pan', 'add', 'ginger-garlic', 'paste', 'add', 'cashews-almonds-poppy', 'seeds', 'paste', 'add', 'onion', 'paste', 'add', 'yogurt', 'mix', 'well', 'add', 'salt', 'red', 'chilli', 'powder', 'and', 'turmeric', 'powder', 'mix', 'well', 'add', 'mushrooms', 'each', 'mushroom', 'should', 'be', 'chopped', 'into', '4', 'pieces', 'mix', 'all', 'well', 'put', 'into', 'a', 'serving', 'plate', 'garnish', 'with', 'cilantro', 'and', 'serve', 'immediately', 'with', 'rotis/phulkas/naan']","['fry', 'onions', 'oil', 'golden', 'brown', 'prepare', 'paste', 'onions', 'keep', 'aside', 'soak', 'almonds', 'cashews', 'poppy', 'seeds', 'water', 'prior', 'making', 'dish', 'soak', 'grind', 'well', 'prepare', 'paste', 'heat', 'oil', 'pan', 'add', 'ginger', 'garlic', 'paste', 'add', 'cashews', 'almonds', 'poppy', 'seeds', 'paste', 'add', 'onion', 'paste', 'add', 'yogurt', 'mix', 'well', 'add', 'salt', 'red', 'chilli', 'powder', 'turmeric', 'powder', 'mix', 'well', 'add', 'mushrooms', 'mushroom', 'chopped', 'pieces', 'mix', 'well', 'put', 'serving', 'plate', 'garnish', 'cilantro', 'serve', 'immediately', 'rotis/phulkas/naan']",Indian
6565,"['preheat', 'oven', 'to', '350', 'degrees', 'brown', 'ground', 'beef', 'in', 'a', 'frying', 'pan', 'pour', 'off', 'drippings', 'combine', 'beef', 'and', 'remaining', 'ingredients', 'in', 'a', '2', 'quart', 'covered', 'casserole', 'dish', 'bake', '30', 'minutes']","['preheat', 'oven', 'brown', 'ground', 'beef', 'frying', 'pan', 'pour', 'drippings', 'combine', 'beef', 'remaining', 'ingredients', 'covered', 'casserole', 'dish', 'bake']",Indian
10230,"['soak', 'toor', 'dal', 'and', 'channa', 'dal', 'in', 'water', 'for', '10', 'minutes', 'mix', 'curd', 'with', 'little', 'water', 'add', 'hing', 'curry', 'leaves', 'and', 'hing', 'keep', 'aside', 'heat', 'little', 'oil', 'add', 'coriander', 'seeds', 'fenugreek', 'seeds', 'toor', 'dal', 'channa', 'dal', 'and', 'fry', 'grind', 'these', 'seeds', 'with', 'green', 'chilies', 'jeera', 'with', 'little', 'water', 'spice', 'mix', 'ready', 'in', 'little', 'oil', 'heat', 'pumpkin', 'or', 'ladies', 'finger', 'add', 'little', 'salt', 'fry', 'well', 'add', 'turmeric', 'curd', 'mix', 'let', 'it', 'boil', 'add', 'spice', 'mix', 'and', 'salt', 'let', 'it', 'boil']","['soak', 'toor', 'dal', 'channa', 'dal', 'water', 'mix', 'curd', 'little', 'water', 'add', 'hing', 'curry', 'leaves', 'hing', 'keep', 'aside', 'heat', 'little', 'oil', 'add', 'coriander', 'seeds', 'fenugreek', 'seeds', 'toor', 'dal', 'channa', 'dal', 'fry', 'grind', 'seeds', 'green', 'chilies', 'jeera', 'little', 'water', 'spice', 'mix', 'ready', 'little', 'oil', 'heat', 'pumpkin', 'ladies', 'finger', 'add', 'little', 'salt', 'fry', 'well', 'add', 'turmeric', 'curd', 'mix', 'let', 'boil', 'add', 'spice', 'mix', 'salt', 'let', 'boil']",Indian
1369,"['prepare', 'the', 'roasted', 'lemons', 'preheat', 'oven', 'to', '325°f', 'line', 'baking', 'sheet', 'with', 'parchment', 'paper', 'arrange', 'lemon', 'slices', 'in', 'single', 'layer', 'on', 'prepared', 'sheet', 'brush', 'lemon', 'slices', 'with', 'olive', 'oil', 'sprinkle', 'lightly', 'with', 'salt', 'roast', 'until', 'slightly', 'dry', 'and', 'beginning', 'to', 'brown', 'around', 'edges', 'about', '25', 'minutes', 'lemons', 'can', 'be', 'made', '1', 'day', 'ahead', 'transfer', 'to', 'container', 'cover', 'chill.', 'prepare', 'the', 'chicken', 'sprinkle', 'chicken', 'with', 'salt', 'and', 'pepper', 'dredge', 'chicken', 'in', 'flour', 'to', 'coat', 'both', 'sides', 'shake', 'off', 'excess', 'heat', '5', 'tablespoons', 'oil', 'in', 'heavy', 'large', 'skillet', 'over', 'high', 'heat', 'add', 'chicken', 'and', 'cook', 'until', 'golden', 'brown', 'about', '3', 'minutes', 'per', 'side', 'stir', 'in', 'olives', 'and', 'capers', 'add', 'stock', 'and', 'bring', 'to', 'boil', 'scraping', 'up', 'browned', 'bits', 'from', 'bottom', 'of', 'skillet', 'boil', 'until', 'liquid', 'is', 'reduced', 'to', 'syrup', 'consistency', 'turning', 'chicken', 'over', 'after', '3', 'minutes', 'cook', 'another', '5', 'minutes', 'add', 'butter', 'roasted', 'lemon', 'slices', 'and', '2', 'tablespoons', 'parsley', 'simmer', 'until', 'butter', 'melts', 'and', 'chicken', 'is', 'cooked', 'through', 'about', '2', 'minutes', 'season', 'with', 'salt', 'and', 'pepper', 'transfer', 'to', 'platter', 'sprinkle', 'with', 'remaining', '1', 'tablespoon', 'parsley', 'makes', '4', 'servings', 'that', ""'s"", 'it']","['prepare', 'roasted', 'lemons', 'preheat', 'oven', '325°f', 'line', 'baking', 'sheet', 'parchment', 'paper', 'arrange', 'lemon', 'slices', 'single', 'layer', 'prepared', 'sheet', 'brush', 'lemon', 'slices', 'olive', 'oil', 'sprinkle', 'lightly', 'salt', 'roast', 'slightly', 'dry', 'beginning', 'brown', 'around', 'edges', 'lemons', 'made', 'day', 'ahead', 'transfer', 'container', 'cover', 'chill.', 'prepare', 'chicken', 'sprinkle', 'chicken', 'salt', 'pepper', 'dredge', 'chicken', 'flour', 'coat', 'sides', 'shake', 'excess', 'heat', 'oil', 'heavy', 'large', 'skillet', 'high', 'heat', 'add', 'chicken', 'cook', 'golden', 'brown', 'per', 'side', 'stir', 'olives', 'capers', 'add', 'stock', 'bring', 'boil', 'scraping', 'browned', 'bits', 'bottom', 'skillet', 'boil', 'liquid', 'reduced', 'syrup', 'consistency', 'turning', 'chicken', 'cook', 'another', 'add', 'butter', 'roasted', 'lemon', 'slices', 'parsley', 'simmer', 'butter', 'melts', 'chicken', 'cooked', 'season', 'salt', 'pepper', 'transfer', 'platter', 'sprinkle', 'remaining', 'parsley', 'makes', 'servings']",Italian
7534,"['in', 'a', 'large', 'bowl', 'dissolve', 'the', 'water', 'and', 'yeast', 'make', 'sure', 'water', 'is', ""n't"", 'too', 'hot', 'it', ""'ll"", 'kill', 'the', 'yeast', 'or', 'too', 'cold', 'it', 'wo', ""n't"", 'activate', 'it', 'add', '3', 'cups', 'of', 'the', 'flour', 'a', 'cup', 'at', 'a', 'time', 'stir', 'using', 'a', 'wooden', 'spoon', 'in', 'one', 'direction', 'for', '1', 'minute', 'sprinkle', 'mixture', 'with', 'salt', 'add', 'remaining', 'flour', 'a', 'cup', 'at', 'a', 'time', 'stirring', 'after', 'each', 'addition', 'stop', 'adding', 'flour', 'after', 'the', 'dough', 'is', 'stiff', 'you', 'might', 'not', 'want', 'to', 'use', 'it', 'all', 'turn', 'the', 'dough', 'out', 'onto', 'a', 'lightly', 'floured', 'surface', 'knead', 'the', 'dough', 'until', 'it', 'is', 'smooth', 'and', 'easy', 'to', 'handle', '10', 'minutes', 'of', 'vigorous', 'kneading', 'shape', 'the', 'dough', 'into', 'a', 'ball', 'and', 'put', 'in', 'a', 'well-oiled', 'bowl', 'cover', 'with', 'a', 'moist', 'towel', 'and', 'let', 'rise', 'in', 'a', 'warm', 'place', 'until', 'double', 'in', 'bulk', 'about', '1', '1/2', 'hours', 'place', 'baking', 'stone', 'in', 'center', 'of', 'oven', 'preheat', 'oven', 'to', '500', 'degrees', 'f.', 'deflate', 'dough', 'and', 'divide', 'into', '4', 'equal', 'pieces', 'flatten', 'each', 'piece', 'into', 'an', '8', 'x', '6-inch', 'oval', 'let', 'rest', 'for', '10', 'minutes', 'wet', 'fingers', 'with', 'water', 'and', ""''"", 'dimple', ""''"", 'the', 'bread', 'by', 'pressing', 'your', 'fingertips', 'into', 'the', 'dough', 'and', 'stretching', 'the', 'dough', 'you', 'want', 'it', 'to', 'be', 'really', 'thin', 'holes', 'are', 'ok.', 'transfer', 'bread', 'to', 'baking', 'stone', 'bake', 'until', 'bread', 'is', 'golden', 'on', 'top', 'and', 'brown', 'and', 'crusty', 'on', 'the', 'bottom', '5', 'minutes', 'or', 'so', 'repeat', 'with', 'remaining', 'dough', 'naan', 'is', 'best', 'eaten', 'the', 'same', 'day', 'its', 'made']","['large', 'bowl', 'dissolve', 'water', 'yeast', 'make', 'sure', 'water', 'hot', 'kill', 'yeast', 'cold', 'wo', 'activate', 'add', 'flour', 'time', 'stir', 'using', 'wooden', 'spoon', 'one', 'direction', 'sprinkle', 'mixture', 'salt', 'add', 'remaining', 'flour', 'time', 'stirring', 'addition', 'stop', 'adding', 'flour', 'dough', 'stiff', 'might', 'want', 'use', 'turn', 'dough', 'onto', 'lightly', 'floured', 'surface', 'knead', 'dough', 'smooth', 'easy', 'handle', 'vigorous', 'kneading', 'shape', 'dough', 'ball', 'put', 'well', 'oiled', 'bowl', 'cover', 'moist', 'towel', 'let', 'rise', 'warm', 'place', 'double', 'bulk', 'place', 'baking', 'stone', 'center', 'oven', 'preheat', 'oven', 'f.', 'deflate', 'dough', 'divide', 'equal', 'pieces', 'flatten', 'piece', 'x', '6', 'inch', 'oval', 'let', 'rest', 'wet', 'fingers', 'water', ""''"", 'dimple', ""''"", 'bread', 'pressing', 'fingertips', 'dough', 'stretching', 'dough', 'want', 'really', 'thin', 'holes', 'ok.', 'transfer', 'bread', 'baking', 'stone', 'bake', 'bread', 'golden', 'top', 'brown', 'crusty', 'bottom', 'repeat', 'remaining', 'dough', 'naan', 'best', 'eaten', 'day', 'made']",Indian
3460,"['preheat', 'oven', 'to', '325', 'grease', 'and', 'flour', 'three', '8-inch', 'layer', 'pans', 'set', 'aside', 'separate', 'eggs', 'beat', 'egg', 'whites', 'until', 'stiff', 'set', 'aside', 'cream', 'butter', 'and', 'shortening', 'gradually', 'add', 'sugar', 'to', 'creamed', 'butter', 'beating', 'well', 'add', 'egg', 'yolks', 'one', 'at', 'a', 'time', 'beating', 'until', 'blended', 'after', 'each', 'addition', 'in', 'a', 'separate', 'bowl', 'combine', 'flour', 'cocoa', 'and', 'baking', 'soda', 'add', 'to', 'butter', 'mixture', 'alternating', 'with', 'buttermilk', 'beginning', 'and', 'ending', 'with', 'flour', 'beat', 'at', 'low', 'speed', 'until', 'blended', 'mix', 'in', 'vanilla', 'stir', 'in', 'coconut', 'and', 'pecans', 'fold', 'in', 'egg', 'whites', 'pour', 'batter', 'into', 'prepared', 'layer', 'pans', 'bake', 'in', 'hot', 'oven', 'for', '25-30', 'minutes', 'cool', 'in', 'pans', 'for', '10', 'minutes', 'then', 'remove', 'to', 'wire', 'racks', 'and', 'cool', 'completely', 'for', 'frosting', 'beat', 'cream', 'cheese', 'butter', 'vanilla', 'and', 'cinnamon', 'until', 'blended', 'sift', 'powdered', 'sugar', 'and', 'cocoa', 'gradually', 'add', 'to', 'butter', 'mixture', 'alternating', 'with', 'buttermilk', 'beginning', 'and', 'ending', 'with', 'powdered', 'sugar', 'mixture', 'beat', 'at', 'low', 'speed', 'for', 'about', '2', 'minutes', 'until', 'well', 'blended', 'and', 'fluffy', 'stir', 'in', 'pecans', 'frost', 'cooled', 'layers', 'with', 'frosting', 'and', 'garnish', 'with', 'whole', 'pecans']","['preheat', 'oven', 'grease', 'flour', 'three', '8', 'inch', 'layer', 'pans', 'set', 'aside', 'separate', 'eggs', 'beat', 'egg', 'whites', 'stiff', 'set', 'aside', 'cream', 'butter', 'shortening', 'gradually', 'add', 'sugar', 'creamed', 'butter', 'beating', 'well', 'add', 'egg', 'yolks', 'one', 'time', 'beating', 'blended', 'addition', 'separate', 'bowl', 'combine', 'flour', 'cocoa', 'baking', 'soda', 'add', 'butter', 'mixture', 'alternating', 'buttermilk', 'beginning', 'ending', 'flour', 'beat', 'low', 'speed', 'blended', 'mix', 'vanilla', 'stir', 'coconut', 'pecans', 'fold', 'egg', 'whites', 'pour', 'batter', 'prepared', 'layer', 'pans', 'bake', 'hot', 'oven', 'cool', 'pans', 'remove', 'wire', 'racks', 'cool', 'completely', 'frosting', 'beat', 'cream', 'cheese', 'butter', 'vanilla', 'cinnamon', 'blended', 'sift', 'powdered', 'sugar', 'cocoa', 'gradually', 'add', 'butter', 'mixture', 'alternating', 'buttermilk', 'beginning', 'ending', 'powdered', 'sugar', 'mixture', 'beat', 'low', 'speed', 'well', 'blended', 'fluffy', 'stir', 'pecans', 'frost', 'cooled', 'layers', 'frosting', 'garnish', 'whole', 'pecans']",Italian
1459,"['heat', 'the', 'olive', 'oil', 'in', 'a', 'saucepan', 'and', 'add', 'the', 'onion', 'chili', 'and', 'garlic', 'fry', 'over', 'a', 'low', 'heat', 'until', 'the', 'onion', 'has', 'softened', 'stir', 'in', 'the', 'red', 'peppers', 'and', 'continue', 'cooking', 'until', 'heated', 'through', 'transfer', 'the', 'red', 'pepper', 'mixture', 'to', 'an', 'electric', 'blender', 'or', 'food', 'processor', 'and', 'add', 'the', 'balsamic', 'vinegar', 'sugar', 'and', 'basil', 'leaves', 'season', 'with', 'salt', 'and', 'pepper', 'and', 'blend', 'until', 'smooth', 'add', 'a', 'little', 'water', 'if', 'you', 'prefer', 'a', 'thinner', 'sauce', 'serve', 'the', 'sauce', 'hot', 'warm', 'or', 'cold', 'and', 'store', 'any', 'extra', 'sauce', 'in', 'a', 'tightly', 'sealed', 'jar']","['heat', 'olive', 'oil', 'saucepan', 'add', 'onion', 'chili', 'garlic', 'fry', 'low', 'heat', 'onion', 'softened', 'stir', 'red', 'peppers', 'continue', 'cooking', 'heated', 'transfer', 'red', 'pepper', 'mixture', 'electric', 'blender', 'food', 'processor', 'add', 'balsamic', 'vinegar', 'sugar', 'basil', 'leaves', 'season', 'salt', 'pepper', 'blend', 'smooth', 'add', 'little', 'water', 'prefer', 'thinner', 'sauce', 'serve', 'sauce', 'hot', 'warm', 'cold', 'store', 'extra', 'sauce', 'tightly', 'sealed', 'jar']",Italian
4162,"['preheat', 'the', 'oven', 'to', '500', 'degrees', 'pound', 'the', 'chicken', 'breasts', 'to', 'about', '1/4', 'thickness', 'in', 'a', 'small', 'bowl', 'stir', 'the', 'oil', 'and', 'herbs', 'to', 'blend', 'brush', 'both', 'sides', 'of', 'the', 'chicken', 'with', 'the', 'blended', 'oil', 'and', 'sprinkle', 'with', 'salt', 'and', 'pepper', 'heat', 'oven-proof', 'pan', 'over', 'high', 'heat', 'add', 'the', 'chicken', 'and', 'cook', 'until', 'just', 'brown', 'about', '2', 'minutes', 'per', 'side', 'chicken', 'should', 'be', 'nearly', 'cooked', 'through', 'remove', 'from', 'the', 'heat', 'spoon', 'the', 'spaghetti', 'sauce', 'over', 'the', 'chicken', 'top', 'with', 'mozzarella', 'and', 'sprinkle', 'with', 'parmesan', 'dot', 'the', 'tops', 'with', 'butter', 'pieces', 'and', 'bake', 'until', 'the', 'cheese', 'melts', 'and', 'the', 'chicken', 'is', 'cooked', 'through', 'about', '5', 'minutes']","['preheat', 'oven', 'chicken', 'breasts', 'thickness', 'small', 'bowl', 'stir', 'oil', 'herbs', 'blend', 'brush', 'sides', 'chicken', 'blended', 'oil', 'sprinkle', 'salt', 'pepper', 'heat', 'oven', 'proof', 'pan', 'high', 'heat', 'add', 'chicken', 'cook', 'brown', 'per', 'side', 'chicken', 'nearly', 'cooked', 'remove', 'heat', 'spoon', 'spaghetti', 'sauce', 'chicken', 'top', 'mozzarella', 'sprinkle', 'parmesan', 'dot', 'tops', 'butter', 'pieces', 'bake', 'cheese', 'melts', 'chicken', 'cooked']",Italian
7135,"['heat', 'oil', 'in', 'large', 'pot', 'saute', 'onion', 'chilli', 'garlic', 'and', 'curry', 'powder', 'until', 'softened', 'add', 'vegetables', 'and', 'give', 'a', 'stir', 'to', 'coat', 'add', 'stock', 'and', 'lentils', 'bring', 'to', 'boil', 'lower', 'heat', 'and', 'simmer', 'soup', 'covered', 'until', 'vegetables', 'are', 'soft', 'blend', 'and', 'serve']","['heat', 'oil', 'large', 'pot', 'saute', 'onion', 'chilli', 'garlic', 'curry', 'powder', 'softened', 'add', 'vegetables', 'give', 'stir', 'coat', 'add', 'stock', 'lentils', 'bring', 'boil', 'lower', 'heat', 'simmer', 'soup', 'covered', 'vegetables', 'soft', 'blend', 'serve']",Indian
1271,"['spray', 'pans', 'with', 'olive', 'oil', 'flavored', 'cooking', 'spray', 'in', 'a', 'large', 'bowl', 'combine', 'meat', 'onion', 'onion', 'green', 'pepper', 'mozzarella', 'cheese', 'bread', 'crumbs', '1', 'tsp', 'italian', 'seasoning', 'and', '1/3', 'cup', 'tomato', 'sauce', 'and', 'mix', 'well', 'pat', 'into', 'baking', 'pan', 'in', 'small', 'bowl', 'mix', 'remaining', '2/3', 'cup', 'tomato', 'sauce', '1/2', 'tsp', 'italian', 'seasoning', 'and', 'splenda', 'evenly', 'spoon', 'over', 'top', 'of', 'meat', 'mixture', 'bake', 'at', '350', 'degrees', 'for', '1', 'hour']","['spray', 'pans', 'olive', 'oil', 'flavored', 'cooking', 'spray', 'large', 'bowl', 'combine', 'meat', 'onion', 'onion', 'green', 'pepper', 'mozzarella', 'cheese', 'bread', 'crumbs', 'italian', 'seasoning', 'tomato', 'sauce', 'mix', 'well', 'pat', 'baking', 'pan', 'small', 'bowl', 'mix', 'remaining', 'tomato', 'sauce', 'italian', 'seasoning', 'splenda', 'evenly', 'spoon', 'top', 'meat', 'mixture', 'bake']",Italian
2798,"['wash', 'hull', 'crush', 'and', 'strain', 'strawberries', 'add', 'lemon', 'juice', 'and', 'sugar', 'and', 'mix', 'well', 'pour', 'cream', 'into', 'a', 'bowl', 'and', 'whip', 'while', 'slowly', 'adding', 'confectioner', ""'s"", 'sugar', 'continue', 'whipping', 'until', 'stiff', 'blend', 'whipped', 'cream', 'into', 'strained', 'strawberries', 'pour', 'mixture', 'into', 'a', 'spumoni', 'mold', 'or', 'a', '1', 'quart', 'gelatin', 'mold', 'cover', 'and', 'freeze', 'until', 'firm', 'about', '2', 'hours', 'when', 'ready', 'to', 'serve', 'unmold', 'onto', 'a', 'serving', 'plate', 'cut', 'spumoni', 'into', '6-8', 'portions']","['wash', 'hull', 'crush', 'strain', 'strawberries', 'add', 'lemon', 'juice', 'sugar', 'mix', 'well', 'pour', 'cream', 'bowl', 'whip', 'slowly', 'adding', 'confectioner', 'sugar', 'continue', 'whipping', 'stiff', 'blend', 'whipped', 'cream', 'strained', 'strawberries', 'pour', 'mixture', 'spumoni', 'mold', 'gelatin', 'mold', 'cover', 'freeze', 'firm', 'ready', 'serve', 'unmold', 'onto', 'serving', 'plate', 'cut', 'spumoni', 'portions']",Italian
4098,"['preheat', 'oven', 'to', '375.', 'rinse', 'chicken', 'with', 'cold', 'water', 'and', 'pat', 'dry', 'spray', 'a', 'non-stick', 'baking', 'pan', 'with', 'olive', 'oil', 'arrange', 'breasts', 'on', 'the', 'pan', 'then', 'cover', 'with', 'the', 'tomatoes', 'and', 'ricotta', 'season', 'with', 'salt', 'and', 'pepper', 'and', 'sprinkle', 'with', 'the', 'garlic', 'mozzarella', 'and', 'basil', 'bake', 'for', '35', 'minutes', 'or', 'until', 'the', 'chicken', 'is', 'cooked', 'through', 'the', 'ricotta', 'is', 'bubbling', 'hot', 'and', 'the', 'mozzarella', 'turns', 'golden', 'brown']","['preheat', 'oven', 'rinse', 'chicken', 'cold', 'water', 'pat', 'dry', 'spray', 'non', 'stick', 'baking', 'pan', 'olive', 'oil', 'arrange', 'breasts', 'pan', 'cover', 'tomatoes', 'ricotta', 'season', 'salt', 'pepper', 'sprinkle', 'garlic', 'mozzarella', 'basil', 'bake', 'chicken', 'cooked', 'ricotta', 'bubbling', 'hot', 'mozzarella', 'turns', 'golden', 'brown']",Italian
7703,"['rinse', 'lentils', 'thoroughly', 'under', 'running', 'water', 'and', 'remove', 'any', 'foreign', 'matter', 'combine', 'the', 'lentils', 'and', 'water', 'in', 'a', 'large', 'pan', 'which', 'has', 'a', 'lid', 'and', 'bring', 'to', 'the', 'boil', 'skimming', 'off', 'the', 'foamy', 'scum', 'as', 'necessary', 'when', 'the', 'scum', 'has', 'ceased', 'rising', 'to', 'the', 'surface', 'stir', 'in', 'the', 'bay', 'leaves', 'chilies', 'turmeric', 'and', 'asafoetida', 'with', 'the', 'lid', 'half', 'covering', 'the', 'pan', 'let', 'the', 'lentils', 'simmer', 'gently', 'for', 'around', '40', 'minutes', 'or', 'until', 'tender', 'and', 'the', 'water', 'is', 'absorbed', 'meanwhile', 'heat', 'the', 'oil', 'over', 'medium-high', 'heat', 'in', 'a', 'large', 'skillet', 'or', 'wok', 'add', 'the', 'onion', 'and', 'ginger', 'and', 'saute', 'stirring', 'frequently', 'for', '6', 'to', '8', 'minutes', 'stir', 'in', 'the', 'grated', 'creamed', 'coconut', 'green', 'chili', 'sugar', 'tamarind', 'paste', 'garam', 'masala', 'cumin', 'and', 'coriander', 'and', 'stir', 'for', 'around', '1', 'minute', 'when', 'the', 'lentils', 'are', 'tender', 'add', 'the', 'sauteed', 'coconut/spice', 'mixture', 'and', 'stir', 'around', 'to', 'mix', 'thoroughly', 'taste', 'and', 'add', 'salt', 'as', 'necessary', 'and', 'extra', 'sugar', 'or', 'tamarind', 'as', 'desired', 'transfer', 'the', 'dal', 'to', 'a', 'serving', 'dish', 'drizzle', 'the', 'hot', 'ghee', 'over', 'the', 'top', 'and', 'sprinkle', 'with', 'the', 'garam', 'masala', 'and', 'cilantro']","['rinse', 'lentils', 'thoroughly', 'running', 'water', 'remove', 'foreign', 'matter', 'combine', 'lentils', 'water', 'large', 'pan', 'lid', 'bring', 'boil', 'skimming', 'foamy', 'scum', 'necessary', 'scum', 'ceased', 'rising', 'surface', 'stir', 'bay', 'leaves', 'chilies', 'turmeric', 'asafoetida', 'lid', 'half', 'covering', 'pan', 'let', 'lentils', 'simmer', 'gently', 'around', 'tender', 'water', 'absorbed', 'meanwhile', 'heat', 'oil', 'medium', 'high', 'heat', 'large', 'skillet', 'wok', 'add', 'onion', 'ginger', 'saute', 'stirring', 'frequently', 'stir', 'grated', 'creamed', 'coconut', 'green', 'chili', 'sugar', 'tamarind', 'paste', 'garam', 'masala', 'cumin', 'coriander', 'stir', 'around', 'lentils', 'tender', 'add', 'sauteed', 'coconut/spice', 'mixture', 'stir', 'around', 'mix', 'thoroughly', 'taste', 'add', 'salt', 'necessary', 'extra', 'sugar', 'tamarind', 'desired', 'transfer', 'dal', 'serving', 'dish', 'drizzle', 'hot', 'ghee', 'top', 'sprinkle', 'garam', 'masala', 'cilantro']",Indian
5715,"['in', 'a', 'pasta', 'pot', 'or', 'a', 'large', 'cooking', 'pot', 'fill', '3/4', 'full', 'with', 'water', 'and', 'bring', 'to', 'a', 'rolling', 'boil', 'add', '1', 'tablespoon', 'salt', 'and', '2', 'tablespoons', 'olive', 'oil', 'add', 'pasta', 'and', 'cook', 'uncovered', 'for', 'about', '12', 'minutes', 'or', 'until', 'el', 'dente', 'do', 'not', 'overcook', 'in', 'the', 'meantime', 'in', 'a', 'medium', 'size', 'frying', 'pan', 'heat', 'vodka', 'and', 'cayenne', 'pepper', 'until', 'near', 'boiling', 'carefully', 'light', 'the', 'vodka', 'using', 'a', 'long', 'stick', 'match', 'and', 'let', 'the', 'alcohol', 'burn', 'off', 'use', 'caution', 'soon', 'as', 'the', 'alcohol', 'burns', 'out', 'add', 'the', 'milk', 'heavy', 'cream', 'and', 'ketchup', 'simmer', 'until', 'sauce', 'thickens', 'about', '15', 'minutes', 'stirring', 'occasionally', 'add', '1/4', 'cup', 'of', 'grated', 'parmigiano', 'reggiano', 'cheese', 'and', 'stir', 'to', 'blend', 'cook', 'for', '2', 'minutes', 'longer', 'drain', 'pasta', 'well', 'and', 'transfer', 'to', 'a', 'large', 'bowl', 'pour', 'sauce', 'mixture', 'over', 'and', 'toss', 'to', 'coat', 'sprinkle', 'remaining', '1/4', 'cup', 'of', 'parmigiano', 'reggiano', 'cheese', 'and', 'mix', 'lightly', 'serve', 'immediately']","['pasta', 'pot', 'large', 'cooking', 'pot', 'fill', 'full', 'water', 'bring', 'rolling', 'boil', 'add', 'salt', 'olive', 'oil', 'add', 'pasta', 'cook', 'uncovered', 'el', 'dente', 'overcook', 'meantime', 'medium', 'size', 'frying', 'pan', 'heat', 'vodka', 'cayenne', 'pepper', 'near', 'boiling', 'carefully', 'light', 'vodka', 'using', 'long', 'stick', 'match', 'let', 'alcohol', 'burn', 'use', 'caution', 'soon', 'alcohol', 'burns', 'add', 'milk', 'heavy', 'cream', 'ketchup', 'simmer', 'sauce', 'thickens', 'stirring', 'occasionally', 'add', 'grated', 'parmigiano', 'reggiano', 'cheese', 'stir', 'blend', 'cook', 'longer', 'drain', 'pasta', 'well', 'transfer', 'large', 'bowl', 'pour', 'sauce', 'mixture', 'toss', 'coat', 'sprinkle', 'remaining', 'parmigiano', 'reggiano', 'cheese', 'mix', 'lightly', 'serve', 'immediately']",Italian
2452,"['bring', 'a', 'large', 'pot', 'of', 'water', 'to', 'a', 'boil', 'add', 'pasta', 'and', 'cook', 'according', 'to', 'package', 'directions', 'meanwhile', 'heat', '2', 'teaspoons', 'of', 'oil', 'in', 'a', 'large', 'nonstick', 'skillet', 'over', 'medium', 'high', 'heat', 'add', 'asparagus', 'snap', 'peas', 'and', 'squash', 'cook', 'vegetables', 'stirring', 'often', 'until', 'vegetables', 'are', 'almost', 'crisp', 'tender', 'about', '4', 'minutes', 'stir', 'in', 'artichoke', 'hearts', 'and', 'garlic', 'cook', 'and', 'stir', 'over', 'low', 'heat', 'until', 'fragrant', 'about', '1', 'minute', 'stir', 'in', 'tomatoes', 'peas', 'salt', 'and', 'pepper', 'scoop', 'out', '1/3', 'cup', 'of', 'pasta', 'cooking', 'water', 'and', 'add', 'it', 'to', 'skillet', 'cook', 'tossing', 'ingredients', 'until', 'tomatoes', 'soften', 'slightly', 'and', 'vegetables', 'are', 'crisp-tender', 'about', '1', 'minute', 'drain', 'pasta', 'return', 'pasta', 'to', 'pot', 'add', 'vegetable', 'mixture', 'basil', 'an', 'remaining', '2', 'teaspoons', 'of', 'oil', 'to', 'pot', 'toss', 'to', 'mix', 'and', 'coat', 'serve', 'immediately']","['bring', 'large', 'pot', 'water', 'boil', 'add', 'pasta', 'cook', 'according', 'package', 'directions', 'meanwhile', 'heat', 'oil', 'large', 'nonstick', 'skillet', 'medium', 'high', 'heat', 'add', 'asparagus', 'snap', 'peas', 'squash', 'cook', 'vegetables', 'stirring', 'often', 'vegetables', 'almost', 'crisp', 'tender', 'stir', 'artichoke', 'hearts', 'garlic', 'cook', 'stir', 'low', 'heat', 'fragrant', 'stir', 'tomatoes', 'peas', 'salt', 'pepper', 'scoop', 'pasta', 'cooking', 'water', 'add', 'skillet', 'cook', 'tossing', 'ingredients', 'tomatoes', 'soften', 'slightly', 'vegetables', 'crisp', 'tender', 'drain', 'pasta', 'return', 'pasta', 'pot', 'add', 'vegetable', 'mixture', 'basil', 'remaining', 'oil', 'pot', 'toss', 'mix', 'coat', 'serve', 'immediately']",Italian
10603,"['heat', 'oil', 'in', 'a', 'large', 'pan', 'then', 'fry', 'the', 'onions', 'solowly', 'until', 'soft', 'and', 'lighlty', 'browned', 'about', '7', 'minutes', 'stir', 'in', 'all', 'the', 'vegetables', 'and', 'mix', 'well', 'for', 'a', 'minute', 'stir', 'in', 'curry', 'paste', 'to', 'coat', 'vegetables', 'add', 'stock', 'bring', 'to', 'the', 'boil', 'stir', 'the', 'simmer', 'for', '20', 'minutes', 'or', 'until', 'the', 'vegetables', 'are', 'cooked', 'puree', 'in', 'a', 'blender', 'and', 'season', 'to', 'finish', 'reheat', 'the', 'saoup', 'and', 'add', 'half', 'the', 'yogurt', 'ladle', 'into', 'soup', 'bowls', 'place', 'a', 'swirl', 'of', 'yogurt', 'on', 'top', 'and', 'scatter', 'some', 'coriander', 'on', 'top']","['heat', 'oil', 'large', 'pan', 'fry', 'onions', 'solowly', 'soft', 'lighlty', 'browned', 'stir', 'vegetables', 'mix', 'well', 'stir', 'curry', 'paste', 'coat', 'vegetables', 'add', 'stock', 'bring', 'boil', 'stir', 'simmer', 'vegetables', 'cooked', 'puree', 'blender', 'season', 'finish', 'reheat', 'saoup', 'add', 'half', 'yogurt', 'ladle', 'soup', 'bowls', 'place', 'swirl', 'yogurt', 'top', 'scatter', 'coriander', 'top']",Indian
3071,"['-tomake', 'the', 'filling-', 'in', 'a', 'saucepan', 'stainless', 'steel', 'whisk', 'two', 'eggs', 'and', '1/4', 'cup', 'sugar', 'until', 'well', 'blended', 'add', 'the', 'flour', 'a', 'little', 'at', 'a', 'time', 'gradually', 'add', 'the', 'milk', 'and', 'whisk', 'well', 'place', 'sauce', 'pan', 'over', 'medium', 'heat', 'and', 'whisk', 'constantly', 'for', 'about', '6', 'minutes', 'or', 'until', 'thickened', 'enough', 'to', 'coat', 'the', 'back', 'of', 'a', 'wooden', 'spoon', 'place', 'the', 'filling', 'aside', 'covered', 'with', 'a', 'sheet', 'of', 'buttered', 'wax', 'paper', 'in', 'another', 'bowl', 'beat', 'the', 'riccota', 'with', 'the', 'remaining', 'sugar', 'and', 'egg', 'yolk', 'until', 'very', 'smooth', 'fold', 'in', 'the', 'lemon', 'zest', 'add', 'the', 'cooled', 'filling', 'blend', 'well', 'and', 'set', 'aside', '-doughcrust-', 'in', 'a', 'food', 'processor', 'combine', 'the', 'flour', 'and', 'cornstarch', 'add', 'the', 'remaining', 'dough', 'ingredients', 'and', 'mix', 'until', 'a', 'soft', 'ball', 'begins', 'to', 'form', 'knead', 'the', 'dough', 'for', 'a', 'short', 'time', 'on', 'a', 'floured', 'surface', 'and', 'divide', 'in', 'two', 'wrap', 'one', 'half', 'of', 'the', 'dough', 'securely', 'and', 'freeze', 'it', 'for', 'future', 'use', 'lightly', 'grease', 'an', '11-inch', 'tart', 'pan', 'with', 'removable', 'sides', 'roll', 'out', 'one', 'half', 'and', 'place', 'in', 'the', 'prepared', 'tart', 'pan', 'pour', 'the', 'filling', 'into', 'the', 'pie', 'shell', 'and', 'smooth', 'the', 'top', 'bake', 'in', '375f', 'degrees', 'oven', 'for', '45-50', 'minutes', 'or', 'until', 'a', 'knife', 'comes', 'out', 'clean', 'remove', 'tart', 'to', 'cooling', 'rack', 'remove', 'sides', 'from', 'pan', 'cut', 'into', 'wedges', 'to', 'serve']","['tomake', 'filling', 'saucepan', 'stainless', 'steel', 'whisk', 'two', 'eggs', 'sugar', 'well', 'blended', 'add', 'flour', 'little', 'time', 'gradually', 'add', 'milk', 'whisk', 'well', 'place', 'sauce', 'pan', 'medium', 'heat', 'whisk', 'constantly', 'thickened', 'enough', 'coat', 'back', 'wooden', 'spoon', 'place', 'filling', 'aside', 'covered', 'sheet', 'buttered', 'wax', 'paper', 'another', 'bowl', 'beat', 'riccota', 'remaining', 'sugar', 'egg', 'yolk', 'smooth', 'fold', 'lemon', 'zest', 'add', 'cooled', 'filling', 'blend', 'well', 'set', 'aside', 'doughcrust', 'food', 'processor', 'combine', 'flour', 'cornstarch', 'add', 'remaining', 'dough', 'ingredients', 'mix', 'soft', 'ball', 'begins', 'form', 'knead', 'dough', 'short', 'time', 'floured', 'surface', 'divide', 'two', 'wrap', 'one', 'half', 'dough', 'securely', 'freeze', 'future', 'use', 'lightly', 'grease', '11', 'inch', 'tart', 'pan', 'removable', 'sides', 'roll', 'one', 'half', 'place', 'prepared', 'tart', 'pan', 'pour', 'filling', 'pie', 'shell', 'smooth', 'top', 'bake', '375f', 'oven', 'knife', 'comes', 'clean', 'remove', 'tart', 'cooling', 'rack', 'remove', 'sides', 'pan', 'cut', 'wedges', 'serve']",Italian
1866,"['cook', 'the', 'noodles', 'and', 'drain', 'well', 'combine', 'the', 'rest', 'of', 'the', 'ingredients', 'and', 'blend', 'well', 'enjoy']","['cook', 'noodles', 'drain', 'well', 'combine', 'rest', 'ingredients', 'blend', 'well', 'enjoy']",Italian
12490,"['cut', 'onion', 'tomato', 'and', 'green', 'chili', 'grind', 'it', 'in', 'food', 'processor', 'along', 'with', 'ginger', 'and', 'garlic', 'and', 'make', 'paste', 'heat', 'oil', 'in', 'a', 'pan', 'and', 'fry', 'bay', 'leaves', 'for', '30', 'secs', 'add', 'the', 'paste', 'and', 'fry', 'on', 'medium', 'heat', 'until', 'golden', 'brown', 'the', 'oil', 'starts', 'separating', 'from', 'the', 'mixture', 'add', 'red', 'chili', 'powder', 'turmeric', 'powder', 'coriander', 'powder', 'garam', 'masala', 'and', 'salt', 'mix', 'well', 'fry', 'for', '2-3', 'minutes', 'add', 'water', 'enough', 'to', 'make', 'thick', 'gravy', 'bring', 'the', 'gravy', 'to', 'boil', 'add', 'can', 'chick', 'peas', 'stir', 'well', 'and', 'cook', 'over', 'medium', 'heat', 'for', '5-7', 'minutes', 'garnish', 'with', 'chopped', 'green', 'coriander', 'leaves', 'and', 'serve', 'hot']","['cut', 'onion', 'tomato', 'green', 'chili', 'grind', 'food', 'processor', 'along', 'ginger', 'garlic', 'make', 'paste', 'heat', 'oil', 'pan', 'fry', 'bay', 'leaves', 'secs', 'add', 'paste', 'fry', 'medium', 'heat', 'golden', 'brown', 'oil', 'starts', 'separating', 'mixture', 'add', 'red', 'chili', 'powder', 'turmeric', 'powder', 'coriander', 'powder', 'garam', 'masala', 'salt', 'mix', 'well', 'fry', 'add', 'water', 'enough', 'make', 'thick', 'gravy', 'bring', 'gravy', 'boil', 'add', 'chick', 'peas', 'stir', 'well', 'cook', 'medium', 'heat', 'garnish', 'chopped', 'green', 'coriander', 'leaves', 'serve', 'hot']",Indian
5003,"['pound', 'chicken', 'or', 'veal', 'until', 'thin', 'dredge', 'lightly', 'on', 'both', 'sides', 'with', 'flour', 'in', 'large', 'skillet', 'melt', 'butter', 'and', 'saute', 'mushrooms', 'over', 'medium', 'heat', 'until', 'browned', 'about', '10', 'minutes', 'remove', 'and', 'set', 'aside', 'add', 'chicken', 'to', 'skillet', 'and', 'cook', 'through', '4', 'minutes', 'on', 'each', 'side', 'remove', 'to', 'serving', 'platter', 'return', 'mushrooms', 'to', 'pan', 'stir', 'in', 'marsala', 'water', 'parsley', 'and', 'rosemary', 'heat', 'and', 'pour', 'over', 'chicken']","['chicken', 'veal', 'thin', 'dredge', 'lightly', 'sides', 'flour', 'large', 'skillet', 'melt', 'butter', 'saute', 'mushrooms', 'medium', 'heat', 'browned', 'remove', 'set', 'aside', 'add', 'chicken', 'skillet', 'cook', 'side', 'remove', 'serving', 'platter', 'return', 'mushrooms', 'pan', 'stir', 'marsala', 'water', 'parsley', 'rosemary', 'heat', 'pour', 'chicken']",Italian
7585,"['place', 'chili', 'powder', 'chopped', 'garlic', 'turmeric', 'garam', 'masala', 'and', 'lemon', 'juice', 'in', 'a', 'bowl', 'add', 'prawns', 'and', 'mix', 'well', 'together', 'and', 'leave', 'to', 'marinate', 'for', '15', 'minutes', 'heat', 'oil', 'in', 'a', 'pan', 'and', 'cook', 'onions', 'on', 'a', 'low', 'heat', 'for', '8-10', 'minutes', 'until', 'they', 'are', 'golden', 'brown', 'add', 'prawns', 'marinade', 'salt', 'and', 'water', 'and', 'cook', 'for', 'another', '10', 'minutes', 'until', 'prawns', 'are', 'heated', 'through', 'and', 'most', 'of', 'the', 'water', 'has', 'evaporated', 'de-seed', 'the', 'chili', 'and', 'chop', 'them', 'into', 'thin', 'slices', 'garnish', 'dish', 'with', 'chopped', 'fresh', 'chili', 'and', 'chopped', 'coriander']","['place', 'chili', 'powder', 'chopped', 'garlic', 'turmeric', 'garam', 'masala', 'lemon', 'juice', 'bowl', 'add', 'prawns', 'mix', 'well', 'together', 'leave', 'marinate', 'heat', 'oil', 'pan', 'cook', 'onions', 'low', 'heat', 'golden', 'brown', 'add', 'prawns', 'marinade', 'salt', 'water', 'cook', 'another', 'prawns', 'heated', 'water', 'evaporated', 'de', 'seed', 'chili', 'chop', 'thin', 'slices', 'garnish', 'dish', 'chopped', 'fresh', 'chili', 'chopped', 'coriander']",Indian
5421,"['soak', 'beans', 'in', 'cold', 'water', 'overnight', 'rinse', 'well', 'and', 'cover', 'with', 'cold', 'water', 'add', 'a', 'good', 'size', 'bunch', 'of', 'fresh', 'basil', 'and', 'a', 'whole', 'bulb', 'of', 'garlic', 'with', 'the', 'top', 'sliced', 'off', 'then', 'cook', 'until', 'tender', 'nb', 'it', 'is', 'important', 'that', 'you', 'let', 'them', 'boil', 'fast', 'for', 'at', 'least', 'ten', 'minutes', 'for', 'health', 'reasons', 'put', 'a', 'generous', 'quantity', 'of', 'olive', 'oil', 'in', 'a', 'heavy', 'bottomed', 'pan', 'and', 'add', 'two', 'teasponns', 'of', 'finely', 'chopped', 'garlic', 'soften', 'without', 'browning', 'and', 'then', 'add', 'two', 'firmly', 'packed', 'cups', 'of', 'finely', 'chopped', 'fresh', 'parsley', 'flat', 'or', 'curly', 'is', 'fine', 'toss', 'round', 'for', 'a', 'few', 'moments', 'then', 'slowly', 'add', 'the', 'cooked', 'beans', 'when', 'they', 'have', 'all', 'been', 'added', 'mash', 'with', 'a', 'slotted', 'spoon', 'so', 'some', 'texture', 'still', 'remains', 'it', 'is', 'meant', 'to', 'be', 'quite', 'thick', 'serve', 'with', 'a', 'drizzle', 'of', 'green', 'olive-oil', 'and', 'some', 'nice', 'rough', 'country', 'bread']","['soak', 'beans', 'cold', 'water', 'overnight', 'rinse', 'well', 'cover', 'cold', 'water', 'add', 'good', 'size', 'bunch', 'fresh', 'basil', 'whole', 'bulb', 'garlic', 'top', 'sliced', 'cook', 'tender', 'nb', 'important', 'let', 'boil', 'fast', 'least', 'ten', 'health', 'reasons', 'put', 'generous', 'quantity', 'olive', 'oil', 'heavy', 'bottomed', 'pan', 'add', 'two', 'teasponns', 'finely', 'chopped', 'garlic', 'soften', 'without', 'browning', 'add', 'two', 'firmly', 'packed', 'finely', 'chopped', 'fresh', 'parsley', 'flat', 'curly', 'fine', 'toss', 'round', 'moments', 'slowly', 'add', 'cooked', 'beans', 'added', 'mash', 'slotted', 'spoon', 'texture', 'still', 'remains', 'meant', 'quite', 'thick', 'serve', 'drizzle', 'green', 'olive', 'oil', 'nice', 'rough', 'country', 'bread']",Italian
10688,"['beat', 'eggs', 'one', 'at', 'a', 'time', 'in', 'a', 'large', 'bowl', 'until', 'light', 'and', 'fluffy', 'add', 'sugar', 'and', 'butter', 'cream', 'well', 'keep', 'aside', 'in', 'a', 'separate', 'bowl', 'sieve', 'the', 'flour', 'baking', 'soda', 'and', 'baking', 'powder', 'together', 'keep', 'aside', 'in', 'another', 'bowl', 'mix', 'together', 'the', 'walnuts', 'coffee', 'powder', 'vanilla', 'essence', 'and', 'cinnamon', 'keep', 'aside', 'in', 'another', 'bowl', 'mash', 'the', 'bananas', 'and', 'add', 'lemon', 'juice', 'to', 'them', 'add', 'the', 'chopped', 'nuts', 'now', 'pre-heat', 'your', 'oven', 'to', '175°c', 'carefully', 'add', 'the', 'flour', 'mixture', 'alternating', 'with', 'the', 'banana', 'mixture', 'to', 'the', 'butter', 'mixture', 'stir', 'in', 'the', 'milk', 'lightly', 'pour', 'the', 'batter', 'into', 'a', 'buttered', 'greased', 'baking', 'dish', 'bake', 'in', 'the', 'pre-heated', 'oven', 'at', '175c', 'for', '1', 'hour', 'allow', 'it', 'to', 'cool', 'for', '5', 'minutes', 'in', 'the', 'baking', 'dish', 'once', 'baked', 'then', 'gently', 'unmould', 'it', 'onto', 'a', 'wire', 'rack', 'allow', 'it', 'to', 'cool', 'completely', 'slice', 'and', 'serve', 'with', 'tea', 'enjoy', 'the', 'flavours', 'of', 'tea', 'and', 'coffee', 'at', 'the', 'same', 'time']","['beat', 'eggs', 'one', 'time', 'large', 'bowl', 'light', 'fluffy', 'add', 'sugar', 'butter', 'cream', 'well', 'keep', 'aside', 'separate', 'bowl', 'sieve', 'flour', 'baking', 'soda', 'baking', 'powder', 'together', 'keep', 'aside', 'another', 'bowl', 'mix', 'together', 'walnuts', 'coffee', 'powder', 'vanilla', 'essence', 'cinnamon', 'keep', 'aside', 'another', 'bowl', 'mash', 'bananas', 'add', 'lemon', 'juice', 'add', 'chopped', 'nuts', 'pre', 'heat', 'oven', '175°c', 'carefully', 'add', 'flour', 'mixture', 'alternating', 'banana', 'mixture', 'butter', 'mixture', 'stir', 'milk', 'lightly', 'pour', 'batter', 'buttered', 'greased', 'baking', 'dish', 'bake', 'pre', 'heated', 'oven', '175c', 'allow', 'cool', 'baking', 'dish', 'baked', 'gently', 'unmould', 'onto', 'wire', 'rack', 'allow', 'cool', 'completely', 'slice', 'serve', 'tea', 'enjoy', 'flavours', 'tea', 'coffee', 'time']",Indian
591,"['in', 'a', 'saucepan', 'heat', 'the', 'butter', 'add', 'the', 'garlic', 'and', 'cook', 'for', 'one', 'minute', 'over', 'moderate', 'heat', 'with', 'a', 'wire', 'whisk', 'stir', 'in', 'the', 'flour', 'while', 'stirring', 'add', 'the', 'clam', 'juice', 'add', 'the', 'parsley', 'salt', 'pepper', 'and', 'thyme', 'simmer', 'gently', 'for', 'ten', 'minutes', 'add', 'the', 'minced', 'clams', 'and', 'heat', 'through', 'serve', 'over', 'linguine', 'or', 'spaghetti']","['saucepan', 'heat', 'butter', 'add', 'garlic', 'cook', 'one', 'moderate', 'heat', 'wire', 'whisk', 'stir', 'flour', 'stirring', 'add', 'clam', 'juice', 'add', 'parsley', 'salt', 'pepper', 'thyme', 'simmer', 'gently', 'ten', 'add', 'minced', 'clams', 'heat', 'serve', 'linguine', 'spaghetti']",Italian
8614,"['in', 'a', 'mixing', 'bowl', 'combine', 'beaten', 'egg', 'bread', 'crumbs', '2', 'tbsp', 'yogurt', 'and', '1/2', 'tsp', 'salt', 'stir', 'in', 'cinnamon', 'cardamom', 'cumin', 'red', 'pepper', 'cloves', 'and', 'mace', 'or', 'use', '1', '1/4', 'tsp', 'garam', 'masala', 'add', 'ground', 'lamb', 'or', 'ground', 'pork', 'mix', 'well', 'shape', '1/4', 'of', 'the', 'meat', 'mixture', 'around', 'each', 'hard-cooked', 'egg', 'completely', 'enclosing', 'the', 'egg', 'in', 'a', 'large', 'skillet', 'brown', 'the', 'meatballs', 'in', 'hot', 'usli', 'ghee', 'or', 'cooking', 'oil', 'carefully', 'turning', 'to', 'brown', 'on', 'all', 'sides', 'remove', 'from', 'the', 'skillet', 'in', 'the', 'same', 'skillet', 'cook', 'the', 'onion', 'garlic', 'and', 'gingerroot', 'in', 'hot', 'usli', 'ghee', 'or', 'cooking', 'oil', 'till', 'the', 'onion', 'is', 'tender', 'but', 'not', 'brown', 'drain', 'off', 'the', 'fat', 'stir', 'in', 'the', 'tomato', 'sauce', 'chili', 'peppers', 'bay', 'leaf', 'and', '1/2', 'cup', 'water', 'bring', 'to', 'boiling', 'reduce', 'heat', 'simmer', 'for', '10', 'minutes', 'add', 'meatballs', 'to', 'the', 'tomato', 'sauce', 'mixture', 'cover', 'and', 'simmer', 'for', '30', 'minutes', 'turning', 'meatballs', 'every', '10', 'minutes', 'and', 'spooning', 'the', 'sauce', 'over', 'them', 'remove', 'meatballs', 'skim', 'the', 'fat', 'from', 'the', 'sauce', 'slowly', 'add', '1', 'cup', 'of', 'the', 'hot', 'sauce', 'to', 'the', 'yogurt', 'return', 'to', 'the', 'skillet', 'heat', 'through', 'but', 'do', 'not', 'boil', 'remove', 'the', 'bay', 'leaf', 'transfer', 'the', 'sauce', 'to', 'a', 'heated', 'serving', 'platter', 'cut', 'the', 'meatballs', 'in', 'half', 'crosswise', 'place', 'the', 'meatballs', 'yolk', 'side', 'up', 'atop', 'the', 'tomato', 'sauce', 'mixture', 'sprinkle', 'parsley', 'over', 'the', 'top', 'serve', 'with', 'hot', 'cooked', 'rice', 'or', 'chapati']","['mixing', 'bowl', 'combine', 'beaten', 'egg', 'bread', 'crumbs', 'yogurt', 'salt', 'stir', 'cinnamon', 'cardamom', 'cumin', 'red', 'pepper', 'cloves', 'mace', 'use', 'garam', 'masala', 'add', 'ground', 'lamb', 'ground', 'pork', 'mix', 'well', 'shape', 'meat', 'mixture', 'around', 'hard', 'cooked', 'egg', 'completely', 'enclosing', 'egg', 'large', 'skillet', 'brown', 'meatballs', 'hot', 'usli', 'ghee', 'cooking', 'oil', 'carefully', 'turning', 'brown', 'sides', 'remove', 'skillet', 'skillet', 'cook', 'onion', 'garlic', 'gingerroot', 'hot', 'usli', 'ghee', 'cooking', 'oil', 'till', 'onion', 'tender', 'brown', 'drain', 'fat', 'stir', 'tomato', 'sauce', 'chili', 'peppers', 'bay', 'leaf', 'water', 'bring', 'boiling', 'reduce', 'heat', 'simmer', 'add', 'meatballs', 'tomato', 'sauce', 'mixture', 'cover', 'simmer', 'turning', 'meatballs', 'every', 'spooning', 'sauce', 'remove', 'meatballs', 'skim', 'fat', 'sauce', 'slowly', 'add', 'hot', 'sauce', 'yogurt', 'return', 'skillet', 'heat', 'boil', 'remove', 'bay', 'leaf', 'transfer', 'sauce', 'heated', 'serving', 'platter', 'cut', 'meatballs', 'half', 'crosswise', 'place', 'meatballs', 'yolk', 'side', 'atop', 'tomato', 'sauce', 'mixture', 'sprinkle', 'parsley', 'top', 'serve', 'hot', 'cooked', 'rice', 'chapati']",Indian
8343,"['place', 'all', 'the', 'ingredients', 'in', 'the', 'container', 'of', 'an', 'electric', 'coffee', 'grinder', 'and', 'grind', 'until', 'even', 'and', 'powdery']","['place', 'ingredients', 'container', 'electric', 'coffee', 'grinder', 'grind', 'even', 'powdery']",Indian
3128,"['pre-heat', 'oven', 'to', '350of', 'bake', 'sausage', 'links', 'in', 'oven', 'for', '20', 'minutes', 'or', 'until', 'completely', 'cooked', 'cut', 'sausages', 'in', 'half', 'lengthwise', 'then', 'cut', 'into', '1/2', ""''"", 'slices', 'result', 'will', 'be', 'semi-circles', 'of', 'sausage', 'set', 'aside', 'saute', 'pepper', 'slices', 'in', 'olive', 'oil', 'until', 'their', 'crispness', 'is', 'lost', 'but', 'not', 'soft', 'chop', 'tomatoes', 'or', 'use', 'a', 'food', 'processor', 'on', '“', 'pulse', '”', 'do', 'not', 'puree', 'tomatoes', 'combine', 'chopped', 'tomatoes', 'tomato', 'puree', 'garlic', 'olive', 'oil', 'and', 'fresh', 'basil', 'in', 'sauce', 'pan', 'bring', 'to', 'a', 'simmer', 'add', 'sausage', 'pieces', 'and', 'stir', 'well', 'transfer', 'cooked', 'drained', 'pasta', 'to', 'large', 'serving', 'platter', 'top', 'with', 'sausage', 'pepper', 'marinara', 'mixture', 'garnish', 'with', 'parsley', 'and', 'grated', 'parmesan', 'cheese']","['pre', 'heat', 'oven', '350of', 'bake', 'sausage', 'links', 'oven', 'completely', 'cooked', 'cut', 'sausages', 'half', 'lengthwise', 'cut', ""''"", 'slices', 'result', 'semi', 'circles', 'sausage', 'set', 'aside', 'saute', 'pepper', 'slices', 'olive', 'oil', 'crispness', 'lost', 'soft', 'chop', 'tomatoes', 'use', 'food', 'processor', '“', 'pulse', '”', 'puree', 'tomatoes', 'combine', 'chopped', 'tomatoes', 'tomato', 'puree', 'garlic', 'olive', 'oil', 'fresh', 'basil', 'sauce', 'pan', 'bring', 'simmer', 'add', 'sausage', 'pieces', 'stir', 'well', 'transfer', 'cooked', 'drained', 'pasta', 'large', 'serving', 'platter', 'top', 'sausage', 'pepper', 'marinara', 'mixture', 'garnish', 'parsley', 'grated', 'parmesan', 'cheese']",Italian
5435,"['rinse', 'shrimp', 'in', 'cool', 'running', 'water', 'and', 'lightly', 'pat', 'dry', 'stir', 'the', 'shrimp', 'garlic', 'salt', 'pepper', 'flour', 'and', 'butter', 'gently', 'together', 'in', 'a', 'covered', 'container', 'allow', 'to', 'marinate', 'in', 'the', 'fridge', 'for', 'at', 'least', 'one', 'hour', 'remove', 'from', 'fridge', 'and', 'let', 'sit', 'at', 'room', 'temperature', 'for', 'approximately', '30', 'minutes', 'heat', 'a', 'sauté', 'pan', 'over', 'medium-high', 'until', 'hot', 'pour', 'contents', 'of', 'container', 'into', 'pan', 'and', 'sauté', 'shrimp', 'for', 'about', '3', 'minutes', 'on', 'each', 'side', 'once', 'the', 'garlic', 'begins', 'to', 'brown', 'turn', 'off', 'heat', 'remove', 'the', 'shrimp', 'immediately', 'and', 'serve', 'with', 'the', 'rice', 'and', 'lemon', 'wedge', 'spoon', 'the', 'extra', 'sauce', 'over', 'the', 'rice', 'and', 'shrimp']","['rinse', 'shrimp', 'cool', 'running', 'water', 'lightly', 'pat', 'dry', 'stir', 'shrimp', 'garlic', 'salt', 'pepper', 'flour', 'butter', 'gently', 'together', 'covered', 'container', 'allow', 'marinate', 'fridge', 'least', 'one', 'remove', 'fridge', 'let', 'sit', 'room', 'temperature', 'approximately', 'heat', 'sauté', 'pan', 'medium', 'high', 'hot', 'pour', 'contents', 'container', 'pan', 'sauté', 'shrimp', 'side', 'garlic', 'begins', 'brown', 'turn', 'heat', 'remove', 'shrimp', 'immediately', 'serve', 'rice', 'lemon', 'wedge', 'spoon', 'extra', 'sauce', 'rice', 'shrimp']",Italian
4164,"['for', 'pepper', 'sauce', 'heat', 'large', 'saute', 'pan', 'to', 'med', 'high', 'add', 'oil', 'add', 'all', 'peppers', 'onion', 'and', 'garlic', 'saute', 'until', 'translucent', 'add', 'prosciutto', 'tomato', 'paste', 'tomato', 'sauce', 'salt', 'and', 'pepper', 'simmer', 'for', '30', 'minutes', 'to', '1', 'hour', 'stir', 'in', 'sugar', 'and', 'vinegar', 'adjust', 'salt', 'and', 'pepper', 'to', 'taste', 'heat', 'oven', 'to', '400', 'degrees', 'and', 'heat', 'oil', 'in', 'saute', 'pan', 'on', 'high', 'season', 'fish', 'on', 'both', 'sides', 'with', 'salt', 'and', 'pepper', 'sear', 'fish', 'on', 'one', 'side', 'only', 'when', 'is', 'golden', 'brown', 'place', 'saute', 'pan', 'in', 'oven', 'for', '5-8', 'minutes', 'until', 'fish', 'flakes', 'but', 'still', 'moist', 'serve', 'fish', 'with', 'sauce', 'over', 'it', 'and', 'enjoy', 'with', 'a', 'glass', 'of', 'pinot', 'grigio']","['pepper', 'sauce', 'heat', 'large', 'saute', 'pan', 'med', 'high', 'add', 'oil', 'add', 'peppers', 'onion', 'garlic', 'saute', 'translucent', 'add', 'prosciutto', 'tomato', 'paste', 'tomato', 'sauce', 'salt', 'pepper', 'simmer', 'stir', 'sugar', 'vinegar', 'adjust', 'salt', 'pepper', 'taste', 'heat', 'oven', 'heat', 'oil', 'saute', 'pan', 'high', 'season', 'fish', 'sides', 'salt', 'pepper', 'sear', 'fish', 'one', 'side', 'golden', 'brown', 'place', 'saute', 'pan', 'oven', 'fish', 'flakes', 'still', 'moist', 'serve', 'fish', 'sauce', 'enjoy', 'glass', 'pinot', 'grigio']",Italian
1376,"['while', 'the', 'linguine', 'is', 'boiling', 'melt', 'the', 'butter', 'in', 'a', 'small', 'wok', 'or', 'a', 'medium', 'skillet', 'toss', 'in', 'the', 'scallions', 'and', 'saute', 'gently', 'for', '1', 'minute', 'stirring', 'splash', 'in', 'the', 'vodka', 'and', 'let', 'it', 'cook', 'down', 'a', 'little', 'tear', 'or', 'cut', 'the', 'salmon', 'into', 'small', 'bite-sized', 'pieces', 'and', 'stir', 'them', 'into', 'the', 'sauce', 'pour', 'in', 'the', 'cream', 'and', 'bring', 'to', 'a', 'simmer', 'when', 'the', 'linguine', 'is', 'done', 'al', 'dente', 'scoop', 'it', 'up', 'with', 'a', 'spider', 'and', 'tongs', 'letting', 'the', 'water', 'drain', 'off', 'and', 'mix', 'it', 'in', 'with', 'the', 'sauce', 'grind', 'pepper', 'generously', 'over', 'the', 'pasta', 'and', 'stir', 'in', 'the', 'capers', 'and', 'parsley', 'then', 'spoon', 'it', 'all', 'up', 'into', 'a', 'warm', 'bowl']","['linguine', 'boiling', 'melt', 'butter', 'small', 'wok', 'medium', 'skillet', 'toss', 'scallions', 'saute', 'gently', 'stirring', 'splash', 'vodka', 'let', 'cook', 'little', 'tear', 'cut', 'salmon', 'small', 'bite', 'sized', 'pieces', 'stir', 'sauce', 'pour', 'cream', 'bring', 'simmer', 'linguine', 'done', 'al', 'dente', 'scoop', 'spider', 'tongs', 'letting', 'water', 'drain', 'mix', 'sauce', 'grind', 'pepper', 'generously', 'pasta', 'stir', 'capers', 'parsley', 'spoon', 'warm', 'bowl']",Italian
11313,"['saute', 'garlic', 'and', 'most', 'of', 'the', 'onions', 'in', 'oil', 'until', 'soft', 'add', 'pav', 'bhaji', 'powder', 'salt', 'and', 'tomatoes', 'and', 'roast', 'boil', 'the', 'vegetables', 'and', 'when', 'soft', 'mash', 'them', 'mash', 'should', 'be', 'runnier', 'than', 'the', 'consistency', 'of', 'mashed', 'potatoes', 'but', 'not', 'watery', 'add', 'vegetables', 'to', 'the', 'tomato', 'mix', 'and', 'cook', 'for', 'approximately', '3-5', 'minutes', 'until', 'heated', 'thoroughly', 'add', 'more', 'water', 'if', 'necessary', 'to', 'prevent', 'burning', 'while', 'the', 'vegetables', 'are', 'doing', 'their', 'final', 'cooking', 'butter', 'the', 'bun', 'halves', 'and', 'grill', 'them', 'on', 'a', 'griddle', 'put', '1/4', 'stick', 'of', 'butter', 'and', 'coriander', 'leaves', 'on', 'top', 'of', 'the', 'vegetables', 'put', 'hamburger', 'bun', 'halves', 'on', 'your', 'plate', 'and', 'top', 'with', 'plenty', 'of', 'vegetable', 'mix', 'sprinkle', 'with', 'remaining', 'onion', 'it', 'should', 'still', 'be', 'raw', 'and', 'a', 'wedge', 'of', 'lemon', 'to', 'squeeze', 'over', 'it', 'all']","['saute', 'garlic', 'onions', 'oil', 'soft', 'add', 'pav', 'bhaji', 'powder', 'salt', 'tomatoes', 'roast', 'boil', 'vegetables', 'soft', 'mash', 'mash', 'runnier', 'consistency', 'mashed', 'potatoes', 'watery', 'add', 'vegetables', 'tomato', 'mix', 'cook', 'approximately', 'heated', 'thoroughly', 'add', 'water', 'necessary', 'prevent', 'burning', 'vegetables', 'final', 'cooking', 'butter', 'bun', 'halves', 'grill', 'griddle', 'put', 'stick', 'butter', 'coriander', 'leaves', 'top', 'vegetables', 'put', 'hamburger', 'bun', 'halves', 'plate', 'top', 'plenty', 'vegetable', 'mix', 'sprinkle', 'remaining', 'onion', 'still', 'raw', 'wedge', 'lemon', 'squeeze']",Indian
12935,"['rinse', 'chicken', 'under', 'cold', 'running', 'water', 'and', 'pat', 'dry', 'in', 'paper', 'towels', 'set', 'aside', 'combine', 'ginger', 'oil', 'lemon', 'juice', 'curry', 'cumin', 'mustard', 'and', 'salt', 'in', 'a', 'non-aluminim', 'non-reactive', 'bowl', 'and', 'stir', 'and', 'set', 'aside', 'add', 'wings', 'to', 'marinade', 'and', 'turn', 'until', 'evenly', 'coated', 'set', 'aside', 'to', 'marinate', 'at', 'least', '15', 'minutes', 'preheat', 'oven', 'to', '475', 'degrees', 'arrange', 'wings', 'in', 'a', 'single', 'layer', 'in', 'a', 'baking', 'pan', 'and', 'bake', 'uncovered', 'basting', 'occasionally', 'about', '10', 'minutes', 'per', 'side', 'or', 'until', 'browned']","['rinse', 'chicken', 'cold', 'running', 'water', 'pat', 'dry', 'paper', 'towels', 'set', 'aside', 'combine', 'ginger', 'oil', 'lemon', 'juice', 'curry', 'cumin', 'mustard', 'salt', 'non', 'aluminim', 'non', 'reactive', 'bowl', 'stir', 'set', 'aside', 'add', 'wings', 'marinade', 'turn', 'evenly', 'coated', 'set', 'aside', 'marinate', 'least', 'preheat', 'oven', 'arrange', 'wings', 'single', 'layer', 'baking', 'pan', 'bake', 'uncovered', 'basting', 'occasionally', 'per', 'side', 'browned']",Indian
10308,"['place', 'the', 'saffron', 'in', 'a', 'small', 'bowl', 'and', 'cover', 'with', '3', 'tablespoons', 'of', 'boiling', 'water', 'soak', 'for', '10', 'minutes', 'meanwhile', 'heat', 'the', 'butter', 'over', 'moderate', 'heat', 'in', 'a', 'large', '3', 'or', '4', 'quart', 'stockpot', 'add', 'the', 'cinnamon', 'and', 'cloves', 'and', 'stir', 'well', 'add', 'the', 'onions', 'garlic', 'and', 'saute', 'for', 'about', '2', 'minutes', 'add', 'the', 'rice', 'and', 'stir', 'for', 'about', '5', 'minutes', 'pour', 'in', 'the', '4', 'cups', 'of', 'boiling', 'water', 'or', 'broth', 'salt', 'and', 'the', 'cardamom', 'bring', 'to', 'a', 'boil', 'over', 'high', 'heat', 'add', 'the', 'saffron', 'and', 'its', 'soaking', 'water', 'stir', 'gently', 'cover', 'reduce', 'heat', 'and', 'cook', 'for', '25', 'minutes', 'fluff', 'remove', 'cloves', 'and', 'cinnamon', 'sticks', 'and', 'serve', 'hot']","['place', 'saffron', 'small', 'bowl', 'cover', 'boiling', 'water', 'soak', 'meanwhile', 'heat', 'butter', 'moderate', 'heat', 'large', 'stockpot', 'add', 'cinnamon', 'cloves', 'stir', 'well', 'add', 'onions', 'garlic', 'saute', 'add', 'rice', 'stir', 'pour', 'boiling', 'water', 'broth', 'salt', 'cardamom', 'bring', 'boil', 'high', 'heat', 'add', 'saffron', 'soaking', 'water', 'stir', 'gently', 'cover', 'reduce', 'heat', 'cook', 'fluff', 'remove', 'cloves', 'cinnamon', 'sticks', 'serve', 'hot']",Indian
116,"['preheat', 'oven', 'to', '350', 'degrees', 'place', '1/2', 'of', 'the', 'ravioli', 'in', 'a', 'greased', '8x8', 'glass', 'dish', 'pour', 'half', 'of', 'the', 'sauce', 'on', 'and', 'stir', 'until', 'mixed', 'well', 'make', 'sure', 'ravioli', 'are', 'spread', 'evenly', 'over', 'dish', 'place', 'pepperoni', 'slices', 'in', 'a', 'single', 'layer', 'over', 'ravioli', 'and', 'sauce', 'sprinkle', 'parmesan', 'cheese', 'evenly', 'over', 'entire', 'dish', 'place', 'remaining', 'ravioli', 'in', 'single', 'layer', 'on', 'top', 'of', 'cheese', 'spoon', 'remaining', 'sauce', 'over', 'ravioli', 'making', 'sure', 'ravioli', 'are', 'well-coated', 'place', 'remaining', 'pepperoni', 'in', 'a', 'single', 'layer', 'on', 'top', 'of', 'ravioli', 'and', 'sauce', 'sprinkle', 'mozarella', 'over', 'top', 'cover', 'dish', 'and', 'bake', 'for', '30', 'minutes', 'if', 'covering', 'with', 'foil', 'you', 'can', 'keep', 'the', 'cheese', 'from', 'sticking', 'to', 'it', 'by', 'baking', 'dish', 'for', '25', 'minutes', 'before', 'adding', 'mozarella', 'and', 'then', 'baking', 'for', '5', 'minutes', 'or', 'until', 'cheese', 'is', 'melted']","['preheat', 'oven', 'place', 'ravioli', 'greased', '8x8', 'glass', 'dish', 'pour', 'half', 'sauce', 'stir', 'mixed', 'well', 'make', 'sure', 'ravioli', 'spread', 'evenly', 'dish', 'place', 'pepperoni', 'slices', 'single', 'layer', 'ravioli', 'sauce', 'sprinkle', 'parmesan', 'cheese', 'evenly', 'entire', 'dish', 'place', 'remaining', 'ravioli', 'single', 'layer', 'top', 'cheese', 'spoon', 'remaining', 'sauce', 'ravioli', 'making', 'sure', 'ravioli', 'well', 'coated', 'place', 'remaining', 'pepperoni', 'single', 'layer', 'top', 'ravioli', 'sauce', 'sprinkle', 'mozarella', 'top', 'cover', 'dish', 'bake', 'covering', 'foil', 'keep', 'cheese', 'sticking', 'baking', 'dish', 'adding', 'mozarella', 'baking', 'cheese', 'melted']",Italian
12981,"['heat', 'the', 'oil', 'on', 'medium-high', 'heat', 'to', 'see', 'if', 'it', 'is', 'ready', 'toss', 'in', 'one', 'cumin', 'seed', 'if', 'the', 'seed', 'cracks', 'right', 'away', 'the', 'oil', 'is', 'hot', 'enough', 'add', 'the', 'cumin', 'and', 'mustard', 'seeds', 'fry', 'for', 'about', 'a', 'minute', 'add', 'the', 'peas', 'and', 'chills', 'and', 'fry', 'for', 'another', 'minute', 'or', 'two', 'add', 'the', 'cabbage', 'turmeric', 'cayenne', 'and', 'salt', 'mix', 'thoroughly', 'so', 'that', 'every', 'piece', 'of', 'cabbage', 'is', 'coated', 'with', 'the', 'spice', 'mixture', 'cover', 'the', 'pan', 'turn', 'the', 'heat', 'to', 'medium-low', 'and', 'allow', 'to', 'simmer', 'for', '8', 'to', '10', 'minutes', 'remove', 'from', 'heat', 'stir', 'lemon', 'juice', 'and', 'cilantro', 'through', 'serve']","['heat', 'oil', 'medium', 'high', 'heat', 'see', 'ready', 'toss', 'one', 'cumin', 'seed', 'seed', 'cracks', 'right', 'away', 'oil', 'hot', 'enough', 'add', 'cumin', 'mustard', 'seeds', 'fry', 'add', 'peas', 'chills', 'fry', 'another', 'two', 'add', 'cabbage', 'turmeric', 'cayenne', 'salt', 'mix', 'thoroughly', 'every', 'piece', 'cabbage', 'coated', 'spice', 'mixture', 'cover', 'pan', 'turn', 'heat', 'medium', 'low', 'allow', 'simmer', 'remove', 'heat', 'stir', 'lemon', 'juice', 'cilantro', 'serve']",Indian
4968,"['sauté', 'onions', 'in', 'olive', 'oil', 'until', 'soft', 'add', 'carrots', 'marjoram', 'and', 'thyme', 'then', 'sauté', 'for', 'an', 'additional', '5', 'minutes', 'add', 'wine', 'canned', 'tomatoes', 'broth', 'and', 'lentils', 'bring', 'to', 'a', 'boil', 'cover', 'and', 'simmer', 'for', '1', 'hour', 'or', 'until', 'the', 'lentils', 'are', 'tender', 'add', 'salt', 'and', 'pepper', 'to', 'taste', 'along', 'with', 'chopped', 'parsley', 'simmer', 'a', 'couple', 'of', 'minutes', 'serve', 'with', 'grated', 'cheddar', 'cheese', 'on', 'top', 'to', 'make', 'vegetarian', 'use', 'vegetable', 'broth', 'to', 'make', 'this', 'a', 'vegan', 'dish', 'skip', 'the', 'cheddar', 'cheese']","['sauté', 'onions', 'olive', 'oil', 'soft', 'add', 'carrots', 'marjoram', 'thyme', 'sauté', 'additional', 'add', 'wine', 'canned', 'tomatoes', 'broth', 'lentils', 'bring', 'boil', 'cover', 'simmer', 'lentils', 'tender', 'add', 'salt', 'pepper', 'taste', 'along', 'chopped', 'parsley', 'simmer', 'couple', 'serve', 'grated', 'cheddar', 'cheese', 'top', 'make', 'vegetarian', 'use', 'vegetable', 'broth', 'make', 'vegan', 'dish', 'skip', 'cheddar', 'cheese']",Italian
890,"['croutons', 'preheat', 'oven', 'to', '300of', 'place', 'the', 'bread', 'cubes', 'in', 'large', 'bowl', 'in', 'a', 'large', 'skillet', 'heat', 'oil', 'and', 'butter', 'over', 'moderate', 'heat', 'add', 'the', 'garlic', 'and', 'sauté', '1', 'minute', 'then', 'add', 'thyme', 'pour', 'over', 'breadcrumbs', 'and', 'stir', 'immediately', 'add', '1/4', 'cup', 'of', 'parmesan', 'cheese', 'and', 'toss', 'well', 'season', 'with', 'salt', 'and', 'black', 'pepper', 'to', 'taste', 'spread', 'on', 'baking', 'sheet', 'sprinkle', 'with', 'the', 'remaining', 'cheese', 'and', 'place', 'in', 'the', 'oven', 'for', 'about', '20', 'minutes', 'or', 'until', 'light', 'brown', 'return', 'them', 'to', 'the', 'large', 'bowl', 'and', 'set', 'aside', 'roasted', 'onion', 'purée', 'preheat', 'oven', 'to', '450of', 'layer', '1/2', ""''"", 'of', 'kosher', 'salt', 'in', 'a', 'shallow', 'baking', 'pan', 'place', 'the', 'onions', 'in', 'the', 'pan', 'and', 'roast', 'turning', 'occasionally', 'until', 'golden', 'brown', 'and', 'tender', 'about', '15-18', 'minutes', 'place', 'the', 'roasted', 'onions', 'and', 'the', 'broth', 'into', 'a', 'blender', 'and', 'purée', 'set', 'aside', 'mushrooms', 'in', 'a', 'large', 'skillet', 'heat', 'the', 'olive', 'oil', 'add', 'the', 'mushrooms', 'and', 'sauté', 'until', 'fully', 'cooked', 'and', 'well', 'browned', 'to', 'assemble', 'add', 'the', 'mushrooms', 'and', 'roasted', 'onion', 'purée', 'to', 'the', 'croutons', 'and', 'toss', 'well', 'to', 'coat', 'add', 'the', 'oil', 'vinegar', 'parmesan', 'and', 'thyme', 'mix', 'well', 'arrange', 'the', 'spinach', 'or', 'arugula', 'onions', 'and', 'celery', 'on', 'serving', 'platter', 'drizzle', 'with', 'red', 'wine', 'vinegar', 'and', 'oil', 'season', 'with', 'salt', 'and', 'pepper', 'to', 'taste', 'top', 'with', 'crouton', 'mixture', 'and', 'garnish', 'with', 'additional', 'parmesan', 'as', 'desired']","['croutons', 'preheat', 'oven', '300of', 'place', 'bread', 'cubes', 'large', 'bowl', 'large', 'skillet', 'heat', 'oil', 'butter', 'moderate', 'heat', 'add', 'garlic', 'sauté', 'add', 'thyme', 'pour', 'breadcrumbs', 'stir', 'immediately', 'add', 'parmesan', 'cheese', 'toss', 'well', 'season', 'salt', 'black', 'pepper', 'taste', 'spread', 'baking', 'sheet', 'sprinkle', 'remaining', 'cheese', 'place', 'oven', 'light', 'brown', 'return', 'large', 'bowl', 'set', 'aside', 'roasted', 'onion', 'purée', 'preheat', 'oven', '450of', 'layer', ""''"", 'kosher', 'salt', 'shallow', 'baking', 'pan', 'place', 'onions', 'pan', 'roast', 'turning', 'occasionally', 'golden', 'brown', 'tender', 'place', 'roasted', 'onions', 'broth', 'blender', 'purée', 'set', 'aside', 'mushrooms', 'large', 'skillet', 'heat', 'olive', 'oil', 'add', 'mushrooms', 'sauté', 'fully', 'cooked', 'well', 'browned', 'assemble', 'add', 'mushrooms', 'roasted', 'onion', 'purée', 'croutons', 'toss', 'well', 'coat', 'add', 'oil', 'vinegar', 'parmesan', 'thyme', 'mix', 'well', 'arrange', 'spinach', 'arugula', 'onions', 'celery', 'serving', 'platter', 'drizzle', 'red', 'wine', 'vinegar', 'oil', 'season', 'salt', 'pepper', 'taste', 'top', 'crouton', 'mixture', 'garnish', 'additional', 'parmesan', 'desired']",Italian
894,"['put', 'sausages', 'in', 'a', 'large', 'pot', 'and', 'cover', 'with', 'cold', 'water', 'bring', 'to', 'a', 'boil', 'and', 'simmer', 'for', '5', 'minutes', 'remove', 'from', 'pan', 'drain', 'and', 'dry', 'sausages', 'with', 'paper', 'towel', 'heat', 'oil', 'in', 'a', 'large', 'pot', 'and', 'add', 'sausages', 'and', 'brown', 'well', 'remove', 'from', 'pan', 'and', 'set', 'aside', 'in', 'same', 'pot', 'add', 'onion', 'garlic', 'and', 'peppers', 'and', 'saute', 'for', '5', 'minutes', 'cut', 'sausages', 'into', 'chunks', 'and', 'place', 'in', 'the', 'pot', 'with', 'oregano', 'tomato', 'sauce', 'and', 'salt', 'and', 'pepper', 'bring', 'to', 'a', 'boil', 'then', 'simmer', 'for', '25', 'minutes', 'stirring', 'often', 'you', 'might', 'want', 'to', 'add', 'another', 'can', 'of', 'tomato', 'sauce', 'if', 'you', 'find', 'it', 'too', 'dry']","['put', 'sausages', 'large', 'pot', 'cover', 'cold', 'water', 'bring', 'boil', 'simmer', 'remove', 'pan', 'drain', 'dry', 'sausages', 'paper', 'towel', 'heat', 'oil', 'large', 'pot', 'add', 'sausages', 'brown', 'well', 'remove', 'pan', 'set', 'aside', 'pot', 'add', 'onion', 'garlic', 'peppers', 'saute', 'cut', 'sausages', 'chunks', 'place', 'pot', 'oregano', 'tomato', 'sauce', 'salt', 'pepper', 'bring', 'boil', 'simmer', 'stirring', 'often', 'might', 'want', 'add', 'another', 'tomato', 'sauce', 'find', 'dry']",Italian
12295,"['boil', 'the', 'tea', 'leaves', 'in', 'water', 'strain', 'and', 'cool', 'put', 'crushed', 'ice', 'in', 'a', 'tall', 'glass', 'fill', 'three-fourth', 'of', 'the', 'glass', 'with', 'tea', 'add', 'sugar', 'syrup', 'and', 'lemon', 'juice', 'pour', 'chilled', 'soda', 'or', 'water', 'decorate', 'with', 'mint', 'leaves', 'serve', 'chilled']","['boil', 'tea', 'leaves', 'water', 'strain', 'cool', 'put', 'crushed', 'ice', 'tall', 'glass', 'fill', 'three', 'fourth', 'glass', 'tea', 'add', 'sugar', 'syrup', 'lemon', 'juice', 'pour', 'chilled', 'soda', 'water', 'decorate', 'mint', 'leaves', 'serve', 'chilled']",Indian
11991,"['in', 'oil', 'roast', 'the', 'sliced', 'onions', 'dry', 'coconut', 'and', 'garlic', 'cloves', 'cool', 'and', 'make', 'a', 'paste', 'keep', 'aside', 'in', 'oil', 'fry', 'chopped', 'onions', 'till', 'soft', 'add', 'the', 'prawns', 'a', 'keep', 'stirring', 'for', 'few', 'minutes', 'add', 'water', 'tumeric', 'powder', 'red', 'chilly', 'powder', 'and', 'garam', 'masala', 'keep', 'cooking', 'till', 'the', 'prawns', 'are', 'nearly', 'cooked', 'add', 'the', 'coconut', 'paste', 'salt', 'and', 'mix', 'well', 'keeping', 'mixing', 'and', 'cooking', 'till', 'the', 'masala', 'covers', 'the', 'prawns', 'garnish', 'with', 'coriander', 'and', 'serve', 'with', 'white', 'rice', 'or', 'parathas']","['oil', 'roast', 'sliced', 'onions', 'dry', 'coconut', 'garlic', 'cloves', 'cool', 'make', 'paste', 'keep', 'aside', 'oil', 'fry', 'chopped', 'onions', 'till', 'soft', 'add', 'prawns', 'keep', 'stirring', 'add', 'water', 'tumeric', 'powder', 'red', 'chilly', 'powder', 'garam', 'masala', 'keep', 'cooking', 'till', 'prawns', 'nearly', 'cooked', 'add', 'coconut', 'paste', 'salt', 'mix', 'well', 'keeping', 'mixing', 'cooking', 'till', 'masala', 'covers', 'prawns', 'garnish', 'coriander', 'serve', 'white', 'rice', 'parathas']",Indian
4637,"['combine', '3', 'tbsp', 'of', 'honey', '3', 'tbsp', 'of', 'honey', 'mustard', '3', 'tbsp', 'of', 'oil', '1', 'tbsp', 'of', 'sugar', '1', 'tsp', 'of', 'garlic', 'and', '1', 'tsp', 'of', 'balsamic', 'vinegar', 'put', 'shrimp', 'in', 'plastic', 'bag', 'and', 'add', 'the', 'above', 'mixture', 'marinate', 'for', 'at', 'least', '20', 'minutes', 'heat', 'heavy', 'cream', 'on', 'low-medium', 'when', 'cream', 'starts', 'to', 'boil', 'slowly', 'add', 'parmesan', 'cheese', 'and', 'mix', 'until', 'all', 'cheese', 'is', 'melted', 'into', 'the', 'cream', 'add', '1', 'tsp', 'of', 'black', 'pepper', '1', 'tbsp', 'of', 'sugar', '1', 'tbsp', 'of', 'honey', 'and', '2', 'tsp', 'of', 'minced', 'garlic', 'keep', 'sauce', 'heated', 'but', 'prevent', 'from', 'boiling', 'bring', 'a', 'bowl', 'of', 'water', 'to', 'a', 'boil', 'to', 'cook', 'pasta', 'combine', '3', 'tbsp', 'of', 'honey', '3', 'tbsp', 'of', 'honey', 'mustard', '1', 'tbsp', 'of', 'black', 'pepper', '1', 'tbsp', 'of', 'hoisin/bbq', 'sauce', 'in', 'a', 'small', 'bowl', 'preheat', 'oven', 'to', '450', 'degrees', 'and', 'arrange', 'shrimp', 'on', 'a', 'cookie', 'sheet', 'drizzle', 'mixture', 'over', 'shrimp', 'bake', 'shrimp', 'for', '5-12', 'minutes', 'checking', 'every', 'three', 'boil', 'angel', 'hair', 'pasta', 'for', '4', 'minutes', 'remove', 'shrimp', 'from', 'oven', 'when', 'finished', 'cooking', 'and', 'drain', 'pasta', 'add', 'pasta', 'to', 'a', 'serving', 'bowl', 'and', 'drizzle', 'alfredo', 'over', 'the', 'top', 'toss', 'pasta', 'until', 'lightly', 'covered', 'with', 'alfredo', 'sauce', 'add', 'shrimp', 'and', 'toss']","['combine', 'honey', 'honey', 'mustard', 'oil', 'sugar', 'garlic', 'balsamic', 'vinegar', 'put', 'shrimp', 'plastic', 'bag', 'add', 'mixture', 'marinate', 'least', 'heat', 'heavy', 'cream', 'low', 'medium', 'cream', 'starts', 'boil', 'slowly', 'add', 'parmesan', 'cheese', 'mix', 'cheese', 'melted', 'cream', 'add', 'black', 'pepper', 'sugar', 'honey', 'minced', 'garlic', 'keep', 'sauce', 'heated', 'prevent', 'boiling', 'bring', 'bowl', 'water', 'boil', 'cook', 'pasta', 'combine', 'honey', 'honey', 'mustard', 'black', 'pepper', 'hoisin/bbq', 'sauce', 'small', 'bowl', 'preheat', 'oven', 'arrange', 'shrimp', 'cookie', 'sheet', 'drizzle', 'mixture', 'shrimp', 'bake', 'shrimp', 'checking', 'every', 'three', 'boil', 'angel', 'hair', 'pasta', 'remove', 'shrimp', 'oven', 'finished', 'cooking', 'drain', 'pasta', 'add', 'pasta', 'serving', 'bowl', 'drizzle', 'alfredo', 'top', 'toss', 'pasta', 'lightly', 'covered', 'alfredo', 'sauce', 'add', 'shrimp', 'toss']",Italian
7995,"['heat', 'oil', 'in', 'medium', 'sized', 'pan', 'on', 'medium', 'heat', 'add', 'mustard', 'seeds', 'fenugreek', 'and', 'asafetida', 'powder', 'heat', 'until', 'mustard', 'seeds', 'begin', 'to', '``', 'pop', ""''"", 'then', 'lower', 'the', 'heat', 'a', 'little', 'add', 'the', 'spinach', 'and', 'salt', 'cover', 'and', 'cook', 'for', 'about', '10', 'minutes', 'stirring', 'periodically', 'uncover', 'and', 'cook', 'for', 'another', '5', 'minutes', 'voila', 'ready', 'to', 'serve']","['heat', 'oil', 'medium', 'sized', 'pan', 'medium', 'heat', 'add', 'mustard', 'seeds', 'fenugreek', 'asafetida', 'powder', 'heat', 'mustard', 'seeds', 'begin', '``', 'pop', ""''"", 'lower', 'heat', 'little', 'add', 'spinach', 'salt', 'cover', 'cook', 'stirring', 'periodically', 'uncover', 'cook', 'another', 'voila', 'ready', 'serve']",Indian
4433,"['dressing', 'just', 'mix', 'everything', 'together', 'and', 'refrigerate', 'until', 'ready', 'to', 'use', 'i', 'use', 'a', 'small', 'tupperware', 'container', 'and', 'shake', 'all', 'the', 'ingredients', 'that', 'way', 'if', 'you', 'have', 'leftovers', 'it', 'is', 'a', 'great', 'way', 'to', 'store', 'them', 'enjoy']","['dressing', 'mix', 'everything', 'together', 'refrigerate', 'ready', 'use', 'use', 'small', 'tupperware', 'container', 'shake', 'ingredients', 'way', 'leftovers', 'great', 'way', 'store', 'enjoy']",Italian
2198,"['heat', 'the', 'oil', 'in', 'a', 'large', 'skillet', 'over', 'medium-high', 'heat', 'and', 'sauté', 'the', 'sliced', 'porcini', 'mushrooms', 'with', 'the', 'garlic', 'and', 'parsley', 'till', 'tender', 'about', '5', 'minutes', 'season', 'with', 'salt', 'and', 'pepper', 'add', 'the', 'wine', 'and', 'let', 'it', 'all', 'simmer', 'until', 'the', 'wine', 'evaporates', 'about', '5-8', 'minutes', 'add', 'the', 'tomatoes', 'if', 'you', 'have', 'used', 'reconstituted', 'porcini', 'mushrooms', 'add', 'the', 'reserved', 'soaking', 'liquid', 'now', 'and', 'cook', 'for', '5', 'to', '7', 'minutes', 'meanwhile', 'boil', 'the', 'penne', 'until', 'al', 'dente', 'drain', 'the', 'pasta', 'and', 'add', 'it', 'to', 'the', 'sauce', 'together', 'with', 'the', 'grated', 'cheese', 'let', 'cook', 'for', '2', 'minutes', 'at', 'low', 'heat', 'taste', 'for', 'seasoning', 'serve', 'piping', 'hot', 'pass', 'extra', 'cheese', 'for', 'sprinkling', 'enjoy']","['heat', 'oil', 'large', 'skillet', 'medium', 'high', 'heat', 'sauté', 'sliced', 'porcini', 'mushrooms', 'garlic', 'parsley', 'till', 'tender', 'season', 'salt', 'pepper', 'add', 'wine', 'let', 'simmer', 'wine', 'evaporates', 'add', 'tomatoes', 'used', 'reconstituted', 'porcini', 'mushrooms', 'add', 'reserved', 'soaking', 'liquid', 'cook', 'meanwhile', 'boil', 'penne', 'al', 'dente', 'drain', 'pasta', 'add', 'sauce', 'together', 'grated', 'cheese', 'let', 'cook', 'low', 'heat', 'taste', 'seasoning', 'serve', 'piping', 'hot', 'pass', 'extra', 'cheese', 'sprinkling', 'enjoy']",Italian
10512,"['heat', 'the', 'milk', 'and', 'add', 'the', 'saffron', 'to', 'it', 'and', 'let', 'soak', 'in', 'a', 'thick', 'bottomed', 'pan', 'heat', 'the', 'ghee', 'and', 'add', 'the', 'semolina', 'and', 'keep', 'frying', 'till', 'it', 'turns', 'pink', 'in', 'the', 'northern', 'parts', 'of', 'india', 'the', 'semolina', 'is', 'fried', 'till', 'it', 'is', 'well', 'browned', 'which', 'gives', 'the', 'halwa', 'a', 'caramalised', 'flavour-and', 'is', 'tasty', 'too', 'now', 'add', 'the', 'sugar', 'and', 'let', 'it', 'melt', 'if', 'you', 'want', 'the', 'halwa', 'to', 'be', 'brown', 'then', 'let', 'the', 'sugar', 'brown', 'a', 'little', 'now', 'add', 'the', 'water', 'or', 'the', 'milk', 'add', 'water', 'if', 'you', 'are', 'making', 'the', 'brown', 'version', 'and', 'milk', 'if', 'you', 'are', 'making', 'the', 'whilte/cream', 'halwa', 'finally', 'add', 'the', 'nuts', 'and', 'cardamom', 'powder', 'pour', 'the', 'mixture', 'on', 'a', 'baking', 'tray', 'and', 'let', 'it', 'solidify', 'about', '15', 'minutes', 'cut', 'into', 'desired', 'shapes', 'and', 'serve', 'hot', 'or', 'at', 'room', 'temperature']","['heat', 'milk', 'add', 'saffron', 'let', 'soak', 'thick', 'bottomed', 'pan', 'heat', 'ghee', 'add', 'semolina', 'keep', 'frying', 'till', 'turns', 'pink', 'northern', 'parts', 'india', 'semolina', 'fried', 'till', 'well', 'browned', 'gives', 'halwa', 'caramalised', 'flavour', 'tasty', 'add', 'sugar', 'let', 'melt', 'want', 'halwa', 'brown', 'let', 'sugar', 'brown', 'little', 'add', 'water', 'milk', 'add', 'water', 'making', 'brown', 'version', 'milk', 'making', 'whilte/cream', 'halwa', 'finally', 'add', 'nuts', 'cardamom', 'powder', 'pour', 'mixture', 'baking', 'tray', 'let', 'solidify', 'cut', 'desired', 'shapes', 'serve', 'hot', 'room', 'temperature']",Indian
6966,"['mix', 'all', 'ingredients', 'with', 'chicken', 'preheat', 'oven', 'to', '220.then', 'bake', 'uncovered', 'at', '220', 'for', '15-20', 'minutes']","['mix', 'ingredients', 'chicken', 'preheat', 'oven', '220.then', 'bake', 'uncovered']",Indian
7707,"['heat', 'oil', 'in', 'a', 'skillet', 'once', 'medium', 'hot', 'toss', 'in', 'cumin', 'seeds', 'fennel', 'seeds', 'and', 'fenugreek', 'seeds', 'allow', 'to', 'sizzle', 'once', 'this', 'stops', 'toss', 'in', 'the', 'curry', 'leaves', 'and', 'lightly', 'stir-fry', 'for', '10', 'seconds', 'add', 'chopped', 'ginger', 'and', 'green', 'chillies', 'continue', 'to', 'stir-fry', 'until', 'the', 'raw', 'smell', 'of', 'ginger', 'is', 'gone', 'fold', 'in', 'the', 'cauliflower', 'florets', 'add', 'the', 'masala', 'powders', 'and', 'toss', 'to', 'coat', 'the', 'florets', 'in', 'the', 'same', 'stir', 'in', 'the', 'tomato', 'paste', 'and', 'salt', 'cover', 'and', 'cook', 'for', '10', 'minutes', 'until', 'the', 'cauliflower', 'florets', 'become', 'tender', 'uncover', 'and', 'toss', 'in', 'the', 'boiled', 'and', 'drained', 'potatoes', 'remove', 'from', 'flame', 'stir', 'in', 'the', 'beaten', 'yoghurt', 'garnish', 'with', 'corriander', 'leaves', 'or', 'cilantro', 'and', 'serve', 'hot', 'with', 'rotis', 'or', 'varsha', ""'s"", 'paneer', 'fried', 'rice', 'enjoy']","['heat', 'oil', 'skillet', 'medium', 'hot', 'toss', 'cumin', 'seeds', 'fennel', 'seeds', 'fenugreek', 'seeds', 'allow', 'sizzle', 'stops', 'toss', 'curry', 'leaves', 'lightly', 'stir', 'fry', 'seconds', 'add', 'chopped', 'ginger', 'green', 'chillies', 'continue', 'stir', 'fry', 'raw', 'smell', 'ginger', 'gone', 'fold', 'cauliflower', 'florets', 'add', 'masala', 'powders', 'toss', 'coat', 'florets', 'stir', 'tomato', 'paste', 'salt', 'cover', 'cook', 'cauliflower', 'florets', 'become', 'tender', 'uncover', 'toss', 'boiled', 'drained', 'potatoes', 'remove', 'flame', 'stir', 'beaten', 'yoghurt', 'garnish', 'corriander', 'leaves', 'cilantro', 'serve', 'hot', 'rotis', 'varsha', 'paneer', 'fried', 'rice', 'enjoy']",Indian
9338,"['peel', 'and', 'clean', 'the', 'prawns', 'neatly', 'heat', 'oil', 'in', 'a', 'frying', 'pan', 'put', 'cloves', 'aniseed', 'chopped', 'onions', 'chopped', 'tomatoes', 'and', 'saute', 'it', 'well', 'add', 'prawns', 'chilli', 'powder', 'salt', 'turmeric', 'powder', 'and', 'garlic', 'paste', 'cook', 'for', '10', 'minutes', 'garnish', 'with', 'corriander', 'leaves', 'serve']","['peel', 'clean', 'prawns', 'neatly', 'heat', 'oil', 'frying', 'pan', 'put', 'cloves', 'aniseed', 'chopped', 'onions', 'chopped', 'tomatoes', 'saute', 'well', 'add', 'prawns', 'chilli', 'powder', 'salt', 'turmeric', 'powder', 'garlic', 'paste', 'cook', 'garnish', 'corriander', 'leaves', 'serve']",Indian
8298,"['marinate', 'the', 'chicken', 'in', 'the', 'yogurt', 'lemon', 'cinnamon', 'small', 'pinch', 'of', 'garam', 'masala', 'and', 'grated', 'ginger', 'for', 'about', '1', 'hour', 'soak', 'the', 'saffron', 'threads', 'in', 'the', 'chicken', 'stock', 'shake', 'the', 'excess', 'marinade', 'off', 'the', 'chicken', 'in', 'a', 'large', 'dutch', 'oven', 'or', 'le', 'creuset', 'over', 'medium-high', 'heat', 'fry', 'the', 'meat', 'with', 'a', 'spoonful', 'or', 'so', 'of', 'oil', 'do', 'this', 'in', 'batches', 'so', 'that', 'the', 'chicken', 'becomes', 'nicely', 'golden', 'in', 'color', 'remove', 'chicken', 'and', 'browned', 'bits', 'to', 'a', 'plate', 'cover', 'with', 'aluminum', 'foil', 'to', 'keep', 'warm', 'and', 'set', 'aside', 'in', 'the', 'same', 'pan', 'melt', 'the', 'butter', 'with', '1', 'tablespoon', 'of', 'the', 'oil', 'and', 'add', 'the', 'rice', 'stirring', 'to', 'coat', 'until', 'glossy', 'pour', 'in', 'the', 'saffron', 'and', 'chicken', 'stock', 'add', 'the', 'sultanas', 'cardamom', 'pods', 'rose', 'water', 'lemon', 'juice', 'and', 'zest', 'and', 'bring', 'the', 'pan', 'to', 'the', 'boil', 'then', 'clamp', 'on', 'the', 'lid', 'and', 'turn', 'the', 'heat', 'down', 'to', 'very', 'low', 'cook', 'for', 'about', '10-15', 'minutes', 'by', 'which', 'time', 'the', 'rice', 'should', 'have', 'absorbed', 'the', 'liquid', 'and', 'be', 'cooked', 'through', 'add', 'the', 'chicken', 'and', 'the', 'browned', 'bits', 'to', 'the', 'rice', 'stirring', 'gently', 'to', 'combine', 'toast', 'the', 'almonds', 'by', 'shaking', 'them', 'in', 'a', 'dry', 'frying', 'pan', 'over', 'a', 'medium', 'heat', 'until', 'they', 'color', 'and', 'begin', 'to', 'give', 'off', 'their', 'fragrance', 'then', 'add', 'to', 'the', 'pilaf', 'along', 'with', 'the', 'chopped', 'parsley', 'pile', 'everything', 'onto', 'a', 'plate', 'and', 'add', 'a', 'fabulously', 'green', 'sprinkling', 'of', 'slivered', 'or', 'roughly', 'chopped', 'pistachios']","['marinate', 'chicken', 'yogurt', 'lemon', 'cinnamon', 'small', 'pinch', 'garam', 'masala', 'grated', 'ginger', 'soak', 'saffron', 'threads', 'chicken', 'stock', 'shake', 'excess', 'marinade', 'chicken', 'large', 'dutch', 'oven', 'le', 'creuset', 'medium', 'high', 'heat', 'fry', 'meat', 'spoonful', 'oil', 'batches', 'chicken', 'becomes', 'nicely', 'golden', 'color', 'remove', 'chicken', 'browned', 'bits', 'plate', 'cover', 'aluminum', 'foil', 'keep', 'warm', 'set', 'aside', 'pan', 'melt', 'butter', 'oil', 'add', 'rice', 'stirring', 'coat', 'glossy', 'pour', 'saffron', 'chicken', 'stock', 'add', 'sultanas', 'cardamom', 'pods', 'rose', 'water', 'lemon', 'juice', 'zest', 'bring', 'pan', 'boil', 'clamp', 'lid', 'turn', 'heat', 'low', 'cook', 'time', 'rice', 'absorbed', 'liquid', 'cooked', 'add', 'chicken', 'browned', 'bits', 'rice', 'stirring', 'gently', 'combine', 'toast', 'almonds', 'shaking', 'dry', 'frying', 'pan', 'medium', 'heat', 'color', 'begin', 'give', 'fragrance', 'add', 'pilaf', 'along', 'chopped', 'parsley', 'pile', 'everything', 'onto', 'plate', 'add', 'fabulously', 'green', 'sprinkling', 'slivered', 'roughly', 'chopped', 'pistachios']",Indian
6246,"['preheat', 'oven', 'to', '425°', 'remove', 'and', 'discard', 'giblets', 'and', 'neck', 'from', 'chicken', 'trim', 'excess', 'fat', 'starting', 'at', 'neck', 'cavity', 'loosen', 'skin', 'from', 'breast', 'and', 'drumsticks', 'by', 'inserting', 'fingers', 'gently', 'pushing', 'between', 'skin', 'and', 'meat', 'combine', 'the', 'paprika', '1', 'tablespoon', 'thyme', '1/2', 'teaspoon', 'salt', 'and', '1/4', 'teaspoon', 'pepper', 'rub', 'under', 'loosened', 'skin', 'thinly', 'slice', '1', 'lemon', 'arrange', 'slices', 'under', 'loosened', 'skin', 'cut', 'remaining', 'lemon', 'into', 'quarters', 'place', 'lemon', 'quarters', 'inside', 'chicken', 'cavity', 'add', 'the', 'remaining', '1', 'tablespoon', 'thyme', 'to', 'chicken', 'cavity', 'place', 'chicken', 'on', 'the', 'rack', 'of', 'a', 'broiler', 'pan', 'or', 'roasting', 'pan', 'coated', 'with', 'cooking', 'spray', 'brush', 'oil', 'over', 'skin', 'cover', 'chicken', 'with', 'aluminum', 'foil', 'bake', 'at', '425°', 'for', '30', 'minutes', 'uncover', 'and', 'bake', '35-45', 'minutes', 'or', 'until', 'an', 'instant-read', 'thermometer', 'inserted', 'into', 'thigh', 'registers', '160°', 'transfer', 'chicken', 'to', 'a', 'cutting', 'board', 'cover', 'with', 'foil', 'let', 'stand', '15', 'minutes', 'before', 'carving', 'place', 'a', 'zip-top', 'plastic', 'bag', 'in', 'a', '2-cup', 'measure', 'pour', 'drippings', 'into', 'bag', 'drain', 'drippings', 'into', 'measuring', 'cup', 'stopping', 'before', 'fat', 'layer', 'reaches', 'opening', 'discard', 'fat', 'place', 'pan', 'on', 'stove', 'top', 'over', 'medium', 'heat', 'sprinkle', 'flour', 'into', 'pan', 'add', 'wine', 'bring', 'to', 'a', 'boil', 'stirring', 'constantly', 'with', 'a', 'whisk', 'add', 'drippings', 'broth', 'juice', 'sugar', 'remaining', '3/4', 'teaspoon', 'pepper', 'and', 'remaining', '1/2', 'teaspoon', 'salt', 'to', 'pan', 'stirring', 'constantly', 'with', 'a', 'whisk', 'until', 'slightly', 'thickened', 'remove', 'from', 'heat', 'remove', 'skin', 'and', 'lemon', 'slices', 'from', 'chicken', 'and', 'remove', 'lemon', 'wedges', 'from', 'cavity', 'discard', 'carve', 'chicken', 'and', 'arrange', 'on', 'a', 'serving', 'platter', 'serve', 'with', 'gravy', 'garnish', 'with', 'additional', 'lemon', 'slices', 'and', 'thyme', 'sprigs', 'if', 'desired']","['preheat', 'oven', '425°', 'remove', 'discard', 'giblets', 'neck', 'chicken', 'trim', 'excess', 'fat', 'starting', 'neck', 'cavity', 'loosen', 'skin', 'breast', 'drumsticks', 'inserting', 'fingers', 'gently', 'pushing', 'skin', 'meat', 'combine', 'paprika', 'thyme', 'salt', 'pepper', 'rub', 'loosened', 'skin', 'thinly', 'slice', 'lemon', 'arrange', 'slices', 'loosened', 'skin', 'cut', 'remaining', 'lemon', 'quarters', 'place', 'lemon', 'quarters', 'inside', 'chicken', 'cavity', 'add', 'remaining', 'thyme', 'chicken', 'cavity', 'place', 'chicken', 'rack', 'broiler', 'pan', 'roasting', 'pan', 'coated', 'cooking', 'spray', 'brush', 'oil', 'skin', 'cover', 'chicken', 'aluminum', 'foil', 'bake', '425°', 'uncover', 'bake', 'instant', 'read', 'thermometer', 'inserted', 'thigh', 'registers', '160°', 'transfer', 'chicken', 'cutting', 'board', 'cover', 'foil', 'let', 'stand', 'carving', 'place', 'zip', 'top', 'plastic', 'bag', '2', 'cup', 'measure', 'pour', 'drippings', 'bag', 'drain', 'drippings', 'measuring', 'stopping', 'fat', 'layer', 'reaches', 'opening', 'discard', 'fat', 'place', 'pan', 'stove', 'top', 'medium', 'heat', 'sprinkle', 'flour', 'pan', 'add', 'wine', 'bring', 'boil', 'stirring', 'constantly', 'whisk', 'add', 'drippings', 'broth', 'juice', 'sugar', 'remaining', 'pepper', 'remaining', 'salt', 'pan', 'stirring', 'constantly', 'whisk', 'slightly', 'thickened', 'remove', 'heat', 'remove', 'skin', 'lemon', 'slices', 'chicken', 'remove', 'lemon', 'wedges', 'cavity', 'discard', 'carve', 'chicken', 'arrange', 'serving', 'platter', 'serve', 'gravy', 'garnish', 'additional', 'lemon', 'slices', 'thyme', 'sprigs', 'desired']",Italian
1114,"['heat', 'the', 'olive', 'oil', 'in', 'a', 'dutch', 'oven', 'over', 'medium', 'heat', 'add', 'onion', 'and', 'garlic', 'and', 'cook', 'for', '10', 'minutes', 'stirring', 'frequently', 'stir', 'in', 'the', 'water', 'and', 'the', 'next', '5', 'ingredients', 'water', 'through', 'tomatoes', 'and', 'bring', 'to', 'a', 'boil', 'reduce', 'heat', 'and', 'simmer', '20', 'minutes', 'place', '2', 'cups', 'soup', 'in', 'a', 'blender', 'or', 'food', 'processor', 'and', 'process', 'until', 'smooth', 'pour', 'the', 'pureed', 'soup', 'into', 'a', 'bowl', 'repeat', 'procedure', 'with', '2', 'cups', 'soup', 'return', 'all', 'pureed', 'soup', 'to', 'pan', 'stir', 'in', 'the', 'vinegar', 'and', 'bring', 'to', 'a', 'boil', 'remove', 'from', 'heat', 'spoon', '1', '1/2', 'cups', 'soup', 'into', 'each', 'of', '6', 'bowls', 'sprinkle', 'each', 'serving', 'with', '1', 'tablespoon', 'cheese']","['heat', 'olive', 'oil', 'dutch', 'oven', 'medium', 'heat', 'add', 'onion', 'garlic', 'cook', 'stirring', 'frequently', 'stir', 'water', 'next', 'ingredients', 'water', 'tomatoes', 'bring', 'boil', 'reduce', 'heat', 'simmer', 'place', 'soup', 'blender', 'food', 'processor', 'process', 'smooth', 'pour', 'pureed', 'soup', 'bowl', 'repeat', 'procedure', 'soup', 'return', 'pureed', 'soup', 'pan', 'stir', 'vinegar', 'bring', 'boil', 'remove', 'heat', 'spoon', 'soup', 'bowls', 'sprinkle', 'serving', 'cheese']",Italian
12566,"['heat', 'a', 'large', 'non-stick', 'skillet', 'over', 'medium', 'heat', 'add', 'potatoes', 'and', 'garam', 'masala', 'and', 'cook', 'stirring', 'frequently', 'until', 'fragrant', 'about', '2', 'minutes', 'add', 'chickpeas', 'and', 'diced', 'tomatoes', 'scrape', 'up', 'any', 'browned', 'bits', 'that', 'have', 'adhered', 'to', 'the', 'pan', 'stir', 'and', 'bring', 'to', 'a', 'low', 'boil', 'reduce', 'heat', 'to', 'medium-low', 'and', 'simmer', 'covered', 'stirring', 'occasionally', 'until', 'potatoes', 'are', 'tender', 'about', '25', 'minutes', 'sprinkle', 'with', 'chopped', 'cilantro', 'to', 'serve']","['heat', 'large', 'non', 'stick', 'skillet', 'medium', 'heat', 'add', 'potatoes', 'garam', 'masala', 'cook', 'stirring', 'frequently', 'fragrant', 'add', 'chickpeas', 'diced', 'tomatoes', 'scrape', 'browned', 'bits', 'adhered', 'pan', 'stir', 'bring', 'low', 'boil', 'reduce', 'heat', 'medium', 'low', 'simmer', 'covered', 'stirring', 'occasionally', 'potatoes', 'tender', 'sprinkle', 'chopped', 'cilantro', 'serve']",Indian
9883,"['cut', 'chicken', 'into', 'bite', 'sized', 'pieces', 'coat', 'a', 'large', 'non-stick', 'frypan', 'or', 'wok', 'with', 'cooking', 'spray', 'and', 'saute', 'chicken', 'onion', 'garlic', 'in', 'jar', 'and', 'ginger', 'in', 'jar', 'until', 'the', 'pieces', 'are', 'nearly', 'cooked', 'add', 'all', 'the', 'spices', 'and', 'cook', 'for', 'one', 'minute', 'until', 'aromatic', 'then', 'add', 'stock', 'powder', 'add', 'tomato', 'paste', 'no', 'added', 'salt', 'and', 'fold', 'through', 'chicken', 'blend', 'cornflour', 'with', 'the', 'light', 'evapourated', 'milk', 'then', 'add', 'to', 'the', 'pan', 'stir', 'continuously', 'mixing', 'well', 'until', 'boiled', 'simmer', 'for', 'a', 'little', 'while', 'and', 'serve', 'over', 'basmati', 'rice']","['cut', 'chicken', 'bite', 'sized', 'pieces', 'coat', 'large', 'non', 'stick', 'frypan', 'wok', 'cooking', 'spray', 'saute', 'chicken', 'onion', 'garlic', 'jar', 'ginger', 'jar', 'pieces', 'nearly', 'cooked', 'add', 'spices', 'cook', 'one', 'aromatic', 'add', 'stock', 'powder', 'add', 'tomato', 'paste', 'added', 'salt', 'fold', 'chicken', 'blend', 'cornflour', 'light', 'evapourated', 'milk', 'add', 'pan', 'stir', 'continuously', 'mixing', 'well', 'boiled', 'simmer', 'little', 'serve', 'basmati', 'rice']",Indian
11062,"['place', 'all', 'the', 'ingredients', 'in', 'a', 'bowl', 'and', 'toss', 'until', 'well-blended', 'chill', 'for', 'at', 'least', '2', 'hours', 'toss', 'again', 'and', 'serve']","['place', 'ingredients', 'bowl', 'toss', 'well', 'blended', 'chill', 'least', 'toss', 'serve']",Indian
11753,"['place', 'coconut', 'milk', 'in', 'a', 'medium', 'saucepan', 'reserving', '2', 'tablespoons', 'and', 'add', 'the', 'water', 'garlic', 'and', 'salt', 'bring', 'to', 'a', 'boil', 'over', 'medium-high', 'heat', 'stir', 'in', 'rice', 'cover', 'reduce', 'heat', 'and', 'simmer', '20', 'minutes', 'or', 'until', 'liquid', 'is', 'absorbed', 'stir', 'in', 'reserved', 'coconut', 'milk', 'and', 'sprinkle', 'with', 'basil']","['place', 'coconut', 'milk', 'medium', 'saucepan', 'reserving', 'add', 'water', 'garlic', 'salt', 'bring', 'boil', 'medium', 'high', 'heat', 'stir', 'rice', 'cover', 'reduce', 'heat', 'simmer', 'liquid', 'absorbed', 'stir', 'reserved', 'coconut', 'milk', 'sprinkle', 'basil']",Indian
5535,"['heat', 'oil', 'in', 'dutch', 'oven', 'or', 'large', 'saucepan', 'over', 'medium-high', 'heat', 'add', 'sausage', 'onion', 'carrots', 'and', 'italian', 'seasoning', 'cook', 'and', 'stir', 'about', '4', 'minutes', 'or', 'until', 'sausage', 'is', 'no', 'longer', 'pink', 'drain', 'fat', 'stir', 'in', 'broth', 'and', 'kale', 'bring', 'to', 'a', 'boil', 'over', 'high', 'heat', 'stir', 'in', 'pasta', 'reduce', 'heat', 'to', 'medium-low', 'simmer', 'partially', 'covered', 'about', '9', 'minutes', 'or', 'until', 'pasta', 'is', 'tender', 'sprinkle', 'with', 'parmesan', 'if', 'desired']","['heat', 'oil', 'dutch', 'oven', 'large', 'saucepan', 'medium', 'high', 'heat', 'add', 'sausage', 'onion', 'carrots', 'italian', 'seasoning', 'cook', 'stir', 'sausage', 'longer', 'pink', 'drain', 'fat', 'stir', 'broth', 'kale', 'bring', 'boil', 'high', 'heat', 'stir', 'pasta', 'reduce', 'heat', 'medium', 'low', 'simmer', 'partially', 'covered', 'pasta', 'tender', 'sprinkle', 'parmesan', 'desired']",Italian
4847,"['heat', 'oil', 'in', 'heavy', 'large', 'skillet', 'over', 'medium-high', 'heat', 'add', 'beef', 'and', 'pork', 'saute', 'until', 'brown', 'about', '3', 'minutes', 'add', 'spinach', 'and', 'saute', 'until', 'wilted', 'and', 'liquid', 'has', 'evaporated', 'about', '3', 'minutes', 'cool', 'finely', 'chop', 'mixture', 'in', 'processor', 'tranfer', 'to', 'medium', 'bowl', 'mix', 'in', 'cheese', 'season', 'to', 'taste', 'with', 'salt', 'and', 'pepper', 'mix', 'in', 'egg', 'lightly', 'flour', 'baking', 'sheet', 'arrange', '12', 'wonton', 'wrappers', 'on', 'work', 'surface', 'spoon', '1', 'teaspoon', 'filling', 'in', 'center', 'of', 'each', 'brush', 'edges', 'with', 'water', 'fold', 'each', 'wrapper', 'in', 'half', 'forming', 'triangle', 'press', 'edges', 'together', 'using', '2-inch', 'diameter', 'ruffled', 'cookie', 'cutter', 'cut', 'edges', 'to', 'form', 'half-moon', 'shape', 'transfer', 'to', 'baking', 'sheet', 'repeat', 'with', 'remaining', 'wrappers', 'and', 'filling', 'can', 'be', 'made', '8', 'hours', 'ahead', 'cover', 'chill.', 'melt', 'butter', 'in', 'heavy', 'medium', 'skillet', 'over', 'low', 'heat', 'add', 'sage', 'keep', 'warm', 'meanwhile', 'working', 'in', 'batches', 'cook', 'agnolotti', 'in', 'large', 'pot', 'of', 'boiling', 'salted', 'water', 'until', 'just', 'tender', 'but', 'still', 'firm', 'to', 'bite', 'about', '3', 'minutes', 'using', 'slotted', 'spoon', 'transfer', 'agnolotti', 'to', 'shallow', 'soup', 'bowls', 'spoon', 'sage', 'butter', 'over', 'and', 'serve']","['heat', 'oil', 'heavy', 'large', 'skillet', 'medium', 'high', 'heat', 'add', 'beef', 'pork', 'saute', 'brown', 'add', 'spinach', 'saute', 'wilted', 'liquid', 'evaporated', 'cool', 'finely', 'chop', 'mixture', 'processor', 'tranfer', 'medium', 'bowl', 'mix', 'cheese', 'season', 'taste', 'salt', 'pepper', 'mix', 'egg', 'lightly', 'flour', 'baking', 'sheet', 'arrange', 'wonton', 'wrappers', 'work', 'surface', 'spoon', 'filling', 'center', 'brush', 'edges', 'water', 'fold', 'wrapper', 'half', 'forming', 'triangle', 'press', 'edges', 'together', 'using', '2', 'inch', 'diameter', 'ruffled', 'cookie', 'cutter', 'cut', 'edges', 'form', 'half', 'moon', 'shape', 'transfer', 'baking', 'sheet', 'repeat', 'remaining', 'wrappers', 'filling', 'made', 'ahead', 'cover', 'chill.', 'melt', 'butter', 'heavy', 'medium', 'skillet', 'low', 'heat', 'add', 'sage', 'keep', 'warm', 'meanwhile', 'working', 'batches', 'cook', 'agnolotti', 'large', 'pot', 'boiling', 'salted', 'water', 'tender', 'still', 'firm', 'bite', 'using', 'slotted', 'spoon', 'transfer', 'agnolotti', 'shallow', 'soup', 'bowls', 'spoon', 'sage', 'butter', 'serve']",Italian
3633,"['combine', 'water', 'and', 'coffee', 'in', 'small', 'bowl', 'stir', 'until', 'dissolved', 'stir', 'in', '1/2', 'cup', '125ml', 'of', 'the', 'marsala', 'then', 'allow', 'to', 'cool', 'dip', 'half', 'the', 'biscuits', 'in', 'coffee', 'mixture', 'place', 'biscuits', 'in', 'single', 'layer', 'over', 'base', 'of', '2.5', 'litre', '10', 'cup', 'dish', 'beat', 'cream', 'and', 'icing', 'sugar', 'in', 'small', 'bowl', 'with', 'electric', 'mixer', 'until', 'firm', 'peaks', 'form', 'combine', 'mascarpone', 'and', 'remaining', 'marsala', 'in', 'large', 'bowl', 'fold', 'in', 'cream', 'mixture', 'beat', 'eggs', 'and', 'sugar', 'in', 'small', 'bowl', 'with', 'electric', 'mixer', 'until', 'thick', 'and', 'creamy', 'gently', 'fold', 'egg', 'mixture', 'into', 'mascarpone', 'mixture', 'spread', 'half', 'the', 'combined', 'mixture', 'over', 'biscuits', 'in', 'dish', 'dip', 'remaining', 'biscuits', 'in', 'coffee', 'mixture', 'place', 'over', 'cream', 'layer', 'top', 'biscuits', 'with', 'remaining', 'combined', 'mixture', 'cover', 'refrigerate', 'at', 'least', '3', 'hours', 'or', 'overnight', 'dust', 'with', 'sifted', 'cocoa', 'or', 'drinking', 'chocolate', 'and', 'serve', 'with', 'berries', 'if', 'desired']","['combine', 'water', 'coffee', 'small', 'bowl', 'stir', 'dissolved', 'stir', '125ml', 'marsala', 'allow', 'cool', 'dip', 'half', 'biscuits', 'coffee', 'mixture', 'place', 'biscuits', 'single', 'layer', 'base', 'litre', 'dish', 'beat', 'cream', 'icing', 'sugar', 'small', 'bowl', 'electric', 'mixer', 'firm', 'peaks', 'form', 'combine', 'mascarpone', 'remaining', 'marsala', 'large', 'bowl', 'fold', 'cream', 'mixture', 'beat', 'eggs', 'sugar', 'small', 'bowl', 'electric', 'mixer', 'thick', 'creamy', 'gently', 'fold', 'egg', 'mixture', 'mascarpone', 'mixture', 'spread', 'half', 'combined', 'mixture', 'biscuits', 'dish', 'dip', 'remaining', 'biscuits', 'coffee', 'mixture', 'place', 'cream', 'layer', 'top', 'biscuits', 'remaining', 'combined', 'mixture', 'cover', 'refrigerate', 'least', 'overnight', 'dust', 'sifted', 'cocoa', 'drinking', 'chocolate', 'serve', 'berries', 'desired']",Italian
5848,"['slice', 'the', 'bacon', 'cross', 'wise', 'into', 'strips', 'cook', 'in', 'a', 'large', 'skillet', 'with', 'high', 'sides', 'for', '8-9', 'minutes', 'or', 'until', 'crisp', 'remove', 'bacon', 'and', 'drain', 'on', 'paper', 'towels', 'drain', 'skillet', 'leaving', '1', 'tablespoon', 'of', 'bacon', 'drippings', 'in', 'the', 'skillet', 'place', 'broth', 'and', 'diced', 'tomatoes', 'in', 'a', 'large', 'bowl', 'microwave', 'covered', 'on', 'high', 'for', '6-8', 'minutes', 'or', 'until', 'hot', 'return', 'skillet', 'to', 'heat', 'and', 'add', 'onion', 'and', 'red', 'pepper', 'flakes', 'saute', 'for', '2-3', 'minutes', 'or', 'until', 'tender', 'add', 'garlic', 'and', 'cook', 'for', '10-20', 'seconds', 'add', 'broth', 'mixture', 'pasta', 'salt', 'and', 'half', 'of', 'the', 'cooked', 'bacon', 'simmer', 'covered', 'for', '9-10', 'minutes', 'or', 'until', 'pasta', 'is', 'almost', 'cooked', 'by', 'still', 'firm', 'stir', 'occasionally', 'remove', 'skillet', 'from', 'heat', 'and', 'add', 'cubed', 'cream', 'cheese', 'grape', 'tomatoes', 'and', 'parsley', 'reserving', '1', 'tbsp', 'of', 'parsley', 'for', 'garnish', 'cover', 'and', 'let', 'stand', 'for', '5', 'minutes', 'or', 'until', 'pasta', 'is', 'tender', 'and', 'sauce', 'is', 'thickened', 'serve', 'with', 'remaining', 'bacon', 'grated', 'parmesan', 'cheese', 'and', 'reserved', 'parsley']","['slice', 'bacon', 'cross', 'wise', 'strips', 'cook', 'large', 'skillet', 'high', 'sides', 'crisp', 'remove', 'bacon', 'drain', 'paper', 'towels', 'drain', 'skillet', 'leaving', 'bacon', 'drippings', 'skillet', 'place', 'broth', 'diced', 'tomatoes', 'large', 'bowl', 'microwave', 'covered', 'high', 'hot', 'return', 'skillet', 'heat', 'add', 'onion', 'red', 'pepper', 'flakes', 'saute', 'tender', 'add', 'garlic', 'cook', 'seconds', 'add', 'broth', 'mixture', 'pasta', 'salt', 'half', 'cooked', 'bacon', 'simmer', 'covered', 'pasta', 'almost', 'cooked', 'still', 'firm', 'stir', 'occasionally', 'remove', 'skillet', 'heat', 'add', 'cubed', 'cream', 'cheese', 'grape', 'tomatoes', 'parsley', 'reserving', 'parsley', 'garnish', 'cover', 'let', 'stand', 'pasta', 'tender', 'sauce', 'thickened', 'serve', 'remaining', 'bacon', 'grated', 'parmesan', 'cheese', 'reserved', 'parsley']",Italian
6404,"['heat', 'oven', '350.', 'combine', 'the', 'meats', 'soak', 'bread', 'in', 'half', 'and', 'half', 'for', '5', 'minutes', 'squeeze', 'dry', 'add', 'to', 'meat', 'stir', 'in', 'the', 'eggs', 'parsley', 'basil', 'parmesan', 'salt', 'and', 'pepper', 'mix', 'well', 'set', 'aside', 'combine', 'the', 'macaroni', 'mozzarella', 'parmesan', 'and', '1', 'cup', 'of', 'the', 'sauce', 'set', 'aside', 'spray', 'a', '9', 'inch', 'springform', 'pan', 'with', 'non-stick', 'spray', 'and', 'olive', 'oil', 'line', 'with', 'waxed', 'paper', 'line', 'with', 'prosciutto', 'press', '2/3', 'of', 'the', 'meat', 'mixture', 'on', 'top', 'spreading', 'to', 'come', 'up', 'sides', 'fill', 'with', 'macaroni', 'roll', 'out', 'remaining', 'meat', 'mixture', 'between', 'plastic', 'wrap', 'to', 'form', 'a', '9', 'inch', 'circle', 'place', 'on', 'top', 'sealing', 'edges', 'cover', 'with', 'foil', 'place', 'on', 'a', 'baking', 'sheet', 'bake', '30', 'minutes', 'uncover', 'bake', '15', 'more', 'minutes', 'remove', 'from', 'oven', 'let', 'stand', '5', 'minutes', 'run', 'a', 'knife', 'around', 'edges', 'place', 'a', 'platter', 'on', 'top', 'invert', 'cut', 'in', 'wedges', 'heat', 'remaining', 'sauce', 'place', 'on', 'plates', 'top', 'with', 'timballo', 'yum']","['heat', 'oven', 'combine', 'meats', 'soak', 'bread', 'half', 'half', 'squeeze', 'dry', 'add', 'meat', 'stir', 'eggs', 'parsley', 'basil', 'parmesan', 'salt', 'pepper', 'mix', 'well', 'set', 'aside', 'combine', 'macaroni', 'mozzarella', 'parmesan', 'sauce', 'set', 'aside', 'spray', 'springform', 'pan', 'non', 'stick', 'spray', 'olive', 'oil', 'line', 'waxed', 'paper', 'line', 'prosciutto', 'press', 'meat', 'mixture', 'top', 'spreading', 'come', 'sides', 'fill', 'macaroni', 'roll', 'remaining', 'meat', 'mixture', 'plastic', 'wrap', 'form', 'circle', 'place', 'top', 'sealing', 'edges', 'cover', 'foil', 'place', 'baking', 'sheet', 'bake', 'uncover', 'bake', 'remove', 'oven', 'let', 'stand', 'run', 'knife', 'around', 'edges', 'place', 'platter', 'top', 'invert', 'cut', 'wedges', 'heat', 'remaining', 'sauce', 'place', 'plates', 'top', 'timballo', 'yum']",Italian
4353,"['warm', 'the', 'oil', 'in', 'a', 'saucepan', 'over', 'medium', 'heat', 'with', 'the', 'garlic', 'peppercorns', 'rosemary', 'salt', 'and', 'red', 'pepper', 'flakes', 'remove', 'from', 'heat', 'and', 'let', 'cool', 'to', 'room', 'temperature', 'while', 'the', 'oil', 'is', 'cooling', 'cut', 'the', 'mozzarella', 'into', '1-inch', 'cubes', 'remove', 'the', 'rosemary', 'sprigs', 'and', 'peppercorns', 'from', 'the', 'oil', 'and', 'pour', 'over', 'the', 'mozzarella', 'let', 'stand', 'at', 'room', 'temperature', 'for', 'several', 'hours', 'or', 'refrigerate', 'for', 'up', 'to', '4', 'days', 'bring', 'to', 'room', 'temperature', 'before', 'serving.', 'cut', 'the', 'tomatoes', 'into', 'fork-sized', 'chunks', 'drain', 'excess', 'oil', 'from', 'the', 'mozzarella', 'and', 'fold', 'in', 'the', 'tomato', 'chunks', 'garnish', 'the', 'salad', 'with', 'fresh', 'basil', 'and', 'serve']","['warm', 'oil', 'saucepan', 'medium', 'heat', 'garlic', 'peppercorns', 'rosemary', 'salt', 'red', 'pepper', 'flakes', 'remove', 'heat', 'let', 'cool', 'room', 'temperature', 'oil', 'cooling', 'cut', 'mozzarella', '1', 'inch', 'cubes', 'remove', 'rosemary', 'sprigs', 'peppercorns', 'oil', 'pour', 'mozzarella', 'let', 'stand', 'room', 'temperature', 'several', 'refrigerate', 'days', 'bring', 'room', 'temperature', 'serving.', 'cut', 'tomatoes', 'fork', 'sized', 'chunks', 'drain', 'excess', 'oil', 'mozzarella', 'fold', 'tomato', 'chunks', 'garnish', 'salad', 'fresh', 'basil', 'serve']",Italian
5113,"['pour', '1', '1/2', 'cups', 'sauce', 'into', 'a', 'greased', 'lasagne', 'pan', 'extra', 'deep', '9', 'x', '13', 'or', 'larger', 'add', 'a', 'layer', 'of', 'uncooked', 'noodles', 'half', 'of', 'the', 'noodles', 'overlapping', 'them', 'as', 'necessary', 'add', '1/2', 'of', 'uncooked', 'meat', 'leaving', 'it', 'in', 'small', 'chunks', 'sprinkle', 'with', 'onion', 'mix', 'about', '1/2', 'cup', 'of', 'the', 'hot', 'water', 'with', 'the', 'cottage', 'cheese', 'and', 'spread', 'over', 'previous', 'layers', 'cover', 'with', '1', '1/2', 'cups', 'sauce', 'add', 'last', 'layer', 'of', 'noodles', 'top', 'with', 'slices', 'of', 'american', 'cheese', 'add', 'rest', 'of', 'the', 'meat', 'in', 'chunks', 'cover', 'with', 'the', 'last', '2', 'cups', 'of', 'sauce', 'and', 'press', 'down', 'with', 'a', 'spatula', 'to', 'remove', 'air', 'pockets', 'pour', 'the', 'rest', 'of', 'the', 'hot', 'water', 'around', 'the', 'edges', 'of', 'the', 'pan', 'cover', 'with', 'foil', 'and', 'bake', '1', '1/2', 'to', '2', 'hours', 'at', '350', 'degrees', 'check', 'for', 'dryness', 'and', 'add', 'more', 'water', 'if', 'necessary', 'after', 'an', 'hour', 'until', 'a', 'knife', 'inserted', 'in', 'the', 'center', 'easily', 'pierces', 'noodles', 'remove', 'foil', 'and', 'sprinkle', 'with', 'the', 'mozzarella', 'parmesan', 'and', 'basil', 'bake', 'uncovered', 'another', '20', 'minutes', 'and', 'then', 'let', 'stand', 'a', 'few', 'minutes', 'before', 'cutting', 'and', 'serving', 'i', 'have', 'used', 'fat', 'free', 'cheeses', 'with', 'good', 'results']","['pour', 'sauce', 'greased', 'lasagne', 'pan', 'extra', 'deep', 'x', 'larger', 'add', 'layer', 'uncooked', 'noodles', 'half', 'noodles', 'overlapping', 'necessary', 'add', 'uncooked', 'meat', 'leaving', 'small', 'chunks', 'sprinkle', 'onion', 'mix', 'hot', 'water', 'cottage', 'cheese', 'spread', 'previous', 'layers', 'cover', 'sauce', 'add', 'last', 'layer', 'noodles', 'top', 'slices', 'american', 'cheese', 'add', 'rest', 'meat', 'chunks', 'cover', 'last', 'sauce', 'press', 'spatula', 'remove', 'air', 'pockets', 'pour', 'rest', 'hot', 'water', 'around', 'edges', 'pan', 'cover', 'foil', 'bake', 'check', 'dryness', 'add', 'water', 'necessary', 'knife', 'inserted', 'center', 'easily', 'pierces', 'noodles', 'remove', 'foil', 'sprinkle', 'mozzarella', 'parmesan', 'basil', 'bake', 'uncovered', 'another', 'let', 'stand', 'cutting', 'serving', 'used', 'fat', 'free', 'cheeses', 'good', 'results']",Italian
827,"['meatballs', 'preheat', 'oven', 'to', '350', 'degrees', 'mix', 'all', 'ingredients', 'together', 'form', 'into', 'very', 'small', 'balls', 'i', 'get', 'approximately', '90', 'meatballs', 'from', '1', 'pound', 'ground', 'beef', 'i', 'bake', 'mine', 'on', 'a', 'nonstick', 'cookie', 'sheet', 'and', 'turn', 'them', 'half-way', 'through', 'the', 'cooking', 'time', 'bake', 'about', '10-15', 'minutes', 'until', 'the', 'meatballs', 'have', 'browned', 'but', 'are', 'still', 'soft', 'watch', 'closely', 'remove', 'from', 'oven', 'and', 'drain', 'on', 'paper', 'towel', 'if', 'necessary', 'soup', 'place', 'all', 'of', 'the', 'ingredients', 'except', 'the', 'pasta', 'and', 'escarole', 'or', 'spinach', 'into', 'the', 'crock', 'pot', 'with', 'meatballs', 'cook', 'on', 'low', 'for', '8', 'hours', 'add', 'pasta', 'and', 'escarole', 'or', 'spinach', 'during', 'the', 'last', 'hour', 'of', 'cooking', 'and', 'salt', 'to', 'taste', 'if', 'necessary', 'remove', 'bay', 'leaves', 'top', 'each', 'serving', 'with', 'grated', 'parmesan', 'or', 'romano', 'cheese', 'note', 'the', 'meatballs', 'must', 'be', 'prepared', 'before', 'being', 'put', 'into', 'the', 'crock', 'pot', 'make', 'them', 'the', 'night', 'before', 'and', 'put', 'them', 'in', 'the', 'refrigerator', 'or', 'even', 'keep', 'a', 'batch', 'in', 'the', 'freezer', 'i', 'basically', 'prepare', 'as', 'much', 'as', 'i', 'can', 'in', 'advance', 'so', 'all', 'i', 'have', 'to', 'do', 'is', 'just', 'put', 'it', 'all', 'in', 'the', 'crock', 'pot', 'in', 'the', 'morning']","['meatballs', 'preheat', 'oven', 'mix', 'ingredients', 'together', 'form', 'small', 'balls', 'get', 'approximately', 'meatballs', 'ground', 'beef', 'bake', 'mine', 'nonstick', 'cookie', 'sheet', 'turn', 'half', 'way', 'cooking', 'time', 'bake', 'meatballs', 'browned', 'still', 'soft', 'watch', 'closely', 'remove', 'oven', 'drain', 'paper', 'towel', 'necessary', 'soup', 'place', 'ingredients', 'except', 'pasta', 'escarole', 'spinach', 'crock', 'pot', 'meatballs', 'cook', 'low', 'add', 'pasta', 'escarole', 'spinach', 'last', 'cooking', 'salt', 'taste', 'necessary', 'remove', 'bay', 'leaves', 'top', 'serving', 'grated', 'parmesan', 'romano', 'cheese', 'note', 'meatballs', 'must', 'prepared', 'put', 'crock', 'pot', 'make', 'night', 'put', 'refrigerator', 'even', 'keep', 'batch', 'freezer', 'basically', 'prepare', 'much', 'advance', 'put', 'crock', 'pot', 'morning']",Italian
83,"['preheat', 'the', 'oven', 'to', '300°f', 'melt', 'half', 'the', 'butter', 'in', 'an', 'ovenproof', 'casserole', 'stir', 'in', 'onion', 'garlic', 'and', 'rosemary', 'if', 'using', 'fry', 'over', 'a', 'medium', 'heat', 'for', '8-10min', 'until', 'soft', 'and', 'golden', 'add', 'the', 'rice', 'and', 'cook', 'for', '1-2min', 'stirring', 'to', 'coat', 'it', 'in', 'the', 'butter', 'add', 'stock', 'bring', 'to', 'the', 'boil', 'cover', 'and', 'cook', 'in', 'oven', 'for', '20min', 'before', 'serving', 'stir', 'in', 'remaining', 'butter', 'and', 'the', 'cheese']","['preheat', 'oven', '300°f', 'melt', 'half', 'butter', 'ovenproof', 'casserole', 'stir', 'onion', 'garlic', 'rosemary', 'using', 'fry', 'medium', 'heat', '8', '10min', 'soft', 'golden', 'add', 'rice', 'cook', '1', '2min', 'stirring', 'coat', 'butter', 'add', 'stock', 'bring', 'boil', 'cover', 'cook', 'oven', '20min', 'serving', 'stir', 'remaining', 'butter', 'cheese']",Italian
1970,"['pastry', 'combine', 'the', 'flour', 'sugar', 'and', 'a', 'pinch', 'of', 'salt', 'in', 'a', 'large', 'bowl', 'make', 'a', 'well', 'in', 'the', 'centre', 'and', 'add', 'the', 'butter', 'zest', 'and', 'egg', 'yolks', 'work', 'the', 'flour', 'into', 'the', 'ingredients', 'until', 'a', 'smooth', 'dough', 'forms', 'wrap', 'in', 'plastic', 'and', 'chill', 'for', '1', 'hour', 'filling', 'beat', 'the', 'ricotta', 'and', 'sugar', 'with', 'electric', 'beaters', 'gradually', 'add', 'the', 'eggs', 'beating', 'well', 'after', 'each', 'addition', 'stir', 'in', 'the', 'zest', 'and', 'the', 'chopped', 'almonds', 'preheat', 'oven', 'to', '180c', '350f', 'brush', 'a', '20cm', 'fluted', 'flan', 'tin', 'with', 'melted', 'butter', 'roll', 'out', 'the', 'pastry', 'on', 'a', 'lightly', 'floured', 'surface', 'line', 'the', 'prepared', 'tin', 'with', 'pastry', 'trim', 'the', 'top', 'of', 'the', 'pastry', 'by', 'rolling', 'over', 'the', 'flan', 'tin', 'with', 'a', 'rolling', 'pin', 'pour', 'the', 'prepared', 'filling', 'in', 'and', 'smooth', 'the', 'top', 'sprinkle', 'with', 'the', 'flaked', 'almonds', 'and', 'bake', 'for', '55', 'minutes', 'or', 'until', 'golden', 'and', 'set', 'cool', 'to', 'room', 'temperature', 'remove', 'from', 'tin', 'and', 'dust', 'the', 'top', 'with', 'icing', 'sugar', 'serve', 'chilled', 'or', 'room', 'temperature']","['pastry', 'combine', 'flour', 'sugar', 'pinch', 'salt', 'large', 'bowl', 'make', 'well', 'centre', 'add', 'butter', 'zest', 'egg', 'yolks', 'work', 'flour', 'ingredients', 'smooth', 'dough', 'forms', 'wrap', 'plastic', 'chill', 'filling', 'beat', 'ricotta', 'sugar', 'electric', 'beaters', 'gradually', 'add', 'eggs', 'beating', 'well', 'addition', 'stir', 'zest', 'chopped', 'almonds', 'preheat', 'oven', '180c', '350f', 'brush', '20cm', 'fluted', 'flan', 'tin', 'melted', 'butter', 'roll', 'pastry', 'lightly', 'floured', 'surface', 'line', 'prepared', 'tin', 'pastry', 'trim', 'top', 'pastry', 'rolling', 'flan', 'tin', 'rolling', 'pin', 'pour', 'prepared', 'filling', 'smooth', 'top', 'sprinkle', 'flaked', 'almonds', 'bake', 'golden', 'set', 'cool', 'room', 'temperature', 'remove', 'tin', 'dust', 'top', 'icing', 'sugar', 'serve', 'chilled', 'room', 'temperature']",Italian
8386,"['heat', 'oven', 'to', '300', 'degrees', 'grease', 'a', '2', 'quart', 'casserole', 'set', 'aside', 'mix', 'the', 'cornmeal', 'sugar', 'or', 'maple', 'syrup', 'salt', 'cinnamon', 'and', 'ginger', 'together', 'set', 'aside', 'heat', 'the', 'first', '3', 'cups', 'of', 'milk', 'and', 'molasses', 'slowly', 'until', 'scalded', 'gradually', 'stir', 'the', 'cornmeal-sugar', 'mixture', 'into', 'the', 'hot', 'milk/molasses', 'mixture', 'when', 'combined', 'add', 'the', 'butter', 'cook', 'over', 'low', 'heat', 'stirring', 'constantly', 'about', '10-20', 'minutes', 'or', 'until', 'the', 'cornmeal', 'mush', 'begins', 'to', 'thicken', 'slightly', 'boil', 'water', 'to', 'create', 'a', 'water', 'bath', 'bain', 'marie', 'for', 'the', 'casserole', 'dish', 'pour', 'into', 'greased', 'casserole', 'place', 'casserole', 'in', 'a', 'baking', 'pan', 'deep', 'enough', 'to', 'hold', 'enough', 'boiling', 'water', 'to', 'come', '2', 'inches', 'up', 'the', 'side', 'fill', 'baking', 'pan', 'with', 'boiling', 'water', 'pour', 'the', 'remaining', '1', 'cup', 'of', 'cold', 'milk', 'over', 'the', 'pudding', 'do', 'not', 'stir', 'bake', 'for', '3', 'hours', 'or', 'until', 'a', 'knife', 'inserted', 'of', 'the', 'center', 'of', 'the', 'pudding', 'comes', 'out', 'clean', 'carefully', 'remove', 'pudding', 'from', 'oven', 'so', 'water', 'from', 'baking', 'pan', 'does', 'not', 'spill', 'set', 'on', 'trivet', 'or', 'hot', 'pad', 'to', 'cool', 'for', '10-15', 'minutes', 'before', 'serving', 'allow', 'water', 'to', 'cool', 'in', 'oven', 'for', 'safe', 'removal', 'serve', 'indian', 'pudding', 'alone', 'with', 'ice', 'cream', 'poured', 'cream', 'or', 'whipped', 'cream']","['heat', 'oven', 'grease', 'casserole', 'set', 'aside', 'mix', 'cornmeal', 'sugar', 'maple', 'syrup', 'salt', 'cinnamon', 'ginger', 'together', 'set', 'aside', 'heat', 'first', 'milk', 'molasses', 'slowly', 'scalded', 'gradually', 'stir', 'cornmeal', 'sugar', 'mixture', 'hot', 'milk/molasses', 'mixture', 'combined', 'add', 'butter', 'cook', 'low', 'heat', 'stirring', 'constantly', 'cornmeal', 'mush', 'begins', 'thicken', 'slightly', 'boil', 'water', 'create', 'water', 'bath', 'bain', 'marie', 'casserole', 'dish', 'pour', 'greased', 'casserole', 'place', 'casserole', 'baking', 'pan', 'deep', 'enough', 'hold', 'enough', 'boiling', 'water', 'come', 'side', 'fill', 'baking', 'pan', 'boiling', 'water', 'pour', 'remaining', 'cold', 'milk', 'pudding', 'stir', 'bake', 'knife', 'inserted', 'center', 'pudding', 'comes', 'clean', 'carefully', 'remove', 'pudding', 'oven', 'water', 'baking', 'pan', 'spill', 'set', 'trivet', 'hot', 'pad', 'cool', 'serving', 'allow', 'water', 'cool', 'oven', 'safe', 'removal', 'serve', 'indian', 'pudding', 'alone', 'ice', 'cream', 'poured', 'cream', 'whipped', 'cream']",Indian
1658,"['heat', '4', 'tablespoons', 'olive', 'oil', 'in', 'a', 'pot', 'over', 'medium', 'heat', 'add', 'in', 'the', 'meatballs', 'and', 'brown', 'on', 'all', 'sides', 'then', 'remove', 'to', 'a', 'bowl', 'add', 'in', 'onions', 'and', 'carrots', 'then', 'saute', 'for', 'about', '4', 'minutes', 'add', 'in', 'garlic', 'italian', 'seasoning', 'and', 'chili', 'flakes', 'cook', 'stirring', 'for', '2', 'minutes', 'add', 'in', 'broth', 'and', 'tomato', 'sauce', 'seasoned', 'salt', 'and', 'black', 'pepper', 'bring', 'to', 'a', 'boil', 'over', 'medium-high', 'heat', 'add', 'in', 'the', 'browned', 'meatballs', 'with', 'beans', 'bring', 'to', 'a', 'simmer', 'then', 'reduce', 'heat', 'to', 'low', 'and', 'simmer', 'uncovered', 'stirring', 'occasionally', 'for', 'about', '1', 'hour', 'or', 'even', 'more', 'after', 'the', '1', 'hour', 'cooking', 'time', 'add', 'in', 'the', 'spinach', 'parmesan', 'cheese', 'and', 'small', 'pasta', 'if', 'using', 'simmer', 'for', 'about', '2', 'minutes', 'or', 'until', 'the', 'spinach', 'is', 'wilted', 'season', 'with', 'more', 'salt', 'and', 'black', 'pepper', 'if', 'desired', 'serve', 'with', 'more', 'parmesan', 'cheese', 'on', 'the', 'side']","['heat', 'olive', 'oil', 'pot', 'medium', 'heat', 'add', 'meatballs', 'brown', 'sides', 'remove', 'bowl', 'add', 'onions', 'carrots', 'saute', 'add', 'garlic', 'italian', 'seasoning', 'chili', 'flakes', 'cook', 'stirring', 'add', 'broth', 'tomato', 'sauce', 'seasoned', 'salt', 'black', 'pepper', 'bring', 'boil', 'medium', 'high', 'heat', 'add', 'browned', 'meatballs', 'beans', 'bring', 'simmer', 'reduce', 'heat', 'low', 'simmer', 'uncovered', 'stirring', 'occasionally', 'even', 'cooking', 'time', 'add', 'spinach', 'parmesan', 'cheese', 'small', 'pasta', 'using', 'simmer', 'spinach', 'wilted', 'season', 'salt', 'black', 'pepper', 'desired', 'serve', 'parmesan', 'cheese', 'side']",Italian
1182,"['preheat', 'oven', 'to', '400.', 'cut', 'bread', 'to', 'but', 'not', 'through', 'the', 'bottom', 'into', '12', 'slices', 'place', 'on', 'a', 'baking', 'sheet', 'combine', 'parmesan', 'mayonnaise', 'basil', 'garlic', 'powder', 'oregano', 'and', 'onion', 'salt', 'in', 'a', 'small', 'bowl', 'and', 'mix', 'well', 'spread', 'the', 'mixture', 'between', 'the', 'slices', 'and', 'over', 'top', 'of', 'bread', 'bake', 'bread', 'until', 'golden', 'about', '12', 'minutes', 'you', 'can', 'also', 'add', '1/2', 'cup', 'chopped', 'cooked', 'shrimp', 'to', 'the', 'mayo', 'mixture', 'before', 'spreading', 'it', 'on', 'the', 'bread', 'add', 'a', 'few', 'drops', 'of', 'lemon', 'juice', 'and', 'worcestershire', 'sauce', 'for', 'extra', 'flavor', 'variation', 'butter', 'can', 'be', 'used', 'in', 'place', 'of', 'mayo', 'and', 'any', 'cheese', 'can', 'be', 'substituted', 'romano', 'mozzarella', 'swiss', 'cheddar']","['preheat', 'oven', 'cut', 'bread', 'bottom', 'slices', 'place', 'baking', 'sheet', 'combine', 'parmesan', 'mayonnaise', 'basil', 'garlic', 'powder', 'oregano', 'onion', 'salt', 'small', 'bowl', 'mix', 'well', 'spread', 'mixture', 'slices', 'top', 'bread', 'bake', 'bread', 'golden', 'also', 'add', 'chopped', 'cooked', 'shrimp', 'mayo', 'mixture', 'spreading', 'bread', 'add', 'drops', 'lemon', 'juice', 'worcestershire', 'sauce', 'extra', 'flavor', 'variation', 'butter', 'used', 'place', 'mayo', 'cheese', 'substituted', 'romano', 'mozzarella', 'swiss', 'cheddar']",Italian
8195,"['cook', 'basmati', 'rice', 'with', 'a', 'little', 'salt', 'and', 'oil', 'meanwhile', 'heat', 'oil', 'in', 'a', 'pan/pot', 'add', 'poppy', 'seeds', 'green', 'chillies', 'salt', 'sugar', 'and', 'a', 'little', 'red', 'chilli', 'powder', 'and', 'curry', 'leaves', 'immediately', 'add', 'rice', 'or', 'the', 'curry', 'leaves', 'will', 'burn', 'add', 'the', 'grated', 'coconut', 'add', 'lemon', 'juice', 'and', 'mix', 'well', 'add', 'cashews', 'and', 'serve']","['cook', 'basmati', 'rice', 'little', 'salt', 'oil', 'meanwhile', 'heat', 'oil', 'pan/pot', 'add', 'poppy', 'seeds', 'green', 'chillies', 'salt', 'sugar', 'little', 'red', 'chilli', 'powder', 'curry', 'leaves', 'immediately', 'add', 'rice', 'curry', 'leaves', 'burn', 'add', 'grated', 'coconut', 'add', 'lemon', 'juice', 'mix', 'well', 'add', 'cashews', 'serve']",Indian
2866,"['if', 'unavailable', 'substitute', '8', 'ounces', 'cream', 'cheese', 'blended', 'with', '1/4', 'cup', 'whipping', 'cream', 'and', '2', '1/2', 'tablespoons', 'sour', 'cream', 'layer', 'biscuits', 'in', 'the', 'bottom', 'of', 'a', '13x9x2', ""''"", 'pyrex', 'dish', 'dissolve', 'sugar', 'and', 'espresso', 'powder', 'in', 'water', 'add', 'brandy', 'and', 'vanilla', 'pour', '1', 'cup', 'over', 'biscuits', 'beat', 'cheese', 'and', '2', 'tablespoons', 'powdered', 'sugar', 'until', 'creamy', 'beat', 'whipping', 'cream', 'in', 'another', 'bowl', 'using', 'clean', 'beaters', 'until', 'peaks', 'form', 'gently', 'fold', 'into', 'cheese', 'mixture', 'half', 'at', 'a', 'time', 'spread', 'evenly']","['unavailable', 'substitute', 'cream', 'cheese', 'blended', 'whipping', 'cream', 'sour', 'cream', 'layer', 'biscuits', 'bottom', '13x9x2', ""''"", 'pyrex', 'dish', 'dissolve', 'sugar', 'espresso', 'powder', 'water', 'add', 'brandy', 'vanilla', 'pour', 'biscuits', 'beat', 'cheese', 'powdered', 'sugar', 'creamy', 'beat', 'whipping', 'cream', 'another', 'bowl', 'using', 'clean', 'beaters', 'peaks', 'form', 'gently', 'fold', 'cheese', 'mixture', 'half', 'time', 'spread', 'evenly']",Italian
1913,"['add', 'ingredients', 'to', 'break', 'maker', 'pan', 'in', 'the', 'order', 'listed', 'use', 'white', 'bread', 'cycle', 'with', 'a', 'light', 'or', 'medium', 'crust', 'setting']","['add', 'ingredients', 'break', 'maker', 'pan', 'order', 'listed', 'use', 'white', 'bread', 'cycle', 'light', 'medium', 'crust', 'setting']",Italian
2833,"['in', 'a', 'large', 'heavy', 'skillet', 'on', 'low', 'heat', 'very', 'slowly', 'heat', 'the', 'olive', 'oil', 'garlic', 'red', 'pepper', 'flakes', 'basil', 'and', 'mint', 'let', 'cook', 'for', 'about', '5', 'minutes', 'or', 'until', 'garlic', 'is', 'golden', 'brown', 'if', 'you', 'are', 'using', 'the', 'plum', 'or', 'fresh', 'tomatoes', 'crush', 'them', 'in', 'your', 'hands', 'or', 'put', 'them', 'in', 'a', 'blender', 'for', '1-2', 'seconds', 'this', 'will', 'speed', 'up', 'the', 'cooking', 'process', 'and', 'give', 'a', 'smoother', 'consistency', 'to', 'the', 'sauce', 'raise', 'the', 'heat', 'to', 'medium', 'high', 'when', 'oil', 'is', 'really', 'hot', 'carefully', 'add', 'the', 'tomatoes', 'let', 'the', 'sauce', 'come', 'to', 'a', 'soft', 'boil', 'add', 'salt', 'and', 'pepper', 'to', 'taste', 'add', 'a', 'pinch', 'more', 'of', 'red', 'pepper', 'basil', 'and', 'mint', 'add', 'the', 'chopped', 'parsley', 'let', 'sauce', 'simmer', 'uncovered', 'for', 'about', '15', 'minutes', 'stirring', 'occasionally', 'with', 'a', 'wooden', 'spoon']","['large', 'heavy', 'skillet', 'low', 'heat', 'slowly', 'heat', 'olive', 'oil', 'garlic', 'red', 'pepper', 'flakes', 'basil', 'mint', 'let', 'cook', 'garlic', 'golden', 'brown', 'using', 'plum', 'fresh', 'tomatoes', 'crush', 'hands', 'put', 'blender', 'seconds', 'speed', 'cooking', 'process', 'give', 'smoother', 'consistency', 'sauce', 'raise', 'heat', 'medium', 'high', 'oil', 'really', 'hot', 'carefully', 'add', 'tomatoes', 'let', 'sauce', 'come', 'soft', 'boil', 'add', 'salt', 'pepper', 'taste', 'add', 'pinch', 'red', 'pepper', 'basil', 'mint', 'add', 'chopped', 'parsley', 'let', 'sauce', 'simmer', 'uncovered', 'stirring', 'occasionally', 'wooden', 'spoon']",Italian
503,"['preheat', 'oven', 'to', '400', 'degrees', 'farehnheit', 'line', '2', 'baking', 'sheets', 'with', 'tin', 'foil', 'cut', 'top', '1/2', 'inch', 'off', 'garlic', 'bulbs', 'put', 'on', 'pan', 'with', 'the', 'onion', 'pieces', 'drizzle', 'garlic', 'and', 'onions', 'with', 'olive', 'oil', 'salt', 'and', 'pepper', 'place', 'halved', 'tomatoes', 'cut', 'side', 'up', 'on', 'second', 'pan', 'drizzle', 'with', 'olive', 'oil', 'salt', 'and', 'pepper', 'roast', 'in', 'oven', 'for', '45', 'min', '1', 'hour', 'stir', 'onions', 'occasionally', 'remove', 'garlic/onion', 'pan', 'when', 'onion', 'is', 'slightly', 'charred', 'and', 'garlic', 'bulb', 'is', 'soft', 'when', 'you', 'squeeze', 'tomatoes', 'will', 'probably', 'take', 'longer', 'crank', 'up', 'heat', 'to', '425', 'if', 'needed', 'until', 'tomatoes', 'are', 'charred', 'on', 'top', 'typically', 'takes', '15-20', 'min', 'longer', 'add', 'all', 'roasted', 'vegetables', 'tomato', 'sauce', 'oregano', 'and', 'basil', 'to', 'a', 'thick', 'bottomed', 'sauce', 'pot', 'squeeze', 'garlic', 'bulb', 'and', 'cloves', 'should', 'come', 'out', 'easily', 'they', 'should', 'be', 'soft', 'and', 'sweet', 'use', 'immersion', 'blender', 'to', 'smooth', 'sauce', 'out', 'alternatively', 'pulse', 'veggies', 'in', 'a', 'blender', 'until', 'desired', 'consistency.', 'simmer', 'sauce', 'for', 'another', '1', 'hour', 'on', 'low', 'heat', 'season', 'with', 'salt', 'and', 'pepper', 'to', 'taste']","['preheat', 'oven', 'farehnheit', 'line', 'baking', 'sheets', 'tin', 'foil', 'cut', 'top', 'garlic', 'bulbs', 'put', 'pan', 'onion', 'pieces', 'drizzle', 'garlic', 'onions', 'olive', 'oil', 'salt', 'pepper', 'place', 'halved', 'tomatoes', 'cut', 'side', 'second', 'pan', 'drizzle', 'olive', 'oil', 'salt', 'pepper', 'roast', 'oven', 'min', 'stir', 'onions', 'occasionally', 'remove', 'garlic/onion', 'pan', 'onion', 'slightly', 'charred', 'garlic', 'bulb', 'soft', 'squeeze', 'tomatoes', 'probably', 'take', 'longer', 'crank', 'heat', 'needed', 'tomatoes', 'charred', 'top', 'typically', 'takes', 'min', 'longer', 'add', 'roasted', 'vegetables', 'tomato', 'sauce', 'oregano', 'basil', 'thick', 'bottomed', 'sauce', 'pot', 'squeeze', 'garlic', 'bulb', 'cloves', 'come', 'easily', 'soft', 'sweet', 'use', 'immersion', 'blender', 'smooth', 'sauce', 'alternatively', 'pulse', 'veggies', 'blender', 'desired', 'consistency.', 'simmer', 'sauce', 'another', 'low', 'heat', 'season', 'salt', 'pepper', 'taste']",Italian
367,"['place', 'all', 'ingredients', 'in', 'crockpot', 'except', 'sugar', 'pasta', 'and', 'extra', 'water', 'that', 'may', 'or', 'may', 'not', 'be', 'needed', 'to', 'thin', 'the', 'soup', 'cook', 'on', 'low', '12', 'hours', 'this', 'can', 'be', 'ready', 'sooner', 'but', 'again', 'for', 'depth', 'of', 'flavor', 'i', 'cook', 'mine', '12', 'hours', 'i', 'put', 'it', 'together', 'a', 'few', 'hours', 'before', 'bedtime', 'and', 'adjust', 'taste', 'in', 'the', 'morning', 'after', 'the', 'soup', 'has', 'gotten', 'hot', 'taste', 'and', 'add', 'sugar', 'to', 'your', 'preference', '1', 'hour', 'before', 'serving', 'add', 'the', 'pasta', 'you', 'can', 'also', 'cook', 'the', 'pasta', 'seperately', 'to', 'just', 'under', 'al', 'dente', 'and', 'add', 'to', 'the', 'pot', '20-30', 'minutes', 'before', 'serving', 'top', 'with', 'parmesan', 'cheese', 'if', 'desired', 'and', 'serve', 'piping', 'hot']","['place', 'ingredients', 'crockpot', 'except', 'sugar', 'pasta', 'extra', 'water', 'may', 'may', 'needed', 'thin', 'soup', 'cook', 'low', 'ready', 'sooner', 'depth', 'flavor', 'cook', 'mine', 'put', 'together', 'bedtime', 'adjust', 'taste', 'morning', 'soup', 'gotten', 'hot', 'taste', 'add', 'sugar', 'preference', 'serving', 'add', 'pasta', 'also', 'cook', 'pasta', 'seperately', 'al', 'dente', 'add', 'pot', 'serving', 'top', 'parmesan', 'cheese', 'desired', 'serve', 'piping', 'hot']",Italian
11318,"['combine', 'flour', 'coffee', 'granules', 'salt', 'baking', 'soda', 'cinnamon', 'and', 'brown', 'sugar', 'in', 'a', 'large', 'sized', 'bowl', 'mix', 'well', 'keep', 'aside', 'in', 'another', 'bowl', 'beat', 'an', 'egg', 'until', 'light', 'and', 'frothy', 'add', 'butter', 'and', 'mix', 'well', 'add', 'the', 'dry', 'ingredient', 'mixture', 'alternating', 'with', 'the', 'sour', 'cream', 'mix', 'well', 'add', 'nuts', 'mix', 'pour', 'into', 'a', 'greased', '9', 'inch', 'cake', 'tin', 'bake', 'at', '180c', 'for', '40', 'minutes', 'or', 'till', 'a', 'wooden', 'toothpick', 'inserted', 'in', 'the', 'center', 'comes', 'out', 'clean', 'allow', 'to', 'cool', 'completely', 'on', 'wire', 'racks', 'slice', 'and', 'serve', 'for', 'a', 'wonderful', 'breakfast', 'dish', 'to', 'go', 'with', 'your', 'morning', 'or', 'afternoon', 'coffee', 'enjoy', 'while', 'you', 'sing-', 'ring', 'out', 'the', 'old', 'ring', 'in', 'the', 'new', 'ring', 'happy', 'bells', 'across', 'the', 'snow', 'ho', 'ho', 'ho', 'happy', 'new', 'year']","['combine', 'flour', 'coffee', 'granules', 'salt', 'baking', 'soda', 'cinnamon', 'brown', 'sugar', 'large', 'sized', 'bowl', 'mix', 'well', 'keep', 'aside', 'another', 'bowl', 'beat', 'egg', 'light', 'frothy', 'add', 'butter', 'mix', 'well', 'add', 'dry', 'ingredient', 'mixture', 'alternating', 'sour', 'cream', 'mix', 'well', 'add', 'nuts', 'mix', 'pour', 'greased', 'cake', 'tin', 'bake', '180c', 'till', 'wooden', 'toothpick', 'inserted', 'center', 'comes', 'clean', 'allow', 'cool', 'completely', 'wire', 'racks', 'slice', 'serve', 'wonderful', 'breakfast', 'dish', 'go', 'morning', 'afternoon', 'coffee', 'enjoy', 'sing', 'ring', 'old', 'ring', 'new', 'ring', 'happy', 'bells', 'across', 'snow', 'ho', 'ho', 'ho', 'happy', 'new', 'year']",Indian
1031,"['saute', 'garlic', 'in', 'butter', 'until', 'light', 'brown', 'but', 'not', 'scorched', 'add', 'anchovy', 'filets', 'then', 'cream', 'hold', 'out', 'about', '1/2', 'cup', 'cream', 'and', 'combine', 'with', 'cornstarch', 'stir', 'thickener', 'into', 'mixture', 'bring', 'to', 'a', 'simmer', 'but', 'do', 'not', 'boil', 'stir', 'constantly', 'until', 'thickened', 'you', 'can', 'place', 'this', 'in', 'a', 'fondue', 'pot', 'and', 'serve', 'with', 'small', 'bite', 'size', 'assorted', 'veggies', 'or', 'bread', 'cubes', 'some', 'suggestions', 'are', 'carrot', 'slices', 'artichoke', 'hearts', 'cherry', 'tomatoes', 'celery', 'slices', 'cabbage', 'leaves', 'belgian', 'endive', 'broccoli', 'florets', 'etc', 'guests', 'can', 'dip', 'their', 'choice', 'into', 'the', 'warm', 'sauce']","['saute', 'garlic', 'butter', 'light', 'brown', 'scorched', 'add', 'anchovy', 'filets', 'cream', 'hold', 'cream', 'combine', 'cornstarch', 'stir', 'thickener', 'mixture', 'bring', 'simmer', 'boil', 'stir', 'constantly', 'thickened', 'place', 'fondue', 'pot', 'serve', 'small', 'bite', 'size', 'assorted', 'veggies', 'bread', 'cubes', 'suggestions', 'carrot', 'slices', 'artichoke', 'hearts', 'cherry', 'tomatoes', 'celery', 'slices', 'cabbage', 'leaves', 'belgian', 'endive', 'broccoli', 'florets', 'etc', 'guests', 'dip', 'choice', 'warm', 'sauce']",Italian
12529,"['bring', 'dal', 'to', 'boil', 'in', 'a', 'large', 'stock', 'pot', 'with', '4', 'cups', 'water', 'and', 'bring', 'to', 'a', 'boil', 'when', 'it', 'comes', 'to', 'a', 'boil', 'there', 'will', 'be', 'a', 'gray', 'surface', 'scum', 'skim', 'this', 'away', 'and', 'then', 'add', 'the', 'ginger', 'and', 'turmeric', 'turn', 'the', 'heat', 'low', 'and', 'simmer', 'partially', 'covered', 'for', '1', 'hour', 'when', 'done', 'a', 'thick', 'puree', 'settles', 'on', 'the', 'bottom', 'make', 'sure', 'you', 'stir', 'the', 'dal', 'several', 'times', 'in', 'the', 'last', '15', 'minutes', 'heat', 'the', 'oil', 'in', 'a', 'small', 'skillet', 'and', 'when', 'it', 'smokes', 'add', 'the', 'pinch', 'of', 'asafetida', 'one', 'second', 'later', 'add', 'the', 'cumin', 'and', 'peppers', 'cook', 'until', 'the', 'peppers', 'until', 'both', 'sides', 'turn', 'dark', 'a', 'few', 'seconds', 'pour', 'the', 'oil', 'spice', 'mixture', 'into', 'the', 'dal', 'with', 'the', 'salt', 'and', 'stir', 'for', '1', 'minute']","['bring', 'dal', 'boil', 'large', 'stock', 'pot', 'water', 'bring', 'boil', 'comes', 'boil', 'gray', 'surface', 'scum', 'skim', 'away', 'add', 'ginger', 'turmeric', 'turn', 'heat', 'low', 'simmer', 'partially', 'covered', 'done', 'thick', 'puree', 'settles', 'bottom', 'make', 'sure', 'stir', 'dal', 'several', 'times', 'last', 'heat', 'oil', 'small', 'skillet', 'smokes', 'add', 'pinch', 'asafetida', 'one', 'second', 'later', 'add', 'cumin', 'peppers', 'cook', 'peppers', 'sides', 'turn', 'dark', 'seconds', 'pour', 'oil', 'spice', 'mixture', 'dal', 'salt', 'stir']",Indian
1775,"['remove', 'the', 'sausage', 'from', 'the', 'casings', 'chop', 'the', 'meat', 'finely', 'in', 'a', 'large', 'pot', 'heat', 'the', 'oil', 'over', 'medium', 'heat', 'add', 'the', 'sausage', 'meat', 'and', 'the', 'garlic', 'cook', 'stirring', 'often', 'until', 'the', 'pork', 'is', 'lightly', 'browned', 'about', '10', 'minutes', 'add', 'the', 'wine', 'and', 'bring', 'to', 'a', 'simmer', 'cook', 'until', 'most', 'of', 'the', 'wine', 'evaporates', 'stir', 'in', 'the', 'tomatoes', 'and', 'salt/pepper', 'to', 'taste', 'bring', 'to', 'a', 'simmer', 'decrease', 'heat', 'to', 'low', 'cook', 'stirring', 'occasionally', 'until', 'the', 'sauce', 'is', 'thickened', 'about', '1', 'hour', '30', 'minutes', 'stir', 'in', 'the', 'basil', 'just', 'before', 'serve', 'hot', 'over', 'cooked', 'hot', 'pasta']","['remove', 'sausage', 'casings', 'chop', 'meat', 'finely', 'large', 'pot', 'heat', 'oil', 'medium', 'heat', 'add', 'sausage', 'meat', 'garlic', 'cook', 'stirring', 'often', 'pork', 'lightly', 'browned', 'add', 'wine', 'bring', 'simmer', 'cook', 'wine', 'evaporates', 'stir', 'tomatoes', 'salt/pepper', 'taste', 'bring', 'simmer', 'decrease', 'heat', 'low', 'cook', 'stirring', 'occasionally', 'sauce', 'thickened', 'stir', 'basil', 'serve', 'hot', 'cooked', 'hot', 'pasta']",Italian
4362,"['cook', 'spaghetti', 'according', 'to', 'package', 'directions', 'drain', 'melt', 'bouillon', 'in', 'water', 'in', 'large', 'bowl', 'add', 'soup', 'celery', 'salt', 'and', 'pepper', 'add', 'drained', 'spaghetti', 'stir', 'in', 'turkey', 'onion', 'pimento', 'and', '1/2', 'cup', 'cheese', 'put', 'in', 'greased', '8x8-inch', 'baking', 'pan', 'top', 'with', 'remaining', 'cheese', 'bake', 'at', '350°f', 'for', '40', 'minutes']","['cook', 'spaghetti', 'according', 'package', 'directions', 'drain', 'melt', 'bouillon', 'water', 'large', 'bowl', 'add', 'soup', 'celery', 'salt', 'pepper', 'add', 'drained', 'spaghetti', 'stir', 'turkey', 'onion', 'pimento', 'cheese', 'put', 'greased', '8x8', 'inch', 'baking', 'pan', 'top', 'remaining', 'cheese', 'bake', '350°f']",Italian
10590,"['combine', 'oil', 'vinegar', 'and', 'sugar', 'in', 'a', 'microwavable', 'bowl', 'and', 'heat', 'at', '50', 'power', 'until', 'the', 'sugar', 'has', 'dissolved', 'whisk', 'in', 'the', 'salt', 'and', 'pepper', 'pour', 'the', 'dressing', 'over', 'the', 'prepared', 'fruit', 'and', 'vegetables', 'cover', 'and', 'marinate', 'in', 'refrigerator', 'for', 'at', 'least', '4', 'hours', 'mix', 'well', 'just', 'prior', 'to', 'serving', 'remove', 'salad', 'with', 'slotted', 'spoon', 'and', 'serve', 'drizzled', 'with', 'marinade']","['combine', 'oil', 'vinegar', 'sugar', 'microwavable', 'bowl', 'heat', 'power', 'sugar', 'dissolved', 'whisk', 'salt', 'pepper', 'pour', 'dressing', 'prepared', 'fruit', 'vegetables', 'cover', 'marinate', 'refrigerator', 'least', 'mix', 'well', 'prior', 'serving', 'remove', 'salad', 'slotted', 'spoon', 'serve', 'drizzled', 'marinade']",Indian
12256,"['mix', 'flour', '2', 'tsp', 'curry', 'powder', 'and', 'pepper', 'in', 'a', 'bowl', 'lightly', 'coat', 'the', 'fish', 'fillets', 'heat', 'oil', 'and', '2', 'tbsp', 'butter', 'at', 'medium', 'heat', 'in', 'a', 'pan', 'and', 'cook', 'fillets', '4-5', 'minutes', 'on', 'each', 'side', 'remove', 'filets', 'from', 'pan', 'and', 'keep', 'warm', 'using', 'the', 'same', 'pan', 'melt', 'the', 'rest', 'of', 'the', 'butter', 'add', 'onions', 'and', 'garlic', 'and', 'stir', 'until', 'tender', 'add', 'almonds', 'raisins', 'and', 'coconut', 'and', 'sauté', 'for', '2-3', 'more', 'minutes', 'sprinkle', 'the', 'rest', 'of', 'the', 'curry', 'powder', 'mix', 'well', 'and', 'leave', 'to', 'cook', 'for', 'a', 'few', 'minutes', 'add', 'the', 'coconut', 'milk', 'cover', 'to', 'simmer', 'for', '10-15', 'minutes', 'serve', 'the', 'sauce', 'over', 'the', 'fillets', 'with', 'rice', 'and', 'naan', 'bread']","['mix', 'flour', 'curry', 'powder', 'pepper', 'bowl', 'lightly', 'coat', 'fish', 'fillets', 'heat', 'oil', 'butter', 'medium', 'heat', 'pan', 'cook', 'fillets', 'side', 'remove', 'filets', 'pan', 'keep', 'warm', 'using', 'pan', 'melt', 'rest', 'butter', 'add', 'onions', 'garlic', 'stir', 'tender', 'add', 'almonds', 'raisins', 'coconut', 'sauté', 'sprinkle', 'rest', 'curry', 'powder', 'mix', 'well', 'leave', 'cook', 'add', 'coconut', 'milk', 'cover', 'simmer', 'serve', 'sauce', 'fillets', 'rice', 'naan', 'bread']",Indian
6381,"['spray', 'frypan', 'with', 'non-stick', 'spray', 'add', 'the', 'sausage', 'pieces', 'bell', 'pepper', 'and', 'onion', 'cook', 'stirring', 'until', 'the', 'sausage', 'has', 'browned', 'and', 'the', 'pepper', 'and', 'onion', 'are', 'soft', '3-4', 'minutes', 'stir', 'in', 'the', 'spinach', 'and', 'cook', 'about', '1', 'minute', 'pour', 'in', 'eggs', 'and', 'season', 'with', 'pepper', 'reduce', 'heat', 'to', 'medium-low', 'sprinkle', 'the', 'feta', 'cheese', 'on', 'top', 'and', 'cook', 'stirring', 'until', 'the', 'eggs', 'have', 'just', 'set', 'approximately', '2', 'minutes', 'serve', 'immediately', 'i', 'also', 'like', 'it', 'warmed', 'up']","['spray', 'frypan', 'non', 'stick', 'spray', 'add', 'sausage', 'pieces', 'bell', 'pepper', 'onion', 'cook', 'stirring', 'sausage', 'browned', 'pepper', 'onion', 'soft', 'stir', 'spinach', 'cook', 'pour', 'eggs', 'season', 'pepper', 'reduce', 'heat', 'medium', 'low', 'sprinkle', 'feta', 'cheese', 'top', 'cook', 'stirring', 'eggs', 'set', 'approximately', 'serve', 'immediately', 'also', 'like', 'warmed']",Italian
3241,"['cook', 'oysters', 'in', 'their', 'liquor', 'until', 'edges', 'just', 'begin', 'to', 'curl', 'add', 'milk', 'butter', 'salt', 'and', 'pepper', 'heat', 'slowly', 'being', 'careful', 'to', 'not', 'boil', 'serve', 'immediately', 'for', 'an', 'extra', '``', 'zip', ""''"", 'sprinkle', 'seafood', 'seasoning', 'on', 'each', 'serving']","['cook', 'oysters', 'liquor', 'edges', 'begin', 'curl', 'add', 'milk', 'butter', 'salt', 'pepper', 'heat', 'slowly', 'careful', 'boil', 'serve', 'immediately', 'extra', '``', 'zip', ""''"", 'sprinkle', 'seafood', 'seasoning', 'serving']",Italian
2211,"['pour', 'the', 'canned', 'tomatoes', 'into', 'the', 'food', 'processor', 'or', 'blender', 'puree', 'until', 'smooth', 'add', '4', 'tablespoons', 'oil', 'into', 'a', 'large', 'skillet', 'or', 'saute', 'pan', 'set', 'over', 'medium', 'heat', 'and', 'strew', 'the', 'chopped', 'celery', 'and', 'onion', 'in', 'the', 'pan', 'cook', 'and', 'stir', 'the', 'vegetables', 'for', 'about', '5', 'minutes', 'until', 'they', 'wilt', 'and', 'start', 'to', 'caramelize', 'stir', 'in', 'the', 'pureed', 'tomatoes', 'season', 'with', 'salt', 'and', 'heat', 'to', 'a', 'bubbling', 'simmer', 'cook', 'stirring', 'occasionally', 'for', '5', 'minutes', 'or', 'so', 'as', 'the', 'tomatoes', 'perk', 'peel', 'and', 'core', 'the', 'apples', 'and', 'remove', 'the', 'seeds', 'shred', 'them', 'using', 'the', 'coarse', 'holes', 'in', 'a', 'shredder', 'or', 'grater', 'when', 'the', 'tomatoes', 'have', 'cooked', 'about', '5', 'minutes', 'stir', 'the', 'apples', 'into', 'the', 'sauce', 'heat', 'again', 'to', 'a', 'simmer', 'and', 'cook', 'the', 'sauce', 'uncovered', 'for', 'about', '15', 'minutes', 'stirring', 'now', 'and', 'again', 'until', 'it', 'has', 'reduced', 'and', 'thickened', 'and', 'the', 'apple', 'shreds', 'are', 'cooked', 'and', 'tender', 'meanwhile', 'bring', 'a', 'large', 'pot', 'of', 'salted', 'water', 'to', 'a', 'rolling', 'boil', 'drop', 'in', 'the', 'spaghetti', 'and', 'cook', 'it', 'until', 'barely', 'al', 'dente', 'lift', 'the', 'spaghetti', 'from', 'the', 'water', 'let', 'drain', 'for', 'a', 'moment', 'and', 'drop', 'it', 'into', 'the', 'warm', 'sauce', 'toss', 'pasta', 'with', 'the', 'sauce', 'for', 'a', 'minute', 'or', 'two', 'until', 'all', 'the', 'strands', 'are', 'coated', 'and', 'perfectly', 'al', 'dente', 'turn', 'off', 'the', 'heat', 'sprinkle', 'the', 'grated', 'cheese', 'over', 'the', 'pasta', 'and', 'toss', 'well', 'drizzle', 'over', 'it', 'the', 'remaining', 'oil', 'toss', 'once', 'again', 'and', 'heap', 'the', 'pasta', 'in', 'warm', 'bowls', 'serve', 'immediately', 'passing', 'more', 'cheese', 'at', 'the', 'table']","['pour', 'canned', 'tomatoes', 'food', 'processor', 'blender', 'puree', 'smooth', 'add', 'oil', 'large', 'skillet', 'saute', 'pan', 'set', 'medium', 'heat', 'strew', 'chopped', 'celery', 'onion', 'pan', 'cook', 'stir', 'vegetables', 'wilt', 'start', 'caramelize', 'stir', 'pureed', 'tomatoes', 'season', 'salt', 'heat', 'bubbling', 'simmer', 'cook', 'stirring', 'occasionally', 'tomatoes', 'perk', 'peel', 'core', 'apples', 'remove', 'seeds', 'shred', 'using', 'coarse', 'holes', 'shredder', 'grater', 'tomatoes', 'cooked', 'stir', 'apples', 'sauce', 'heat', 'simmer', 'cook', 'sauce', 'uncovered', 'stirring', 'reduced', 'thickened', 'apple', 'shreds', 'cooked', 'tender', 'meanwhile', 'bring', 'large', 'pot', 'salted', 'water', 'rolling', 'boil', 'drop', 'spaghetti', 'cook', 'barely', 'al', 'dente', 'lift', 'spaghetti', 'water', 'let', 'drain', 'moment', 'drop', 'warm', 'sauce', 'toss', 'pasta', 'sauce', 'two', 'strands', 'coated', 'perfectly', 'al', 'dente', 'turn', 'heat', 'sprinkle', 'grated', 'cheese', 'pasta', 'toss', 'well', 'drizzle', 'remaining', 'oil', 'toss', 'heap', 'pasta', 'warm', 'bowls', 'serve', 'immediately', 'passing', 'cheese', 'table']",Italian
5869,"['fry', 'up', 'sausages', 'in', 'pan', 'or', 'skillet', 'while', 'sausages', 'are', 'frying', 'up', 'in', 'large', 'pot', 'add', 'in', 'beef', 'gravy', 'tomato', 'sauce', 'green', 'pepper', 'yellow', 'onion', 'minced', 'garlic', 'bring', 'to', 'a', 'simmer', 'when', 'sausages', 'are', 'done', 'frying', 'must', 'be', 'well', 'cooked', 'place', 'them', 'on', 'a', 'paper', 'towel', 'to', 'soak', 'up', 'excess', 'oils', 'when', 'most', 'of', 'the', 'oils', 'from', 'the', 'sausages', 'have', 'been', 'removed', 'place', 'all', 'sausages', 'in', 'the', 'sauce', 'pot', 'cook', 'for', 'about', '1', 'hour', 'to', '1', 'hour', '30', 'minutes', 'on', 'low', 'to', 'medium', 'heat', 'serve', 'hot', 'can', 'be', 'served', 'on', 'rolls', 'or', 'on', 'top', 'of', 'cooked', 'egg', 'noodles']","['fry', 'sausages', 'pan', 'skillet', 'sausages', 'frying', 'large', 'pot', 'add', 'beef', 'gravy', 'tomato', 'sauce', 'green', 'pepper', 'yellow', 'onion', 'minced', 'garlic', 'bring', 'simmer', 'sausages', 'done', 'frying', 'must', 'well', 'cooked', 'place', 'paper', 'towel', 'soak', 'excess', 'oils', 'oils', 'sausages', 'removed', 'place', 'sausages', 'sauce', 'pot', 'cook', 'low', 'medium', 'heat', 'serve', 'hot', 'served', 'rolls', 'top', 'cooked', 'egg', 'noodles']",Italian
10083,"['spray', '3-quart', 'saucepan', 'with', 'nonstick', 'cooking', 'spray', 'cook', 'green', 'onions', 'gingerroot', 'red', 'pepper', 'and', 'garlic', 'in', 'saucepan', 'over', 'medium', 'heat', '3', 'to', '5', 'minutes', 'stirring', 'occasionally', 'until', 'onions', 'are', 'tender', 'stir', 'in', '5', 'cups', 'of', 'the', 'broth', 'the', 'lentils', 'turmeric', 'and', 'salt', 'heat', 'to', 'boiling', 'reduce', 'heat', 'cover', 'and', 'simmer', 'about', '25', 'to', '30', 'minutes', 'adding', 'remaining', 'stock', 'if', 'needed', 'until', 'lentils', 'are', 'tender', 'stir', 'in', 'tomato', 'coconut', 'and', 'mint', 'serve', 'over', 'rice', 'with', 'yogurt']","['spray', '3', 'quart', 'saucepan', 'nonstick', 'cooking', 'spray', 'cook', 'green', 'onions', 'gingerroot', 'red', 'pepper', 'garlic', 'saucepan', 'medium', 'heat', 'stirring', 'occasionally', 'onions', 'tender', 'stir', 'broth', 'lentils', 'turmeric', 'salt', 'heat', 'boiling', 'reduce', 'heat', 'cover', 'simmer', 'adding', 'remaining', 'stock', 'needed', 'lentils', 'tender', 'stir', 'tomato', 'coconut', 'mint', 'serve', 'rice', 'yogurt']",Indian
5056,"['saute', 'bacon', 'in', 'a', 'large', 'skillet', 'until', 'brown', 'and', 'crisp', 'remove', 'bacon', 'and', 'drain', 'thoroughly', 'on', 'a', 'paper', 'towel', 'discard', 'all', 'but', '2', 'to', '3', 'tablespoons', 'bacon', 'grease', 'add', 'chicken', 'and', 'garlic', 'to', 'skillet', 'with', 'reserved', 'bacon', 'grease', 'saute', 'chicken', 'over', 'medium', 'to', 'high', 'heat', 'until', 'lightly', 'brown', 'and', 'thoroughly', 'cooked', 'remove', 'chicken', 'to', 'a', 'separate', 'bowl', 'season', 'to', 'taste', 'with', 'salt', 'and', 'pepper', 'boil', 'pasta', 'according', 'to', 'package', 'directions', 'drain', 'while', 'pasta', 'is', 'cooking', 'saute', 'tomatoes', 'wine', 'italian', 'seasoning', 'and', 'red', 'pepper', 'flakes', 'over', 'medium', 'heat', 'in', 'the', 'skillet', 'until', 'tomatoes', 'are', 'softened', 'and', 'sauce', 'is', 'reduced', 'and', 'slightly', 'thick', 'return', 'chicken', 'to', 'skillet', 'incorporate', 'into', 'tomatoes', 'and', 'bring', 'back', 'to', 'simmer', 'place', 'pasta', 'in', 'a', 'large', 'serving', 'bowl', 'add', 'chicken-tomato', 'mixture', 'and', 'blend', 'top', 'with', 'grated', 'parmesan', 'and', 'bacon']","['saute', 'bacon', 'large', 'skillet', 'brown', 'crisp', 'remove', 'bacon', 'drain', 'thoroughly', 'paper', 'towel', 'discard', 'bacon', 'grease', 'add', 'chicken', 'garlic', 'skillet', 'reserved', 'bacon', 'grease', 'saute', 'chicken', 'medium', 'high', 'heat', 'lightly', 'brown', 'thoroughly', 'cooked', 'remove', 'chicken', 'separate', 'bowl', 'season', 'taste', 'salt', 'pepper', 'boil', 'pasta', 'according', 'package', 'directions', 'drain', 'pasta', 'cooking', 'saute', 'tomatoes', 'wine', 'italian', 'seasoning', 'red', 'pepper', 'flakes', 'medium', 'heat', 'skillet', 'tomatoes', 'softened', 'sauce', 'reduced', 'slightly', 'thick', 'return', 'chicken', 'skillet', 'incorporate', 'tomatoes', 'bring', 'back', 'simmer', 'place', 'pasta', 'large', 'serving', 'bowl', 'add', 'chicken', 'tomato', 'mixture', 'blend', 'top', 'grated', 'parmesan', 'bacon']",Italian
10214,"['wash', 'rice', 'and', 'drain', 'thoroughly', 'heat', 'the', 'ghee', 'in', 'a', 'large', 'heavy', 'based', 'saucepan', 'add', 'the', 'onion', 'and', 'fry', 'until', 'it', 'begins', 'to', 'turn', 'golden', 'brown', 'add', 'the', 'cloves', 'peppercorns', 'cardamon', 'pods', 'turmeric', 'salt', 'curry', 'leaves', 'and', 'lemon', 'grass', 'add', 'the', 'rice', 'and', 'fry', 'stirring', 'continuously', 'for', '2-3', 'minutes', 'until', 'the', 'rice', 'is', 'well', 'coated', 'with', 'ghee', 'and', 'turmeric', 'add', 'the', 'cocnut', 'milk', 'and', 'bring', 'to', 'the', 'boil', 'lower', 'heat', 'cover', 'and', 'cook', 'for', '20-25', 'minutes', 'without', 'lifting', 'the', 'lid', 'when', 'the', 'rice', 'is', 'cooked', 'the', 'spices', 'will', 'have', 'risen', 'to', 'the', 'top', 'remove', 'spices', 'and', 'leaves', 'used', 'for', 'flavouring', 'and', 'fluff', 'the', 'rice', 'up', 'with', 'a', 'fork', 'serve', 'hot', 'as', 'part', 'of', 'an', 'indian', 'or', 'sri', 'lankan', 'style', 'meal']","['wash', 'rice', 'drain', 'thoroughly', 'heat', 'ghee', 'large', 'heavy', 'based', 'saucepan', 'add', 'onion', 'fry', 'begins', 'turn', 'golden', 'brown', 'add', 'cloves', 'peppercorns', 'cardamon', 'pods', 'turmeric', 'salt', 'curry', 'leaves', 'lemon', 'grass', 'add', 'rice', 'fry', 'stirring', 'continuously', 'rice', 'well', 'coated', 'ghee', 'turmeric', 'add', 'cocnut', 'milk', 'bring', 'boil', 'lower', 'heat', 'cover', 'cook', 'without', 'lifting', 'lid', 'rice', 'cooked', 'spices', 'risen', 'top', 'remove', 'spices', 'leaves', 'used', 'flavouring', 'fluff', 'rice', 'fork', 'serve', 'hot', 'part', 'indian', 'sri', 'lankan', 'style', 'meal']",Indian
9923,"['boil', 'rice', 'in', '2', 'cups', 'of', 'water', 'ensure', 'that', 'each', 'grain', 'of', 'cooked', 'rice', 'is', 'separate', 'heat', 'oil', 'in', 'a', 'non-stick', 'pan', 'add', 'all', 'the', 'veggies', 'except', 'the', 'spring', 'onion', 'greens', 'sprinkle', '2', 'tbsps', 'water', 'and', 'cook', 'for', '5', 'minutes', 'add', 'the', 'rice', 'soya', 'sauce', 'spring', 'onion', 'greens', 'and', 'salt', 'mix', 'well', 'and', 'saute', 'for', '2', 'minutes', 'serve', 'hot', 'with', 'chillies', 'in', 'vinegar', 'enjoy']","['boil', 'rice', 'water', 'ensure', 'grain', 'cooked', 'rice', 'separate', 'heat', 'oil', 'non', 'stick', 'pan', 'add', 'veggies', 'except', 'spring', 'onion', 'greens', 'sprinkle', 'tbsps', 'water', 'cook', 'add', 'rice', 'soya', 'sauce', 'spring', 'onion', 'greens', 'salt', 'mix', 'well', 'saute', 'serve', 'hot', 'chillies', 'vinegar', 'enjoy']",Indian
4444,"['add', 'all', 'ingredients', 'except', 'the', 'raisins', 'in', 'the', 'order', 'suggested', 'by', 'your', 'bread', 'machine', 'manual', 'and', 'process', 'on', 'the', 'basic', 'cycle', 'according', 'to', 'the', 'manufacturer', ""'s"", 'directions', 'at', 'the', 'beeper', 'or', 'at', 'the', 'end', 'of', 'the', 'first', 'kneeding', 'in', 'the', 'panasonic', 'or', 'national', 'add', 'the', 'raisins', 'for', 'the', 'candied', 'orange', 'zest', 'use', '4', 'medium', 'sized', 'oranges', '1', '1/3', 'cup', 'water', 'and', '1', '1/3', 'cup', 'sugar', 'remove', 'all', 'the', 'orange-colored', 'skin', 'zest', 'from', 'orange', 'finaly', 'chop', 'or', 'dice', 'the', 'zest', 'in', 'a', 'small', 'saucepan', 'combine', 'water', 'and', 'sugar', 'bring', 'to', 'boil', 'over', 'medium', 'heat', 'swirling', 'the', 'pan', 'until', 'the', 'sugar', 'dissolves', 'and', 'the', 'liquid', 'is', 'clear', 'add', 'the', 'zest', 'and', 'boil', 'for', '5', 'minutes', 'let', 'the', 'candied', 'zest', 'cool', 'in', 'the', 'syrup', 'and', 'refrigeratein', 'covered', 'jar', 'for', 'up', 'to', '3', 'weeks', 'before', 'using', 'drain', 'the', 'zest', 'reserving', 'syrup', 'which', 'is', 'called', 'for', 'in', 'some', 'recipes', 'and', 'is', 'delicious', 'over', 'fruit', 'and', 'ice', 'cream']","['add', 'ingredients', 'except', 'raisins', 'order', 'suggested', 'bread', 'machine', 'manual', 'process', 'basic', 'cycle', 'according', 'manufacturer', 'directions', 'beeper', 'end', 'first', 'kneeding', 'panasonic', 'national', 'add', 'raisins', 'candied', 'orange', 'zest', 'use', 'medium', 'sized', 'oranges', 'water', 'sugar', 'remove', 'orange', 'colored', 'skin', 'zest', 'orange', 'finaly', 'chop', 'dice', 'zest', 'small', 'saucepan', 'combine', 'water', 'sugar', 'bring', 'boil', 'medium', 'heat', 'swirling', 'pan', 'sugar', 'dissolves', 'liquid', 'clear', 'add', 'zest', 'boil', 'let', 'candied', 'zest', 'cool', 'syrup', 'refrigeratein', 'covered', 'jar', 'weeks', 'using', 'drain', 'zest', 'reserving', 'syrup', 'called', 'recipes', 'delicious', 'fruit', 'ice', 'cream']",Italian
3790,"['preheat', 'to', '325°f', 'line', 'two', 'baking', 'sheets', 'with', 'silpat', 'or', 'parchment', 'paper', 'pulse', 'nuts', 'and', 'sugar', 'in', 'a', 'food', 'processor', 'until', 'finely', 'ground', 'scrape', 'into', 'a', 'large', 'bowl', 'beat', 'egg', 'whites', 'and', 'salt', 'in', 'another', 'large', 'bowl', 'with', 'an', 'electric', 'mixer', 'on', 'medium-high', 'speed', 'until', 'stiff', 'peaks', 'form', 'using', 'a', 'silicone', 'spatula', 'fold', 'the', 'egg', 'whites', 'into', 'the', 'nut', 'mixture', 'add', 'vanilla', 'and', 'gently', 'but', 'thoroughly', 'mix', 'until', 'combined', 'transfer', 'the', 'mixture', 'to', 'a', 'disposable', 'piping', 'bag', 'and', 'snip', 'off', 'the', 'tip', 'pipe', 'the', 'batter', 'on', 'the', 'silpat', 'making', 'sure', 'to', 'keep', 'a', 'uniform', 'size', 'under', '1', 'inch', 'in', 'diameter', 'as', 'well', 'as', 'maintaining', 'a', 'fingers', 'distance', 'between', 'cookies', 'tap', 'the', 'baking', 'sheet', 'a', 'few', 'times', 'on', 'the', 'counter', 'this', 'will', 'help', 'spread', 'the', 'cookie', 'and', 'give', 'a', 'flat', 'cookie', 'with', 'a', 'good', 'snap', 'sprinkle', 'the', 'cookie', 'batter', 'with', 'the', 'sliced', 'hazelnuts', 'place', 'the', 'baking', 'sheet', 'in', 'the', 'centre', 'of', 'the', 'oven', 'and', 'bake', 'until', 'golden', 'brown', '5-7', 'minutes', 'switch', 'the', 'pans', 'back', 'to', 'front', 'keep', 'an', 'eye', 'on', 'it', 'it', 'goes', 'from', 'golden', 'brown', 'to', 'brown', 'very', 'quickly', 'given', 'the', 'tiny', 'size', 'let', 'cool', 'on', 'the', 'baking', 'sheets', 'for', '5', 'minutes', 'gently', 'transfer', 'the', 'butterless', 'cookies', 'to', 'a', 'wire', 'rack', 'to', 'cool', 'completely', 'store', 'in', 'an', 'airtight', 'container', 'for', 'upto', 'a', 'week', 'but', 'i', 'bet', 'it', 'wo', ""n't"", 'last', 'that', 'long']","['preheat', '325°f', 'line', 'two', 'baking', 'sheets', 'silpat', 'parchment', 'paper', 'pulse', 'nuts', 'sugar', 'food', 'processor', 'finely', 'ground', 'scrape', 'large', 'bowl', 'beat', 'egg', 'whites', 'salt', 'another', 'large', 'bowl', 'electric', 'mixer', 'medium', 'high', 'speed', 'stiff', 'peaks', 'form', 'using', 'silicone', 'spatula', 'fold', 'egg', 'whites', 'nut', 'mixture', 'add', 'vanilla', 'gently', 'thoroughly', 'mix', 'combined', 'transfer', 'mixture', 'disposable', 'piping', 'bag', 'snip', 'tip', 'pipe', 'batter', 'silpat', 'making', 'sure', 'keep', 'uniform', 'size', 'diameter', 'well', 'maintaining', 'fingers', 'distance', 'cookies', 'tap', 'baking', 'sheet', 'times', 'counter', 'help', 'spread', 'cookie', 'give', 'flat', 'cookie', 'good', 'snap', 'sprinkle', 'cookie', 'batter', 'sliced', 'hazelnuts', 'place', 'baking', 'sheet', 'centre', 'oven', 'bake', 'golden', 'brown', 'switch', 'pans', 'back', 'front', 'keep', 'eye', 'goes', 'golden', 'brown', 'brown', 'quickly', 'given', 'tiny', 'size', 'let', 'cool', 'baking', 'sheets', 'gently', 'transfer', 'butterless', 'cookies', 'wire', 'rack', 'cool', 'completely', 'store', 'airtight', 'container', 'upto', 'week', 'bet', 'wo', 'last', 'long']",Italian
10190,"['squeeze', 'juice', 'from', 'the', '2', 'lemons', 'and', 'reserve', 'juice', 'in', 'a', 'saucepan', 'combine', 'sugar', 'crushed', 'ice', '4', 'cups', 'water', 'lemon', 'juice', 'and', 'rose', 'water', 'when', 'sugar', 'is', 'completely', 'dissolved', 'strain', 'and', 'serve', 'the', 'herbat', 'in', 'frosty', 'glasses']","['squeeze', 'juice', 'lemons', 'reserve', 'juice', 'saucepan', 'combine', 'sugar', 'crushed', 'ice', 'water', 'lemon', 'juice', 'rose', 'water', 'sugar', 'completely', 'dissolved', 'strain', 'serve', 'herbat', 'frosty', 'glasses']",Indian
10354,"['coat', 'bottom', 'of', 'pot', 'with', 'olive', 'oil', 'and', 'sauté', 'onions', 'garlic', 'thyme', 'and', 'bay', 'leaf', 'till', 'fragrant', 'add', 'carrots', 'and', 'stir', 'to', 'coat', 'add', 'stock', 'zucchini', 'curry', 'and', 'salt', 'and', 'pepper', 'cook', 'about', '15', 'minutes', 'till', 'veggies', 'are', 'soft', 'puree', 'in', 'batches', 'or', 'use', 'a', 'hand', 'held', 'stick', 'blender', 'you', 'want', 'this', 'pretty', 'fine', 'it', 'will', 'be', 'thick', 'as', 'well', 'return', 'to', 'the', 'pot', 'check', 'the', 'seasonings', 'and', 'dive', 'in']","['coat', 'bottom', 'pot', 'olive', 'oil', 'sauté', 'onions', 'garlic', 'thyme', 'bay', 'leaf', 'till', 'fragrant', 'add', 'carrots', 'stir', 'coat', 'add', 'stock', 'zucchini', 'curry', 'salt', 'pepper', 'cook', 'till', 'veggies', 'soft', 'puree', 'batches', 'use', 'hand', 'held', 'stick', 'blender', 'want', 'pretty', 'fine', 'thick', 'well', 'return', 'pot', 'check', 'seasonings', 'dive']",Indian
1388,"['in', 'medium', 'bowl', 'cover', 'dried', 'tomatoes', 'with', 'boiling', 'water', 'and', 'soak', 'until', 'soft', 'about', '45', 'minutes', 'soaking', 'could', 'take', 'more', 'or', 'less', 'time', 'depending', 'on', 'size', 'of', 'tomatoes', 'and', 'drying', 'process', 'remove', 'from', 'bowl', 'squeeze', 'out', 'excess', 'liquid', 'if', 'desired', 'reserve', 'liquid', 'for', 'another', 'use', 'now', 'heat', '2', 'tablespoons', 'oil', 'in', 'large', 'skillet', 'over', 'medium-high', 'heat', 'add', 'onions', 'and', 'reduce', 'heat', 'to', 'medium-low', 'sauté', 'until', 'slightly', 'softened', 'a', 'bout', '5', 'minutes', 'sprinkle', 'salt', 'and', 'pepper', 'continue', 'to', 'sauté', 'until', 'a', 'rich', 'golden', 'brown', 'color', 'about', '20', 'minutes', 'add', 'whole', 'garlic', 'cloves', 'during', 'last', '10', 'minutes', 'so', 'they', 'caramelize', 'keeping', 'separate', 'from', 'onions', 'when', 'stirring', 'heat', 'oven', 'as', 'needed', 'to', 'bake', 'pizza', 'for', 'crust', 'place', 'tomatoes', 'caramelized', 'garlic', '1', 'tablespoon', 'oil', 'and', 'some', 'salt', 'pepper', 'in', 'a', 'processor', 'pulse', 'just', 'until', 'mixture', 'is', 'pureed', 'but', 'has', 'texture', 'spread', 'cooled', 'onions', 'on', 'crust', 'and', 'press', 'down', 'with', 'hand', 'spread', 'tomato', 'mixture', 'on', 'top', 'press', 'lightly', 'and', 'sprinkle', 'with', 'oregano', 'spread', 'mozzarella', 'all', 'around', 'then', 'parmesan', 'and', 'some', 'extra', 'pepper', 'bake', '10-15', 'minutes', 'or', 'until', 'the', 'crust', 'is', 'golden', 'and', 'topping', 'is', 'hot', 'remove', 'from', 'oven', 'and', 'place', 'on', 'cutting', 'board', 'let', 'rest', '5', 'minutes', 'before', 'slicing']","['medium', 'bowl', 'cover', 'dried', 'tomatoes', 'boiling', 'water', 'soak', 'soft', 'soaking', 'could', 'take', 'less', 'time', 'depending', 'size', 'tomatoes', 'drying', 'process', 'remove', 'bowl', 'squeeze', 'excess', 'liquid', 'desired', 'reserve', 'liquid', 'another', 'use', 'heat', 'oil', 'large', 'skillet', 'medium', 'high', 'heat', 'add', 'onions', 'reduce', 'heat', 'medium', 'low', 'sauté', 'slightly', 'softened', 'bout', 'sprinkle', 'salt', 'pepper', 'continue', 'sauté', 'rich', 'golden', 'brown', 'color', 'add', 'whole', 'garlic', 'cloves', 'last', 'caramelize', 'keeping', 'separate', 'onions', 'stirring', 'heat', 'oven', 'needed', 'bake', 'pizza', 'crust', 'place', 'tomatoes', 'caramelized', 'garlic', 'oil', 'salt', 'pepper', 'processor', 'pulse', 'mixture', 'pureed', 'texture', 'spread', 'cooled', 'onions', 'crust', 'press', 'hand', 'spread', 'tomato', 'mixture', 'top', 'press', 'lightly', 'sprinkle', 'oregano', 'spread', 'mozzarella', 'around', 'parmesan', 'extra', 'pepper', 'bake', 'crust', 'golden', 'topping', 'hot', 'remove', 'oven', 'place', 'cutting', 'board', 'let', 'rest', 'slicing']",Italian
1382,"['mix', 'the', 'milk', 'and', 'the', 'juice', 'together', 'in', 'a', 'saucepan', 'heat', 'the', 'milk', 'slowly', 'stirring', 'continuously', 'and', 'curd', 'will', 'form', 'as', 'the', 'temperature', 'increases', 'keep', 'heating', 'and', 'stirring', 'until', 'just', 'short', 'of', 'boiling', 'do', 'not', 'allow', 'to', 'boil', 'line', 'a', 'sieve', 'with', 'a', 'double', 'layer', 'of', 'clean', 'cheesecloth', 'and', 'pour', 'the', 'milk', 'mixture', 'through', 'the', 'sieve', 'the', 'milk', 'mixture', 'will', 'separate', 'leaving', 'ricotta', 'cheese', 'in', 'the', 'muslin', 'and', 'whey', 'in', 'the', 'container', 'underneath', 'put', 'the', 'ricotta', 'in', 'the', 'refrigerator', 'and', 'use', 'within', 'the', 'next', '48', 'hours']","['mix', 'milk', 'juice', 'together', 'saucepan', 'heat', 'milk', 'slowly', 'stirring', 'continuously', 'curd', 'form', 'temperature', 'increases', 'keep', 'heating', 'stirring', 'short', 'boiling', 'allow', 'boil', 'line', 'sieve', 'double', 'layer', 'clean', 'cheesecloth', 'pour', 'milk', 'mixture', 'sieve', 'milk', 'mixture', 'separate', 'leaving', 'ricotta', 'cheese', 'muslin', 'whey', 'container', 'underneath', 'put', 'ricotta', 'refrigerator', 'use', 'within', 'next']",Italian
4681,"['in', 'a', 'medium-sized', 'mixing', 'bowl', 'combine', 'sardines', 'eggs', 'garlic', 'parsley', 'pepperonchini', 'bread', 'crumbs', 'and', 'cheese', 'using', 'a', 'wooden', 'spoon', 'stir', 'lightly', 'not', 'to', 'mash', 'mixture', 'set', 'mixture', 'aside', 'fill', 'deep', 'pot', 'no', 'more', 'than', 'half', 'way', 'full', 'with', 'olive', 'oil', 'heat', 'over', 'medium', 'heat', 'until', 'temperature', 'reaches', '350', 'degrees', 'oil', 'should', 'remain', 'at', 'or', 'around', 'this', 'temperature', 'throughout', 'frying', 'process', 'using', 'a', 'spoon', 'make', 'fritters', 'into', 'fritter-sized', 'semi-balls', 'when', 'oil', 'reaches', 'temperature', 'gently', 'drop', 'balls', 'of', 'fish', 'into', 'hot', 'oil', 'be', 'careful', 'not', 'to', 'splatter', 'the', 'oil', 'fry', 'each', 'fritter', 'to', 'a', 'golden', 'brown', 'about', '2', 'minutes', 'carefully', 'remove', 'the', 'cooked', 'fritters', 'with', 'a', 'slotted', 'spoon', 'and', 'reserve', 'on', 'a', 'serving', 'dish', 'repeat', 'until', 'all', 'of', 'the', 'fish', 'mixture', 'has', 'been', 'used', 'these', 'fritters', 'are', 'best', 'served', 'hot', 'with', 'a', 'squeeze', 'of', 'fresh', 'lemon', 'juice']","['medium', 'sized', 'mixing', 'bowl', 'combine', 'sardines', 'eggs', 'garlic', 'parsley', 'pepperonchini', 'bread', 'crumbs', 'cheese', 'using', 'wooden', 'spoon', 'stir', 'lightly', 'mash', 'mixture', 'set', 'mixture', 'aside', 'fill', 'deep', 'pot', 'half', 'way', 'full', 'olive', 'oil', 'heat', 'medium', 'heat', 'temperature', 'reaches', 'oil', 'remain', 'around', 'temperature', 'throughout', 'frying', 'process', 'using', 'spoon', 'make', 'fritters', 'fritter', 'sized', 'semi', 'balls', 'oil', 'reaches', 'temperature', 'gently', 'drop', 'balls', 'fish', 'hot', 'oil', 'careful', 'splatter', 'oil', 'fry', 'fritter', 'golden', 'brown', 'carefully', 'remove', 'cooked', 'fritters', 'slotted', 'spoon', 'reserve', 'serving', 'dish', 'repeat', 'fish', 'mixture', 'used', 'fritters', 'best', 'served', 'hot', 'squeeze', 'fresh', 'lemon', 'juice']",Italian
8238,"['start', 'heating', 'vegetable', 'oil', 'in', 'a', 'heavy', 'dutch', 'oven', 'over', 'medium', 'heat', 'meanwhile', 'in', 'a', 'spice', 'mill', 'combine', 'coriander', 'cardamom', 'fennel', 'seed', 'cumin', 'seed', 'and', 'cloves', 'grind', 'until', 'powdery', 'add', 'turmeric', 'and', 'process', 'until', 'evenly', 'blended', 'pour', 'spice', 'mixture', 'into', 'hot', 'oil', 'and', 'saute', '2-3', 'minutes', 'until', 'very', 'fragrant', 'add', 'bay', 'leaves', 'thai', 'bird', 'chili', 'and', 'curry', 'leaves', 'sprinkle', 'lamb', 'with', 'salt', 'and', 'pepper', 'add', 'seasoned', 'lamb', 'to', 'pot', 'and', 'stir', 'cook', 'until', 'brown', '5-7', 'minutes', 'combine', 'onion', 'garlic', 'and', 'ginger', 'in', 'food', 'processor', 'process', 'into', 'puree', 'then', 'add', 'puree', 'to', 'pot', 'cook', 'until', 'they', 'start', 'to', 'give', 'up', 'moisture', 'about', '8', 'minutes', 'add', 'tomatoes', 'and', 'water', 'cover', 'and', 'simmer', '40', 'minutes', 'skim', 'fat', 'from', 'surface', 'and', 'discard', 'stir', 'in', 'yogurt', 'and', 'simmer', '5', 'minutes', 'more', 'serve', 'over', 'basmati', 'rice', 'with', 'raita', 'alongside', 'garnish', 'with', 'chopped', 'cilantro', 'and', 'scallions']","['start', 'heating', 'vegetable', 'oil', 'heavy', 'dutch', 'oven', 'medium', 'heat', 'meanwhile', 'spice', 'mill', 'combine', 'coriander', 'cardamom', 'fennel', 'seed', 'cumin', 'seed', 'cloves', 'grind', 'powdery', 'add', 'turmeric', 'process', 'evenly', 'blended', 'pour', 'spice', 'mixture', 'hot', 'oil', 'saute', 'fragrant', 'add', 'bay', 'leaves', 'thai', 'bird', 'chili', 'curry', 'leaves', 'sprinkle', 'lamb', 'salt', 'pepper', 'add', 'seasoned', 'lamb', 'pot', 'stir', 'cook', 'brown', 'combine', 'onion', 'garlic', 'ginger', 'food', 'processor', 'process', 'puree', 'add', 'puree', 'pot', 'cook', 'start', 'give', 'moisture', 'add', 'tomatoes', 'water', 'cover', 'simmer', 'skim', 'fat', 'surface', 'discard', 'stir', 'yogurt', 'simmer', 'serve', 'basmati', 'rice', 'raita', 'alongside', 'garnish', 'chopped', 'cilantro', 'scallions']",Indian
5224,"['place', 'your', 'leftover', 'pizza', 'slice', 'on', 'a', 'plate', 'and', 'microwave', 'for', '30', 'seconds', 'and', 'then', 'additional', '15', 'second', 'increments', 'until', 'the', 'cheese', 'in', 'the', 'center', 'of', 'the', 'slice', 'is', 'soft', 'and', 'gooey', 'good', 'chance', 'the', 'cheese', 'towards', 'the', 'edges', 'has', 'dripped', 'off', 'the', 'edge', 'of', 'the', 'crust', 'remove', 'the', 'plate', 'with', 'the', 'pizza', 'slice', 'from', 'the', 'microwave', 'and', 'then', 'use', 'a', 'fork', 'to', 'pull', 'that', 'cheese', 'up', 'back', 'onto', 'the', 'top', 'this', 'will', 'prevent', 'it', 'from', 'dripping', 'down', 'and', 'burning', 'in', 'the', 'toaster', 'oven', 'place', 'the', 'pizza', 'slice', 'directly', 'on', 'the', 'rack', 'in', 'the', 'toaster', 'oven', 'toast', 'for', '2-3', 'minutes', 'this', 'is', 'the', 'regular', 'time', 'for', 'toast', 'and', 'voila', 'pizza', 'like', 'when', 'it', 'was', 'freshly', 'made']","['place', 'leftover', 'pizza', 'slice', 'plate', 'microwave', 'seconds', 'additional', 'second', 'increments', 'cheese', 'center', 'slice', 'soft', 'gooey', 'good', 'chance', 'cheese', 'towards', 'edges', 'dripped', 'edge', 'crust', 'remove', 'plate', 'pizza', 'slice', 'microwave', 'use', 'fork', 'pull', 'cheese', 'back', 'onto', 'top', 'prevent', 'dripping', 'burning', 'toaster', 'oven', 'place', 'pizza', 'slice', 'directly', 'rack', 'toaster', 'oven', 'toast', 'regular', 'time', 'toast', 'voila', 'pizza', 'like', 'freshly', 'made']",Italian
5616,"['combine', 'salad', 'dressing', 'mix', 'and', 'vinegar', 'in', 'a', 'medium', 'bowl', 'mix', 'well', 'add', 'green', 'beans', 'chickpeas', 'olives', 'celery', 'and', 'onion', 'toss', 'to', 'coat', 'well', 'chill', 'covered', 'overnight', 'toss', 'salad', 'with', 'mayonnaise', 'just', 'before', 'serving']","['combine', 'salad', 'dressing', 'mix', 'vinegar', 'medium', 'bowl', 'mix', 'well', 'add', 'green', 'beans', 'chickpeas', 'olives', 'celery', 'onion', 'toss', 'coat', 'well', 'chill', 'covered', 'overnight', 'toss', 'salad', 'mayonnaise', 'serving']",Italian
12593,"['combine', 'fruits', 'in', 'a', 'bowl', 'and', 'sprinkle', 'with', 'lime', 'juice', 'heat', 'oil', 'in', 'a', 'saucepan', 'over', 'medium', 'heat', 'and', 'saute', 'onions', 'stirring', 'often', 'until', 'they', 'soften', 'and', 'start', 'to', 'turn', 'golden', 'brown', 'add', 'next', '5', 'ingredients', 'sweet', 'potato', 'through', 'cayenne', 'and', 'stir-fry', '2', 'minutes', 'add', 'coconut', 'milk', 'and', 'continue', 'cooking', 'and', 'stirring', '5', 'minutes', 'add', 'fruit', 'and', 'raisins', 'turn', 'heat', 'to', 'low', 'and', 'simmer', '20', 'minutes', 'stirring', 'occasionally', 'serve', 'over', 'steamed', 'white', 'or', 'brown', 'rice', 'sprinkled', 'with', 'cashews']","['combine', 'fruits', 'bowl', 'sprinkle', 'lime', 'juice', 'heat', 'oil', 'saucepan', 'medium', 'heat', 'saute', 'onions', 'stirring', 'often', 'soften', 'start', 'turn', 'golden', 'brown', 'add', 'next', 'ingredients', 'sweet', 'potato', 'cayenne', 'stir', 'fry', 'add', 'coconut', 'milk', 'continue', 'cooking', 'stirring', 'add', 'fruit', 'raisins', 'turn', 'heat', 'low', 'simmer', 'stirring', 'occasionally', 'serve', 'steamed', 'white', 'brown', 'rice', 'sprinkled', 'cashews']",Indian
6329,"['pre-heat', 'over', 'to', '375.', 'take', '1cup', 'flour', 'and', 'season', 'with', 'salt', 'pepper', '1tbsp', 'italian', 'seasoning', 'and', '1tsp', 'ground', 'red', 'pepper', 'and', 'mix', 'in', 'a', 'seperate', 'bowl', 'take', 'the', '1', 'and', 'a', 'half', 'packages', 'of', 'italian', 'cheese', 'remainging', 'ground', 'pepper', 'and', 'italian', 'seasoning', 'and', 'spinach', 'take', 'the', 'chicken', 'breast', 'and', 'make', 'a', 'pocket', 'in', 'each', 'of', 'them', 'coat', 'lightly', 'with', 'seasoned', 'flour', 'and', 'brown', 'on', 'both', 'sides', 'in', 'olive', 'oil', 'not', 'cooking', 'them', 'completely', 'take', 'out', 'and', 'let', 'them', 'cool', 'enough', 'to', 'where', 'you', 'can', 'handle', 'them', 'when', 'cooled', 'enough', 'stuff', 'them', 'with', 'the', 'cheese', 'mixture', 'remaining', 'cheese', 'mixture', 'can', 'be', 'sprinkled', 'over', 'the', 'top', 'bake', 'for', '30', '45', 'mins', 'or', 'until', 'chicken', 'is', 'cooked', 'while', 'the', 'chicken', 'is', 'baking', 'in', 'the', 'same', 'pan', 'used', 'to', 'brown', 'chicken', 'and', 'garlic', 'after', 'about', 'a', 'minute', 'add', '2tbsp', 'flour', 'slowly', 'add', 'the', 'water', 'so', 'that', 'it', 'becomes', 'thick', 'add', 'heavy', 'cream', 'in', 'slowly', 'to', 'plate', 'cooked', 'pasta', 'on', 'bottom', 'with', 'a', 'bit', 'of', 'sauce', 'then', 'chicken', 'breast', 'and', 'more', 'sauce', 'on', 'top', 'and', 'sprinkle', 'with', 'the', 'remaining', 'cheese', 'enjoy']","['pre', 'heat', 'take', '1cup', 'flour', 'season', 'salt', 'pepper', '1tbsp', 'italian', 'seasoning', '1tsp', 'ground', 'red', 'pepper', 'mix', 'seperate', 'bowl', 'take', 'half', 'packages', 'italian', 'cheese', 'remainging', 'ground', 'pepper', 'italian', 'seasoning', 'spinach', 'take', 'chicken', 'breast', 'make', 'pocket', 'coat', 'lightly', 'seasoned', 'flour', 'brown', 'sides', 'olive', 'oil', 'cooking', 'completely', 'take', 'let', 'cool', 'enough', 'handle', 'cooled', 'enough', 'stuff', 'cheese', 'mixture', 'remaining', 'cheese', 'mixture', 'sprinkled', 'top', 'bake', 'mins', 'chicken', 'cooked', 'chicken', 'baking', 'pan', 'used', 'brown', 'chicken', 'garlic', 'add', '2tbsp', 'flour', 'slowly', 'add', 'water', 'becomes', 'thick', 'add', 'heavy', 'cream', 'slowly', 'plate', 'cooked', 'pasta', 'bottom', 'bit', 'sauce', 'chicken', 'breast', 'sauce', 'top', 'sprinkle', 'remaining', 'cheese', 'enjoy']",Italian
6957,"['grind', 'together', 'the', 'corriander', 'leaves', 'green', 'garlic', 'chillies', 'ginger', 'and', 'spring', 'onions', 'this', 'will', 'give', 'you', ""the'green"", 'masala', 'heat', 'oil', 'in', 'a', 'non-stick', 'skillet', 'fry', 'the', 'above', 'ground', 'green', 'masala', 'in', 'it', 'till', 'some', 'of', 'it', 'evaporates', 'stirring', 'on', 'and', 'off', 'for', '18-20', 'minutes', 'on', 'medium', 'flame', 'add', 'tomatoes', 'to', 'the', 'masala', 'mix', 'in', 'salt', 'turmeric', 'powder', 'and', 'the', 'garam', 'masala', 'mix', 'in', 'cauliflower', 'florets', 'and', 'coat', 'well', 'with', 'the', 'masala', 'paste', 'cover', 'the', 'skillet', 'cook', 'with', 'an', 'occasional', 'sprinkling', 'of', 'water', 'on', 'low', 'flame', 'for', '20-30', 'minutes', 'turning', 'occasionally', 'for', 'even', 'cooking']","['grind', 'together', 'corriander', 'leaves', 'green', 'garlic', 'chillies', 'ginger', 'spring', 'onions', 'give', ""the'green"", 'masala', 'heat', 'oil', 'non', 'stick', 'skillet', 'fry', 'ground', 'green', 'masala', 'till', 'evaporates', 'stirring', 'medium', 'flame', 'add', 'tomatoes', 'masala', 'mix', 'salt', 'turmeric', 'powder', 'garam', 'masala', 'mix', 'cauliflower', 'florets', 'coat', 'well', 'masala', 'paste', 'cover', 'skillet', 'cook', 'occasional', 'sprinkling', 'water', 'low', 'flame', 'turning', 'occasionally', 'even', 'cooking']",Indian
1293,"['sift', 'the', 'flour', 'cocoa', 'mixed', 'spice', 'pepper', 'and', 'cinnamon', 'into', 'a', 'large', 'bowl', 'stir', 'in', 'ginger', 'and', 'nuts', 'make', 'a', 'well', 'in', 'the', 'centre', 'warm', 'the', 'syrup', 'in', 'a', 'saucepan', 'over', 'a', 'low', 'heat', 'sprinkle', 'in', 'castor', 'sugar', 'and', 'stir', 'continuously', 'until', 'sugar', 'has', 'dissolved', 'add', 'vanilla', 'essence', 'and', 'bring', 'to', 'the', 'boil', 'once', 'the', 'mixture', 'is', 'boiling', 'remove', 'it', 'from', 'the', 'heat', 'and', 'allow', 'the', 'bubbles', 'to', 'subside', 'pour', 'the', 'liquid', 'into', 'the', 'well', 'in', 'the', 'dry', 'ingredients', 'and', 'mix', 'with', 'a', 'sturdy', 'wooden', 'spoon', 'until', 'incorporated', 'the', 'mixture', 'become', 'quite', 'hard', 'to', 'mix', 'press', 'the', 'dough', 'into', 'a', 'well-greased', '23cm', 'spring-form', 'cake', 'tin', 'lined', 'with', 'baking', 'paper', 'and', 'press', 'down', 'firmly', 'with', 'your', 'hands', 'if', 'your', 'hands', 'get', 'sticky', 'wet', 'them', 'slightly', 'bake', 'at', '170', 'c', 'for', '30', 'minutes', 'the', 'centre', 'will', 'be', 'soft', 'and', 'the', 'edges', 'firm', 'cool', 'in', 'tin', 'for', 'at', 'least', '30', 'minutes', 'before', 'turning', 'out', 'on', 'to', 'a', 'cake', 'rack', 'cool', 'thoroughly', 'if', 'possible', 'keep', 'the', 'panforte', 'in', 'an', 'airtight', 'container', '2', '3', 'days', 'serve', 'dusted', 'with', 'a', 'thick', 'layer', 'of', 'icing', 'sugar', 'and', 'cut', 'into', 'tiny', 'wedges', 'if', 'making', 'small', 'panforte', 'divide', 'the', 'mixture', 'between', 'four', '10cm', 'greased', 'cake', 'tins', 'lined', 'with', 'baking', 'paper', 'bake', 'at', '170', 'c', 'for', '20', 'minutes']","['sift', 'flour', 'cocoa', 'mixed', 'spice', 'pepper', 'cinnamon', 'large', 'bowl', 'stir', 'ginger', 'nuts', 'make', 'well', 'centre', 'warm', 'syrup', 'saucepan', 'low', 'heat', 'sprinkle', 'castor', 'sugar', 'stir', 'continuously', 'sugar', 'dissolved', 'add', 'vanilla', 'essence', 'bring', 'boil', 'mixture', 'boiling', 'remove', 'heat', 'allow', 'bubbles', 'subside', 'pour', 'liquid', 'well', 'dry', 'ingredients', 'mix', 'sturdy', 'wooden', 'spoon', 'incorporated', 'mixture', 'become', 'quite', 'hard', 'mix', 'press', 'dough', 'well', 'greased', '23cm', 'spring', 'form', 'cake', 'tin', 'lined', 'baking', 'paper', 'press', 'firmly', 'hands', 'hands', 'get', 'sticky', 'wet', 'slightly', 'bake', 'c', 'centre', 'soft', 'edges', 'firm', 'cool', 'tin', 'least', 'turning', 'cake', 'rack', 'cool', 'thoroughly', 'possible', 'keep', 'panforte', 'airtight', 'container', 'days', 'serve', 'dusted', 'thick', 'layer', 'icing', 'sugar', 'cut', 'tiny', 'wedges', 'making', 'small', 'panforte', 'divide', 'mixture', 'four', '10cm', 'greased', 'cake', 'tins', 'lined', 'baking', 'paper', 'bake', 'c']",Italian
7941,"['combine', 'lemon', 'juice', 'yogurt', 'oil', 'garlic', 'and', 'spices', 'in', 'blender', 'and', 'blend', 'until', 'smooth', 'pour', 'into', 'a', 'ziploc', 'bag', 'and', 'add', 'chicken', 'allow', 'to', 'marinate', 'in', 'the', 'refrigerator', 'for', '12', 'hours', 'or', 'overnight', 'turning', 'occasionally', 'oil', 'or', 'spray', 'the', 'grill', 'grates', 'preheat', 'grill', 'with', 'a', 'hot', 'charcoal', 'fire', 'on', 'one', 'side', 'of', 'the', 'grill', 'or', 'gas', 'grill', 'to', '375', 'f-', 'lighting', 'one', 'side', 'only', 'of', 'the', 'grill', 'grill', 'chicken', 'on', 'the', 'hot', 'side', 'of', 'the', 'grill', 'for', '3', 'minutes', 'per', 'side', 'until', 'all', 'sides', 'are', 'grilled', 'move', 'chicken', 'to', 'the', 'no', 'heat', 'side', 'and', 'cook', 'for', '40', 'minutes', 'or', 'until', 'a', 'meat', 'thermometer', 'reaches', '170f', 'and', 'juices', 'run', 'clear', 'wonderful', 'served', 'with', 'an', 'aromatic', 'rice']","['combine', 'lemon', 'juice', 'yogurt', 'oil', 'garlic', 'spices', 'blender', 'blend', 'smooth', 'pour', 'ziploc', 'bag', 'add', 'chicken', 'allow', 'marinate', 'refrigerator', 'overnight', 'turning', 'occasionally', 'oil', 'spray', 'grill', 'grates', 'preheat', 'grill', 'hot', 'charcoal', 'fire', 'one', 'side', 'grill', 'gas', 'grill', 'f', 'lighting', 'one', 'side', 'grill', 'grill', 'chicken', 'hot', 'side', 'grill', 'per', 'side', 'sides', 'grilled', 'move', 'chicken', 'heat', 'side', 'cook', 'meat', 'thermometer', 'reaches', '170f', 'juices', 'run', 'clear', 'wonderful', 'served', 'aromatic', 'rice']",Indian
12286,"['blend', 'all', 'the', 'ingredients', 'in', 'a', 'mixer', 'spread', 'on', 'a', 'serving', 'plate', 'and', 'decorate', 'with', 'silver', 'foil', 'or', 'fruits', 'cool', 'cut', 'into', 'decorative', 'pieces', 'and', 'serve']","['blend', 'ingredients', 'mixer', 'spread', 'serving', 'plate', 'decorate', 'silver', 'foil', 'fruits', 'cool', 'cut', 'decorative', 'pieces', 'serve']",Indian
11148,"['soak', 'semolina', 'in', '1', '1/2', 'cups', 'water', 'for', 'half', 'an', 'hour', 'drain', 'off', 'excess', 'water', 'keep', 'aside', 'microwave', '3', 'tbsp', 'ghee', 'on', 'high', 'for', '30', 'seconds', 'uncovered', 'add', 'cashewnuts', 'and', 'microwave', 'on', 'high', 'for', '4', 'minutes', 'uncovered', 'remove', 'cashewnuts', 'onto', 'a', 'separate', 'plate', 'add', 'sugar', 'to', 'the', 'same', 'ghee', 'and', '3', 'tbsp', 'water', 'mix', 'microwave', 'on', 'high', 'for', '2', '5', 'minutes', 'uncovered', 'stir', 'once', 'in', 'between', 'add', 'semolina', 'remaining', 'ghee', 'and', 'cardamom', 'powder', 'microwave', 'on', 'high', 'for', '5', 'minutes', 'uncovered', 'stir', 'once', 'in', 'between', 'add', 'essence', 'walnuts', 'and', 'cashews', 'mix', 'well', 'serve', 'with', 'hot', 'puris', 'and', 'spicy', 'chickpeas']","['soak', 'semolina', 'water', 'half', 'drain', 'excess', 'water', 'keep', 'aside', 'microwave', 'ghee', 'high', 'seconds', 'uncovered', 'add', 'cashewnuts', 'microwave', 'high', 'uncovered', 'remove', 'cashewnuts', 'onto', 'separate', 'plate', 'add', 'sugar', 'ghee', 'water', 'mix', 'microwave', 'high', 'uncovered', 'stir', 'add', 'semolina', 'remaining', 'ghee', 'cardamom', 'powder', 'microwave', 'high', 'uncovered', 'stir', 'add', 'essence', 'walnuts', 'cashews', 'mix', 'well', 'serve', 'hot', 'puris', 'spicy', 'chickpeas']",Indian
1574,"['grill', 'sausages', 'on', 'barbecue', 'until', 'well', 'browned', 'place', 'sliced', 'peppers', 'and', 'onions', 'into', 'a', 'saucepan', 'over', 'medium', 'heat', 'top', 'with', 'oregano', 'and', 'parsley', 'sprinkle', 'with', 'salt', 'and', 'black', 'pepper', 'and', 'then', 'drizzle', 'with', 'your', 'olive', 'oil', 'be', 'sure', 'to', 'stir', 'this', 'mixture', 'every', 'few', 'minutes', 'and', 'continue', 'to', 'cook', 'on', 'medium', 'until', 'the', 'peppers', 'and', 'onions', 'and', 'soft', 'but', 'not', 'mushy', 'approximately', '20', 'minutes', 'slice', 'your', 'fresh', 'italian', 'bread', 'in', 'half', 'lengthwise', 'and', 'place', '2', 'sausages', 'into', 'the', 'fold', 'top', 'with', 'enough', 'sausage', 'and', 'peppers', 'to', 'fill', 'go', 'ahead', 'and', 'make', 'them', 'messy', 'they', ""'re"", 'more', 'fun', 'that', 'way']","['grill', 'sausages', 'barbecue', 'well', 'browned', 'place', 'sliced', 'peppers', 'onions', 'saucepan', 'medium', 'heat', 'top', 'oregano', 'parsley', 'sprinkle', 'salt', 'black', 'pepper', 'drizzle', 'olive', 'oil', 'sure', 'stir', 'mixture', 'every', 'continue', 'cook', 'medium', 'peppers', 'onions', 'soft', 'mushy', 'approximately', 'slice', 'fresh', 'italian', 'bread', 'half', 'lengthwise', 'place', 'sausages', 'fold', 'top', 'enough', 'sausage', 'peppers', 'fill', 'go', 'ahead', 'make', 'messy', 'fun', 'way']",Italian
5800,"['in', 'a', 'large', 'saucepan', 'melt', 'butter', 'over', 'medium', 'heat', 'when', 'the', 'butter', 'has', 'melted', 'stir', 'in', 'the', 'heavy', 'whipping', 'cream', 'increase', 'the', 'heat', 'a', 'bit', 'to', 'medium', 'high', 'and', 'add', '1', 'cup', 'heavy', 'whipping', 'cream', 'bring', 'the', 'sauce', 'to', 'a', 'gentle', 'boil', 'then', 'reduce', 'the', 'heat', 'to', 'medium', 'low', 'and', 'simmer', 'for', 'about', '10', 'minutes', 'as', 'it', 'simmers', 'the', 'sauce', 'will', 'start', 'to', 'thicken', 'stir', 'in', 'salt', 'and', 'black', 'pepper', 'to', 'taste', 'parsley', 'and', 'grated', 'garlic', 'reduce', 'the', 'heat', 'to', 'low', 'then', 'stir', 'in', 'the', 'finely', 'grated', 'parmesan', 'cheese', 'and', 'continue', 'stirring', 'until', 'all', 'of', 'the', 'parmesan', 'cheese', 'has', 'melted', 'remove', 'from', 'the', 'heat', 'adjust', 'salt', 'and', 'pepper', 'as', 'needed', 'and', 'serve', 'immediately', 'with', 'the', 'pasta', 'of', 'your', 'choice']","['large', 'saucepan', 'melt', 'butter', 'medium', 'heat', 'butter', 'melted', 'stir', 'heavy', 'whipping', 'cream', 'increase', 'heat', 'bit', 'medium', 'high', 'add', 'heavy', 'whipping', 'cream', 'bring', 'sauce', 'gentle', 'boil', 'reduce', 'heat', 'medium', 'low', 'simmer', 'simmers', 'sauce', 'start', 'thicken', 'stir', 'salt', 'black', 'pepper', 'taste', 'parsley', 'grated', 'garlic', 'reduce', 'heat', 'low', 'stir', 'finely', 'grated', 'parmesan', 'cheese', 'continue', 'stirring', 'parmesan', 'cheese', 'melted', 'remove', 'heat', 'adjust', 'salt', 'pepper', 'needed', 'serve', 'immediately', 'pasta', 'choice']",Italian
8359,"['place', 'the', 'lentils', 'water', 'and', 'turmeric', 'in', 'small', 'pot', 'on', 'medium', 'heat', 'stir', 'and', 'bring', 'to', 'a', 'simmer', 'but', 'do', 'not', 'allow', 'the', 'water', 'to', 'boil', 'over', 'cover', 'with', 'the', 'lid', 'slightly', 'ajar', 'and', 'turn', 'the', 'heat', 'to', 'low', 'allow', 'to', 'simmer', 'stirring', 'occasionally', 'for', '40', 'minutes', 'or', 'until', 'tender', 'add', 'the', 'salt', 'and', 'stir', 'leave', 'the', 'lentils', 'covered', 'over', 'very', 'low', 'heat', 'heat', 'the', 'vegetable', 'oil', 'in', 'a', 'small', 'frying', 'pan', 'over', 'medium-high', 'heat', 'add', 'the', 'asafetida', 'swirl', 'the', 'pan', 'a', 'few', 'times', 'and', 'immediately', 'add', 'the', 'cumin', 'seeds', 'allow', 'the', 'seeds', 'to', 'sizzle', 'for', 'about', '10', 'seconds', 'add', 'the', 'chili', 'peppers', 'they', 'will', 'puff', 'up', 'and', 'turn', 'very', 'dark', 'on', 'the', 'bottom', 'as', 'soon', 'as', 'this', 'happens', 'take', 'the', 'pan', 'off', 'the', 'heat', 'and', 'pour', 'the', 'entire', 'contents', 'into', 'the', 'lentils', 'cover', 'the', 'pot', 'immediately', 'without', 'stirring', 'and', 'allow', 'to', 'sit', 'for', '10', 'to', '15', 'minutes', 'stir', 'keep', 'on', 'heat', 'until', 'any', 'remaining', 'water', 'has', 'boiled', 'off', 'and', 'the', 'dish', 'has', 'reached', 'the', 'desired', 'thickness', 'serve', 'and', 'enjoy']","['place', 'lentils', 'water', 'turmeric', 'small', 'pot', 'medium', 'heat', 'stir', 'bring', 'simmer', 'allow', 'water', 'boil', 'cover', 'lid', 'slightly', 'ajar', 'turn', 'heat', 'low', 'allow', 'simmer', 'stirring', 'occasionally', 'tender', 'add', 'salt', 'stir', 'leave', 'lentils', 'covered', 'low', 'heat', 'heat', 'vegetable', 'oil', 'small', 'frying', 'pan', 'medium', 'high', 'heat', 'add', 'asafetida', 'swirl', 'pan', 'times', 'immediately', 'add', 'cumin', 'seeds', 'allow', 'seeds', 'sizzle', 'seconds', 'add', 'chili', 'peppers', 'puff', 'turn', 'dark', 'bottom', 'soon', 'happens', 'take', 'pan', 'heat', 'pour', 'entire', 'contents', 'lentils', 'cover', 'pot', 'immediately', 'without', 'stirring', 'allow', 'sit', 'stir', 'keep', 'heat', 'remaining', 'water', 'boiled', 'dish', 'reached', 'desired', 'thickness', 'serve', 'enjoy']",Indian
8828,"['pre-prep', 'dry', 'roast', 'only', 'cumin', 'and', 'corriander', 'seeds', 'before', 'grounding', 'use', 'clean', 'non', 'odor', 'wooden', 'spoons', 'for', 'light', 'mixing', 'assembly', 'in', 'a', 'dry', 'glass', 'mixing', 'bowl', 'begin', 'adding', 'the', 'ground', 'spices', 'this', 'recipe', 'is', 'based', 'on', 'portions/ratios', 'thus', 'you', 'can', 'used', 'the', 'standard', 'measuring', 'cups', 'or', 'even', 'a', 'cocktail', 'glass', 'a', 'home', 'though', 'the', 'spice', 'mix', 'includes', 'salt', 'the', 'final', 'dish', 'will', 'need', 'adjustments']","['pre', 'prep', 'dry', 'roast', 'cumin', 'corriander', 'seeds', 'grounding', 'use', 'clean', 'non', 'odor', 'wooden', 'spoons', 'light', 'mixing', 'assembly', 'dry', 'glass', 'mixing', 'bowl', 'begin', 'adding', 'ground', 'spices', 'recipe', 'based', 'portions/ratios', 'thus', 'used', 'standard', 'measuring', 'even', 'cocktail', 'glass', 'home', 'though', 'spice', 'mix', 'includes', 'salt', 'final', 'dish', 'need', 'adjustments']",Indian
335,"['preheat', 'the', 'oven', 'to', '350°', 'in', 'a', 'small', 'bowl', 'blend', 'the', 'ricotta', 'with', 'the', 'chives', 'and', 'season', 'with', 'salt', 'and', 'pepper', 'spread', '1', 'tablespoon', 'of', 'the', 'butter', 'in', 'a', '9-by-13-inch', 'baking', 'dish', 'sprinkle', 'the', 'parmesan', 'over', 'the', 'bottom', 'of', 'the', 'dish', 'bring', 'a', 'medium', 'saucepan', 'of', 'salted', 'water', 'to', 'a', 'boil', 'have', 'ready', 'a', 'large', 'bowl', 'of', 'cold', 'water', 'cut', 'the', 'pasta', 'sheets', 'into', 'eight', '6-inch', 'squares', 'add', 'the', 'sheets', 'to', 'the', 'boiling', 'water', 'and', 'cook', 'them', 'until', 'tender', 'about', '2', 'minutes', 'using', 'a', 'slotted', 'spoon', 'or', 'a', 'chinese', 'wire', 'skimmer', 'transfer', 'the', 'sheets', 'to', 'the', 'bowl', 'of', 'cold', 'water', 'and', 'let', 'cool', 'spread', 'the', 'sheets', 'on', 'paper', 'towels', 'and', 'pat', 'dry', 'transfer', 'the', 'pasta', 'sheets', 'to', 'a', 'work', 'surface', 'spread', '1/4', 'cup', 'of', 'the', 'ricotta', 'filling', 'at', 'one', 'edge', 'of', 'each', 'pasta', 'sheet', 'and', 'roll', 'up', 'loosely', 'to', 'make', 'flattened', 'cylinders', 'transfer', 'the', 'cannelloni', 'to', 'the', 'prepared', 'baking', 'dish', 'and', 'spread', '1/2', 'tablespoon', 'of', 'the', 'butter', 'over', 'them', 'bake', 'the', 'cannelloni', 'for', 'about', '12', 'minutes', 'or', 'until', 'heated', 'through', 'meanwhile', 'in', 'a', 'medium', 'skillet', 'heat', 'the', 'olive', 'oil', 'add', 'the', 'leeks', 'season', 'with', 'salt', 'and', 'pepper', 'and', 'cook', 'over', 'moderately', 'low', 'heat', 'stirring', 'occasionally', 'until', 'softened', 'about', '8', 'minutes', 'increase', 'the', 'heat', 'to', 'moderate', 'add', 'the', 'shrimp', 'season', 'with', 'salt', 'and', 'pepper', 'and', 'stir', 'occasionally', 'until', 'the', 'shrimp', 'are', 'cooked', 'about', '3', 'minutes', 'add', 'the', 'armagnac', 'and', 'carefully', 'light', 'it', 'with', 'a', 'long-handled', 'match', 'when', 'the', 'flames', 'die', 'down', 'swirl', 'in', 'the', 'remaining', '1', 'tablespoon', 'of', 'butter', 'spoon', 'the', 'leeks', 'and', 'shrimp', 'over', 'the', 'cannelloni', 'and', 'serve']","['preheat', 'oven', '350°', 'small', 'bowl', 'blend', 'ricotta', 'chives', 'season', 'salt', 'pepper', 'spread', 'butter', '9', '13', 'inch', 'baking', 'dish', 'sprinkle', 'parmesan', 'bottom', 'dish', 'bring', 'medium', 'saucepan', 'salted', 'water', 'boil', 'ready', 'large', 'bowl', 'cold', 'water', 'cut', 'pasta', 'sheets', 'eight', '6', 'inch', 'squares', 'add', 'sheets', 'boiling', 'water', 'cook', 'tender', 'using', 'slotted', 'spoon', 'chinese', 'wire', 'skimmer', 'transfer', 'sheets', 'bowl', 'cold', 'water', 'let', 'cool', 'spread', 'sheets', 'paper', 'towels', 'pat', 'dry', 'transfer', 'pasta', 'sheets', 'work', 'surface', 'spread', 'ricotta', 'filling', 'one', 'edge', 'pasta', 'sheet', 'roll', 'loosely', 'make', 'flattened', 'cylinders', 'transfer', 'cannelloni', 'prepared', 'baking', 'dish', 'spread', 'butter', 'bake', 'cannelloni', 'heated', 'meanwhile', 'medium', 'skillet', 'heat', 'olive', 'oil', 'add', 'leeks', 'season', 'salt', 'pepper', 'cook', 'moderately', 'low', 'heat', 'stirring', 'occasionally', 'softened', 'increase', 'heat', 'moderate', 'add', 'shrimp', 'season', 'salt', 'pepper', 'stir', 'occasionally', 'shrimp', 'cooked', 'add', 'armagnac', 'carefully', 'light', 'long', 'handled', 'match', 'flames', 'die', 'swirl', 'remaining', 'butter', 'spoon', 'leeks', 'shrimp', 'cannelloni', 'serve']",Italian
5368,"['preheat', 'the', 'oven', 'to', '350', 'degrees', 'f.', 'spray', 'a', '9-inch', 'springform', 'pan', 'the', 'nonstick', 'spray', 'refrigerate', 'microwave', 'the', 'chocolate', 'until', 'melted', 'and', 'smooth', 'stirring', 'every', '20', 'seconds', 'for', 'about', '1', 'minute', 'combine', 'the', 'almonds', 'and', 'cookies', 'in', 'processor', 'pulse', 'until', 'the', 'almonds', 'and', 'cookies', 'are', 'finely', 'ground', 'transfer', 'the', 'nut', 'mixture', 'to', 'a', 'medium', 'bowl', 'add', 'the', 'butter', 'and', 'sugar', 'to', 'the', 'processor', 'and', 'blend', 'until', 'creamy', 'and', 'smooth', 'add', 'the', 'grated', 'orange', 'peel', 'and', 'pulse', 'briefly', 'until', 'incorporated', 'add', 'the', 'eggs', '1', 'at', 'a', 'time', 'blend', 'until', 'the', 'eggs', 'are', 'incorporated', 'clean', 'the', 'sides', 'of', 'the', 'mixing', 'bowl', 'and', 'blend', 'again', 'add', 'the', 'nut', 'mixture', 'and', 'melted', 'chocolate', 'pulse', 'until', 'blended', 'clean', 'the', 'sides', 'of', 'the', 'bowl', 'blend', 'again', 'pour', 'the', 'batter', 'into', 'the', 'prepared', 'pan', 'bake', 'until', 'the', 'center', 'puffs', 'and', 'a', 'tester', 'inserted', 'into', 'the', 'center', 'of', 'the', 'cake', 'comes', 'out', 'clean', 'about', '35', 'minutes', 'cool', 'the', 'cake', 'in', 'the', 'pan', 'for', '15', 'minutes', 'transfer', 'the', 'cake', 'to', 'a', 'platter', 'sift', 'the', 'cocoa', 'powder', 'over', 'and', 'serve']","['preheat', 'oven', 'f.', 'spray', '9', 'inch', 'springform', 'pan', 'nonstick', 'spray', 'refrigerate', 'microwave', 'chocolate', 'melted', 'smooth', 'stirring', 'every', 'seconds', 'combine', 'almonds', 'cookies', 'processor', 'pulse', 'almonds', 'cookies', 'finely', 'ground', 'transfer', 'nut', 'mixture', 'medium', 'bowl', 'add', 'butter', 'sugar', 'processor', 'blend', 'creamy', 'smooth', 'add', 'grated', 'orange', 'peel', 'pulse', 'briefly', 'incorporated', 'add', 'eggs', 'time', 'blend', 'eggs', 'incorporated', 'clean', 'sides', 'mixing', 'bowl', 'blend', 'add', 'nut', 'mixture', 'melted', 'chocolate', 'pulse', 'blended', 'clean', 'sides', 'bowl', 'blend', 'pour', 'batter', 'prepared', 'pan', 'bake', 'center', 'puffs', 'tester', 'inserted', 'center', 'cake', 'comes', 'clean', 'cool', 'cake', 'pan', 'transfer', 'cake', 'platter', 'sift', 'cocoa', 'powder', 'serve']",Italian
10768,"['mix', 'everything', 'in', 'a', 'pan', 'heat', 'on', 'low', 'flame', 'stir', 'the', 'mixture', 'continuously', 'till', 'it', 'turns', 'golden', 'brown', 'and', 'the', 'fat', 'gets', 'separated', 'add', '1/4', 'cup', 'water', 'stir', 'for', 'a', 'couple', 'of', 'minutes', 'before', 'removing', 'from', 'heat', 'serve', 'hot', 'or', 'cold']","['mix', 'everything', 'pan', 'heat', 'low', 'flame', 'stir', 'mixture', 'continuously', 'till', 'turns', 'golden', 'brown', 'fat', 'gets', 'separated', 'add', 'water', 'stir', 'couple', 'removing', 'heat', 'serve', 'hot', 'cold']",Indian
7912,"['season', 'chicken', 'cubes', 'with', 'salt', 'and', 'pepper', 'heat', 'oil', 'and', 'butter', 'in', 'a', 'dutch', 'oven', 'with', 'a', 'tight-fitting', 'lid', 'over', 'medium', 'heat', 'add', 'in', 'chicken', 'then', 'brown', 'until', 'cooked', 'through', 'remove', 'to', 'plate', 'add', 'in', 'the', 'onions', 'and', '1', 'teaspoon', 'sugar', 'saute', 'stirring', 'with', 'wooden', 'spoon', 'for', 'about', '15-20', 'minutes', 'until', 'browned', 'the', 'onions', 'must', 'be', 'browned', 'adding', 'in', 'garlic', 'the', 'last', '4-5', 'minutes', 'of', 'cooking', 'add', 'in', 'curry', 'powder', 'and', 'turmeric', 'stir', 'for', '1-2', 'minutes', 'to', 'release', 'flavours', 'add', 'in', 'basmati', 'rice', 'and', 'stir', 'with', 'wooden', 'spoon', 'for', '2-3', 'minutes', 'slowly', 'add', 'in', 'the', 'chicken', 'broth', 'and', 'water', 'for', 'firmer', 'rice', 'use', 'a', 'little', 'less', 'water', 'or', 'broth', 'stirring', 'with', 'a', 'wooden', 'spoon', 'to', 'combine', 'return', 'the', 'chicken', 'back', 'to', 'the', 'pot', 'along', 'with', 'the', 'raisins', 'frozen', 'peas', 'and', 'almonds', 'stir', 'and', 'bring', 'to', 'a', 'boil', 'over', 'medium', 'heat', 'at', 'this', 'point', 'adjust', 'the', 'curry', 'powder', 'to', 'taste', 'cover', 'with', 'tight-fitting', 'lid', 'and', 'simmer', 'on', 'top', 'of', 'stove', 'over', 'medium-low', 'heat', 'for', 'about', '20', 'minutes', 'or', 'until', 'the', 'rice', 'is', 'cooked', 'and', 'all', 'broth', 'is', 'absorbed', 'season', 'with', 'salt', 'and', 'lots', 'black', 'pepper']","['season', 'chicken', 'cubes', 'salt', 'pepper', 'heat', 'oil', 'butter', 'dutch', 'oven', 'tight', 'fitting', 'lid', 'medium', 'heat', 'add', 'chicken', 'brown', 'cooked', 'remove', 'plate', 'add', 'onions', 'sugar', 'saute', 'stirring', 'wooden', 'spoon', 'browned', 'onions', 'must', 'browned', 'adding', 'garlic', 'last', 'cooking', 'add', 'curry', 'powder', 'turmeric', 'stir', 'release', 'flavours', 'add', 'basmati', 'rice', 'stir', 'wooden', 'spoon', 'slowly', 'add', 'chicken', 'broth', 'water', 'firmer', 'rice', 'use', 'little', 'less', 'water', 'broth', 'stirring', 'wooden', 'spoon', 'combine', 'return', 'chicken', 'back', 'pot', 'along', 'raisins', 'frozen', 'peas', 'almonds', 'stir', 'bring', 'boil', 'medium', 'heat', 'point', 'adjust', 'curry', 'powder', 'taste', 'cover', 'tight', 'fitting', 'lid', 'simmer', 'top', 'stove', 'medium', 'low', 'heat', 'rice', 'cooked', 'broth', 'absorbed', 'season', 'salt', 'lots', 'black', 'pepper']",Indian
4597,"['in', 'a', 'large', 'pot', 'brown', 'meat', 'if', 'you', 'only', 'brown', 'one', 'side', 'of', 'meat', 'it', 'will', 'retain', 'it', ""'s"", 'size', 'and', 'absorb', 'more', 'flavour', 'from', 'the', 'sauce', 'add', 'all', 'other', 'ingredients', 'heat', 'to', 'a', 'near', 'boil', 'reduce', 'heat', 'and', 'allow', 'to', 'simmer', 'for', '6-8', 'hours', 'until', 'sauce', 'thickens', 'serve', 'with', 'spaghetti', 'noodles', 'and', 'cheese', 'of', 'your', 'choice']","['large', 'pot', 'brown', 'meat', 'brown', 'one', 'side', 'meat', 'retain', 'size', 'absorb', 'flavour', 'sauce', 'add', 'ingredients', 'heat', 'near', 'boil', 'reduce', 'heat', 'allow', 'simmer', 'sauce', 'thickens', 'serve', 'spaghetti', 'noodles', 'cheese', 'choice']",Italian
2502,"['remove', 'all', 'sinew', 'and', 'cartilege', 'from', 'the', 'chicken', 'breast', 'and', 'cut', 'into', 'strips', 'about', '1', 'and', '1/2', 'inches', 'long', 'and', 'a', 'half', 'inch', 'wide', 'scrape', 'and', 'trim', 'the', 'asparagus', 'discarding', 'any', 'tough', 'ends', 'and', 'cut', 'on', 'the', 'diagonal', 'into', 'one', 'and', 'half', 'lengths', 'drop', 'the', 'asparagus', 'into', 'rapidly', 'boiling', 'water', 'and', 'cook', 'for', 'just', 'a', 'few', 'moments-they', 'should', 'still', 'be', 'crisp-and', 'drain', 'and', 'reserve', 'keeping', 'warm', 'cook', 'the', 'pasta', 'in', 'rapidly', 'boiling', 'salted', 'water', 'until', 'al', 'dente', 'and', 'drain', 'and', 'reserve', 'keeping', 'warm', 'heat', 'the', 'butter', 'in', 'a', 'casserole', 'and', 'add', 'the', 'chicken', 'strips', 'stirring', 'and', 'seasoning', 'with', 'coarse', 'salt', 'and', 'freshly', 'ground', 'pepper', 'cooking', 'less', 'than', 'a', 'minute', 'until', 'the', 'chicken', 'just', 'begins', 'to', 'change', 'color', 'add', 'the', 'asparagus', 'and', 'stir', 'add', 'the', 'shallots', 'and', 'cook', 'briefly', 'about', '30', 'seconds', 'add', 'the', 'cream', 'hot', 'red', 'pepper', 'or', 'pepper', 'flakes', 'and', 'the', 'tarragon', 'and', 'stir', 'break', 'the', 'gorgonzola', 'cheese', 'into', 'small', 'lumps', 'and', 'add', 'it', 'cooking', 'just', 'until', 'the', 'cheese', 'melts', 'add', 'a', 'generous', 'grinding', 'of', 'black', 'pepper', 'and', 'the', 'tarragon', 'and', 'stir', 'add', 'the', 'drained', 'pasta', 'and', 'toss', 'well', 'serve', 'with', 'grated', 'parmesan', 'on', 'the', 'side']","['remove', 'sinew', 'cartilege', 'chicken', 'breast', 'cut', 'strips', 'long', 'half', 'wide', 'scrape', 'trim', 'asparagus', 'discarding', 'tough', 'ends', 'cut', 'diagonal', 'one', 'half', 'lengths', 'drop', 'asparagus', 'rapidly', 'boiling', 'water', 'cook', 'moments', 'still', 'crisp', 'drain', 'reserve', 'keeping', 'warm', 'cook', 'pasta', 'rapidly', 'boiling', 'salted', 'water', 'al', 'dente', 'drain', 'reserve', 'keeping', 'warm', 'heat', 'butter', 'casserole', 'add', 'chicken', 'strips', 'stirring', 'seasoning', 'coarse', 'salt', 'freshly', 'ground', 'pepper', 'cooking', 'less', 'chicken', 'begins', 'change', 'color', 'add', 'asparagus', 'stir', 'add', 'shallots', 'cook', 'briefly', 'seconds', 'add', 'cream', 'hot', 'red', 'pepper', 'pepper', 'flakes', 'tarragon', 'stir', 'break', 'gorgonzola', 'cheese', 'small', 'lumps', 'add', 'cooking', 'cheese', 'melts', 'add', 'generous', 'grinding', 'black', 'pepper', 'tarragon', 'stir', 'add', 'drained', 'pasta', 'toss', 'well', 'serve', 'grated', 'parmesan', 'side']",Italian
4289,"['heat', 'oil', 'in', 'large', 'skillet', 'on', 'med-high', 'heat', 'preheat', 'oven', 'at', '350°f', 'peel', 'eggplant', 'and', 'cut', 'in', '1/2', 'inch', 'slices', 'lay', 'flat', 'and', 'salt', 'the', 'eggplant', 'set', 'aside', 'cut', 'tomato', 'into', '1/2', 'inch', 'slices', 'beat', 'eggs', 'in', 'large', 'shallow', 'bowl', 'set', 'aside', 'combine', 'breadcrumbs', 'with', 'salt', 'pepper', 'basil', 'oregano', 'parsley', 'and', 'garlic', 'powder', 'set', 'in', 'large', 'shallow', 'bowl', 'when', 'the', 'eggplant', 'starts', 'to', 'sweat', 'blot', 'up', 'liquid', 'with', 'paper', 'towel', 'this', 'takes', 'the', 'bitterness', 'out', 'of', 'the', 'eggplant', 'dip', 'eggplant', 'into', 'egg', 'then', 'into', 'breadcrumbs', 'pan', 'fry', 'the', 'eggplant', 'until', 'golden', 'brown', 'repeat', 'same', 'process', 'with', 'tomato', 'slices', 'note', 'breadcrumbs', 'tend', 'to', 'soak', 'up', 'the', 'oil', 'when', 'cooking', 'so', 'you', 'may', 'need', 'more', 'to', 'finish', 'frying', 'sliced', 'tomatoes/veggies', 'when', 'all', 'slices', 'are', 'fried', 'take', 'large', 'baking', 'dish', 'and', 'cover', 'bottom', 'of', 'pan', 'with', 'gravy', 'place', 'a', 'layer', 'of', 'breaded', 'eggplant', 'on', 'the', 'gravy', 'followed', 'by', 'a', 'thin', 'layer', 'of', 'mozzarella', 'cheese', 'then', 'place', 'a', 'layer', 'of', 'tomato', 'slices', 'on', 'top', 'the', 'cheese', 'next', 'place', 'a', 'thin', 'layer', 'of', 'gravy', 'over', 'the', 'tomato', 'followed', 'by', 'another', 'layer', 'of', 'cheese', 'repeat', 'until', 'casserole', 'dish', 'is', 'full', 'the', 'last', 'layers', 'should', 'be', 'gravy', 'and', 'cheese', 'place', 'full', 'casserole', 'into', 'preheated', 'oven', 'bake', 'for', '25-30', 'minutes', 'enjoy']","['heat', 'oil', 'large', 'skillet', 'med', 'high', 'heat', 'preheat', 'oven', '350°f', 'peel', 'eggplant', 'cut', 'slices', 'lay', 'flat', 'salt', 'eggplant', 'set', 'aside', 'cut', 'tomato', 'slices', 'beat', 'eggs', 'large', 'shallow', 'bowl', 'set', 'aside', 'combine', 'breadcrumbs', 'salt', 'pepper', 'basil', 'oregano', 'parsley', 'garlic', 'powder', 'set', 'large', 'shallow', 'bowl', 'eggplant', 'starts', 'sweat', 'blot', 'liquid', 'paper', 'towel', 'takes', 'bitterness', 'eggplant', 'dip', 'eggplant', 'egg', 'breadcrumbs', 'pan', 'fry', 'eggplant', 'golden', 'brown', 'repeat', 'process', 'tomato', 'slices', 'note', 'breadcrumbs', 'tend', 'soak', 'oil', 'cooking', 'may', 'need', 'finish', 'frying', 'sliced', 'tomatoes/veggies', 'slices', 'fried', 'take', 'large', 'baking', 'dish', 'cover', 'bottom', 'pan', 'gravy', 'place', 'layer', 'breaded', 'eggplant', 'gravy', 'followed', 'thin', 'layer', 'mozzarella', 'cheese', 'place', 'layer', 'tomato', 'slices', 'top', 'cheese', 'next', 'place', 'thin', 'layer', 'gravy', 'tomato', 'followed', 'another', 'layer', 'cheese', 'repeat', 'casserole', 'dish', 'full', 'last', 'layers', 'gravy', 'cheese', 'place', 'full', 'casserole', 'preheated', 'oven', 'bake', 'enjoy']",Italian
6890,"['cut', 'some', 'pieces', 'of', 'fat', 'from', 'the', 'lamb', 'meat', 'these', 'will', 'be', 'used', 'to', 'fry', 'the', 'lamb', 'about', '150-200', 'gms', 'of', 'fat', 'will', 'be', 'needed', 'per', '1', 'kg', 'of', 'meat', 'fry', 'the', 'fat', 'pieces', 'in', 'a', 'pot', 'until', 'brown', 'and', 'the', 'most', 'of', 'the', 'fat', 'has', 'been', 'melted', 'add', 'the', 'lamb', 'pieces', 'and', 'cover', 'the', 'pot', 'leave', 'to', 'cook', 'on', 'low', 'heat', 'for', 'about', '30', 'minutes', 'stirring', 'every', '10', 'minutes', 'throw', 'in', 'the', 'ginger', 'and', 'chillies', 'and', 'the', '3', 'tbsp', 'of', 'oil', 'and', 'leave', 'for', '3', 'minutes', 'throw', 'in', 'the', 'tomatoes', 'chopped', 'or', 'whole', 'and', 'leave', 'for', 'about', '5', 'minutes', 'until', 'the', 'tomatoes', 'are', 'soft', 'stir', 'and', 'leave', 'for', 'another', '5', 'mintues', 'serve', 'with', 'toasted', 'bread', 'or', 'naan']","['cut', 'pieces', 'fat', 'lamb', 'meat', 'used', 'fry', 'lamb', 'gms', 'fat', 'needed', 'per', 'meat', 'fry', 'fat', 'pieces', 'pot', 'brown', 'fat', 'melted', 'add', 'lamb', 'pieces', 'cover', 'pot', 'leave', 'cook', 'low', 'heat', 'stirring', 'every', 'throw', 'ginger', 'chillies', 'oil', 'leave', 'throw', 'tomatoes', 'chopped', 'whole', 'leave', 'tomatoes', 'soft', 'stir', 'leave', 'another', 'mintues', 'serve', 'toasted', 'bread', 'naan']",Indian
11214,"['cut', 'skinned', 'cod', 'fillets', 'into', 'pieces', 'each', 'piece', 'about', 'three', 'bites', 'large', 'mix', 'together', 'turmeric', 'and', 'salt', 'in', 'a', 'small', 'bowl', 'spoon', 'the', 'turmeric', 'and', 'salt', 'mixture', 'over', 'the', 'fish', 'pieces', 'heat', 'the', 'oil', 'in', 'a', 'skillet', 'add', 'the', 'fish', 'and', 'fry', 'until', 'pale', 'golden', 'yellow', 'remove', 'the', 'fish', 'with', 'a', 'slotted', 'spoon', 'and', 'set', 'aside', 'place', 'the', 'green', 'chilies', 'ginger', 'garlic', 'onions', 'tomatoes', 'and', 'mustard', 'oil', 'in', 'a', 'food', 'processor', 'and', 'blend', 'into', 'a', 'paste', 'pour', 'paste', 'into', 'sauce', 'pan', 'and', 'dry-fry', 'until', 'golden', 'brown', 'remove', 'the', 'pan', 'from', 'the', 'heat', 'and', 'gently', 'place', 'the', 'fish', 'pieces', 'into', 'the', 'paste', 'without', 'breaking', 'the', 'fish', 'up', 'return', 'the', 'pan', 'to', 'medium', 'heat', 'add', 'the', 'water', 'and', 'cook', 'the', 'fish', 'uncovered', 'for', '15-20', 'minutes', 'serve', 'immediately', 'garnished', 'with', 'chopped', 'cilantro']","['cut', 'skinned', 'cod', 'fillets', 'pieces', 'piece', 'three', 'bites', 'large', 'mix', 'together', 'turmeric', 'salt', 'small', 'bowl', 'spoon', 'turmeric', 'salt', 'mixture', 'fish', 'pieces', 'heat', 'oil', 'skillet', 'add', 'fish', 'fry', 'pale', 'golden', 'yellow', 'remove', 'fish', 'slotted', 'spoon', 'set', 'aside', 'place', 'green', 'chilies', 'ginger', 'garlic', 'onions', 'tomatoes', 'mustard', 'oil', 'food', 'processor', 'blend', 'paste', 'pour', 'paste', 'sauce', 'pan', 'dry', 'fry', 'golden', 'brown', 'remove', 'pan', 'heat', 'gently', 'place', 'fish', 'pieces', 'paste', 'without', 'breaking', 'fish', 'return', 'pan', 'medium', 'heat', 'add', 'water', 'cook', 'fish', 'uncovered', 'serve', 'immediately', 'garnished', 'chopped', 'cilantro']",Indian
4050,"['combine', 'tomatoes', 'garlic', 'and', 'basil', 'taste', 'and', 'add', 'salt', 'and', 'pepper-', 'cover', 'and', 'chill', 'for', 'about', '2', 'hours', 'take', 'baguette', 'slices', 'place', 'on', 'cookie', 'sheet', 'and', 'broil', 'until', 'lightly', 'brown', 'turn', 'and', 'allow', 'other', 'side', 'to', 'brown', 'while', 'still', 'warm', 'rub', 'garlic', 'clove', 'on', 'surface', 'of', 'toast', 'spoon', 'tomato', 'mixture', 'on', 'toast']","['combine', 'tomatoes', 'garlic', 'basil', 'taste', 'add', 'salt', 'pepper', 'cover', 'chill', 'take', 'baguette', 'slices', 'place', 'cookie', 'sheet', 'broil', 'lightly', 'brown', 'turn', 'allow', 'side', 'brown', 'still', 'warm', 'rub', 'garlic', 'clove', 'surface', 'toast', 'spoon', 'tomato', 'mixture', 'toast']",Italian
5884,"['in', 'a', 'large', 'pot', 'of', 'boiling', 'water', 'cook', 'pasta', 'until', 'tender', 'but', 'firm', 'drain', 'in', 'a', 'large', 'skillet', 'cook', 'beef', 'over', 'medium-high', 'heat', 'until', 'browned', 'add', 'onions', 'and', 'carrots', 'cook', 'for', '3', 'to', '4', 'minutes', 'stir', 'in', 'pasta', 'sauce', 'and', 'italian', 'seasoning', 'oregano', 'or', 'basil', 'remove', 'from', 'heat', 'and', 'set', 'aside', 'in', 'a', 'bowl', 'combine', 'ricotta', 'cheese', 'egg', 'and', '1/2', 'cup', 'of', 'the', 'mozzarella', 'cheese', 'set', 'aside', 'to', 'assemble', 'spread', 'half', 'of', 'the', 'meat', 'mixture', 'on', 'bottom', 'of', 'greased', '13x9-inch', 'baking', 'dish', 'top', 'with', 'all', 'of', 'the', 'pasta', 'spread', 'all', 'of', 'the', 'cheese', 'mixture', 'over', 'pasta', 'top', 'with', 'remaining', 'meat', 'mixture', 'sprinkle', 'with', 'remaining', 'mozzarella', 'cheese', 'and', 'parmesan', 'cheese', 'bake', 'in', 'preheated', 'oven', 'uncovered', 'for', '35', 'to', '45', 'minutes', 'or', 'until', 'bubbling', 'let', 'stand', 'for', '10', 'minutes', 'before', 'serving']","['large', 'pot', 'boiling', 'water', 'cook', 'pasta', 'tender', 'firm', 'drain', 'large', 'skillet', 'cook', 'beef', 'medium', 'high', 'heat', 'browned', 'add', 'onions', 'carrots', 'cook', 'stir', 'pasta', 'sauce', 'italian', 'seasoning', 'oregano', 'basil', 'remove', 'heat', 'set', 'aside', 'bowl', 'combine', 'ricotta', 'cheese', 'egg', 'mozzarella', 'cheese', 'set', 'aside', 'assemble', 'spread', 'half', 'meat', 'mixture', 'bottom', 'greased', '13x9', 'inch', 'baking', 'dish', 'top', 'pasta', 'spread', 'cheese', 'mixture', 'pasta', 'top', 'remaining', 'meat', 'mixture', 'sprinkle', 'remaining', 'mozzarella', 'cheese', 'parmesan', 'cheese', 'bake', 'preheated', 'oven', 'uncovered', 'bubbling', 'let', 'stand', 'serving']",Italian
2805,"['mix', 'all', 'ingridients', 'in', 'medium', 'sauce', 'pan', 'over', 'medium-high', 'heat', 'bring', 'to', 'a', 'boil', 'and', 'simmer', 'on', 'low', 'for', '3-5', 'minutes', 'serve', 'immediately', 'over', 'pasta', 'or', 'meat', 'as', 'a', 'sauce', 'or', 'let', 'stand', 'for', '30', 'minutes', 'to', 'cool', 'before', 'using', 'as', 'a', 'marinade']","['mix', 'ingridients', 'medium', 'sauce', 'pan', 'medium', 'high', 'heat', 'bring', 'boil', 'simmer', 'low', 'serve', 'immediately', 'pasta', 'meat', 'sauce', 'let', 'stand', 'cool', 'using', 'marinade']",Italian
6697,"['wash', 'okra', 'bhindi', 'well', 'dry', 'it', 'then', 'cut', 'in', 'thin', 'stripes', 'mix', 'the', 'okra', 'with', 'salt.then', 'heat', 'the', 'oil', 'and', 'fry', 'okra', 'till', 'it', 'becomes', 'crispy', 'now', 'dish', 'out', 'and', 'then', 'squeeze', 'lemon', 'juice', 'and', 'sprinkle', 'chat', 'masla', 'on', 'it']","['wash', 'okra', 'bhindi', 'well', 'dry', 'cut', 'thin', 'stripes', 'mix', 'okra', 'salt.then', 'heat', 'oil', 'fry', 'okra', 'till', 'becomes', 'crispy', 'dish', 'squeeze', 'lemon', 'juice', 'sprinkle', 'chat', 'masla']",Indian
3027,"['prepare', 'a', 'moderately', 'hot', 'grill', 'on', 'a', 'platter', 'pour', '2', 't', 'dressing', 'over', 'eggplant', 'slices', 'i', 'brush', 'the', 'slices', 'to', 'cut', 'back', 'on', 'calories', 'grill', 'eggplant', 'over', 'moderate', 'heat', 'brushing', 'with', 'more', 'dressing', 'until', 'charred', 'and', 'soft', 'on', 'the', 'inside', 'about', '5', 'minutes', 'meanwhile', 'brush', 'cut', 'sides', 'of', 'rolls', 'with', 'remaining', 'dressing', 'place', 'around', 'edge', 'of', 'grill', 'and', 'toast', 'until', 'a', 'golden', 'brown', 'about', '2', 'minutes', 'layer', 'rolls', 'with', 'eggplant', 'cheese', 'tomato', 'and', 'basil', 'leaves', 'and', 'replace', 'tops']","['prepare', 'moderately', 'hot', 'grill', 'platter', 'pour', 'dressing', 'eggplant', 'slices', 'brush', 'slices', 'cut', 'back', 'calories', 'grill', 'eggplant', 'moderate', 'heat', 'brushing', 'dressing', 'charred', 'soft', 'inside', 'meanwhile', 'brush', 'cut', 'sides', 'rolls', 'remaining', 'dressing', 'place', 'around', 'edge', 'grill', 'toast', 'golden', 'brown', 'layer', 'rolls', 'eggplant', 'cheese', 'tomato', 'basil', 'leaves', 'replace', 'tops']",Italian
7491,"['cut', 'the', 'racks', 'of', 'lamb', 'into', ""the'popsicles"", 'by', 'slicing', 'the', 'chops', 'in', 'between', 'the', 'bones', 'mix', 'the', 'white', 'wine', 'mustard', 'and', 'salt', 'together', 'in', 'a', 'large', 'bowl', 'then', 'add', 'the', 'popsicles', 'turning', 'to', 'coat', 'them', 'on', 'all', 'sides', 'cover', 'and', 'set', 'aside', 'in', 'the', 'refrigerator', 'for', 'a', 'couple', 'of', 'hours', 'in', 'a', 'separate', 'bowl', 'mix', 'together', 'the', 'whipping', 'cream', 'salt', 'paprika', 'cayenne', 'fenugreek', 'flakes', 'and', 'lemon', 'juice', 'in', 'a', 'medium-sized', 'heavy', 'pot', 'sauté', 'the', 'crushed', 'garlic', 'in', 'the', 'canola', 'oil', 'once', 'the', 'garlic', 'is', 'golden', 'in', 'colour', 'add', 'the', 'turmeric', 'stir', 'and', 'heat', 'for', 'one', 'minute', 'add', 'the', 'whipping', 'cream', 'mixture', 'stir', 'and', 'heat', 'on', 'low', 'to', 'medium', 'heat', 'for', 'a', 'few', 'minutes', 'the', 'water', 'in', 'the', 'whipping', 'cream', 'will', 'evaporate', 'thickening', 'the', 'sauce', 'if', 'your', 'heat', 'is', 'too', 'high', 'the', 'cream', 'will', 'separate', 'if', 'making', 'the', 'sauce', 'a', 'day', 'ahead', 'let', 'the', 'garlic', 'mixture', 'cool', 'completely', 'then', 'add', 'to', 'the', 'cream', 'mixture', 'and', 'refrigerate', 'thicken', 'the', 'sauce', 'close', 'to', 'serving', 'time', 'by', 'heating', 'gently', 'grill', 'the', 'popsicles', 'just', 'before', 'you', 'are', 'ready', 'to', 'serve', 'your', 'meal', 'you', 'can', 'either', 'pour', 'the', 'cream', 'curry', 'over', 'the', 'grilled', 'popsicles', 'or', 'use', 'it', 'as', 'a', 'dipping', 'curry', 'for', 'them']","['cut', 'racks', 'lamb', ""the'popsicles"", 'slicing', 'chops', 'bones', 'mix', 'white', 'wine', 'mustard', 'salt', 'together', 'large', 'bowl', 'add', 'popsicles', 'turning', 'coat', 'sides', 'cover', 'set', 'aside', 'refrigerator', 'couple', 'separate', 'bowl', 'mix', 'together', 'whipping', 'cream', 'salt', 'paprika', 'cayenne', 'fenugreek', 'flakes', 'lemon', 'juice', 'medium', 'sized', 'heavy', 'pot', 'sauté', 'crushed', 'garlic', 'canola', 'oil', 'garlic', 'golden', 'colour', 'add', 'turmeric', 'stir', 'heat', 'one', 'add', 'whipping', 'cream', 'mixture', 'stir', 'heat', 'low', 'medium', 'heat', 'water', 'whipping', 'cream', 'evaporate', 'thickening', 'sauce', 'heat', 'high', 'cream', 'separate', 'making', 'sauce', 'day', 'ahead', 'let', 'garlic', 'mixture', 'cool', 'completely', 'add', 'cream', 'mixture', 'refrigerate', 'thicken', 'sauce', 'close', 'serving', 'time', 'heating', 'gently', 'grill', 'popsicles', 'ready', 'serve', 'meal', 'either', 'pour', 'cream', 'curry', 'grilled', 'popsicles', 'use', 'dipping', 'curry']",Indian
3306,"['use', 'a', 'large', 'stock', 'pot', 'or', 'heavy', 'bottom', 'pot', 'saute', 'the', 'onion', 'carrot', 'and', 'celery', 'in', 'olive', 'oil', 'for', 'a', 'few', 'minutes', 'then', 'add', 'the', 'garlic', 'and', 'sausage', 'cook', 'til', 'meat', 'is', 'done', 'and', 'veg', 'is', 'translucent', 'add', 'tomato', 'paste', 'cook', 'for', '1-2', 'minutes', 'together', 'add', 'all', 'broth', 'and', 'water', 'stirring', 'to', 'get', 'bits', 'from', 'bottom', 'incorporated', 'add', 'stewed', 'tomatoes', 'and', 'spices', 'simmer', 'for', '30', 'minutes', 'covered', 'partially', 'add', 'beans', 'and', 'orzo', 'pasta', 'cook', '10', 'more', 'minutes', 'salt', 'and', 'pepper', 'to', 'taste', 'serve', 'with', 'grated', 'parmesan', 'cheese', 'and', 'crusty', 'bread', 'enjoy', 'for', 'days', 'we', 'did']","['use', 'large', 'stock', 'pot', 'heavy', 'bottom', 'pot', 'saute', 'onion', 'carrot', 'celery', 'olive', 'oil', 'add', 'garlic', 'sausage', 'cook', 'til', 'meat', 'done', 'veg', 'translucent', 'add', 'tomato', 'paste', 'cook', 'together', 'add', 'broth', 'water', 'stirring', 'get', 'bits', 'bottom', 'incorporated', 'add', 'stewed', 'tomatoes', 'spices', 'simmer', 'covered', 'partially', 'add', 'beans', 'orzo', 'pasta', 'cook', 'salt', 'pepper', 'taste', 'serve', 'grated', 'parmesan', 'cheese', 'crusty', 'bread', 'enjoy', 'days']",Italian
4510,"['mix', 'all', 'ingredients', 'together', 'shape', 'mixture', 'into', 'balls', 'and', 'then', 'brown', 'in', 'oil', 'place', 'meatballs', 'in', 'sauce', 'and', 'simmer', 'about', '1/2', 'hour', 'or', 'so', 'until', 'heated', 'through', 'to', 'your', 'liking']","['mix', 'ingredients', 'together', 'shape', 'mixture', 'balls', 'brown', 'oil', 'place', 'meatballs', 'sauce', 'simmer', 'heated', 'liking']",Italian
7239,"['dissolve', 'sugar', 'in', 'water', 'stir', 'and', 'simmer', 'on', 'low', 'flame', 'for', '2', 'minutes', 'add', 'in', 'sweetened', 'condensed', 'milk', 'stir', 'and', 'bring', 'to', 'a', 'boil', 'meanwhile', 'put', 'the', 'cocoa', 'powder', 'coffee', 'and', 'cappucino', 'powder', 'in', 'your', 'coffee', 'mug', 'pour', 'the', 'milk-water-sugar', 'mixture', 'over', 'these', 'dry', 'ingredients', 'stir', 'vigorously', 'until', 'combined', 'keep', 'aside', 'for', '10', 'minutes', 'to', 'allow', 'it', ""to'cream"", 'together', 'sit', 'back', 'log', 'onto', 'zaar', 'and', 'sip', 'sip', 'sip', 'my', 'very', 'own', 'magical', 'cocoa1-coffee-mocha', 'mix', 'i', 'wo', ""n't"", 'say', ""''"", 'burn', 'your', 'lips', 'and', 'think', 'of', 'me', ""''"", 'i', ""'m"", 'sweeter', 'now', 'ai', ""n't"", 'i']","['dissolve', 'sugar', 'water', 'stir', 'simmer', 'low', 'flame', 'add', 'sweetened', 'condensed', 'milk', 'stir', 'bring', 'boil', 'meanwhile', 'put', 'cocoa', 'powder', 'coffee', 'cappucino', 'powder', 'coffee', 'mug', 'pour', 'milk', 'water', 'sugar', 'mixture', 'dry', 'ingredients', 'stir', 'vigorously', 'combined', 'keep', 'aside', 'allow', ""to'cream"", 'together', 'sit', 'back', 'log', 'onto', 'zaar', 'sip', 'sip', 'sip', 'magical', 'cocoa1', 'coffee', 'mocha', 'mix', 'wo', 'say', ""''"", 'burn', 'lips', 'think', ""''"", 'sweeter', 'ai']",Indian
351,"['cook', 'pasta', 'according', 'to', 'package', 'directions', 'and', 'drain', 'chop', 'artichokes', 'and', 'save', 'the', 'marinade', 'in', 'the', 'jar', 'mix', 'the', 'pasta', 'with', 'the', 'artichokes', 'roasted', 'peppers', 'mozzarella', 'spinach', 'and', 'green', 'chilies', 'stirring', 'to', 'mix', 'well', 'in', 'a', 'small', 'bowl', 'blend', 'the', 'artichoke', 'marinade', 'with', 'the', 'mayonnaise', 'parmesan', 'pine', 'nuts', 'garlic', 'and', 'black', 'pepper', 'toss', 'with', 'pasta', 'mixture', 'until', 'everything', 'is', 'evenly', 'coated', 'chill', 'before', 'serving', 'several', 'hours', 'is', 'best']","['cook', 'pasta', 'according', 'package', 'directions', 'drain', 'chop', 'artichokes', 'save', 'marinade', 'jar', 'mix', 'pasta', 'artichokes', 'roasted', 'peppers', 'mozzarella', 'spinach', 'green', 'chilies', 'stirring', 'mix', 'well', 'small', 'bowl', 'blend', 'artichoke', 'marinade', 'mayonnaise', 'parmesan', 'pine', 'nuts', 'garlic', 'black', 'pepper', 'toss', 'pasta', 'mixture', 'everything', 'evenly', 'coated', 'chill', 'serving', 'several', 'best']",Italian
3538,"['boil', 'water', 'in', 'large', 'pot', 'for', 'pasta', 'heat', 'oil', 'in', 'large', 'nonstick', 'pan', 'and', 'then', 'add', 'in', 'flour', 'until', 'pasty', 'gradually', 'whisk', 'in', 'milk', 'while', 'stirring', 'constantly', 'until', 'slightly', 'thickened', 'season', 'with', 'pepper', 'add', 'pasta', 'to', 'boiling', 'water', 'and', 'set', 'timer', 'as', 'directions', 'advise', 'if', 'pasta', 'is', 'done', 'before', 'the', 'sauce', 'toss', 'with', 'a', 'bit', 'of', 'olive', 'oil', 'so', 'it', 'does', ""n't"", 'stick', 'whisk', 'in', 'parmesan', 'cheese', 'and', 'pesto', 'until', 'thoroughly', 'mixed', 'heat', 'for', 'a', 'few', 'minutes', 'on', 'low', 'until', 'thickened', 'stir', 'in', 'salmon', 'just', 'before', 'serving', 'and', 'heat', 'through', 'add', 'pasta', 'to', 'salmon', 'mixture', 'and', 'gently', 'toss', 'sprinkle', 'parsley', 'on', 'completed', 'dish']","['boil', 'water', 'large', 'pot', 'pasta', 'heat', 'oil', 'large', 'nonstick', 'pan', 'add', 'flour', 'pasty', 'gradually', 'whisk', 'milk', 'stirring', 'constantly', 'slightly', 'thickened', 'season', 'pepper', 'add', 'pasta', 'boiling', 'water', 'set', 'timer', 'directions', 'advise', 'pasta', 'done', 'sauce', 'toss', 'bit', 'olive', 'oil', 'stick', 'whisk', 'parmesan', 'cheese', 'pesto', 'thoroughly', 'mixed', 'heat', 'low', 'thickened', 'stir', 'salmon', 'serving', 'heat', 'add', 'pasta', 'salmon', 'mixture', 'gently', 'toss', 'sprinkle', 'parsley', 'completed', 'dish']",Italian
5128,"['put', 'chicken', 'broth', 'in', 'large', 'pot', 'on', 'med', 'high', 'add', 'chicken', 'carrots', 'celery', 'onion', 'tomatoes', 'parsley', 'and', 'meatballs', 'reduce', 'heat', 'to', 'simmer', 'add', 'salt', 'to', 'taste', 'remove', 'chicken', 'after', '1-1/2', 'hours', 'dice', 'then', 'return', 'to', 'pot', 'cook', 'tortellini', 'and', 'egg', 'noodles', 'according', 'to', 'directions', 'drain', 'and', 'add', 'to', 'pot', 'simmer', 'for', 'another', '1/2', 'hour', 'add', 'escarole', 'last', '5', 'mins.', 'stir', 'to', 'mix', 'turn', 'off', 'heat', 'serve', 'with', 'your', 'favorite', 'bread', 'or', 'loaf', 'cheese', 'and', 'enjoy']","['put', 'chicken', 'broth', 'large', 'pot', 'med', 'high', 'add', 'chicken', 'carrots', 'celery', 'onion', 'tomatoes', 'parsley', 'meatballs', 'reduce', 'heat', 'simmer', 'add', 'salt', 'taste', 'remove', 'chicken', 'dice', 'return', 'pot', 'cook', 'tortellini', 'egg', 'noodles', 'according', 'directions', 'drain', 'add', 'pot', 'simmer', 'another', 'add', 'escarole', 'last', 'mins.', 'stir', 'mix', 'turn', 'heat', 'serve', 'favorite', 'bread', 'loaf', 'cheese', 'enjoy']",Italian
5617,"['cook', 'gnocchi', 'according', 'to', 'package', 'directions', 'reserve', '1/4', 'cup', 'cooking', 'liquid', 'meanwhile', 'heat', 'oil', 'in', 'large', 'skillet', 'over', 'medium', 'heat', 'add', 'onions', 'and', 'cook', 'until', 'softened', 'about', '5', 'minutes', 'add', 'chicken', 'and', 'cook', 'crumbling', 'it', 'with', 'a', 'spoon', 'about', '5', 'to', '7', 'minutes', 'add', 'the', 'mushrooms', 'garlic', 'salt', 'and', 'pepper', 'and', 'cook', 'tossing', 'frequently', 'about', '3', 'minutes', 'add', 'spinach', 'toss', 'until', 'the', 'spinach', 'wilts', 'add', 'the', 'drained', 'gnocchi', 'the', 'reserved', 'cooking', 'liquid', 'and', 'the', 'parmesan', 'and', 'toss', 'divide', 'among', 'individual', 'bowls', 'and', 'sprinkle', 'with', 'additional', 'parmesan']","['cook', 'gnocchi', 'according', 'package', 'directions', 'reserve', 'cooking', 'liquid', 'meanwhile', 'heat', 'oil', 'large', 'skillet', 'medium', 'heat', 'add', 'onions', 'cook', 'softened', 'add', 'chicken', 'cook', 'crumbling', 'spoon', 'add', 'mushrooms', 'garlic', 'salt', 'pepper', 'cook', 'tossing', 'frequently', 'add', 'spinach', 'toss', 'spinach', 'wilts', 'add', 'drained', 'gnocchi', 'reserved', 'cooking', 'liquid', 'parmesan', 'toss', 'divide', 'among', 'individual', 'bowls', 'sprinkle', 'additional', 'parmesan']",Italian
2484,"['heat', 'oven', 'to', '350.', 'mix', 'all', 'ingredients', 'except', 'ketchup', 'spread', 'mixture', 'in', 'ungreased', '8x4', 'or', '9x5-inch', 'loaf', 'pan', 'or', 'shape', 'into', '9x5-inch', 'loaf', 'in', 'ungreased', '13x9-inch', 'pan', 'spread', 'ketchup', 'over', 'top', 'insert', 'ovenproof', 'meat', 'thermometer', 'so', 'tip', 'is', 'in', 'center', 'of', 'loaf', 'bake', 'uncovered', '1', 'to', '1-1/4', 'hours', 'or', 'until', 'beef', 'is', 'no', 'longer', 'pink', 'in', 'center', 'and', 'thermometer', 'reads', 'at', 'least', '160', 'degree', 'let', 'stand', '5', 'minutes', 'remove', 'from', 'pan']","['heat', 'oven', 'mix', 'ingredients', 'except', 'ketchup', 'spread', 'mixture', 'ungreased', '8x4', '9x5', 'inch', 'loaf', 'pan', 'shape', '9x5', 'inch', 'loaf', 'ungreased', '13x9', 'inch', 'pan', 'spread', 'ketchup', 'top', 'insert', 'ovenproof', 'meat', 'thermometer', 'tip', 'center', 'loaf', 'bake', 'uncovered', 'beef', 'longer', 'pink', 'center', 'thermometer', 'reads', 'least', 'let', 'stand', 'remove', 'pan']",Italian
1557,"['heat', '2', 'tablespoons', 'of', 'evoo', 'in', 'a', 'sauce', 'pan', 'over', 'low', 'heat', 'add', 'garlic', 'and', 'stir', 'continuously', 'until', 'soft', 'do', 'not', 'let', 'garlic', 'start', 'to', 'brown', 'this', 'releases', 'a', 'lot', 'of', 'bitterness', 'and', 'you', ""'ll"", 'be', 'better', 'off', 'starting', 'over', 'add', 'crushed', 'tomatoes', 'to', 'sauce', 'pan', 'and', 'turn', 'heat', 'up', 'slightly', 'to', 'medium-low', 'stirring', 'frequently', 'add', 'sugar', 'to', 'the', 'tomatoes', 'at', 'the', 'same', 'time', 'add', '2', 'remaining', 'tablespoons', 'of', 'evoo', 'to', 'a', 'pan', 'and', 'sautee', 'onion', 'and', 'green', 'pepper', 'over', 'medium-low', 'heat', 'until', 'softened', 'stirring', 'frequently', 'for', 'about', '7-10', 'minutes', 'add', 'onion', 'and', 'green', 'pepper', 'with', 'evoo', 'from', 'the', 'pan', 'to', 'the', 'tomatoes', 'and', 'garlic', 'and', 'mix', 'well', 'add', 'remaining', 'ingredients', 'oregano', 'basil', 'salt', 'pepper', 'bay', 'leaves', 'fennel', 'seeds', 'and', 'let', 'simmer', 'for', 'about', '45', 'minutes', 'stirring', 'occasionally', 'so', 'as', 'not', 'to', 'let', 'ingredients', 'settle', 'or', 'burn', 'at', 'the', 'bottom', 'and', 'to', 'promote', 'flavor', 'serve', 'over', 'your', 'favorite', 'pasta', 'garnish', 'with', 'fresh', 'parsley', 'and', 'grated', 'cheese', 'of', 'your', 'choice', 'if', 'desired', 'as', 'well', 'as', 'some', 'crusty', 'italian', 'bread', 'hint', 'if', 'you', 'lightly', 'toss', 'your', 'pasta', 'in', 'olive', 'oil', 'after', 'draining', 'it', 'it', 'will', 'hold', 'more', 'sauce', 'more', 'easily', 'while', 'you', ""'re"", 'eating', 'it']","['heat', 'evoo', 'sauce', 'pan', 'low', 'heat', 'add', 'garlic', 'stir', 'continuously', 'soft', 'let', 'garlic', 'start', 'brown', 'releases', 'lot', 'bitterness', 'better', 'starting', 'add', 'crushed', 'tomatoes', 'sauce', 'pan', 'turn', 'heat', 'slightly', 'medium', 'low', 'stirring', 'frequently', 'add', 'sugar', 'tomatoes', 'time', 'add', 'remaining', 'evoo', 'pan', 'sautee', 'onion', 'green', 'pepper', 'medium', 'low', 'heat', 'softened', 'stirring', 'frequently', 'add', 'onion', 'green', 'pepper', 'evoo', 'pan', 'tomatoes', 'garlic', 'mix', 'well', 'add', 'remaining', 'ingredients', 'oregano', 'basil', 'salt', 'pepper', 'bay', 'leaves', 'fennel', 'seeds', 'let', 'simmer', 'stirring', 'occasionally', 'let', 'ingredients', 'settle', 'burn', 'bottom', 'promote', 'flavor', 'serve', 'favorite', 'pasta', 'garnish', 'fresh', 'parsley', 'grated', 'cheese', 'choice', 'desired', 'well', 'crusty', 'italian', 'bread', 'hint', 'lightly', 'toss', 'pasta', 'olive', 'oil', 'draining', 'hold', 'sauce', 'easily', 'eating']",Italian
158,"['preheat', 'oven', 'broiler', 'in', 'a', 'large', 'ovenproof', 'nonstick', 'skillet', 'brown', 'potato', 'slices', 'in', 'hot', 'olive', 'oil', 'and', 'set', 'aside', 'to', 'drain', 'on', 'paper', 'towels', 'heat', 'more', 'olive', 'oil', 'if', 'needed', 'in', 'same', 'pan', 'over', 'medium', 'heat', 'and', 'saute', 'onions', 'for', '4-5', 'minutes', 'add', 'minced', 'garlic', 'green', 'onion', 'bell', 'pepper', '1/2', 'tsp', 'salt', 'and', 'pepper', 'to', 'taste', 'and', 'saute', 'another', '4-5', 'minutes', 'stirring', 'regularly', 'add', 'potatoes', 'asparagus', 'and', 'bacon', 'or', 'ham', 'and', 'optional', 'olives', 'and', 'stir', 'gently', 'to', 'mix', 'and', 'distribute', 'evenly', 'in', 'the', 'pan', 'whisk', 'eggs', 'until', 'smooth', 'and', 'whisk', 'in', 'half-and-half', 'or', 'milk', 'remaining', '1/2', 'tsp', 'salt', 'granulated', 'garlic', 'pepper', 'to', 'taste', 'and', '1/4', 'cup', 'cheese', 'when', 'thoroughly', 'combined', 'pour', 'evenly', 'over', 'mixture', 'in', 'skillet', 'and', 'move', 'vegetables', 'around', 'a', 'little', 'so', 'egg', 'mixture', 'can', 'go', 'beneath', 'them', 'continue', 'to', 'cook', 'frittata', 'until', 'egg', 'mixture', 'is', 'fairly', 'well', 'set', 'around', 'the', 'outside', 'then', 'move', 'the', 'skillet', 'under', 'the', 'broiler', 'and', 'continue', 'to', 'cook', 'until', 'the', 'top', 'is', 'set', 'and', 'lightly', 'browned', 'remove', 'skillet', 'from', 'broiler', 'work', 'around', 'the', 'edge', 'of', 'the', 'frittata', 'with', 'a', 'spatula', 'to', 'loosen', 'and', 'invert', 'onto', 'a', 'serving', 'platter', 'sprinkle', 'generously', 'with', 'cheeses', 'cut', 'into', 'wedges', 'and', 'serve', 'with', 'additional', 'cheese', 'on', 'the', 'side', 'note', 'we', 'have', 'switched', 'entirely', 'to', 'stravecchio', 'when', 'a', 'recipe', 'calls', 'for', 'parmesan', 'or', 'parmigiano-reggiano', 'cheese', 'this', 'is', 'a', 'parmigiano-reggiano', 'that', 'has', 'been', 'aged', 'for', 'an', 'extra', 'year', 'and', 'it', 'is', 'well', 'worth', 'the', 'extra', 'couple', 'dollars', 'a', 'pound', 'that', 'it', 'costs']","['preheat', 'oven', 'broiler', 'large', 'ovenproof', 'nonstick', 'skillet', 'brown', 'potato', 'slices', 'hot', 'olive', 'oil', 'set', 'aside', 'drain', 'paper', 'towels', 'heat', 'olive', 'oil', 'needed', 'pan', 'medium', 'heat', 'saute', 'onions', 'add', 'minced', 'garlic', 'green', 'onion', 'bell', 'pepper', 'salt', 'pepper', 'taste', 'saute', 'another', 'stirring', 'regularly', 'add', 'potatoes', 'asparagus', 'bacon', 'ham', 'optional', 'olives', 'stir', 'gently', 'mix', 'distribute', 'evenly', 'pan', 'whisk', 'eggs', 'smooth', 'whisk', 'half', 'half', 'milk', 'remaining', 'salt', 'granulated', 'garlic', 'pepper', 'taste', 'cheese', 'thoroughly', 'combined', 'pour', 'evenly', 'mixture', 'skillet', 'move', 'vegetables', 'around', 'little', 'egg', 'mixture', 'go', 'beneath', 'continue', 'cook', 'frittata', 'egg', 'mixture', 'fairly', 'well', 'set', 'around', 'outside', 'move', 'skillet', 'broiler', 'continue', 'cook', 'top', 'set', 'lightly', 'browned', 'remove', 'skillet', 'broiler', 'work', 'around', 'edge', 'frittata', 'spatula', 'loosen', 'invert', 'onto', 'serving', 'platter', 'sprinkle', 'generously', 'cheeses', 'cut', 'wedges', 'serve', 'additional', 'cheese', 'side', 'note', 'switched', 'entirely', 'stravecchio', 'recipe', 'calls', 'parmesan', 'parmigiano', 'reggiano', 'cheese', 'parmigiano', 'reggiano', 'aged', 'extra', 'year', 'well', 'worth', 'extra', 'couple', 'dollars', 'costs']",Italian
11114,"['in', 'a', 'bowl', 'mix', 'tepid', 'milk', 'with', '1', 'teaspoon', 'sugar', 'and', 'the', 'yeast', 'then', 'sit', 'bowl', 'in', 'warm', 'place', 'for', '4-5', 'minutes', 'sift', 'the', 'flours', 'xanthan', 'gum', 'salt', 'baking', 'powder', 'into', 'a', 'bowl', 'or', 'food', 'mixer', 'add', 'remaining', 'sugar', 'oil', 'yogurt', 'egg', 'and', 'mix', 'until', 'smooth', 'preheat', 'oven', 'to', 'the', 'highest', 'setting', 'make', 'dough', 'into', '6', 'equal', 'sized', 'balls', 'roll', 'out', 'balls', 'into', 'a', 'tear', 'shape', 'that', 'is', '1/4', 'inch', 'thick', 'use', 'rice', 'flour', 'if', 'necessary', 'to', 'prevent', 'sticking', 'preheat', 'a', 'heavy', 'baking', 'tray', 'in', 'oven', 'remove', 'tray', 'and', 'put', 'the', 'naan', 'on', 'it', 'return', 'to', 'the', 'oven', 'for', '3', 'minutes', 'or', 'until', 'the', 'naan', 'puffs', 'up', 'and', 'turns', 'light', 'brown', 'place', 'tray', 'under', 'the', 'broiler', '30', 'seconds', 'to', '1', 'minute', 'for', 'extra', 'browning', 'brush', 'with', 'ghee', 'or', 'olive', 'oil', 'before', 'serving']","['bowl', 'mix', 'tepid', 'milk', 'sugar', 'yeast', 'sit', 'bowl', 'warm', 'place', 'sift', 'flours', 'xanthan', 'gum', 'salt', 'baking', 'powder', 'bowl', 'food', 'mixer', 'add', 'remaining', 'sugar', 'oil', 'yogurt', 'egg', 'mix', 'smooth', 'preheat', 'oven', 'highest', 'setting', 'make', 'dough', 'equal', 'sized', 'balls', 'roll', 'balls', 'tear', 'shape', 'thick', 'use', 'rice', 'flour', 'necessary', 'prevent', 'sticking', 'preheat', 'heavy', 'baking', 'tray', 'oven', 'remove', 'tray', 'put', 'naan', 'return', 'oven', 'naan', 'puffs', 'turns', 'light', 'brown', 'place', 'tray', 'broiler', 'seconds', 'extra', 'browning', 'brush', 'ghee', 'olive', 'oil', 'serving']",Indian
5756,"['combine', 'egg', 'milk', 'and', '1', 'tablespoon', 'vegetable', 'oil', 'gradually', 'add', 'to', 'flour', 'beating', 'until', 'smooth', 'dip', 'eggplant', 'in', 'flour', 'mixture', 'fry', 'in', 'hot', 'oil', 'until', 'golden', 'brown', 'drain', 'well', 'on', 'paper', 'towels', 'and', 'set', 'aside', 'combine', 'the', 'next', '9', 'ingredients', 'in', 'a', 'medium', 'saucepan', 'mixing', 'well', 'simmer', 'sauce', '10', 'minutes', 'arrange', 'half', 'of', 'eggplant', 'slices', 'in', 'a', 'lightly', 'greased', '13x9', 'inch', 'baking', 'dish', 'top', 'with', 'half', 'of', 'mozzarella', 'cheese', 'spoon', 'half', 'of', 'tomato', 'mixture', 'over', 'cheese', 'repeat', 'layers', 'top', 'with', 'parmesan', 'cheese', 'bake', 'at', '350', 'degrees', 'for', '30', 'to', '40', 'minutes', 'or', 'until', 'sauce', 'is', 'bubbly']","['combine', 'egg', 'milk', 'vegetable', 'oil', 'gradually', 'add', 'flour', 'beating', 'smooth', 'dip', 'eggplant', 'flour', 'mixture', 'fry', 'hot', 'oil', 'golden', 'brown', 'drain', 'well', 'paper', 'towels', 'set', 'aside', 'combine', 'next', 'ingredients', 'medium', 'saucepan', 'mixing', 'well', 'simmer', 'sauce', 'arrange', 'half', 'eggplant', 'slices', 'lightly', 'greased', '13x9', 'baking', 'dish', 'top', 'half', 'mozzarella', 'cheese', 'spoon', 'half', 'tomato', 'mixture', 'cheese', 'repeat', 'layers', 'top', 'parmesan', 'cheese', 'bake', 'sauce', 'bubbly']",Italian
11345,"['combine', 'the', 'lime', 'juice', 'vinegar', 'paprika', 'bitters', 'and', 'hot', 'pepper', 'sauce', 'in', 'a', 'glass', 'baking', 'dish', 'wearing', 'kitchen', 'gloves', 'split', 'the', 'jalapeno', 'pepper', 'remove', 'seeds', 'mash', 'the', 'pepper', 'with', 'the', 'garlic', 'into', 'a', 'smooth', 'paste', 'using', 'a', 'mortar', 'or', 'an', 'electric', 'spice', 'grinder', 'add', 'the', 'paste', 'to', 'the', 'lime', 'mixture', 'in', 'the', 'baking', 'dish', 'and', 'combine', 'toss', 'the', 'chicken', 'pieces', 'and', 'swish', 'them', 'in', 'the', 'marinade', 'until', 'they', 'are', 'completely', 'coated', 'cover', 'and', 'let', 'marinate', 'overnight', 'in', 'the', 'refrigerator', 'remove', 'the', 'chicken', 'from', 'the', 'marinade', 'and', 'grill', 'or', 'broil', 'until', 'cooked', 'through', 'and', 'burnished', 'about', '20', 'minutes', 'on', 'each', 'side', 'baste', 'frequently', 'with', 'the', 'marinade', 'if', 'the', 'chicken', 'looks', 'like', 'it', 'is', 'beginning', 'to', 'burn', 'move', 'it', 'farther', 'away', 'from', 'the', 'heat', 'source', 'serve', 'hot', 'with', 'chilled', 'orange', 'sections', 'and', 'plenty', 'of', 'napkins']","['combine', 'lime', 'juice', 'vinegar', 'paprika', 'bitters', 'hot', 'pepper', 'sauce', 'glass', 'baking', 'dish', 'wearing', 'kitchen', 'gloves', 'split', 'jalapeno', 'pepper', 'remove', 'seeds', 'mash', 'pepper', 'garlic', 'smooth', 'paste', 'using', 'mortar', 'electric', 'spice', 'grinder', 'add', 'paste', 'lime', 'mixture', 'baking', 'dish', 'combine', 'toss', 'chicken', 'pieces', 'swish', 'marinade', 'completely', 'coated', 'cover', 'let', 'marinate', 'overnight', 'refrigerator', 'remove', 'chicken', 'marinade', 'grill', 'broil', 'cooked', 'burnished', 'side', 'baste', 'frequently', 'marinade', 'chicken', 'looks', 'like', 'beginning', 'burn', 'move', 'farther', 'away', 'heat', 'source', 'serve', 'hot', 'chilled', 'orange', 'sections', 'plenty', 'napkins']",Indian
4027,"['in', 'a', 'small', 'bowl', 'combine', 'olive', 'oil', 'basil', 'oregano', 'garlic', 'and', 'lemon', 'pepper', 'spread', 'herb', 'paste', 'onto', 'both', 'sides', 'of', 'each', 'steak', 'place', 'steaks', 'on', 'greased', 'rack', 'of', 'grill', 'over', 'medium', 'coals', 'grill', 'covered', '7', 'to', '8', 'minutes', 'per', 'side', 'or', 'until', 'desired', 'degree', 'of', 'doneness', 'is', 'reached']","['small', 'bowl', 'combine', 'olive', 'oil', 'basil', 'oregano', 'garlic', 'lemon', 'pepper', 'spread', 'herb', 'paste', 'onto', 'sides', 'steak', 'place', 'steaks', 'greased', 'rack', 'grill', 'medium', 'coals', 'grill', 'covered', 'per', 'side', 'desired', 'doneness', 'reached']",Italian
5278,"['heat', 'a', 'large', 'skillet', 'over', 'medium', 'heat', 'add', 'butter', 'and', 'oil', 'once', 'the', 'butter', 'is', 'melted', 'add', 'the', 'onion', 'and', 'garlic', 'cook', 'until', 'the', 'onion', 'is', 'starting', 'to', 'get', 'soft', 'turn', 'the', 'temp', 'up', 'to', 'medium', 'high', 'and', 'add', 'the', 'pancetta', 'cook', 'until', 'crispy', 'remove', 'the', 'casings', 'from', 'the', 'sausage', 'then', 'add', 'to', 'skillet', 'and', 'brown', 'pour', 'in', 'the', 'wine', 'and', 'scrape', 'up', 'those', 'delicious', 'browned', 'bits', 'toss', 'in', 'the', 'mushrooms', 'and', 'stirring', 'occasionally', 'cook', 'till', 'they', 'are', 'slightly', 'softened', 'add', 'the', 'tomatoes', 'any', 'extra', 'juices', 'too', 'basil', 'and', 'oregano', 'and', 'salt', 'to', 'taste', 'and', 'stir', 'to', 'combine', 'turn', 'heat', 'to', 'low', 'cover', 'and', 'simmer', 'for', 'one', 'to', 'two', 'hours', 'stirring', 'occasionally', 'while', 'the', 'sauce', 'is', 'simmering', 'cook', 'the', 'pasta', 'make', 'sure', 'you', 'have', 'good', 'salty', 'water', 'until', 'just', 'al-dente', 'drain', 'the', 'pasta', 'reserving', '1/2', 'cup', 'pasta', 'water', 'do', 'not', 'rinse', 'back', 'to', 'the', 'skillet', 'add', 'the', 'spinach', 'and', 'cook', 'till', 'it', 'begins', 'to', 'wilt', 'then', 'toss', 'in', 'the', 'pasta', 'and', 'stir', 'to', 'combine', 'everything', 'stir', 'frequently', 'until', 'everything', 'is', 'heated', 'through', 'add', 'some', 'reserved', 'pasta', 'water', 'if', 'the', 'sauce', 'seems', 'too', 'thick', 'spoon', 'into', 'bowls', 'and', 'top', 'with', 'fresh', 'parmesan', 'cheese', 'enjoy']","['heat', 'large', 'skillet', 'medium', 'heat', 'add', 'butter', 'oil', 'butter', 'melted', 'add', 'onion', 'garlic', 'cook', 'onion', 'starting', 'get', 'soft', 'turn', 'temp', 'medium', 'high', 'add', 'pancetta', 'cook', 'crispy', 'remove', 'casings', 'sausage', 'add', 'skillet', 'brown', 'pour', 'wine', 'scrape', 'delicious', 'browned', 'bits', 'toss', 'mushrooms', 'stirring', 'occasionally', 'cook', 'till', 'slightly', 'softened', 'add', 'tomatoes', 'extra', 'juices', 'basil', 'oregano', 'salt', 'taste', 'stir', 'combine', 'turn', 'heat', 'low', 'cover', 'simmer', 'one', 'two', 'stirring', 'occasionally', 'sauce', 'simmering', 'cook', 'pasta', 'make', 'sure', 'good', 'salty', 'water', 'al', 'dente', 'drain', 'pasta', 'reserving', 'pasta', 'water', 'rinse', 'back', 'skillet', 'add', 'spinach', 'cook', 'till', 'begins', 'wilt', 'toss', 'pasta', 'stir', 'combine', 'everything', 'stir', 'frequently', 'everything', 'heated', 'add', 'reserved', 'pasta', 'water', 'sauce', 'seems', 'thick', 'spoon', 'bowls', 'top', 'fresh', 'parmesan', 'cheese', 'enjoy']",Italian
5259,"['heat', 'olive', 'oil', 'in', 'heavy', '4', 'quart', 'sauce', 'pan', 'cut', 'sausage', 'into', '1/2', 'inch', 'pieces', 'brown', 'sausage', 'in', 'pan', 'until', 'no', 'longer', 'pink', 'add', 'onion', 'and', 'garlic', 'and', 'stir', 'until', 'softened', 'add', 'spinach', 'chicken', 'broth', 'diced', 'tomatoes', 'beans', 'and', 'red', 'pepper', 'heat', 'to', 'a', 'boil', 'and', 'simmer', 'for', '15-20', 'minutes', 'ladle', 'into', 'bowls', 'and', 'sprinkle', 'with', 'parmesan', 'cheese']","['heat', 'olive', 'oil', 'heavy', 'sauce', 'pan', 'cut', 'sausage', 'pieces', 'brown', 'sausage', 'pan', 'longer', 'pink', 'add', 'onion', 'garlic', 'stir', 'softened', 'add', 'spinach', 'chicken', 'broth', 'diced', 'tomatoes', 'beans', 'red', 'pepper', 'heat', 'boil', 'simmer', 'ladle', 'bowls', 'sprinkle', 'parmesan', 'cheese']",Italian
12768,"['if', 'you', 'have', 'kashiri', 'chilies', 'soak', 'them', 'in', 'water', 'for', '15', 'minutes', 'combine', 'cumin', 'coriander', 'and', 'sesame', 'seeds', 'cloves', 'peppercorns', 'cardamoms', 'ginger', 'garlic', 'onions', 'and', 'chopped', 'chilies', 'in', 'a', 'blender', 'or', 'food', 'processor', 'puree', 'to', 'a', 'smooth', 'paste', 'add', 'a', 'little', 'bit', 'of', 'water', 'if', 'necessary', 'heat', 'oil', 'in', 'pot', 'when', 'hot', 'add', 'spice', 'paste', 'and', 'fry', 'with', 'cinnamon', 'stick', 'for', '5', 'minutes', 'add', 'the', 'chicken', 'and', 'fry', 'for', '5', 'minutes', 'remove', 'cinnamon', 'stick', 'add', 'tomatoes', 'and', '1', 'teaspoon', 'salt', 'fry', '5', 'more', 'minutes', 'add', 'coconut', 'milk', 'and', 'simmer', 'until', 'chicken', 'is', 'almost', 'done', 'add', 'vinegar', 'and', 'masala', 'taste', 'for', 'salt', 'if', 'it', 'is', 'too', 'spicy', 'add', 'some', 'peeled', 'cubed', 'of', 'potato', 'the', 'sauce', 'can', 'be', 'diluted', 'with', '1/2', '3/4', 'cup', 'water']","['kashiri', 'chilies', 'soak', 'water', 'combine', 'cumin', 'coriander', 'sesame', 'seeds', 'cloves', 'peppercorns', 'cardamoms', 'ginger', 'garlic', 'onions', 'chopped', 'chilies', 'blender', 'food', 'processor', 'puree', 'smooth', 'paste', 'add', 'little', 'bit', 'water', 'necessary', 'heat', 'oil', 'pot', 'hot', 'add', 'spice', 'paste', 'fry', 'cinnamon', 'stick', 'add', 'chicken', 'fry', 'remove', 'cinnamon', 'stick', 'add', 'tomatoes', 'salt', 'fry', 'add', 'coconut', 'milk', 'simmer', 'chicken', 'almost', 'done', 'add', 'vinegar', 'masala', 'taste', 'salt', 'spicy', 'add', 'peeled', 'cubed', 'potato', 'sauce', 'diluted', 'water']",Indian
9636,"['grind', 'the', 'spices', 'from', 'the', 'garlic', 'to', 'the', 'fenugreek', 'seeds', 'in', 'the', 'vinegar', 'and', 'salt', 'wash', 'pork', 'and', 'poke', 'with', 'a', 'fork', 'marinate', 'the', 'pork', 'in', 'ground', 'spice', 'paste', 'for', '2', 'hours', 'at', 'least', 'or', 'overnight', 'pressure', 'cook', 'for', '1', 'whistle', 'or', 'cook', 'till', 'done', 'drain', 'fat', 'if', 'any', 'slice', 'the', 'pork', 'or', 'cut', 'into', 'chunks', 'and', 'set', 'aside', 'slice', 'the', 'onion', 'and', 'saute', 'in', 'the', 'oil', 'till', 'golden', 'brown', 'add', 'the', 'bay', 'leaf', 'and', 'then', 'the', 'pork', 'heat', 'through', 'this', 'makes', 'lovely', 'sandwiches', 'too']","['grind', 'spices', 'garlic', 'fenugreek', 'seeds', 'vinegar', 'salt', 'wash', 'pork', 'poke', 'fork', 'marinate', 'pork', 'ground', 'spice', 'paste', 'least', 'overnight', 'pressure', 'cook', 'whistle', 'cook', 'till', 'done', 'drain', 'fat', 'slice', 'pork', 'cut', 'chunks', 'set', 'aside', 'slice', 'onion', 'saute', 'oil', 'till', 'golden', 'brown', 'add', 'bay', 'leaf', 'pork', 'heat', 'makes', 'lovely', 'sandwiches']",Indian
778,"['in', 'a', 'small', 'bowl', 'mix', 'all', 'of', 'the', 'above', 'until', 'mixture', 'is', 'a', 'creamy', 'like', 'consistancy', 'pour', 'over', 'your', 'salad', 'or', 'can', 'be', 'refriderated', 'for', 'later', 'use', 'just', 'bring', 'back', 'to', 'room', 'temp', 'before', 'serving']","['small', 'bowl', 'mix', 'mixture', 'creamy', 'like', 'consistancy', 'pour', 'salad', 'refriderated', 'later', 'use', 'bring', 'back', 'room', 'temp', 'serving']",Italian
11986,"['put', '2', 'cups', 'flour', 'into', 'mixing', 'bowl', 'add', 'water', 'little', 'by', 'little', 'and', 'knead', 'at', 'the', 'same', 'time', 'stop', 'adding', 'water', 'when', 'the', 'dough', 'becomes', 'ball-ish', 'add', 'cumin', 'seeds', 'and', 'garlic', 'knead', 'inches', 'take', 'a', 'handful', 'of', 'flour', 'knead', 'dough', 'until', 'nothing', 'is', 'sticky', 'make', 'little', 'balls', 'about', '2', 'inches', 'in', 'diameter', 'roll', 'out', 'into', 'flat', 'circles', 'pat', 'back', 'and', 'forth', 'between', 'hands', 'powder', 'with', 'flour', 'and', 'set', 'aside', 'heat', 'pan', 'for', '2', 'minutes', 'or', 'until', 'super', 'hot', 'add', 'olive', 'oil', 'the', 'more', 'oil', 'the', 'more', 'traditional', 'it', 'will', 'taste', 'just', 'do', ""n't"", 'overdo', 'it', 'let', 'oil', 'boil', 'put', 'in', 'flat', 'dough', 'until', 'it', 'bubbles', 'and', 'bottom', 'has', 'brown', 'spots', 'flip', 'once', 'done', 'put', 'naans', 'into', 'a', 'bowl', 'with', 'ventilation', 'like', 'a', 'strainer', 'and', 'keep', 'napkins', 'or', 'paper', 'towels', 'between', 'the', 'naans', 'serve', 'with', 'chicken', 'curry', 'on', 'the', 'side', 'or', 'eat', 'as', 'a', 'snack']","['put', 'flour', 'mixing', 'bowl', 'add', 'water', 'little', 'little', 'knead', 'time', 'stop', 'adding', 'water', 'dough', 'becomes', 'ball', 'ish', 'add', 'cumin', 'seeds', 'garlic', 'knead', 'take', 'handful', 'flour', 'knead', 'dough', 'nothing', 'sticky', 'make', 'little', 'balls', 'diameter', 'roll', 'flat', 'circles', 'pat', 'back', 'forth', 'hands', 'powder', 'flour', 'set', 'aside', 'heat', 'pan', 'super', 'hot', 'add', 'olive', 'oil', 'oil', 'traditional', 'taste', 'overdo', 'let', 'oil', 'boil', 'put', 'flat', 'dough', 'bubbles', 'bottom', 'brown', 'spots', 'flip', 'done', 'put', 'naans', 'bowl', 'ventilation', 'like', 'strainer', 'keep', 'napkins', 'paper', 'towels', 'naans', 'serve', 'chicken', 'curry', 'side', 'eat', 'snack']",Indian
3361,"['place', 'cooked', 'pasta', 'in', 'a', 'large', 'pot', 'add', 'cream', 'butter', 'and', 'salt', 'pepper', 'cook', 'stirring', 'to', 'combine', 'over', 'low', 'heat', 'for', '3', 'minute', 'stir', 'in', 'cheese', 'remove', 'from', 'heat', 'and', 'quickly', 'stir', 'in', 'the', 'egg', 'yolks', 'return', 'to', 'heat', 'and', 'toss', 'until', 'well', 'coated', 'this', 'will', 'thicken', 'more', 'after', 'it', 'has', 'been', 'placed', 'in', 'serving', 'bowls', 'grate', 'a', 'little', 'nutmeg', 'over', 'the', 'top', 'if', 'you', 'wish', 'or', 'you', 'can', 'stir', 'it', 'in', 'along', 'with', 'a', 'little', 'chopped', 'parsley']","['place', 'cooked', 'pasta', 'large', 'pot', 'add', 'cream', 'butter', 'salt', 'pepper', 'cook', 'stirring', 'combine', 'low', 'heat', 'stir', 'cheese', 'remove', 'heat', 'quickly', 'stir', 'egg', 'yolks', 'return', 'heat', 'toss', 'well', 'coated', 'thicken', 'placed', 'serving', 'bowls', 'grate', 'little', 'nutmeg', 'top', 'wish', 'stir', 'along', 'little', 'chopped', 'parsley']",Italian
10593,"['cream', 'butter', 'and', 'sugar', 'together', 'in', 'a', 'large', 'bowl', 'add', 'essence', 'mix', 'well', 'add', 'eggs', 'one', 'at', 'a', 'time', 'beating', 'well', 'after', 'each', 'addition', 'add', 'flour', 'and', 'salt', 'mix', 'well', 'fold', 'in', 'the', 'flaked', 'coconut', 'mix', 'well', 'bake', 'in', 'a', 'greased', 'tube', 'pan', 'at', '170', 'for', '1', 'hour', '10', 'minutes', 'if', 'you', 'dont', 'have', 'a', 'tube', 'pan', 'use', 'a', 'loaf', 'pan', 'and', 'reduce', 'the', 'cooking', 'time', 'by', '15', 'minutes', 'checking', 'for', 'doneness']","['cream', 'butter', 'sugar', 'together', 'large', 'bowl', 'add', 'essence', 'mix', 'well', 'add', 'eggs', 'one', 'time', 'beating', 'well', 'addition', 'add', 'flour', 'salt', 'mix', 'well', 'fold', 'flaked', 'coconut', 'mix', 'well', 'bake', 'greased', 'tube', 'pan', 'dont', 'tube', 'pan', 'use', 'loaf', 'pan', 'reduce', 'cooking', 'time', 'checking', 'doneness']",Indian
1413,"['bring', 'the', 'water', 'to', 'a', 'boil', 'in', 'a', 'pot', 'slowly', 'whisk', 'in', 'the', 'polenta', 'and', 'a', 'pinch', 'of', 'salt', 'turn', 'the', 'heat', 'down', 'as', 'low', 'as', 'it', 'will', 'go', 'and', 'put', 'a', 'lid', 'on', 'the', 'pot', 'slightly', 'ajar', 'and', 'cook', 'the', 'polenta', 'for', 'about', '40', 'minutes', 'stirring', 'every', '5-10', 'minutes', 'add', 'the', 'corn', 'milk', 'and', 'cream', 'and', 'cook', 'another', '5', 'minutes', 'season', 'with', 'salt', 'and', 'pepper', 'to', 'taste', 'and', 'sprinkle', 'the', 'chives', 'on', 'top']","['bring', 'water', 'boil', 'pot', 'slowly', 'whisk', 'polenta', 'pinch', 'salt', 'turn', 'heat', 'low', 'go', 'put', 'lid', 'pot', 'slightly', 'ajar', 'cook', 'polenta', 'stirring', 'every', 'add', 'corn', 'milk', 'cream', 'cook', 'another', 'season', 'salt', 'pepper', 'taste', 'sprinkle', 'chives', 'top']",Italian
9821,"['peel', 'the', 'potatoes', 'cut', 'into', 'small', 'pices', 'and', 'soak', 'in', 'water', 'in', 'a', 'frying', 'pan', 'add', 'oil', 'cumin', 'seeds', 'onion', 'and', 'curry', 'leaves', 'mix', 'well', 'and', 'then', 'add', 'turmeric', 'ginger-garlic', 'paste', 'coconut', 'and', 'salt', 'drain', 'the', 'water', 'from', 'the', 'potatoes', 'and', 'add', 'to', 'pan', 'mix', 'well', 'then', 'add', 'coriander', 'powder', 'red', 'chilli', 'powder', 'mix', 'well', 'and', 'close', 'it', 'with', 'a', 'lid', 'cook', 'until', 'potatoes', 'are', 'just', 'tender', 'about', '20', 'minutes', 'once', 'it', 'is', 'done', 'turn', 'off', 'the', 'heat', 'and', 'add', 'chopped', 'cilantro', 'and', 'lime', 'juice', 'mix', 'well', 'and', 'serve', 'hot']","['peel', 'potatoes', 'cut', 'small', 'pices', 'soak', 'water', 'frying', 'pan', 'add', 'oil', 'cumin', 'seeds', 'onion', 'curry', 'leaves', 'mix', 'well', 'add', 'turmeric', 'ginger', 'garlic', 'paste', 'coconut', 'salt', 'drain', 'water', 'potatoes', 'add', 'pan', 'mix', 'well', 'add', 'coriander', 'powder', 'red', 'chilli', 'powder', 'mix', 'well', 'close', 'lid', 'cook', 'potatoes', 'tender', 'done', 'turn', 'heat', 'add', 'chopped', 'cilantro', 'lime', 'juice', 'mix', 'well', 'serve', 'hot']",Indian
1790,"['line', 'the', 'bottom', 'of', 'a', 'greased', '8', '1/2', 'inch', 'springform', 'pan', 'with', 'wax', 'paper', 'grease', 'the', 'paper', 'and', 'dust', 'the', 'pan', 'with', 'flour', 'knocking', 'out', 'the', 'excess', 'in', 'a', 'metal', 'bowl', 'set', 'over', 'a', 'pan', 'of', 'barely', 'simmering', 'water', 'melt', 'the', 'white', 'chocolate', 'with', 'the', 'butter', 'the', 'vanilla', 'and', '3', 'tablespoons', 'water', 'stirring', 'until', 'the', 'mixture', 'is', 'smooth', 'remove', 'the', 'bowl', 'from', 'the', 'heat', 'and', 'let', 'the', 'mixture', 'cool', 'into', 'a', 'bowl', 'sift', 'together', 'the', 'flour', 'and', 'the', 'salt', 'in', 'a', 'large', 'bowl', 'with', 'an', 'electric', 'mixer', 'beat', 'the', 'eggs', 'with', 'the', 'sugar', 'on', 'high', 'speed', 'for', '5', 'minutes', 'or', 'until', 'the', 'mixture', 'is', 'triple', 'in', 'volume', 'and', 'forms', 'a', 'ribbon', 'when', 'the', 'beaters', 'are', 'lifted', 'fold', 'the', 'flour', 'mixture', 'into', 'the', 'egg', 'mixture', 'until', 'the', 'batter', 'is', 'just', 'combined', 'and', 'fold', 'in', 'the', 'white', 'chocolate', 'mixture', 'gently', 'but', 'thoroughly', 'pour', 'the', 'batter', 'into', 'the', 'pan', 'smoothing', 'the', 'top', 'and', 'bake', 'the', 'cake', 'in', 'the', 'middle', 'of', 'a', 'preheated', '350', 'degree', 'oven', 'for', '25', 'minutes', 'or', 'until', 'a', 'tester', 'comes', 'out', 'clean', 'transfer', 'the', 'cake', 'to', 'a', 'rack', 'run', 'a', 'sharp', 'knife', 'around', 'the', 'edge', 'and', 'remove', 'the', 'side', 'of', 'the', 'pan', 'invert', 'the', 'cake', 'onto', 'another', 'rack', 'and', 'remove', 'the', 'wax', 'paper', 'reinvert', 'the', 'cake', 'onto', 'the', 'rack', 'and', 'let', 'it', 'cool', 'completely']","['line', 'bottom', 'greased', 'springform', 'pan', 'wax', 'paper', 'grease', 'paper', 'dust', 'pan', 'flour', 'knocking', 'excess', 'metal', 'bowl', 'set', 'pan', 'barely', 'simmering', 'water', 'melt', 'white', 'chocolate', 'butter', 'vanilla', 'water', 'stirring', 'mixture', 'smooth', 'remove', 'bowl', 'heat', 'let', 'mixture', 'cool', 'bowl', 'sift', 'together', 'flour', 'salt', 'large', 'bowl', 'electric', 'mixer', 'beat', 'eggs', 'sugar', 'high', 'speed', 'mixture', 'triple', 'volume', 'forms', 'ribbon', 'beaters', 'lifted', 'fold', 'flour', 'mixture', 'egg', 'mixture', 'batter', 'combined', 'fold', 'white', 'chocolate', 'mixture', 'gently', 'thoroughly', 'pour', 'batter', 'pan', 'smoothing', 'top', 'bake', 'cake', 'middle', 'preheated', 'oven', 'tester', 'comes', 'clean', 'transfer', 'cake', 'rack', 'run', 'sharp', 'knife', 'around', 'edge', 'remove', 'side', 'pan', 'invert', 'cake', 'onto', 'another', 'rack', 'remove', 'wax', 'paper', 'reinvert', 'cake', 'onto', 'rack', 'let', 'cool', 'completely']",Italian
9911,"['bring', 'water', 'to', 'a', 'boil', 'in', 'a', 'pan', 'add', 'the', 'crushed', 'wheat', 'and', 'butter', 'stir', 'well', 'cover', 'for', 'a', 'minute', 'remove', 'from', 'heat', 'keep', 'covered', 'for', '8', 'minutes', 'or', 'until', 'the', 'water', 'is', 'absorbed', 'add', 'corriander', 'leaves', 'stir', 'well', 'keep', 'aside', 'heat', 'oil', 'in', 'a', 'wok', 'stir-fry', 'the', 'chicken', 'in', 'batches', 'until', 'tender', 'keep', 'aside', 'return', 'the', 'stir-fried', 'chicken', 'back', 'into', 'the', 'wok', 'add', 'mint', 'leaves', 'ginger', 'garlic', 'red', 'chilli', 'powder', 'chutney', 'and', 'vinegar', 'stir', 'well', 'cook', 'until', 'the', 'mixture', 'boils', 'and', 'thickens', 'stir', 'in', 'the', 'cooked', 'crushed', 'wheat', 'just', 'before', 'serving', 'serve', 'hot']","['bring', 'water', 'boil', 'pan', 'add', 'crushed', 'wheat', 'butter', 'stir', 'well', 'cover', 'remove', 'heat', 'keep', 'covered', 'water', 'absorbed', 'add', 'corriander', 'leaves', 'stir', 'well', 'keep', 'aside', 'heat', 'oil', 'wok', 'stir', 'fry', 'chicken', 'batches', 'tender', 'keep', 'aside', 'return', 'stir', 'fried', 'chicken', 'back', 'wok', 'add', 'mint', 'leaves', 'ginger', 'garlic', 'red', 'chilli', 'powder', 'chutney', 'vinegar', 'stir', 'well', 'cook', 'mixture', 'boils', 'thickens', 'stir', 'cooked', 'crushed', 'wheat', 'serving', 'serve', 'hot']",Indian
3076,"['heat', 'the', 'butter', 'in', 'a', 'skillet', 'over', 'medium', 'and', 'sauté', 'the', 'mushrooms', 'until', 'tender', 'and', 'nicely', 'coloured', 'set', 'aside', 'dredge', 'the', 'veal', 'in', 'the', 'seasoned', 'flour', 'shaking', 'off', 'the', 'excess', 'heat', 'oil', 'sufficient', 'to', 'sauté', 'the', 'chicken', 'or', 'pork', 'in', 'the', 'skillet', 'add', 'the', 'chicken', 'or', 'pork', 'and', 'sauté', 'for', '1', 'minute', 'per', 'side', 'remove', 'to', 'a', 'platter', 'cover', 'with', 'foil', 'to', 'keep', 'warm', 'add', 'marsala', 'to', 'the', 'pan', 'deglaze', 'then', 'add', 'chicken', 'stock', 'to', 'the', 'pan', 'and', 'let', 'reduce', 'and', 'thicken', 'if', 'the', 'sauce', 'does', 'not', 'thicken', 'add', 'a', '1:1', 'mixture', 'of', 'cornstarch', 'and', 'cold', 'water', 'use', '1', 'tablespoon', 'each', 'stirring', 'until', 'it', 'thickens', 'when', 'the', 'sauce', 'has', 'begun', 'to', 'thicken', 'add', 'the', 'mushrooms', 'and', 'stir', 'to', 'mix', 'inches', 'arrange', 'the', 'chicken', 'or', 'pork', 'on', 'a', 'serving', 'platter', 'and', 'pour', 'the', 'sauce', 'and', 'mushrooms', 'over', 'serve', 'immediately']","['heat', 'butter', 'skillet', 'medium', 'sauté', 'mushrooms', 'tender', 'nicely', 'coloured', 'set', 'aside', 'dredge', 'veal', 'seasoned', 'flour', 'shaking', 'excess', 'heat', 'oil', 'sufficient', 'sauté', 'chicken', 'pork', 'skillet', 'add', 'chicken', 'pork', 'sauté', 'per', 'side', 'remove', 'platter', 'cover', 'foil', 'keep', 'warm', 'add', 'marsala', 'pan', 'deglaze', 'add', 'chicken', 'stock', 'pan', 'let', 'reduce', 'thicken', 'sauce', 'thicken', 'add', '1:1', 'mixture', 'cornstarch', 'cold', 'water', 'use', 'stirring', 'thickens', 'sauce', 'begun', 'thicken', 'add', 'mushrooms', 'stir', 'mix', 'arrange', 'chicken', 'pork', 'serving', 'platter', 'pour', 'sauce', 'mushrooms', 'serve', 'immediately']",Italian
1381,"['cook', 'spaghetti', 'in', 'salted', 'water', 'until', 'al', 'dente', 'reserve', '1/4', 'cup', 'of', 'cooking', 'water', 'and', 'then', 'drain', 'pasta', 'meanwhile', 'heat', 'oil', 'in', 'a', 'nonstick', 'skillet', 'over', 'medium', 'heat', 'cook', 'bacon', 'flipping', 'once', 'until', 'crisp', 'remove', 'from', 'pan', 'and', 'set', 'aside', 'increase', 'heat', 'to', 'medium-high', 'and', 'add', 'onion', 'cook', 'until', 'lightly', 'browned', 'stirring', 'frequently', 'crumble', 'bacon', 'into', 'pan', 'and', 'add', 'tomatoes', 'and', 'red', 'pepper', 'flakes', 'toss', 'to', 'mix', 'and', 'coat', 'add', 'pasta', 'and', 'reserved', 'pasta', 'cooking', 'water', 'to', 'tomato', 'sauce', 'toss', 'to', 'coat', 'season', 'to', 'taste', 'with', 'salt', 'and', 'pepper', 'yields', 'about', '1', '1/2', 'cups', 'per', 'serving']","['cook', 'spaghetti', 'salted', 'water', 'al', 'dente', 'reserve', 'cooking', 'water', 'drain', 'pasta', 'meanwhile', 'heat', 'oil', 'nonstick', 'skillet', 'medium', 'heat', 'cook', 'bacon', 'flipping', 'crisp', 'remove', 'pan', 'set', 'aside', 'increase', 'heat', 'medium', 'high', 'add', 'onion', 'cook', 'lightly', 'browned', 'stirring', 'frequently', 'crumble', 'bacon', 'pan', 'add', 'tomatoes', 'red', 'pepper', 'flakes', 'toss', 'mix', 'coat', 'add', 'pasta', 'reserved', 'pasta', 'cooking', 'water', 'tomato', 'sauce', 'toss', 'coat', 'season', 'taste', 'salt', 'pepper', 'yields', 'per', 'serving']",Italian
7022,"['heat', 'oven', 'to', '400', 'degrees', 'heat', 'the', '1', 'tablespoon', 'of', 'oil', 'in', 'a', 'pan', 'add', 'the', 'onions', 'then', 'fry', 'for', 'about', '2', 'minutes', 'until', 'lightly', 'colored', 'stir', 'in', 'lentils', 'and', 'curry', 'powder', 'add', 'the', 'tomatoes', 'and', 'stock', 'bring', 'to', 'the', 'boil', 'and', 'then', 'reduce', 'the', 'heat', 'and', 'cover', 'and', 'simmer', 'for', '10', 'to', '12', 'minutes', 'peel', 'the', 'parsnips', 'and', 'shave', 'into', 'strips', 'toss', 'the', 'parsnips', 'in', '1', 'teaspoon', 'oil', 'in', 'a', 'roasting', 'tin', 'and', 'bake', 'for', '10', 'minutes', 'until', 'crisp', 'spoon', 'the', 'dhal', 'into', '4', 'bowls', 'and', 'pile', 'the', 'parsnips', 'on', 'top']","['heat', 'oven', 'heat', 'oil', 'pan', 'add', 'onions', 'fry', 'lightly', 'colored', 'stir', 'lentils', 'curry', 'powder', 'add', 'tomatoes', 'stock', 'bring', 'boil', 'reduce', 'heat', 'cover', 'simmer', 'peel', 'parsnips', 'shave', 'strips', 'toss', 'parsnips', 'oil', 'roasting', 'tin', 'bake', 'crisp', 'spoon', 'dhal', 'bowls', 'pile', 'parsnips', 'top']",Indian
27,"['preheat', 'oven', 'to', '425', 'degreesf', 'slice', 'french', 'bread', 'or', 'baguette', 'into', '1/2-inch', 'slices', 'brush', 'both', 'sides', 'lightly', 'with', '2', 't', 'olive', 'oil', 'place', 'on', 'baking', 'sheet', 'sprinkle', 'lightly', 'with', 'salt', 'if', 'desired', 'combine', 'chopped', 'tomatoes', 'italian', 'seasoning', 'and', 'crushed', 'garlic', 'set', 'aside', 'bake', 'french', 'bread', 'slices', 'in', 'oven', 'for', '3', 'minutes', 'turn', 'each', 'slice', 'over', 'and', 'bake', 'an', 'additional', '2', 'minutes', 'remove', 'from', 'oven', 'spread', 'each', 'slice', 'with', 'a', 'tablespoon', 'of', 'the', 'tomato', 'mixture', 'sprinkle', 'with', 'mozzarella', 'cheese', 'return', 'to', 'oven', 'for', '3', 'minutes', 'or', 'until', 'cheese', 'is', 'melted', 'serve', 'immediately']","['preheat', 'oven', 'degreesf', 'slice', 'french', 'bread', 'baguette', '1/2', 'inch', 'slices', 'brush', 'sides', 'lightly', 'olive', 'oil', 'place', 'baking', 'sheet', 'sprinkle', 'lightly', 'salt', 'desired', 'combine', 'chopped', 'tomatoes', 'italian', 'seasoning', 'crushed', 'garlic', 'set', 'aside', 'bake', 'french', 'bread', 'slices', 'oven', 'turn', 'slice', 'bake', 'additional', 'remove', 'oven', 'spread', 'slice', 'tomato', 'mixture', 'sprinkle', 'mozzarella', 'cheese', 'return', 'oven', 'cheese', 'melted', 'serve', 'immediately']",Italian
2596,"['heat', 'olive', 'oil', 'brown', 'chicken', 'thighs', 'and', 'remove', 'from', 'pan', 'add', 'onion', 'and', 'garlic', 'to', 'pan', 'saute', 'until', 'soft', 'then', 'remove', 'to', 'blender', 'add', 'tomatoes', 'and', 'basil', 'and', 'blend', 'until', 'sauce', 'is', 'smooth', 'meanwhile', 'combine', 'ground', 'beef', 'parmesan', 'cheese', 'egg', 'bread', 'crumbs', 'parsley', 'garlic', 'and', 'salt', 'and', 'pepper', 'remove', 'sausage', 'from', 'casings', 'and', 'brown', 'in', 'same', 'pan', 'along', 'with', 'beef', 'mixture', 'add', 'blended', 'tomatoes', 'and', 'sauces', 'chicken', 'thighs', 'and', 'salt', 'and', 'pepper', 'to', 'taste', 'simmer', 'for', '1', 'hour', 'remove', 'chicken', 'from', 'bones', 'shred', 'and', 'add', 'to', 'sauce', 'bring', 'pot', 'of', 'water', 'to', 'a', 'boil', 'add', 'lasagna', 'and', 'cook', 'for', '10', 'minutes', 'drain', 'well', 'and', 'rinse', 'with', 'cold', 'water', 'add', 'layer', 'of', 'sauce', 'to', 'bottom', 'of', 'casserole', 'dish', 'layer', 'with', 'noodles', 'filling', 'sauce', 'parmesan', 'and', 'mozzarella', 'and', 'repeat', 'layers', 'until', 'all', 'is', 'used', 'up', 'bake', 'at', '350', 'degrees', 'for', '45', 'minutes', 'covered', 'then', 'uncover', 'and', 'bake', '15', 'minutes', 'more', 'allow', 'to', 'rest', 'for', '15', 'minutes', 'before', 'serving']","['heat', 'olive', 'oil', 'brown', 'chicken', 'thighs', 'remove', 'pan', 'add', 'onion', 'garlic', 'pan', 'saute', 'soft', 'remove', 'blender', 'add', 'tomatoes', 'basil', 'blend', 'sauce', 'smooth', 'meanwhile', 'combine', 'ground', 'beef', 'parmesan', 'cheese', 'egg', 'bread', 'crumbs', 'parsley', 'garlic', 'salt', 'pepper', 'remove', 'sausage', 'casings', 'brown', 'pan', 'along', 'beef', 'mixture', 'add', 'blended', 'tomatoes', 'sauces', 'chicken', 'thighs', 'salt', 'pepper', 'taste', 'simmer', 'remove', 'chicken', 'bones', 'shred', 'add', 'sauce', 'bring', 'pot', 'water', 'boil', 'add', 'lasagna', 'cook', 'drain', 'well', 'rinse', 'cold', 'water', 'add', 'layer', 'sauce', 'bottom', 'casserole', 'dish', 'layer', 'noodles', 'filling', 'sauce', 'parmesan', 'mozzarella', 'repeat', 'layers', 'used', 'bake', 'covered', 'uncover', 'bake', 'allow', 'rest', 'serving']",Italian
3938,"['mix', 'cream', 'cheese', 'and', '1/4', 'cup', 'parmesan', 'cheese', 'with', 'electric', 'mixer', 'on', 'medium', 'speed', 'until', 'well', 'blended', 'spread', 'mixture', 'on', 'bottom', 'of', '9-inch', 'pie', 'plate', 'or', 'quiche', 'dish', 'layer', 'pesto', 'pimientos', 'mozzarella', 'cheese', 'and', 'remaining', '1/4', 'cup', 'parmesan', 'cheese', 'over', 'cream', 'cheese', 'bake', 'at', '350', 'degrees', 'for', '15', 'minutes', 'or', 'until', 'thoroughly', 'heated', 'serve', 'with', 'crackers', 'or', 'sliced', 'italian', 'bread']","['mix', 'cream', 'cheese', 'parmesan', 'cheese', 'electric', 'mixer', 'medium', 'speed', 'well', 'blended', 'spread', 'mixture', 'bottom', '9', 'inch', 'pie', 'plate', 'quiche', 'dish', 'layer', 'pesto', 'pimientos', 'mozzarella', 'cheese', 'remaining', 'parmesan', 'cheese', 'cream', 'cheese', 'bake', 'thoroughly', 'heated', 'serve', 'crackers', 'sliced', 'italian', 'bread']",Italian
13074,"['cut', 'the', 'chicken', 'joints', 'into', 'two', 'mix', 'the', 'garlic', 'into', 'the', 'yogurt', 'and', 'pour', 'over', 'the', 'chicken', 'leave', 'to', 'marinate', 'over', 'night', 'heat', 'the', 'oil', 'in', 'a', 'pot', 'and', 'fry', 'the', 'onions', 'till', 'golden', 'remove', 'the', 'onion', 'from', 'the', 'pot', 'keep', 'aside', 'fry', 'the', 'coriander', 'black', 'pepper', 'mixed', 'spice', 'and', 'turmeric', 'for', '30', 'seconds', 'add', 'the', 'chicken', 'and', 'the', 'yogurt', 'marinade', 'turn', 'heat', 'to', 'medium', 'and', 'fry', 'the', 'chicken', 'for', '5', 'minutes', 'add', 'the', 'chili', 'powder', 'water', 'stock', 'cube', 'and', 'the', 'onions', 'bring', 'to', 'the', 'boil', 'reduce', 'the', 'heat', 'and', 'simmer', 'for', '30', 'minutes', 'stir', 'in', 'the', 'almonds', 'serve', 'garnished', 'with', 'the', 'sliced', 'eggs', 'and', 'sprinkled', 'with', 'the', 'paprika']","['cut', 'chicken', 'joints', 'two', 'mix', 'garlic', 'yogurt', 'pour', 'chicken', 'leave', 'marinate', 'night', 'heat', 'oil', 'pot', 'fry', 'onions', 'till', 'golden', 'remove', 'onion', 'pot', 'keep', 'aside', 'fry', 'coriander', 'black', 'pepper', 'mixed', 'spice', 'turmeric', 'seconds', 'add', 'chicken', 'yogurt', 'marinade', 'turn', 'heat', 'medium', 'fry', 'chicken', 'add', 'chili', 'powder', 'water', 'stock', 'cube', 'onions', 'bring', 'boil', 'reduce', 'heat', 'simmer', 'stir', 'almonds', 'serve', 'garnished', 'sliced', 'eggs', 'sprinkled', 'paprika']",Indian
9177,"['pre-heat', 'oven', 'to', '180°c', 'warm', 'the', 'oil', 'slightly', 'add', 'salt', 'and', 'pepper', 'toss', 'in', 'the', 'nuts', 'mix', 'well', 'immediately', 'spread', 'out', 'the', 'oiled', 'walnuts', 'onto', 'a', 'baking', 'sheet', 'lined', 'onto', 'a', 'baking', 'tray', 'bake', 'for', '15-20', 'minutes', 'stirring', 'and', 'tossing', 'the', 'nuts', 'frequently', 'until', 'the', 'nuts', 'are', 'light', 'brown', 'cool', 'the', 'nuts', 'completely', 'store', 'in', 'a', 'tightly', 'covered', 'jar']","['pre', 'heat', 'oven', '180°c', 'warm', 'oil', 'slightly', 'add', 'salt', 'pepper', 'toss', 'nuts', 'mix', 'well', 'immediately', 'spread', 'oiled', 'walnuts', 'onto', 'baking', 'sheet', 'lined', 'onto', 'baking', 'tray', 'bake', 'stirring', 'tossing', 'nuts', 'frequently', 'nuts', 'light', 'brown', 'cool', 'nuts', 'completely', 'store', 'tightly', 'covered', 'jar']",Indian
3747,"['in', 'a', 'large', 'saute', 'pan', 'heat', 'the', 'olive', 'oil', 'and', 'garlic', 'until', 'just', 'sizzling', 'add', 'the', 'broccoli', 'and', 'cook', 'tossing', 'regularly', 'for', '8', 'to', '10', 'minutes', 'until', 'the', 'stem', 'is', 'tender', 'use', 'the', 'wine', 'to', 'slow', 'the', 'cooking', 'down', 'if', 'the', 'garlic', 'begins', 'to', 'brown', 'when', 'the', 'broccoli', 'is', 'tender', 'add', 'the', 'chile', 'flakes', 'and', 'zest', 'and', 'place', 'on', 'a', 'platter']","['large', 'saute', 'pan', 'heat', 'olive', 'oil', 'garlic', 'sizzling', 'add', 'broccoli', 'cook', 'tossing', 'regularly', 'stem', 'tender', 'use', 'wine', 'slow', 'cooking', 'garlic', 'begins', 'brown', 'broccoli', 'tender', 'add', 'chile', 'flakes', 'zest', 'place', 'platter']",Italian
8137,"['break', 'eggs', 'into', 'a', 'bowl', 'add', 'salt', 'and', 'pepper', 'and', 'beat', 'well', 'pour', 'into', 'a', 'glass', 'measuring', 'cup', 'filling', 'put', '2', 't', 'of', 'oil', 'in', 'a', 'medium', 'sized', 'frying', 'pan', 'and', 'set', 'over', 'high', 'heat', 'when', 'the', 'oil', 'is', 'hot', 'put', 'in', 'the', 'mustard', 'seeds', 'as', 'soon', 'as', 'they', 'begin', 'to', 'pop', 'just', 'a', 'few', 'seconds', 'put', 'in', 'the', 'garlic', 'stir', 'once', 'or', 'twice', 'as', 'soon', 'as', 'garlic', 'starts', 'to', 'brown', 'put', 'in', 'the', 'mushrooms', 'and', 'stir', 'till', 'mushrooms', 'lose', 'their', 'raw', 'look', 'turn', 'heat', 'to', 'medium', 'and', 'put', 'in', 'the', 'scallions', 'green', 'chile', 'cilantro', 'ginger', 'stir', 'till', 'the', 'green', 'seasonings', 'have', 'wilted', 'about', 'a', 'minute', 'put', 'in', 'tomatoes', 'and', 'a', 'little', 'salt', 'and', 'pepper', 'stir', 'for', '30', 'seconds', 'or', 'for', 'fresh', 'tomatoes', 'till', 'they', 'are', 'no', 'longer', 'watery', 'and', 'turn', 'off', 'heat', 'put', '1', 't', 'of', 'the', 'oil', 'in', 'a', '7-inch', 'nonstick', 'frying', 'pan', 'or', 'just', 'spray', 'it', 'with', 'cooking', 'spray', 'and', 'set', 'over', 'high', 'heat', 'when', 'hot', 'pour', 'in', 'half', 'the', 'beaten', 'eggs', 'using', 'a', 'wooden', 'spoon', 'or', 'the', 'back', 'of', 'a', 'fork', 'stir', 'the', 'eggs', 'for', 'the', 'next', '3-4', 'seconds', 'till', 'they', 'look', 'like', 'lumps', 'of', 'soft', 'custard', 'held', 'together', 'in', 'one', 'unbroken', 'layer', 'quickly', 'spread', 'half', 'the', 'filling', 'along', 'the', 'center', 'of', 'the', 'omelet', 'and', 'fold', 'it', 'over', 'cook', 'for', 'a', 'few', 'seconds', 'and', 'flip', 'omelet', 'over', 'onto', 'a', 'warm', 'plate', 'make', 'the', 'second', 'the', 'same', 'way', 'serve', 'immediately']","['break', 'eggs', 'bowl', 'add', 'salt', 'pepper', 'beat', 'well', 'pour', 'glass', 'measuring', 'filling', 'put', 'oil', 'medium', 'sized', 'frying', 'pan', 'set', 'high', 'heat', 'oil', 'hot', 'put', 'mustard', 'seeds', 'soon', 'begin', 'pop', 'seconds', 'put', 'garlic', 'stir', 'twice', 'soon', 'garlic', 'starts', 'brown', 'put', 'mushrooms', 'stir', 'till', 'mushrooms', 'lose', 'raw', 'look', 'turn', 'heat', 'medium', 'put', 'scallions', 'green', 'chile', 'cilantro', 'ginger', 'stir', 'till', 'green', 'seasonings', 'wilted', 'put', 'tomatoes', 'little', 'salt', 'pepper', 'stir', 'seconds', 'fresh', 'tomatoes', 'till', 'longer', 'watery', 'turn', 'heat', 'put', 'oil', '7', 'inch', 'nonstick', 'frying', 'pan', 'spray', 'cooking', 'spray', 'set', 'high', 'heat', 'hot', 'pour', 'half', 'beaten', 'eggs', 'using', 'wooden', 'spoon', 'back', 'fork', 'stir', 'eggs', 'next', 'seconds', 'till', 'look', 'like', 'lumps', 'soft', 'custard', 'held', 'together', 'one', 'unbroken', 'layer', 'quickly', 'spread', 'half', 'filling', 'along', 'center', 'omelet', 'fold', 'cook', 'seconds', 'flip', 'omelet', 'onto', 'warm', 'plate', 'make', 'second', 'way', 'serve', 'immediately']",Indian
5044,"['first', 'soak', 'the', 'gelatine', 'leaves', 'in', 'a', 'small', 'bowl', 'filled', 'with', 'cold', 'water', 'and', 'set', 'aside', 'next', 'pour', 'the', 'cream', 'into', 'a', 'small', 'pan', 'and', 'turn', 'the', 'heat', 'on', 'gentle', 'heat', 'add', 'the', 'vanilla', 'powder/extract', 'add', 'the', 'sugar', 'coffee', 'and', 'rum', 'stir', 'gently', 'for', 'a', 'few', 'minutes', 'until', 'the', 'cream', 'gets', 'close', 'to', 'the', 'simmer', 'point', 'avoid', 'boiling', 'the', 'cream', 'if', 'you', 'have', 'a', 'thermometer', 'check', 'that', 'the', 'cream', 'reaches', '90oc', 'and', 'at', 'that', 'point', 'remove', 'the', 'pan', 'from', 'the', 'heat', 'now', 'squeeze', 'the', 'gelatine', 'leaves', 'and', 'add', 'then', 'to', 'the', 'pan', 'stir', 'for', 'a', 'couple', 'of', 'minutes', 'or', 'until', 'the', 'gelatine', 'is', 'completely', 'dissolved', 'and', 'strain', 'the', 'cream', 'into', 'a', 'jug', 'now', 'pour', 'the', 'cream', 'into', 'the', 'glasses', 'or', 'fill', '4', 'glasses', 'half', 'way', 'and', 'put', 'the', 'glasses', 'in', 'the', 'fridge', 'for', 'about', '4-6', 'hours', 'so', 'that', 'the', 'panna', 'cotta', 'has', 'time', 'to', 'set', 'finally', 'when', 'you', 'want', 'to', 'eat', 'your', 'panna', 'cotta', 'i', 'suggest', 'you', 'dust', 'it', 'with', 'some', 'cocoa', 'powder', 'and', 'that', ""'s"", 'it', 'enjoy', 'it', 'note', 'the', 'sachet', 'i', 'used', 'contained', 'about', '1/2', 'g', 'of', 'vanilla', 'extract', 'in', 'powder', 'however', 'you', 'can', 'use', 'vanilla', 'extract', 'in', 'liquid', 'form', 'just', 'a', 'few', 'drops', 'or', 'infuse', 'a', 'small', 'vanilla', 'pod']","['first', 'soak', 'gelatine', 'leaves', 'small', 'bowl', 'filled', 'cold', 'water', 'set', 'aside', 'next', 'pour', 'cream', 'small', 'pan', 'turn', 'heat', 'gentle', 'heat', 'add', 'vanilla', 'powder/extract', 'add', 'sugar', 'coffee', 'rum', 'stir', 'gently', 'cream', 'gets', 'close', 'simmer', 'point', 'avoid', 'boiling', 'cream', 'thermometer', 'check', 'cream', 'reaches', '90oc', 'point', 'remove', 'pan', 'heat', 'squeeze', 'gelatine', 'leaves', 'add', 'pan', 'stir', 'couple', 'gelatine', 'completely', 'dissolved', 'strain', 'cream', 'jug', 'pour', 'cream', 'glasses', 'fill', 'glasses', 'half', 'way', 'put', 'glasses', 'fridge', 'panna', 'cotta', 'time', 'set', 'finally', 'want', 'eat', 'panna', 'cotta', 'suggest', 'dust', 'cocoa', 'powder', 'enjoy', 'note', 'sachet', 'used', 'contained', 'vanilla', 'extract', 'powder', 'however', 'use', 'vanilla', 'extract', 'liquid', 'form', 'drops', 'infuse', 'small', 'vanilla', 'pod']",Italian
6122,"['add', 'all', 'dry', 'ingredients', 'to', 'a', 'mixer', 'bowl', 'or', 'to', 'a', 'food', 'processor', 'with', 'bread', 'attachment', 'in', 'place', 'mix', 'dry', 'ingredients', 'on', 'low', 'speed', 'for', 'about', 'two', 'minutes', 'measure', 'out', 'warm', 'water', 'and', 'oil', 'into', 'a', 'bowl', 'or', 'measuring', 'cup', 'and', 'at', 'both', 'to', 'the', 'dry', 'as', 'it', 'mixes', 'for', 'another', 'two', 'minutes', 'on', 'low', 'speed', 'after', 'two', 'minutes', 'increase', 'your', 'mixers', 'speed', 'to', 'medium', 'for', 'another', 'six', 'minutes', 'dust', 'counter', 'top', 'with', 'flour', 'on', 'the', 'counter', 'form', 'dough', 'in', 'to', 'a', 'ball', 'and', 'let', 'it', 'proof', 'covered', 'for', 'about', '10', 'minutes', 'spray', 'the', 'edges', 'of', 'your', 'baking', 'sheet', 'place', 'baking', 'paper', 'on', 'surface', 'without', 'allow', 'any', 'wrinkles', 'and', 'sprinkle', 'evenly', 'with', 'corn', 'meal', 'after', 'the', 'dough', 'has', 'proofed', 'for', 'ten', 'minutes', 'spank', 'it', 'flat', 'to', 'force', 'out', 'any', 'air', 'bubbles', 'place', 'dough', 'on', 'baking', 'sheet', 'and', 'roll', 'out', 'until', 'it', 'is', 'about', 'an', 'inch', 'thick', 'or', 'until', 'it', 'is', 'an', 'inch', 'from', 'all', 'sides', 'of', 'the', 'sheet', 'poke', 'the', 'surface', 'of', 'the', 'dough', 'with', 'your', 'finger', 'creating', 'little', 'craters', 'brush', 'with', 'olive', 'oil', 'and', 'place', 'in', 'the', 'oven', 'at', 'the', 'lowest', 'setting', 'along', 'with', 'a', 'bowl', 'of', 'water', 'let', 'dough', 'rest', 'and', 'rise', 'for', 'twenty', 'minutes', 'turn', 'oven', 'up', 'to', '400', 'degrees', 'bake', 'bread', 'for', 'about', 'twenty', 'minutes', 'you', 'can', 'test', 'for', 'doneness', 'by', 'measuring', 'the', 'internal', 'temperature', 'once', 'it', 'reaches', 'about', '190', 'degrees', 'it', 'is', 'done']","['add', 'dry', 'ingredients', 'mixer', 'bowl', 'food', 'processor', 'bread', 'attachment', 'place', 'mix', 'dry', 'ingredients', 'low', 'speed', 'two', 'measure', 'warm', 'water', 'oil', 'bowl', 'measuring', 'dry', 'mixes', 'another', 'two', 'low', 'speed', 'two', 'increase', 'mixers', 'speed', 'medium', 'another', 'six', 'dust', 'counter', 'top', 'flour', 'counter', 'form', 'dough', 'ball', 'let', 'proof', 'covered', 'spray', 'edges', 'baking', 'sheet', 'place', 'baking', 'paper', 'surface', 'without', 'allow', 'wrinkles', 'sprinkle', 'evenly', 'corn', 'meal', 'dough', 'proofed', 'ten', 'spank', 'flat', 'force', 'air', 'bubbles', 'place', 'dough', 'baking', 'sheet', 'roll', 'thick', 'sides', 'sheet', 'poke', 'surface', 'dough', 'finger', 'creating', 'little', 'craters', 'brush', 'olive', 'oil', 'place', 'oven', 'lowest', 'setting', 'along', 'bowl', 'water', 'let', 'dough', 'rest', 'rise', 'twenty', 'turn', 'oven', 'bake', 'bread', 'twenty', 'test', 'doneness', 'measuring', 'internal', 'temperature', 'reaches', 'done']",Italian
10822,"['combine', 'the', 'flours', 'salt', 'oil', 'seeds', 'chilies', 'cashews', 'cilantro', 'saffron', 'and', 'enough', 'water', 'to', 'bind', 'knead', 'until', 'smooth', 'divide', 'into', '8', 'pieces', 'roll', 'out', 'each', 'into', 'a', '6', 'inch', 'round', 'heat', '2', 'iron', 'skillets', 'one', 'dry', 'one', 'with', 'a', 'little', 'oil', 'in', 'it', 'dry', 'roast', 'rotis', 'until', 'speckled', 'on', 'both', 'sides', 'then', 'transfer', 'to', 'oiled', 'skillet', 'to', 'brown', 'longer', 'repeat', 'keep', 'warm', 'between', 'foil']","['combine', 'flours', 'salt', 'oil', 'seeds', 'chilies', 'cashews', 'cilantro', 'saffron', 'enough', 'water', 'bind', 'knead', 'smooth', 'divide', 'pieces', 'roll', 'round', 'heat', 'iron', 'skillets', 'one', 'dry', 'one', 'little', 'oil', 'dry', 'roast', 'rotis', 'speckled', 'sides', 'transfer', 'oiled', 'skillet', 'brown', 'longer', 'repeat', 'keep', 'warm', 'foil']",Indian
11823,"['cook', 'the', 'sweet', 'potato', 'in', 'boiling', 'water', 'for', '10', 'minutes', 'drain', 'and', 'set', 'aside', 'heat', 'the', 'oil', 'and', 'fry', 'the', 'onion', 'garlic', 'and', 'turmeric', 'over', 'a', 'gentle', 'heat', 'for', '3', 'minutes', 'add', 'the', 'chilie', 'and', 'paste', 'and', 'cook', 'for', 'another', '2', 'minutes', 'add', 'coconut', 'milk', 'and', 'simmer', 'for', '5', 'minutes', 'add', 'the', 'sweet', 'potato', 'and', 'season', 'with', 'salt', 'if', 'desired', 'continue', 'to', 'simmer', 'for', 'a', 'further', '5', 'minutes', 'stir', 'in', 'spinach', 'cover', 'the', 'pan', 'and', 'simmer', 'for', '2', '3', 'mins', 'until', 'the', 'spinach', 'has', 'wilted', 'and', 'the', 'curry', 'is', 'hot', 'throughout']","['cook', 'sweet', 'potato', 'boiling', 'water', 'drain', 'set', 'aside', 'heat', 'oil', 'fry', 'onion', 'garlic', 'turmeric', 'gentle', 'heat', 'add', 'chilie', 'paste', 'cook', 'another', 'add', 'coconut', 'milk', 'simmer', 'add', 'sweet', 'potato', 'season', 'salt', 'desired', 'continue', 'simmer', 'stir', 'spinach', 'cover', 'pan', 'simmer', 'mins', 'spinach', 'wilted', 'curry', 'hot', 'throughout']",Indian
5340,"['preheat', 'oven', 'to', '375', 'degrees', 'mix', 'together', 'the', 'cooked', 'pasta', 'ricotta', 'pasta', 'sauce', '1', 'cup', 'of', 'the', 'mozzarella', 'cheese', 'and', 'the', 'salt', 'and', 'pepper', 'place', 'in', 'a', '9x13', 'pan', 'sprayed', 'with', 'nonstick', 'spray', 'top', 'with', 'mozzarella', 'cheese', 'and', 'bake', 'until', 'bubbly']","['preheat', 'oven', 'mix', 'together', 'cooked', 'pasta', 'ricotta', 'pasta', 'sauce', 'mozzarella', 'cheese', 'salt', 'pepper', 'place', '9x13', 'pan', 'sprayed', 'nonstick', 'spray', 'top', 'mozzarella', 'cheese', 'bake', 'bubbly']",Italian
6382,"['put', 'a', 'pot', 'of', 'water', 'on', 'to', 'boil', 'heat', 'oil', 'in', 'a', 'large', 'pan', 'over', 'medium', 'heat', 'put', 'the', 'sausage', 'in', 'the', 'pan', 'and', 'break', 'down', 'into', 'small', 'bite-sized', 'pieces', 'with', 'the', 'edge', 'of', 'a', 'spoon', 'sauté', 'until', 'brown', 'as', 'the', 'sausage', 'is', 'browning', 'salt', 'the', 'boiling', 'water', 'and', 'add', 'the', 'ziti', 'add', 'the', 'garlic', 'and', 'onions', 'to', 'the', 'pan', 'of', 'sausage', 'and', 'cook', 'together', 'until', 'onions', 'are', 'softened', 'by', 'this', 'time', 'the', 'pasta', 'should', 'be', 'done', 'preheat', 'the', 'oven', 'to', '425°f', 'drain', 'the', 'pasta', 'return', 'to', 'the', 'pot', 'add', 'the', 'sausage', 'and', 'onion', 'mixture', '1', '1/2', 'jars', 'of', 'sauce', '1/2', 'of', 'the', 'grated', 'cheese', 'and', 'the', 'fresh', 'basil', 'and', 'oregano', 'toss', 'well', 'to', 'combine', 'and', 'pour', 'into', 'a', '9x13', 'inch', 'baking', 'dish', 'even', 'the', 'mixture', 'out', 'in', 'the', 'pan', 'cover', 'with', 'the', 'rest', 'of', 'the', 'sauce', 'scatter', 'the', 'torn', 'basil', 'over', 'the', 'sauce', 'and', 'sprinkle', 'the', 'rest', 'of', 'the', 'cheese', 'on', 'top', 'cover', 'the', 'dish', 'with', 'foil', 'and', 'bake', 'for', '40', 'minutes', 'or', 'until', 'everything', 'is', 'bubbling', 'and', 'the', 'cheese', 'is', 'melted', 'remove', 'and', 'let', 'cool', 'for', '5-10', 'minutes', 'before', 'serving']","['put', 'pot', 'water', 'boil', 'heat', 'oil', 'large', 'pan', 'medium', 'heat', 'put', 'sausage', 'pan', 'break', 'small', 'bite', 'sized', 'pieces', 'edge', 'spoon', 'sauté', 'brown', 'sausage', 'browning', 'salt', 'boiling', 'water', 'add', 'ziti', 'add', 'garlic', 'onions', 'pan', 'sausage', 'cook', 'together', 'onions', 'softened', 'time', 'pasta', 'done', 'preheat', 'oven', '425°f', 'drain', 'pasta', 'return', 'pot', 'add', 'sausage', 'onion', 'mixture', 'jars', 'sauce', 'grated', 'cheese', 'fresh', 'basil', 'oregano', 'toss', 'well', 'combine', 'pour', '9x13', 'baking', 'dish', 'even', 'mixture', 'pan', 'cover', 'rest', 'sauce', 'scatter', 'torn', 'basil', 'sauce', 'sprinkle', 'rest', 'cheese', 'top', 'cover', 'dish', 'foil', 'bake', 'everything', 'bubbling', 'cheese', 'melted', 'remove', 'let', 'cool', 'serving']",Italian
3649,"['boil', 'pasta', 'in', 'salted', 'water', 'according', 'to', 'package', 'directions', 'until', 'al', 'dente', 'meanwhile', 'toss', 'the', 'asparagus', 'with', 'the', 'oil', 'sprinkle', 'with', 'salt', 'and', 'black', 'pepper', 'to', 'taste', 'and', 'roast', 'in', 'the', 'preheated', 'oven', 'at', '200°c/400°f', 'for', '10-15', 'minutes', 'it', 'should', 'be', 'roasty', 'but', 'not', 'too', 'dark', 'during', 'the', 'last', 'five', 'minutes', 'of', 'roasting', 'add', 'the', 'sesame', 'seeds', 'to', 'get', 'them', 'nice', 'and', 'toasty', 'too', 'drain', 'pasta', 'and', 'add', 'to', 'a', 'big', 'mixing', 'bowl', 'add', 'the', 'butter', 'as', 'much', 'as', 'you', 'need', 'to', 'get', 'the', 'pasta', 'shiny', 'and', 'cheese', 'mix', 'well', 'remove', 'the', 'asparagus', 'and', 'sesame', 'seeds', 'from', 'the', 'oven', 'and', 'toss', 'with', 'the', 'pasta', 'sprinkle', 'with', 'chives', 'enjoy']","['boil', 'pasta', 'salted', 'water', 'according', 'package', 'directions', 'al', 'dente', 'meanwhile', 'toss', 'asparagus', 'oil', 'sprinkle', 'salt', 'black', 'pepper', 'taste', 'roast', 'preheated', 'oven', '200°c/400°f', 'roasty', 'dark', 'last', 'five', 'roasting', 'add', 'sesame', 'seeds', 'get', 'nice', 'toasty', 'drain', 'pasta', 'add', 'big', 'mixing', 'bowl', 'add', 'butter', 'much', 'need', 'get', 'pasta', 'shiny', 'cheese', 'mix', 'well', 'remove', 'asparagus', 'sesame', 'seeds', 'oven', 'toss', 'pasta', 'sprinkle', 'chives', 'enjoy']",Italian
719,"['combine', 'sugar', 'evaporated', 'milk', 'corn', 'syrup', 'and', 'salt', 'in', '4', 'qt', 'heavy', 'saucepan', 'cook', 'over', 'medium', 'to', 'low', 'heat', 'stirring', 'constantly', 'until', 'mixture', 'reaches', 'the', 'soft', 'ball', 'stage', '238', 'degrees', 'remove', 'from', 'heat', 'and', 'add', 'butter', 'without', 'stirring', 'cool', 'to', 'lukewarm', '110', 'degrees', 'add', 'vanilla', 'beat', 'with', 'electric', 'mixer', 'at', 'slow', 'speed', 'until', 'candy', 'thickens', 'and', 'is', 'very', 'creamy', 'stir', 'in', 'nuts', 'quickly', 'pour', 'into', 'two', 'buttered', '8', '1/2', ""''"", 'x4', '1/2', ""''"", 'x2', '1/2', ""''"", 'loaf', 'pans', 'cool', 'until', 'firm', 'remove', 'candy', 'from', 'pans', 'and', 'wrap', 'each', 'loaf', 'in', 'foil', 'or', 'plastic', 'wrap', 'store', 'in', 'cold', 'place', 'do', 'not', 'cheat', 'on', 'the', '238', 'degrees', 'this', 'is', 'very', 'rich', 'and', 'you', 'may', 'decide', 'to', 'use', 'different', 'pans', 'for', 'a', 'different', 'way', 'to', 'serve']","['combine', 'sugar', 'evaporated', 'milk', 'corn', 'syrup', 'salt', 'heavy', 'saucepan', 'cook', 'medium', 'low', 'heat', 'stirring', 'constantly', 'mixture', 'reaches', 'soft', 'ball', 'stage', 'remove', 'heat', 'add', 'butter', 'without', 'stirring', 'cool', 'lukewarm', 'add', 'vanilla', 'beat', 'electric', 'mixer', 'slow', 'speed', 'candy', 'thickens', 'creamy', 'stir', 'nuts', 'quickly', 'pour', 'two', 'buttered', ""''"", 'x4', ""''"", 'x2', ""''"", 'loaf', 'pans', 'cool', 'firm', 'remove', 'candy', 'pans', 'wrap', 'loaf', 'foil', 'plastic', 'wrap', 'store', 'cold', 'place', 'cheat', 'rich', 'may', 'decide', 'use', 'different', 'pans', 'different', 'way', 'serve']",Italian
3685,"['cook', 'orzo', 'to', 'desired', 'doneness', 'as', 'directed', 'on', 'package', 'drain', 'rinse', 'with', 'cold', 'water', 'in', 'large', 'bowl', 'combine', 'orzo', 'zucchini', 'carrot', 'olives', 'onions', 'and', 'pimento', 'pour', 'dressing', 'over', 'salad', 'toss', 'well', 'refrigerate', 'at', 'least', '2', 'hours', 'to', 'blend', 'flavors', 'add', 'mozzarella', 'cheese', 'just', 'before', 'serving', 'garnish', 'with', 'parsley', 'refrigerate', 'leftovers', 'tip', 'substitute', '2', '1/2', 'cups', 'cooked', 'macaroni', 'for', 'the', 'orzo']","['cook', 'orzo', 'desired', 'doneness', 'directed', 'package', 'drain', 'rinse', 'cold', 'water', 'large', 'bowl', 'combine', 'orzo', 'zucchini', 'carrot', 'olives', 'onions', 'pimento', 'pour', 'dressing', 'salad', 'toss', 'well', 'refrigerate', 'least', 'blend', 'flavors', 'add', 'mozzarella', 'cheese', 'serving', 'garnish', 'parsley', 'refrigerate', 'leftovers', 'tip', 'substitute', 'cooked', 'macaroni', 'orzo']",Italian
943,"['combine', 'all', 'in', 'a', 'container', 'with', 'a', 'tight', 'fitting', 'lid', 'and', 'shake', 'for', 'salad', 'dressing', 'combine', '1', '1/2', 'tbsp', 'mix', 'with1/4', 'cup', 'vinegar,2', '1/2', 'tbsp', 'water', 'and', '3/4', 'cup', 'oil', 'in', 'a', 'bottle', 'with', 'a', 'lid', 'and', 'shake', 'let', 'stand', '1', 'hour', 'to', 'blend']","['combine', 'container', 'tight', 'fitting', 'lid', 'shake', 'salad', 'dressing', 'combine', 'mix', 'with1/4', 'vinegar,2', 'water', 'oil', 'bottle', 'lid', 'shake', 'let', 'stand', 'blend']",Italian
10862,"['make', 'incisions', 'with', 'a', 'sharp', 'knife', 'on', 'the', 'chicken', 'breast', 'legs', 'and', 'thighs', 'apply', 'a', 'mixture', 'one', 'teaspoon', 'kashmiri', 'red', 'chilli', 'powder', 'one', 'tablespoon', 'lemon', 'juice', 'and', 'salt', 'over', 'the', 'chicken', 'and', 'set', 'aside', 'for', 'half', 'an', 'hour', 'for', 'the', 'marinade', 'tie', 'up', 'yogurt', 'in', 'a', 'piece', 'of', 'muslin', 'and', 'hang', 'over', 'a', 'bowl', 'for', 'fifteen', 'to', 'twenty', 'minutes', 'remove', 'the', 'thick', 'yogurt', 'into', 'a', 'bowl', 'add', 'the', 'remaining', 'kashmiri', 'red', 'chilli', 'powder', 'salt', 'ginger', 'paste', 'garlic', 'paste', 'remaining', 'lemon', 'juice', 'garam', 'masala', 'powder', 'and', 'two', 'tablespoons', 'olive', 'oil', 'rub', 'this', 'mixture', 'over', 'the', 'chicken', 'and', 'marinate', 'for', 'three', 'to', 'four', 'hours', 'in', 'a', 'refrigerator', 'thread', 'the', 'chicken', 'onto', 'a', 'skewer', 'and', 'cook', 'in', 'a', 'moderately', 'hot', 'tandoor', 'or', 'in', 'a', 'preheated', 'oven', 'at', '200°c/400°f/gas', 'mark', '6', 'for', 'ten', 'to', 'twelve', 'minutes', 'or', 'until', 'almost', 'done', 'baste', 'chicken', 'with', 'a', 'little', 'oil', 'and', 'cook', 'for', 'another', 'four', 'minutes', 'remove', 'and', 'set', 'aside', 'sprinkle', 'chaat', 'masala', 'powder', 'and', 'serve', 'with', 'onion', 'rings', 'and', 'lemon', 'wedges']","['make', 'incisions', 'sharp', 'knife', 'chicken', 'breast', 'legs', 'thighs', 'apply', 'mixture', 'one', 'kashmiri', 'red', 'chilli', 'powder', 'one', 'lemon', 'juice', 'salt', 'chicken', 'set', 'aside', 'half', 'marinade', 'tie', 'yogurt', 'piece', 'muslin', 'hang', 'bowl', 'fifteen', 'twenty', 'remove', 'thick', 'yogurt', 'bowl', 'add', 'remaining', 'kashmiri', 'red', 'chilli', 'powder', 'salt', 'ginger', 'paste', 'garlic', 'paste', 'remaining', 'lemon', 'juice', 'garam', 'masala', 'powder', 'two', 'olive', 'oil', 'rub', 'mixture', 'chicken', 'marinate', 'three', 'four', 'refrigerator', 'thread', 'chicken', 'onto', 'skewer', 'cook', 'moderately', 'hot', 'tandoor', 'preheated', 'oven', '200°c/400°f/gas', 'mark', 'ten', 'twelve', 'almost', 'done', 'baste', 'chicken', 'little', 'oil', 'cook', 'another', 'four', 'remove', 'set', 'aside', 'sprinkle', 'chaat', 'masala', 'powder', 'serve', 'onion', 'rings', 'lemon', 'wedges']",Indian
474,"['cut', 'out', 'core', 'of', 'iceberg', 'lettuce', 'with', 'pointed', 'knife', 'discard', 'core', 'hold', 'cut', 'part', 'of', 'lettuce', 'under', 'cold', 'running', 'water', 'to', 'separate', 'leaves', 'drain', 'well', 'on', 'paper', 'towels', 'in', 'colander', 'or', 'salad', 'spinner', 'refrigerate', 'stored', 'in', 'plastic', 'bag', 'in', 'crisper', 'or', 'plastic', 'container', 'with', 'tight', 'fitting', 'lid', 'wipe', 'chicken', 'breasts', 'with', 'damp', 'paper', 'towel', 'with', 'sharp', 'knife', 'split', 'in', 'half', 'in', 'large', '10-inch', 'skillet', 'combine', 'onion', 'celery', 'stalk', 'carrot', 'parsley', '1', 'teaspoon', 'salt', 'the', 'thyme', 'bay', 'leaf', 'undiluted', 'chicken', 'broth', 'and', 'water', 'over', 'medium', 'heat', 'bring', 'to', 'boiling', 'add', 'the', 'chicken', 'bring', 'to', 'boiling', 'reduce', 'heat', 'simmer', 'covered', '30', 'minutes', 'or', 'until', 'chicken', 'is', 'fork-tender', 'remove', 'skillet', 'from', 'heat', 'cool', 'chicken', 'breasts', 'in', 'broth', '1', 'hour', 'meanwhile', 'make', 'tonnato', 'sauce', 'drain', 'anchovy', 'fillets', 'with', 'sharp', 'kinfe', 'chop', '2', 'fillets', 'reserve', 'the', 'rest', 'for', 'garnish', 'drain', 'tuna', 'discard', 'liquid', 'in', 'blender', 'or', 'food', 'processor', 'combine', 'chopped', 'anchovies', 'with', 'tuna', 'mayonnaise', 'chopped', 'celery', 'salt', 'pepper', 'and', 'lemon', 'juice', 'blend', 'until', 'smooth', 'turn', 'into', '2-cup', 'container', 'with', 'tight-fitting', 'lid', 'refrigerate', 'covered', 'makes', 'about', '2', 'cups', 'remove', 'cooled', 'chicken', 'breasts', 'from', 'broth', 'strain', 'broth', 'and', 'refrigerate', 'covered', 'to', 'use', 'another', 'time', 'remove', 'and', 'discard', 'skin', 'and', 'bone', 'from', 'chicken', 'breasts', 'with', 'sharp', 'knife', 'shred', 'lettuce', 'to', 'serve', 'cover', 'a', 'large', 'round', 'serving', 'platter', 'with', 'shredded', 'lettuce', 'place', 'one', 'whole', 'tomato', 'cut', 'into', '8ths', 'and', 'reassembled', 'in', 'the', 'very', 'center', 'of', 'the', 'plate', 'arrange', 'the', '8', 'breast', 'halves', 'on', 'lettuce', 'in', 'a', 'circle', 'around', 'this', 'tomato', 'spoon', 'tonnato', 'over', 'each', 'breast', 'covering', 'it', 'completely', 'garnish', 'each', 'breast', 'with', 'a', 'whole', 'reserved', 'anchovy', 'fillet', 'place', 'tomato', 'wedges', 'between', 'breasts', 'garnish', 'with', 'watercress']","['cut', 'core', 'iceberg', 'lettuce', 'pointed', 'knife', 'discard', 'core', 'hold', 'cut', 'part', 'lettuce', 'cold', 'running', 'water', 'separate', 'leaves', 'drain', 'well', 'paper', 'towels', 'colander', 'salad', 'spinner', 'refrigerate', 'stored', 'plastic', 'bag', 'crisper', 'plastic', 'container', 'tight', 'fitting', 'lid', 'wipe', 'chicken', 'breasts', 'damp', 'paper', 'towel', 'sharp', 'knife', 'split', 'half', 'large', '10', 'inch', 'skillet', 'combine', 'onion', 'celery', 'stalk', 'carrot', 'parsley', 'salt', 'thyme', 'bay', 'leaf', 'undiluted', 'chicken', 'broth', 'water', 'medium', 'heat', 'bring', 'boiling', 'add', 'chicken', 'bring', 'boiling', 'reduce', 'heat', 'simmer', 'covered', 'chicken', 'fork', 'tender', 'remove', 'skillet', 'heat', 'cool', 'chicken', 'breasts', 'broth', 'meanwhile', 'make', 'tonnato', 'sauce', 'drain', 'anchovy', 'fillets', 'sharp', 'kinfe', 'chop', 'fillets', 'reserve', 'rest', 'garnish', 'drain', 'tuna', 'discard', 'liquid', 'blender', 'food', 'processor', 'combine', 'chopped', 'anchovies', 'tuna', 'mayonnaise', 'chopped', 'celery', 'salt', 'pepper', 'lemon', 'juice', 'blend', 'smooth', 'turn', '2', 'cup', 'container', 'tight', 'fitting', 'lid', 'refrigerate', 'covered', 'makes', 'remove', 'cooled', 'chicken', 'breasts', 'broth', 'strain', 'broth', 'refrigerate', 'covered', 'use', 'another', 'time', 'remove', 'discard', 'skin', 'bone', 'chicken', 'breasts', 'sharp', 'knife', 'shred', 'lettuce', 'serve', 'cover', 'large', 'round', 'serving', 'platter', 'shredded', 'lettuce', 'place', 'one', 'whole', 'tomato', 'cut', '8ths', 'reassembled', 'center', 'plate', 'arrange', 'breast', 'halves', 'lettuce', 'circle', 'around', 'tomato', 'spoon', 'tonnato', 'breast', 'covering', 'completely', 'garnish', 'breast', 'whole', 'reserved', 'anchovy', 'fillet', 'place', 'tomato', 'wedges', 'breasts', 'garnish', 'watercress']",Italian
6825,"['combine', 'cumin', 'coriander', 'and', 'salt', 'slice', 'each', 'chicken', 'piece', 'into', '3', 'or', '4', 'chunks', 'melt', '2', 'tbs', 'butter', 'in', 'large', 'frying', 'pan', 'add', '1/2', 'of', 'the', 'chicken', 'sprinkle', 'with', 'half', 'of', 'the', 'combined', 'seasonings', 'and', 'saute', 'until', 'slightly', 'done', 'repeat', 'with', 'remaining', 'chicken', 'and', 'spice', 'mixture', 'remove', 'and', 'place', 'in', 'bowl', 'chop', 'onion', 'garlic', 'peppers', 'including', 'seeds', 'grate', 'ginger', 'chop', 'cilantro', 'over', 'medium', 'heat', 'saute', 'onions', 'and', 'garlic', 'until', 'soft', 'in', 'remaining', 'butter', 'pour', 'in', 'cream', 'and', 'scrape', 'and', 'stir', 'in', 'brown', 'bits', 'add', 'tomato', 'sauce', 'peppers', 'and', 'ginger', 'stirring', 'simmer', '10', 'minutes', 'add', 'chicken', 'with', 'it', ""'s"", 'juices', 'bring', 'to', 'boil', 'reduce', 'heat', 'to', 'medium/low', 'and', 'simmer', 'covered', '10-15', 'minutes', 'stir', 'in', 'cilantro', 'and', 'peas', 'heat', 'until', 'warmed', 'through', 'thoroughly']","['combine', 'cumin', 'coriander', 'salt', 'slice', 'chicken', 'piece', 'chunks', 'melt', 'tbs', 'butter', 'large', 'frying', 'pan', 'add', 'chicken', 'sprinkle', 'half', 'combined', 'seasonings', 'saute', 'slightly', 'done', 'repeat', 'remaining', 'chicken', 'spice', 'mixture', 'remove', 'place', 'bowl', 'chop', 'onion', 'garlic', 'peppers', 'including', 'seeds', 'grate', 'ginger', 'chop', 'cilantro', 'medium', 'heat', 'saute', 'onions', 'garlic', 'soft', 'remaining', 'butter', 'pour', 'cream', 'scrape', 'stir', 'brown', 'bits', 'add', 'tomato', 'sauce', 'peppers', 'ginger', 'stirring', 'simmer', 'add', 'chicken', 'juices', 'bring', 'boil', 'reduce', 'heat', 'medium/low', 'simmer', 'covered', 'stir', 'cilantro', 'peas', 'heat', 'warmed', 'thoroughly']",Indian
6750,"['combine', 'all', 'ingredients', 'in', 'a', 'medium', 'bowl', 'and', 'stir', 'well', 'cover', 'and', 'chill', 'for', 'an', 'hour']","['combine', 'ingredients', 'medium', 'bowl', 'stir', 'well', 'cover', 'chill']",Indian
8321,"['scald', 'the', 'milk', 'and', 'butter', 'in', 'a', 'large', 'double', 'boiler', 'or', 'heat', 'the', 'milk', 'and', 'butter', 'for', '5-6', 'minutes', 'on', 'high', 'heat', 'in', 'the', 'microwave', 'until', 'it', 'is', 'boiling', 'then', 'transfer', 'it', 'to', 'a', 'pot', 'on', 'the', 'stove', 'keep', 'hot', 'on', 'medium', 'heat', 'preheat', 'oven', 'to', '250.', 'in', 'a', 'separate', 'bowl', 'mix', 'cornmeal', 'flour', 'and', 'salt', 'stir', 'in', 'molasses', 'thin', 'the', 'mixture', 'with', 'about', '1/2', 'cup', 'of', 'scalded', 'milk', 'a', 'few', 'tablespoons', 'at', 'a', 'time', 'then', 'gradually', 'add', 'the', 'mixture', 'back', 'to', 'the', 'large', 'pot', 'of', 'scalded', 'milk', 'cook', 'stirring', 'until', 'thickened', 'temper', 'the', 'eggs', 'by', 'slowly', 'adding', 'a', 'half', 'cup', 'of', 'the', 'hot', 'milk', 'cornmeal', 'mixture', 'to', 'the', 'beaten', 'eggs', 'whisking', 'constantly', 'add', 'the', 'egg', 'mixture', 'back', 'in', 'with', 'the', 'hot', 'milk', 'cornmeal', 'mixture', 'stir', 'to', 'combine', 'stir', 'in', 'the', 'sugar', 'and', 'spices', 'until', 'smooth', 'at', 'this', 'point', 'if', 'the', 'mixture', 'is', 'clumpy', 'you', 'can', 'run', 'it', 'through', 'a', 'blender', 'to', 'smooth', 'it', 'out', 'stir', 'in', 'the', 'raisins', 'optional', 'pour', 'into', 'a', '2', '1/2', 'quart', 'shallow', 'casserole', 'dish', 'bake', 'for', '2', 'hours', 'at', '250.', 'allow', 'the', 'pudding', 'to', 'cool', 'about', 'an', 'hour', 'to', 'be', 'at', 'its', 'best', 'it', 'should', 'be', 'reheated', 'to', 'warm', 'temperature', 'if', 'it', 'has', 'been', 'chilled', 'serve', 'with', 'whipped', 'cream', 'or', 'vanilla', 'ice', 'cream']","['scald', 'milk', 'butter', 'large', 'double', 'boiler', 'heat', 'milk', 'butter', 'high', 'heat', 'microwave', 'boiling', 'transfer', 'pot', 'stove', 'keep', 'hot', 'medium', 'heat', 'preheat', 'oven', 'separate', 'bowl', 'mix', 'cornmeal', 'flour', 'salt', 'stir', 'molasses', 'thin', 'mixture', 'scalded', 'milk', 'time', 'gradually', 'add', 'mixture', 'back', 'large', 'pot', 'scalded', 'milk', 'cook', 'stirring', 'thickened', 'temper', 'eggs', 'slowly', 'adding', 'half', 'hot', 'milk', 'cornmeal', 'mixture', 'beaten', 'eggs', 'whisking', 'constantly', 'add', 'egg', 'mixture', 'back', 'hot', 'milk', 'cornmeal', 'mixture', 'stir', 'combine', 'stir', 'sugar', 'spices', 'smooth', 'point', 'mixture', 'clumpy', 'run', 'blender', 'smooth', 'stir', 'raisins', 'optional', 'pour', 'shallow', 'casserole', 'dish', 'bake', 'allow', 'pudding', 'cool', 'best', 'reheated', 'warm', 'temperature', 'chilled', 'serve', 'whipped', 'cream', 'vanilla', 'ice', 'cream']",Indian
2982,"['fill', 'a', 'large', 'pot', 'with', 'water', 'for', 'the', 'pasta', 'bring', 'to', 'a', 'boil', 'over', 'high', 'heat', 'while', 'water', 'is', 'heating', 'heat', 'oil', 'in', 'a', 'wide', 'saucepan', 'over', 'medium-high', 'heat', 'and', 'add', 'the', 'whole', 'cloves', 'of', 'garlic', 'when', 'garlic', 'starts', 'to', 'sizzle', 'add', 'the', 'fennel', 'sauté', 'for', 'a', 'few', 'minutes', 'until', 'they', 'start', 'to', 'cook', 'add', 'the', 'raisins', 'and', 'the', 'pine', 'nuts', 'and', 'simmer', 'until', 'the', 'water', 'for', 'the', 'pasta', 'is', 'boiling', 'in', 'the', 'meantime', 'toast', 'your', 'breadcrumbs', 'in', 'a', 'small', 'heavy', 'bottomed', 'skillet', 'i', 'usually', 'keep', 'old', 'italian', 'bread', 'in', 'the', 'freezer', 'and', 'chop', 'it', 'up', 'in', 'a', 'blender', 'when', 'it', 'has', 'thawed', 'trust', 'me', 'it', 'is', 'much', 'more', 'flavorful', 'than', 'store', 'bought', 'breadcrumbs', 'keep', 'an', 'eye', 'on', 'the', 'breadcrumbs', 'they', 'usually', 'toast', 'quickly', 'once', 'the', 'water', 'starts', 'to', 'boil', 'for', 'the', 'pasta', 'add', 'salt', 'to', 'the', 'water', 'and', 'bring', 'to', 'a', 'rolling', 'boil', 'add', 'the', 'pasta', 'and', 'cook', 'until', 'al', 'dente', 'you', 'should', 'add', 'the', 'sardines', 'to', 'the', 'pan', 'with', 'the', 'fennel', 'at', 'this', 'point', 'when', 'the', 'pasta', 'is', 'perfectly', 'al', 'dente', 'add', 'a', 'cup', 'of', 'the', 'pasta', 'water', 'to', 'the', 'fennel', 'sauce', 'turn', 'up', 'the', 'heat', 'on', 'the', 'sauce', 'drain', 'the', 'pasta', 'without', 'shaking', 'all', 'of', 'the', 'water', 'out', 'of', 'the', 'colander', 'pour', 'the', 'pasta', 'into', 'the', 'pan', 'and', 'toss', 'it', 'with', 'the', 'sauce', 'this', 'allows', 'for', 'the', 'pasta', 'to', 'cook', 'a', 'little', 'longer', 'in', 'the', 'sauce', 'and', 'to', 'absorb', 'the', 'flavor', 'take', 'the', 'pan', 'off', 'of', 'the', 'heat', 'and', 'toss', 'with', 'the', 'toasted', 'bread', 'crumbs', 'and', 'chopped', 'fennel', 'fronds', 'serve', 'immediately']","['fill', 'large', 'pot', 'water', 'pasta', 'bring', 'boil', 'high', 'heat', 'water', 'heating', 'heat', 'oil', 'wide', 'saucepan', 'medium', 'high', 'heat', 'add', 'whole', 'cloves', 'garlic', 'garlic', 'starts', 'sizzle', 'add', 'fennel', 'sauté', 'start', 'cook', 'add', 'raisins', 'pine', 'nuts', 'simmer', 'water', 'pasta', 'boiling', 'meantime', 'toast', 'breadcrumbs', 'small', 'heavy', 'bottomed', 'skillet', 'usually', 'keep', 'old', 'italian', 'bread', 'freezer', 'chop', 'blender', 'thawed', 'trust', 'much', 'flavorful', 'store', 'bought', 'breadcrumbs', 'keep', 'eye', 'breadcrumbs', 'usually', 'toast', 'quickly', 'water', 'starts', 'boil', 'pasta', 'add', 'salt', 'water', 'bring', 'rolling', 'boil', 'add', 'pasta', 'cook', 'al', 'dente', 'add', 'sardines', 'pan', 'fennel', 'point', 'pasta', 'perfectly', 'al', 'dente', 'add', 'pasta', 'water', 'fennel', 'sauce', 'turn', 'heat', 'sauce', 'drain', 'pasta', 'without', 'shaking', 'water', 'colander', 'pour', 'pasta', 'pan', 'toss', 'sauce', 'allows', 'pasta', 'cook', 'little', 'longer', 'sauce', 'absorb', 'flavor', 'take', 'pan', 'heat', 'toss', 'toasted', 'bread', 'crumbs', 'chopped', 'fennel', 'fronds', 'serve', 'immediately']",Italian
4135,"['in', 'a', 'bowl', 'mix', 'milk', 'and', 'eggs', 'with', 'a', 'pinch', 'of', 'each', 'salt', 'and', 'pepper', 'melt', '1', 'tbsp', 'butter', 'in', 'a', 'hot', 'skillet', 'of', '22', 'cm', 'add', 'half', 'of', 'the', 'egg', 'mixture', 'and', 'fry', 'a', 'crepes', 'add', 'some', 'more', 'butter', 'and', 'fry', 'with', 'the', 'remaining', 'egg', 'mixture', 'a', 'second', 'crepes', 'let', 'crepes', 'cool', 'when', 'cold', 'spread', 'each', 'crepes', 'with', 'the', 'fresh', 'goat', 'cheese', 'top', 'with', 'some', 'arugula', 'leaves', 'and', 'finally', 'with', 'the', 'bresaola', 'roll', 'tightly', 'and', 'cut', 'diagonally', 'into', 'finger-thick', 'slices', 'serve', 'on', 'a', 'plate', 'garnished', 'with', 'some', 'arugula', 'leaves']","['bowl', 'mix', 'milk', 'eggs', 'pinch', 'salt', 'pepper', 'melt', 'butter', 'hot', 'skillet', 'cm', 'add', 'half', 'egg', 'mixture', 'fry', 'crepes', 'add', 'butter', 'fry', 'remaining', 'egg', 'mixture', 'second', 'crepes', 'let', 'crepes', 'cool', 'cold', 'spread', 'crepes', 'fresh', 'goat', 'cheese', 'top', 'arugula', 'leaves', 'finally', 'bresaola', 'roll', 'tightly', 'cut', 'diagonally', 'finger', 'thick', 'slices', 'serve', 'plate', 'garnished', 'arugula', 'leaves']",Italian
2357,"['spread', 'a', 'very', 'small', 'amount', 'of', 'pressed', 'garlic', 'on', 'one', 'side', 'of', 'the', 'bread', 'layer', 'the', 'cheese', 'and', 'basil', 'on', 'top', 'of', 'the', 'garlic', 'and', 'between', 'the', 'slices', 'of', 'bread', 'add', 'salt', 'and', 'pepper', 'to', 'taste', 'spread', 'butter', 'on', 'the', 'outer', 'sides', 'of', 'the', 'sandwich', 'and', 'place', 'face', 'down', 'in', 'a', 'frying', 'pan', 'toast', 'the', 'sandwich', 'over', 'medium', 'heat', 'until', 'golden', 'brown', 'on', 'both', 'sides', 'turn', 'heat', 'to', 'low', 'and', 'cover', 'pan', 'until', 'the', 'cheese', 'is', 'fully', 'melted', 'serve']","['spread', 'small', 'amount', 'pressed', 'garlic', 'one', 'side', 'bread', 'layer', 'cheese', 'basil', 'top', 'garlic', 'slices', 'bread', 'add', 'salt', 'pepper', 'taste', 'spread', 'butter', 'outer', 'sides', 'sandwich', 'place', 'face', 'frying', 'pan', 'toast', 'sandwich', 'medium', 'heat', 'golden', 'brown', 'sides', 'turn', 'heat', 'low', 'cover', 'pan', 'cheese', 'fully', 'melted', 'serve']",Italian
13039,"['bring', 'a', 'large', 'pot', 'of', 'lightly', 'salted', 'water', 'to', 'a', 'boil', 'then', 'add', 'the', 'cauliflower', 'and', 'potatoes', 'return', 'to', 'the', 'boil', 'and', 'cook', 'for', '5', 'minutes', 'approx.drain', 'and', 'set', 'aside', 'heat', 'a', 'large', 'non', 'stick', 'frying', 'pan', 'add', 'the', 'oil', 'then', 'the', 'curry', 'powder', 'cumin', 'and', 'cayenne', 'cook', 'until', 'fragrant', 'about', '30', 'seconds', 'then', 'add', 'the', 'chickpeas', 'and', 'cook', 'another', 'minute', 'stir', 'in', 'the', 'tomatoes', 'and', 'sugar', 'cook', '1', 'minute', 'then', 'add', 'the', 'cauliflower', 'and', 'potatoes', 'cook', 'until', 'the', 'tomato', 'sauce', 'thickens', 'and', 'the', 'vegetables', 'are', 'tender', 'remove', 'from', 'heat', 'and', 'add', 'the', 'coriander', 'and', 'salt', 'then', 'serve']","['bring', 'large', 'pot', 'lightly', 'salted', 'water', 'boil', 'add', 'cauliflower', 'potatoes', 'return', 'boil', 'cook', 'approx.drain', 'set', 'aside', 'heat', 'large', 'non', 'stick', 'frying', 'pan', 'add', 'oil', 'curry', 'powder', 'cumin', 'cayenne', 'cook', 'fragrant', 'seconds', 'add', 'chickpeas', 'cook', 'another', 'stir', 'tomatoes', 'sugar', 'cook', 'add', 'cauliflower', 'potatoes', 'cook', 'tomato', 'sauce', 'thickens', 'vegetables', 'tender', 'remove', 'heat', 'add', 'coriander', 'salt', 'serve']",Indian
3114,"['toss', 'berries', 'sugar', 'and', 'salt', 'in', 'large', 'bowl', 'let', 'stand', 'until', 'juicy', 'about', '30', 'minutes', 'puree', 'mixture', 'in', 'batches', 'in', 'blender', 'press', 'through', 'fine', 'strainer', 'into', 'medium', 'bowl', 'mix', 'cream', 'and', 'lemon', 'juice', 'into', 'puree', 'process', 'in', 'ice', 'cream', 'maker', 'according', 'to', 'manufacturer', ""'s"", 'instructions', 'transfer', 'to', 'container', 'cover', 'and', 'freeze', 'until', 'firm', 'at', 'least', '3', 'hours', 'and', 'up', 'to', '2', 'days', 'place', '1', 'scoop', 'sorbato', 'in', 'each', 'of', '8', 'glasses', 'fill', 'each', 'glass', 'with', 'prosecco', 'sorbato', 'will', 'float', 'to', 'top']","['toss', 'berries', 'sugar', 'salt', 'large', 'bowl', 'let', 'stand', 'juicy', 'puree', 'mixture', 'batches', 'blender', 'press', 'fine', 'strainer', 'medium', 'bowl', 'mix', 'cream', 'lemon', 'juice', 'puree', 'process', 'ice', 'cream', 'maker', 'according', 'manufacturer', 'instructions', 'transfer', 'container', 'cover', 'freeze', 'firm', 'least', 'days', 'place', 'scoop', 'sorbato', 'glasses', 'fill', 'glass', 'prosecco', 'sorbato', 'float', 'top']",Italian
3907,"['in', 'large', 'skillet', 'cook', 'sausage', 'drain', 'add', 'bell', 'peppers', 'and', 'onion', 'and', 'sauté', '3-4', 'minutes', 'add', 'artichoke', 'hearts', 'with', 'their', 'liquid', 'and', 'basil', 'pesto', 'and', 'cook', 'until', 'heated', 'through', 'divide', 'sausage', 'mixture', 'among', 'tortillas', 'top', 'with', 'cheese', 'roll', 'and', 'serve']","['large', 'skillet', 'cook', 'sausage', 'drain', 'add', 'bell', 'peppers', 'onion', 'sauté', 'add', 'artichoke', 'hearts', 'liquid', 'basil', 'pesto', 'cook', 'heated', 'divide', 'sausage', 'mixture', 'among', 'tortillas', 'top', 'cheese', 'roll', 'serve']",Italian
2712,"['wipe', 'the', 'chops', 'with', 'a', 'damp', 'paper', 'towel', 'and', 'dry', 'them', 'brown', 'the', 'chops', 'in', '1/4', 'cup', 'of', 'the', 'oil', 'at', 'medium/high', 'heat', 'in', 'a', 'large', 'skillet', 'remove', 'the', 'chops', 'and', 'set', 'aside', 'add', 'the', 'vegetables', 'and', 'the', 'remaining', '1/4', 'cup', 'of', 'oil', 'to', 'the', 'pan', 'caramelize', 'the', 'vegetables', 'at', 'medium', 'heat', 'this', 'is', 'the', 'sofrito', 'return', 'the', 'chops', 'to', 'the', 'pan', 'and', 'spoon', 'some', 'of', 'the', 'sofrito', 'over', 'them', 'add', 'the', 'seasonings', 'and', 'wine', 'cover', 'and', 'simmer', 'on', 'low', 'heat', 'for', '30', 'minutes', 'add', 'a', 'little', 'water', 'from', 'time', 'to', 'time', 'to', 'prevent', 'the', 'pan', 'from', 'boiling', 'dry', 'add', 'the', 'tomato', 'sauce', 'cook', 'covered', '10', 'more', 'minutes', 'remove', 'the', 'chops', 'and', 'strain', 'the', 'sauce', 'drizzle', 'some', 'sauce', 'over', 'the', 'chops', 'dress', 'pasta', 'of', 'your', 'choice', 'with', 'the', 'remaining', 'sauce']","['wipe', 'chops', 'damp', 'paper', 'towel', 'dry', 'brown', 'chops', 'oil', 'medium/high', 'heat', 'large', 'skillet', 'remove', 'chops', 'set', 'aside', 'add', 'vegetables', 'remaining', 'oil', 'pan', 'caramelize', 'vegetables', 'medium', 'heat', 'sofrito', 'return', 'chops', 'pan', 'spoon', 'sofrito', 'add', 'seasonings', 'wine', 'cover', 'simmer', 'low', 'heat', 'add', 'little', 'water', 'time', 'time', 'prevent', 'pan', 'boiling', 'dry', 'add', 'tomato', 'sauce', 'cook', 'covered', 'remove', 'chops', 'strain', 'sauce', 'drizzle', 'sauce', 'chops', 'dress', 'pasta', 'choice', 'remaining', 'sauce']",Italian
1951,"['sauté', 'the', 'shallots', 'garlic', 'and', 'half', 'of', 'the', 'parsley', 'on', 'low', 'heat', 'in', '4', 'tbsp', 'of', 'the', 'oil', 'they', 'should', 'only', 'get', 'transparent', 'add', 'the', 'octopus', 'and', 'the', 'chilie', 'increase', 'the', 'heat', 'when', 'the', 'octopus', 'starts', 'to', 'change', 'color', 'add', 'half', 'of', 'the', 'wine', 'and', 'reduce', 'the', 'liquid', 'to', '1/3', 'add', 'the', 'tomatoes', 'but', 'no', 'salt', 'yet', 'let', 'simmer', 'slowly', 'without', 'lid', 'until', 'the', 'octopus', 'is', 'tender', 'and', 'the', 'sauce', 'has', 'thickened', '30-60', 'minutes', 'add', 'a', 'little', 'water', 'if', 'it', 'gets', 'too', 'thick', 'now', 'add', 'salt', 'and', 'pepper', 'remove', 'from', 'heat', 'while', 'the', 'sauce', 'is', 'simmering', 'sauté', 'the', 'prawns', 'in', 'a', 'skillet', 'on', 'high', 'heat', 'in', 'the', 'rest', 'of', 'the', 'oil', 'until', 'they', 'are', 'red', 'but', 'not', 'done', 'add', 'the', 'rest', 'of', 'the', 'wine', 'let', 'just', 'boil', 'and', 'immediately', 'remove', 'from', 'heat', 'let', 'cool', 'uncovered', 'peel', 'the', 'shrimp', 'save', 'the', 'gravy', 'put', 'the', 'sauce', 'to', 'a', 'boil', 'add', 'the', 'capers', 'parsley', 'and', 'the', 'prawns', 'with', 'their', 'gravy', 'bring', 'to', 'a', 'boil', 'and', 'serve', 'immediately', 'with', 'spaghetti']","['sauté', 'shallots', 'garlic', 'half', 'parsley', 'low', 'heat', 'oil', 'get', 'transparent', 'add', 'octopus', 'chilie', 'increase', 'heat', 'octopus', 'starts', 'change', 'color', 'add', 'half', 'wine', 'reduce', 'liquid', 'add', 'tomatoes', 'salt', 'yet', 'let', 'simmer', 'slowly', 'without', 'lid', 'octopus', 'tender', 'sauce', 'thickened', 'add', 'little', 'water', 'gets', 'thick', 'add', 'salt', 'pepper', 'remove', 'heat', 'sauce', 'simmering', 'sauté', 'prawns', 'skillet', 'high', 'heat', 'rest', 'oil', 'red', 'done', 'add', 'rest', 'wine', 'let', 'boil', 'immediately', 'remove', 'heat', 'let', 'cool', 'uncovered', 'peel', 'shrimp', 'save', 'gravy', 'put', 'sauce', 'boil', 'add', 'capers', 'parsley', 'prawns', 'gravy', 'bring', 'boil', 'serve', 'immediately', 'spaghetti']",Italian
7286,"['cook', 'lentils', 'in', 'a', 'pressure', 'cooker', 'till', 'tender', 'alternately', 'you', 'can', 'also', 'cook', 'it', 'in', 'a', 'saucepan', 'add', '1', 'cup', 'water', 'to', 'lentils', 'bring', 'to', 'a', 'boil', 'then', 'reduce', 'flame', 'to', 'low', 'cover', 'and', 'simmer', 'until', 'tender', '15-20', 'minutes', 'cook', 'chopped', 'pumpkins', 'in', 'another', 'saucepan', 'with', 'approximately', '1', 'cup', 'water', 'along', 'with', 'salt', 'and', 'turmeric', 'until', 'tender', 'about', '10-15', 'minutes', 'meanwhile', 'in', 'a', 'grinder', 'or', 'food', 'processor', 'grind', 'grated', 'coconut', 'leave', 'aside', '1', 'teaspoon', 'red', 'chili', 'and', 'cumin', 'seeds', 'into', 'a', 'paste', 'when', 'the', 'pumpkin', 'is', 'cooked', 'add', 'the', 'cooked', 'lentils', 'and', 'coconut', 'paste', 'to', 'it', 'and', 'bring', 'to', 'a', 'boil', 'in', 'a', 'small', 'frying', 'pan', 'heat', 'oil', 'over', 'medium-high', 'flame', 'and', 'add', 'mustard', 'urad', 'dal', 'and', 'curry', 'leaves', 'when', 'mustard', 'sputters', 'add', '1', 'teaspoon', 'grated', 'coconut', 'and', 'fry', 'until', 'it', 'turns', 'brown', 'do', ""n't"", 'burn', 'it', 'add', 'the', 'contents', 'of', 'the', 'frying', 'pan', 'to', 'the', 'lentil-pumpkin', 'mixture', 'stir', 'well', 'serve', 'hot', 'with', 'steamed', 'rice']","['cook', 'lentils', 'pressure', 'cooker', 'till', 'tender', 'alternately', 'also', 'cook', 'saucepan', 'add', 'water', 'lentils', 'bring', 'boil', 'reduce', 'flame', 'low', 'cover', 'simmer', 'tender', 'cook', 'chopped', 'pumpkins', 'another', 'saucepan', 'approximately', 'water', 'along', 'salt', 'turmeric', 'tender', 'meanwhile', 'grinder', 'food', 'processor', 'grind', 'grated', 'coconut', 'leave', 'aside', 'red', 'chili', 'cumin', 'seeds', 'paste', 'pumpkin', 'cooked', 'add', 'cooked', 'lentils', 'coconut', 'paste', 'bring', 'boil', 'small', 'frying', 'pan', 'heat', 'oil', 'medium', 'high', 'flame', 'add', 'mustard', 'urad', 'dal', 'curry', 'leaves', 'mustard', 'sputters', 'add', 'grated', 'coconut', 'fry', 'turns', 'brown', 'burn', 'add', 'contents', 'frying', 'pan', 'lentil', 'pumpkin', 'mixture', 'stir', 'well', 'serve', 'hot', 'steamed', 'rice']",Indian
5623,"['place', 'all', 'ingredients', 'in', 'a', 'jar', 'cap', 'the', 'jar', 'tightly', 'and', 'shake', 'well']","['place', 'ingredients', 'jar', 'cap', 'jar', 'tightly', 'shake', 'well']",Italian
8168,"['heat', 'the', 'oil', 'over', 'medium', 'fire', 'and', 'add', 'whole', 'spices', 'cook', 'a', 'few', 'minutes', 'until', 'the', 'mustard', 'seeds', 'start', 'to', 'pop', 'add', 'the', 'onions', 'and', 'fry', 'until', 'a', 'nice', 'light', 'carmely', 'color', 'might', 'have', 'to', 'splash', 'a', 'little', 'water', 'to', 'keep', 'it', 'from', 'burning', 'too', 'much', 'add', 'peaches', 'and', 'cook', 'a', 'few', 'minutes', 'then', 'add', 'sugar', 'vinegar', 'salt', 'and', 'ground', 'spiceand', 'garlic', 'lower', 'heat', 'and', 'cook', 'until', 'sticky', 'watch', 'and', 'stir', 'you', 'do', ""n't"", 'want', 'it', 'to', 'burn', 'just', 'reduce', 'and', 'get', 'more', 'tight', 'you', 'could', 'can', 'to', 'extend', 'the', 'deliciousness', 'or', 'store', 'in', 'fridge', 'for', 'several', 'days']","['heat', 'oil', 'medium', 'fire', 'add', 'whole', 'spices', 'cook', 'mustard', 'seeds', 'start', 'pop', 'add', 'onions', 'fry', 'nice', 'light', 'carmely', 'color', 'might', 'splash', 'little', 'water', 'keep', 'burning', 'much', 'add', 'peaches', 'cook', 'add', 'sugar', 'vinegar', 'salt', 'ground', 'spiceand', 'garlic', 'lower', 'heat', 'cook', 'sticky', 'watch', 'stir', 'want', 'burn', 'reduce', 'get', 'tight', 'could', 'extend', 'deliciousness', 'store', 'fridge', 'several', 'days']",Indian
3279,"['boil', 'water', 'to', 'cook', 'the', 'pasta', 'and', 'cook', 'accordingly', 'in', 'the', 'meantime', 'heat', 'olive', 'oil', 'over', 'medium', 'heat', 'add', 'garlic', 'zucchini', 'and', 'a', 'pinch', 'of', 'salt', 'and', 'pepper', 'saute', 'for', '5', 'minutes', 'add', 'shrimp', 'and', 'another', 'pinch', 'of', 'salt', 'and', 'pepper', 'add', 'marinara', 'sauce', 'oregano', 'basil', 'and', 'sugar', 'and', 'set', 'flame', 'to', 'as', 'low', 'as', 'possible', 'when', 'pasta', 'is', 'done', 'cooking', 'add', 'to', 'the', 'shrimp-marinara', 'mixture', 'mix', 'well', 'and', 'simmer', 'on', 'low', 'about', '5', 'minutes', 'or', 'so', 'serve']","['boil', 'water', 'cook', 'pasta', 'cook', 'accordingly', 'meantime', 'heat', 'olive', 'oil', 'medium', 'heat', 'add', 'garlic', 'zucchini', 'pinch', 'salt', 'pepper', 'saute', 'add', 'shrimp', 'another', 'pinch', 'salt', 'pepper', 'add', 'marinara', 'sauce', 'oregano', 'basil', 'sugar', 'set', 'flame', 'low', 'possible', 'pasta', 'done', 'cooking', 'add', 'shrimp', 'marinara', 'mixture', 'mix', 'well', 'simmer', 'low', 'serve']",Italian
9668,"['place', 'potatoes', 'in', 'a', 'steamer', 'basket', 'over', 'boiling', 'water', 'cover', 'pan', 'and', 'steam', '10', 'minutes', 'or', 'until', 'tender', 'remove', 'potatoes', 'and', 'steam', 'cauliflower', '10', 'minutes', 'or', 'until', 'almost', 'tender', 'drain', 'heat', 'oil', 'in', 'a', 'heavy', 'nonstick', 'pan', 'over', 'medium-high', 'heat', 'add', 'next', '4', 'ingredients', 'cook', 'stirring', 'until', 'onion', 'is', 'soft', 'add', 'seeds', 'and', 'turmeric', 'cook', 'stirring', 'until', 'fragrant', 'stir', 'in', 'potatoes', 'cauliflower', 'peas', 'and', 'milk', 'cook', 'stirring', 'until', 'thoroughly', 'heated']","['place', 'potatoes', 'steamer', 'basket', 'boiling', 'water', 'cover', 'pan', 'steam', 'tender', 'remove', 'potatoes', 'steam', 'cauliflower', 'almost', 'tender', 'drain', 'heat', 'oil', 'heavy', 'nonstick', 'pan', 'medium', 'high', 'heat', 'add', 'next', 'ingredients', 'cook', 'stirring', 'onion', 'soft', 'add', 'seeds', 'turmeric', 'cook', 'stirring', 'fragrant', 'stir', 'potatoes', 'cauliflower', 'peas', 'milk', 'cook', 'stirring', 'thoroughly', 'heated']",Indian
12459,"['in', 'a', 'heavy', 'bottomed', 'vessel', 'cook', 'milk', 'cream', 'and', 'grated', 'coconut', 'stir', 'once', 'the', 'mixture', 'begins', 'to', 'thicken', 'add', 'sugar', 'reduce', 'flame', 'and', 'keep', 'stirring', 'till', 'the', 'mixture', 'becomes', 'thick', 'and', 'leaves', 'the', 'sides', 'of', 'the', 'vessel', 'remove', 'the', 'vessel', 'from', 'heat', 'divide', 'the', 'mixture', 'into', '2', 'equal', 'parts', 'to', 'one', 'part', 'add', 'few', 'drops', 'of', 'green', 'food', 'colouring', 'and', 'half', 'of', 'the', 'cardamom', 'powder', 'mix', 'well', 'lightly', 'grease', 'a', 'deep', 'metal', 'plate', 'place', 'the', 'green', 'mixture', 'in', 'this', 'spread', 'evenly', 'now', 'place', 'the', 'vessel', 'containing', 'the', 'remaining', 'portion', 'on', 'medium', 'flame', 'add', 'in', 'saffron', 'milk', 'stir', 'to', 'get', 'a', 'nice', 'yellow', 'colour', 'while', 'stirring', 'add', 'the', 'remaining', 'cardamom', 'powder', 'spread', 'this', 'on', 'the', 'green', 'layer', 'in', 'the', 'plate', 'make', 'the', 'mixture', 'even', 'and', 'smooth', 'with', 'the', 'back', 'of', 'a', 'spoon', 'spread', '1', 'or', '2', 'edible', 'silver', 'foil', 'papers', 'on', 'top', 'to', 'add', 'to', 'its', 'beauty', 'once', 'well', 'set', 'cut', 'into', 'squares', 'or', 'diamond', 'shapes']","['heavy', 'bottomed', 'vessel', 'cook', 'milk', 'cream', 'grated', 'coconut', 'stir', 'mixture', 'begins', 'thicken', 'add', 'sugar', 'reduce', 'flame', 'keep', 'stirring', 'till', 'mixture', 'becomes', 'thick', 'leaves', 'sides', 'vessel', 'remove', 'vessel', 'heat', 'divide', 'mixture', 'equal', 'parts', 'one', 'part', 'add', 'drops', 'green', 'food', 'colouring', 'half', 'cardamom', 'powder', 'mix', 'well', 'lightly', 'grease', 'deep', 'metal', 'plate', 'place', 'green', 'mixture', 'spread', 'evenly', 'place', 'vessel', 'containing', 'remaining', 'portion', 'medium', 'flame', 'add', 'saffron', 'milk', 'stir', 'get', 'nice', 'yellow', 'colour', 'stirring', 'add', 'remaining', 'cardamom', 'powder', 'spread', 'green', 'layer', 'plate', 'make', 'mixture', 'even', 'smooth', 'back', 'spoon', 'spread', 'edible', 'silver', 'foil', 'papers', 'top', 'add', 'beauty', 'well', 'set', 'cut', 'squares', 'diamond', 'shapes']",Indian
10866,"['put', 'pot', 'on', 'to', 'boil', 'and', 'when', 'rolling', 'add', 'pasta', 'heat', 'up', 'wok', 'or', 'large', 'skillet', 'on', 'medium', 'spin', 'garlic', 'ginger', 'and', 'walnuts', 'in', 'magic', 'bullet', 'or', 'blender', 'us', 'as', 'much', 'or', 'as', 'little', 'water', 'so', 'that', 'you', 'get', 'a', 'thin', 'paste', 'stir', 'in', 'lemon', 'juice', 'lemon', 'zest', 'soy', 'sauce', 'sesame', 'oil', 'cardamom', 'and', 'coriander', 'and', 'then', 'set', 'aside', 'for', 'later', 'stir-fry', 'vegetables', 'together', 'toss', 'drained', 'pasta', 'with', 'vegetables', 'and', 'sauce', 'mix', 'eat', 'and', 'enjoy', 'note', 'you', 'could', 'add', 'just', 'about', 'any', 'type', 'of', 'meat', 'or', 'nut', 'to', 'the', 'vegetable', 'stir-fry', 'if', 'you', 'want', 'more', 'protein']","['put', 'pot', 'boil', 'rolling', 'add', 'pasta', 'heat', 'wok', 'large', 'skillet', 'medium', 'spin', 'garlic', 'ginger', 'walnuts', 'magic', 'bullet', 'blender', 'us', 'much', 'little', 'water', 'get', 'thin', 'paste', 'stir', 'lemon', 'juice', 'lemon', 'zest', 'soy', 'sauce', 'sesame', 'oil', 'cardamom', 'coriander', 'set', 'aside', 'later', 'stir', 'fry', 'vegetables', 'together', 'toss', 'drained', 'pasta', 'vegetables', 'sauce', 'mix', 'eat', 'enjoy', 'note', 'could', 'add', 'type', 'meat', 'nut', 'vegetable', 'stir', 'fry', 'want', 'protein']",Indian
10566,"['put', 'the', 'flour', 'egg', 'yolk', 'milk', 'and', 'water', 'in', 'the', 'liquidiser', 'and', 'blend', 'until', 'smooth', 'pour', 'into', 'a', 'bowl', 'whisk', 'the', 'egg', 'white', 'and', 'fold', 'into', 'the', 'batter', 'heat', 'oil', 'in', 'a', 'deep', 'pan', 'dip', 'the', 'onion', 'rings', 'in', 'the', 'batter', 'and', 'coat', 'evenly', 'fry', 'till', 'the', 'rings', 'are', 'golden', 'brown', 'drain', 'on', 'clean', 'paper', 'towels', 'serve', 'alongside', 'hot', 'and', 'spicy', 'chicken']","['put', 'flour', 'egg', 'yolk', 'milk', 'water', 'liquidiser', 'blend', 'smooth', 'pour', 'bowl', 'whisk', 'egg', 'white', 'fold', 'batter', 'heat', 'oil', 'deep', 'pan', 'dip', 'onion', 'rings', 'batter', 'coat', 'evenly', 'fry', 'till', 'rings', 'golden', 'brown', 'drain', 'clean', 'paper', 'towels', 'serve', 'alongside', 'hot', 'spicy', 'chicken']",Indian
8966,"['grind', 'the', 'roasted', 'peanut', 'and', 'chana', 'dal', 'to', 'a', 'coarse', 'mixture', 'add', 'the', 'boiled', 'potatoes', 'to', 'the', 'ground', 'mixture', 'add', 'onions', 'green', 'chilies', 'coriander', 'leaves', 'flour', 'lemon', 'juice', 'chopped', 'spinach', 'and', 'bread', 'crumbs', 'mix', 'well', 'shape', 'the', 'mixture', 'into', 'balls', 'flatten', 'them', 'and', 'then', 'fry', 'them', 'in', 'a', 'medium', 'hot', 'oil', 'till', 'crisp', 'and', 'golden', 'brown', 'serve', 'hot']","['grind', 'roasted', 'peanut', 'chana', 'dal', 'coarse', 'mixture', 'add', 'boiled', 'potatoes', 'ground', 'mixture', 'add', 'onions', 'green', 'chilies', 'coriander', 'leaves', 'flour', 'lemon', 'juice', 'chopped', 'spinach', 'bread', 'crumbs', 'mix', 'well', 'shape', 'mixture', 'balls', 'flatten', 'fry', 'medium', 'hot', 'oil', 'till', 'crisp', 'golden', 'brown', 'serve', 'hot']",Indian
808,"['in', 'a', 'large', 'skillet', 'brown', 'the', 'italian', 'sausage', 'ground', 'beef', 'onion', 'and', 'garlic', 'until', 'the', 'onions', 'are', 'softened', 'and', 'no', 'pink', 'remains', 'in', 'the', 'meat', 'drain', 'well', 'and', 'reserve', 'in', 'a', '-1/3', 'quart', 'or', 'larger', 'crock', 'pot', 'combine', 'the', 'tomatoes', 'with', 'juice', 'tomato', 'sauce', 'drained', 'mushrooms', 'green', 'pepper', 'tapioca', 'and', 'seasonings', 'mix', 'to', 'blend', 'well', 'add', 'the', 'reserved', 'meat', 'mixture', 'cook', 'on', 'lo', 'heat', 'for', '8-10', 'hours', 'or', 'on', 'hi', 'heat', 'for', '4-5', 'hours', 'discard', 'the', 'bay', 'leaf', 'serve', 'over', 'hot', 'cooked', 'spaghetti']","['large', 'skillet', 'brown', 'italian', 'sausage', 'ground', 'beef', 'onion', 'garlic', 'onions', 'softened', 'pink', 'remains', 'meat', 'drain', 'well', 'reserve', 'larger', 'crock', 'pot', 'combine', 'tomatoes', 'juice', 'tomato', 'sauce', 'drained', 'mushrooms', 'green', 'pepper', 'tapioca', 'seasonings', 'mix', 'blend', 'well', 'add', 'reserved', 'meat', 'mixture', 'cook', 'lo', 'heat', 'hi', 'heat', 'discard', 'bay', 'leaf', 'serve', 'hot', 'cooked', 'spaghetti']",Italian
10583,"['preheat', 'oven', 'to', '325°f', 'prepare', 'a', '1-1/2-quart', 'casserole', 'with', 'nonstick', 'pan', 'spray', 'combine', 'the', 'eggs', 'onion', 'bell', 'pepper', 'salt', 'mace', 'and', 'white', 'pepper', 'in', 'a', 'medium', 'bowl', 'melt', 'margarine', 'in', 'a', 'large', 'nonstick', 'saucepan', 'stir', 'in', 'the', 'milk', 'and', 'heat', 'for', '5', 'minutes', 'add', 'the', 'egg', 'mixture', 'and', 'corn', 'stir', 'to', 'mix', 'well', 'pour', 'the', 'mixture', 'into', 'the', 'prepared', 'casserole', 'bake', 'for', '1', 'hour', 'or', 'until', 'set']","['preheat', 'oven', '325°f', 'prepare', '1', '1/2', 'quart', 'casserole', 'nonstick', 'pan', 'spray', 'combine', 'eggs', 'onion', 'bell', 'pepper', 'salt', 'mace', 'white', 'pepper', 'medium', 'bowl', 'melt', 'margarine', 'large', 'nonstick', 'saucepan', 'stir', 'milk', 'heat', 'add', 'egg', 'mixture', 'corn', 'stir', 'mix', 'well', 'pour', 'mixture', 'prepared', 'casserole', 'bake', 'set']",Indian
5746,"['brown', 'ground', 'beef', 'drain', 'add', 'water', 'salt', 'and', 'sauce', 'bring', 'to', 'a', 'boil', 'in', '11', ""''"", 'x7', ""''"", 'baking', 'dish', 'layer', 'hot', 'sauce', 'uncooked', 'noodles', 'cottage', 'cheese', 'then', 'mozzarella', 'repeat', 'layers', 'ending', 'with', 'sauce', 'cover', 'tightly', 'with', 'foil', 'bake', '1', 'hour', 'at', '375', 'degrees', 'let', 'stand', '10', 'minutes', 'before', 'cutting', 'garnish', 'with', 'parmesan']","['brown', 'ground', 'beef', 'drain', 'add', 'water', 'salt', 'sauce', 'bring', 'boil', ""''"", 'x7', ""''"", 'baking', 'dish', 'layer', 'hot', 'sauce', 'uncooked', 'noodles', 'cottage', 'cheese', 'mozzarella', 'repeat', 'layers', 'ending', 'sauce', 'cover', 'tightly', 'foil', 'bake', 'let', 'stand', 'cutting', 'garnish', 'parmesan']",Italian
1250,"['melt', 'the', 'chocolate', 'and', 'let', 'rest', 'for', '8', 'to', '10', 'minutes', 'then', 'mix', 'all', 'the', 'ingredients', 'together', 'and', 'pour', 'in', 'little', 'cups', 'bake', 'at', '375', 'degree', 'oven', 'for', '5', 'to', '7', 'minutes', 'serve', 'warm', 'with', 'any', 'sauce', 'you', 'like']","['melt', 'chocolate', 'let', 'rest', 'mix', 'ingredients', 'together', 'pour', 'little', 'bake', 'oven', 'serve', 'warm', 'sauce', 'like']",Italian
6953,"['soak', 'the', 'cornmeal', 'in', 'the', 'water', 'melt', 'the', 'butter', 'in', 'a', 'large', 'pot', 'the', 'add', 'the', 'cornmeal', 'mixture', 'heat', 'slowly', 'stir', 'constantly', 'for', '15', 'minutes', 'or', 'until', 'thickened', 'add', 'the', 'juice', 'berries', 'nutmeg', 'then', 'bring', 'to', 'a', 'boil', 'stirring', 'constantly', 'then', 'add', 'the', 'cream', 'maple', 'syrup', 'blending', 'throughly', 'add', 'the', 'eggs', 'remove', 'from', 'the', 'heat', 'stirring', 'until', 'the', 'mixture', 'stops', 'bubbling', 'serve', 'either', 'hot', 'or', 'chilled']","['soak', 'cornmeal', 'water', 'melt', 'butter', 'large', 'pot', 'add', 'cornmeal', 'mixture', 'heat', 'slowly', 'stir', 'constantly', 'thickened', 'add', 'juice', 'berries', 'nutmeg', 'bring', 'boil', 'stirring', 'constantly', 'add', 'cream', 'maple', 'syrup', 'blending', 'throughly', 'add', 'eggs', 'remove', 'heat', 'stirring', 'mixture', 'stops', 'bubbling', 'serve', 'either', 'hot', 'chilled']",Indian
11422,"['in', 'a', 'blender', 'combine', 'onion', 'ginger', 'garlic', 'turmeric', 'cayenne', 'salt', 'amchoor', 'garam', 'marsala', 'and', 'lemon', 'juice', 'puree', 'into', 'a', 'paste', 'spread', 'the', 'puree', 'over', 'the', 'fish', 'fillets', 'and', 'marinate', 'in', 'refrigerator', '1-3', 'hours', 'preheat', 'broiler', 'with', 'oven', 'rack', 'on', 'second', 'highest', 'notch', 'broil', 'fillets', 'for', '7-10', 'minutes', 'on', 'each', 'side', 'or', 'until', 'fish', 'is', 'firm', 'to', 'touch', 'and', 'barely', 'opaque', 'brush', 'fillets', 'with', 'a', 'little', 'olive', 'oil', 'to', 'make', 'surface', 'glisten', 'serve', 'with', 'a', 'dollop', 'of', 'mint', 'chutney']","['blender', 'combine', 'onion', 'ginger', 'garlic', 'turmeric', 'cayenne', 'salt', 'amchoor', 'garam', 'marsala', 'lemon', 'juice', 'puree', 'paste', 'spread', 'puree', 'fish', 'fillets', 'marinate', 'refrigerator', 'preheat', 'broiler', 'oven', 'rack', 'second', 'highest', 'notch', 'broil', 'fillets', 'side', 'fish', 'firm', 'touch', 'barely', 'opaque', 'brush', 'fillets', 'little', 'olive', 'oil', 'make', 'surface', 'glisten', 'serve', 'dollop', 'mint', 'chutney']",Indian
5021,"['combine', 'all', 'ingredients', 'except', 'the', 'olive', 'oil', 'and', 'wine', 'in', 'a', 'large', 'mixing', 'bowl', 'mix', 'well', 'to', 'make', 'the', 'meatballs', 'with', 'damp', 'hands', 'take', 'a', 'portion', 'of', 'the', 'ground', 'beef', 'mixture', 'and', 'roll', 'between', 'palms', 'to', 'form', 'a', '1-inch', 'round', 'ball', 'that', 'is', 'firmly', 'packed', 'repeat', 'cook', ""'s"", 'tip', 'if', 'the', 'ground', 'beef', 'mixture', 'becomes', 'too', 'dry', 'for', 'the', 'meatballs', 'to', 'properly', 'stick', 'together', 'add', 'a', 'sprinkle', 'of', 'water', 'to', 'the', 'mixture', 'as', 'needed', 'cook', 'the', 'meatballs', 'one', 'of', 'two', '2', 'ways', 'a.', 'grandma', ""'s"", 'way', 'was', 'to', 'drop', 'the', 'hand', 'rolled', 'meatballs', 'into', 'boiling', 'hot', 'tomato', 'sauce', 'during', 'the', 'last', '20-30', 'minutes', 'of', 'the', 'sauce', ""'s"", 'cooking', 'time', 'b.', 'another', 'popular', 'method', 'in', 'our', 'family', 'is', 'to', 'fry', 'the', 'meatballs', 'heat', 'the', 'olive', 'oil', 'in', 'a', 'wide', 'heavy-bottomed', 'skillet', 'over', 'a', 'medium-high', 'flame', 'add', 'the', 'meatballs', 'but', 'do', 'not', 'over-crowd', 'the', 'skillet', 'cook', 'in', 'a', 'single', 'layer', 'cook', 'for', '10', 'or', 'so', 'minutes', 'as', 'meatballs', 'are', 'finishing', 'add', 'a', 'little', 'bit', 'of', 'red', 'wine', 'to', 'de-glazethe', 'skillet', 'cook', ""'s"", 'tip', 'brown', 'well', 'on', 'bottoms', 'before', 'turning', 'or', 'meatballs', 'will', 'break', 'apart', 'do', 'not', 'overcook', 'delicious', 'variation', 'to', 'this', 'recipe', 'add', 'one', '1', 'chopped', 'anchovie', 'to', 'the', 'above-described', 'ground', 'beef', 'mixture', 'reduce', 'your', 'salt', 'to', 'a', '1/4', 'teaspoon']","['combine', 'ingredients', 'except', 'olive', 'oil', 'wine', 'large', 'mixing', 'bowl', 'mix', 'well', 'make', 'meatballs', 'damp', 'hands', 'take', 'portion', 'ground', 'beef', 'mixture', 'roll', 'palms', 'form', '1', 'inch', 'round', 'ball', 'firmly', 'packed', 'repeat', 'cook', 'tip', 'ground', 'beef', 'mixture', 'becomes', 'dry', 'meatballs', 'properly', 'stick', 'together', 'add', 'sprinkle', 'water', 'mixture', 'needed', 'cook', 'meatballs', 'one', 'two', 'ways', 'a.', 'grandma', 'way', 'drop', 'hand', 'rolled', 'meatballs', 'boiling', 'hot', 'tomato', 'sauce', 'last', 'sauce', 'cooking', 'time', 'b.', 'another', 'popular', 'method', 'family', 'fry', 'meatballs', 'heat', 'olive', 'oil', 'wide', 'heavy', 'bottomed', 'skillet', 'medium', 'high', 'flame', 'add', 'meatballs', 'crowd', 'skillet', 'cook', 'single', 'layer', 'cook', 'meatballs', 'finishing', 'add', 'little', 'bit', 'red', 'wine', 'de', 'glazethe', 'skillet', 'cook', 'tip', 'brown', 'well', 'bottoms', 'turning', 'meatballs', 'break', 'apart', 'overcook', 'delicious', 'variation', 'recipe', 'add', 'one', 'chopped', 'anchovie', 'described', 'ground', 'beef', 'mixture', 'reduce', 'salt']",Italian
2924,"['chop', 'onion', 'cellery', 'and', 'carrots', 'set', 'aside', 'simmer', 'plum', 'tomatoes', 'for', 'one', 'minute', 'to', 'remove', 'skin', 'and', 'chop', 'you', 'can', 'use', 'a', 'small', 'can', 'of', ""'whole"", 'plum', 'tomatoes', 'if', 'you', 'want', 'to', 'skip', 'this', 'step', 'smash', 'the', 'clove', 'of', 'garlic', 'heat', 'heavy', 'bottom', 'pot', 'or', 'dutch', 'oven', 'over', 'medium', 'with', 'olive', 'oil', 'season', 'chicken', 'and', 'brown', 'on', 'both', 'sides', 'remove', 'chicken', 'from', 'pot', 'along', 'with', 'some', 'of', 'the', 'fat', 'saute', 'your', 'onion', 'cellery', 'and', 'carrots', 'until', 'onions', 'are', 'translucent', 'to', 'the', 'vegetables', 'add', 'back', 'the', 'chicken', 'cover', 'with', 'the', '5', 'plum', 'tomatoes', 'tomato', 'sauce', 'and', 'about', '2', 'quarts', 'of', 'water', 'add', 'the', 'smashed', 'clove', 'of', 'garlic', 'cover', 'pot', 'with', 'lid', 'and', 'simmer', 'until', 'vegetables', 'are', 'comepletely', 'tender', 'and', 'chicken', 'is', 'cooked', 'through', 'when', 'chicken', 'is', 'thoroughly', 'cooked', 'remove', 'from', 'pot', 'and', 'carefully', 'peel', 'off', 'the', 'remaining', 'skin', 'and', 'remove', 'the', 'chicken', 'from', 'the', 'bone', 'in', 'big', 'chunks', 'set', 'aside', 'remove', 'pot', 'from', 'heat', 'and', 'use', 'an', 'imersion', 'blender', 'to', 'break', 'down', 'all', 'of', 'the', 'vegetables', 'if', 'you', 'do', 'not', 'have', 'an', 'imersion', 'blender', 'you', 'can', 'use', 'a', 'standing', 'blender', 'be', 'careful', 'place', 'chunked', 'chicken', 'back', 'to', 'pot', 'and', 'return', 'to', 'heat', 'bring', 'everything', 'to', 'a', 'boil', 'drop', 'in', 'your', 'prepared', 'gnocchi', 'dumplings', 'and', 'cook', 'until', 'all', 'of', 'the', 'dumplings', 'float', 'to', 'the', 'top', 'enjoy']","['chop', 'onion', 'cellery', 'carrots', 'set', 'aside', 'simmer', 'plum', 'tomatoes', 'one', 'remove', 'skin', 'chop', 'use', 'small', ""'whole"", 'plum', 'tomatoes', 'want', 'skip', 'step', 'smash', 'clove', 'garlic', 'heat', 'heavy', 'bottom', 'pot', 'dutch', 'oven', 'medium', 'olive', 'oil', 'season', 'chicken', 'brown', 'sides', 'remove', 'chicken', 'pot', 'along', 'fat', 'saute', 'onion', 'cellery', 'carrots', 'onions', 'translucent', 'vegetables', 'add', 'back', 'chicken', 'cover', 'plum', 'tomatoes', 'tomato', 'sauce', 'water', 'add', 'smashed', 'clove', 'garlic', 'cover', 'pot', 'lid', 'simmer', 'vegetables', 'comepletely', 'tender', 'chicken', 'cooked', 'chicken', 'thoroughly', 'cooked', 'remove', 'pot', 'carefully', 'peel', 'remaining', 'skin', 'remove', 'chicken', 'bone', 'big', 'chunks', 'set', 'aside', 'remove', 'pot', 'heat', 'use', 'imersion', 'blender', 'break', 'vegetables', 'imersion', 'blender', 'use', 'standing', 'blender', 'careful', 'place', 'chunked', 'chicken', 'back', 'pot', 'return', 'heat', 'bring', 'everything', 'boil', 'drop', 'prepared', 'gnocchi', 'dumplings', 'cook', 'dumplings', 'float', 'top', 'enjoy']",Italian
10392,"['in', 'a', 'large', 'bowl', 'combine', 'yogurt', 'lemon', 'juice', '2', 'teaspoons', 'cumin', 'cinnamon', 'cayenne', 'black', 'pepper', 'ginger', 'and', '4', 'teaspoons', 'salt', 'stir', 'in', 'chicken', 'cover', 'and', 'refrigerate', 'for', '1', 'hour', 'preheat', 'a', 'grill', 'for', 'high', 'heat', 'lightly', 'oil', 'the', 'grill', 'grate', 'thread', 'chicken', 'onto', 'skewers', 'and', 'discard', 'marinade', 'grill', 'until', 'juices', 'run', 'clear', 'about', '5', 'minutes', 'on', 'each', 'side', 'melt', 'butter', 'in', 'a', 'large', 'heavy', 'skillet', 'over', 'medium', 'heat', 'saute', 'garlic', 'and', 'jalapeno', 'for', '1', 'minute', 'season', 'with', '2', 'teaspoons', 'cumin', 'paprika', 'and', '3', 'teaspoons', 'salt', 'stir', 'in', 'tomato', 'sauce', 'and', 'cream', 'simmer', 'on', 'low', 'heat', 'until', 'sauce', 'thickens', 'about', '20', 'minutes', 'add', 'grilled', 'chicken', 'and', 'simmer', 'for', '10', 'minutes', 'transfer', 'to', 'a', 'serving', 'platter', 'and', 'garnish', 'with', 'fresh', 'cilantro', 'serve', 'with', 'rice', 'or', 'pita', 'bread']","['large', 'bowl', 'combine', 'yogurt', 'lemon', 'juice', 'cumin', 'cinnamon', 'cayenne', 'black', 'pepper', 'ginger', 'salt', 'stir', 'chicken', 'cover', 'refrigerate', 'preheat', 'grill', 'high', 'heat', 'lightly', 'oil', 'grill', 'grate', 'thread', 'chicken', 'onto', 'skewers', 'discard', 'marinade', 'grill', 'juices', 'run', 'clear', 'side', 'melt', 'butter', 'large', 'heavy', 'skillet', 'medium', 'heat', 'saute', 'garlic', 'jalapeno', 'season', 'cumin', 'paprika', 'salt', 'stir', 'tomato', 'sauce', 'cream', 'simmer', 'low', 'heat', 'sauce', 'thickens', 'add', 'grilled', 'chicken', 'simmer', 'transfer', 'serving', 'platter', 'garnish', 'fresh', 'cilantro', 'serve', 'rice', 'pita', 'bread']",Indian
383,"['preheat', 'oven', 'to', '325°f', '165°c', 'cream', 'butter', 'or', 'margarine', 'in', 'a', 'bowl', 'gradually', 'add', 'confectioners', 'sugar', 'and', 'salt', 'beat', 'until', 'light', 'and', 'fluffy', 'add', 'almonds', 'and', 'vanilla', 'blend', 'in', 'flour', 'gradually', 'and', 'mix', 'well', 'shape', 'into', 'balls', 'or', 'crescents', 'using', 'about', '1', 'teaspoon', 'for', 'each', 'cookie', 'place', 'on', 'ungreased', 'cookie', 'sheets', 'and', 'bake', 'for', '15-20', 'minutes', 'do', 'not', 'brown', 'cool', 'slightly', 'then', 'roll', 'in', 'the', 'extra', 'confectioners', 'sugar']","['preheat', 'oven', '325°f', '165°c', 'cream', 'butter', 'margarine', 'bowl', 'gradually', 'add', 'confectioners', 'sugar', 'salt', 'beat', 'light', 'fluffy', 'add', 'almonds', 'vanilla', 'blend', 'flour', 'gradually', 'mix', 'well', 'shape', 'balls', 'crescents', 'using', 'cookie', 'place', 'ungreased', 'cookie', 'sheets', 'bake', 'brown', 'cool', 'slightly', 'roll', 'extra', 'confectioners', 'sugar']",Italian
3783,"['preheat', 'oven', 'to', '350°f', 'cream', 'sugar', 'hot', 'chocolate', 'mix', 'butter', 'egg', 'white', 'vanilla', 'and', 'kahlua', 'until', 'well', 'blended', 'add', 'flours', 'baking', 'powder', 'allspice', 'pepper', 'and', 'salt', 'beating', 'in', 'well', 'by', 'hand', 'fold', 'in', 'the', 'chestnuts', 'shape', 'dough', 'into', 'a', '12', '”', 'log', 'and', 'place', 'on', 'a', 'lined', 'cookie', 'sheet', 'flatten', 'to', '1', '”', 'thick', 'bake', '30', 'minutes', 'cool', '15', 'minutes', 'cut', 'diagonally', 'into', '16', 'slices', 'place', 'slices', 'cut', 'sides', 'down', 'on', 'the', 'baking', 'sheet', 'bake', '5', 'minutes', 'then', 'flip', 'and', 'bake', '5', 'minutes', 'more', 'cool', 'completely', 'on', 'wire', 'rack']","['preheat', 'oven', '350°f', 'cream', 'sugar', 'hot', 'chocolate', 'mix', 'butter', 'egg', 'white', 'vanilla', 'kahlua', 'well', 'blended', 'add', 'flours', 'baking', 'powder', 'allspice', 'pepper', 'salt', 'beating', 'well', 'hand', 'fold', 'chestnuts', 'shape', 'dough', '”', 'log', 'place', 'lined', 'cookie', 'sheet', 'flatten', '”', 'thick', 'bake', 'cool', 'cut', 'diagonally', 'slices', 'place', 'slices', 'cut', 'sides', 'baking', 'sheet', 'bake', 'flip', 'bake', 'cool', 'completely', 'wire', 'rack']",Italian
12733,"['combine', 'chilies', 'ginger', 'cumin', 'seeds', 'and', 'mustard', 'seeds', 'in', 'a', 'small', 'bowl', 'heat', 'ghee', 'in', 'a', 'large', 'pot', 'when', 'hot', 'add', 'the', 'spices', 'when', 'the', 'mustard', 'seeds', 'start', 'to', 'pop', 'drop', 'in', 'the', 'potatoes', 'cauliflower', 'fry', 'for', '4', 'minutes', 'or', 'so', 'add', 'the', 'tomatoes', 'turmeric', 'coriander', 'garam', 'masala', 'sugar', 'salt', 'and', 'half', 'the', 'coriander', 'mix', 'well', 'cover', 'and', 'gently', 'heat', 'for', '15', 'minutes', 'if', 'the', 'vegetables', 'start', 'to', 'stick', 'add', 'a', 'few', 'drops', 'of', 'water', 'top', 'with', 'remaining', 'coriander', 'and', 'serve']","['combine', 'chilies', 'ginger', 'cumin', 'seeds', 'mustard', 'seeds', 'small', 'bowl', 'heat', 'ghee', 'large', 'pot', 'hot', 'add', 'spices', 'mustard', 'seeds', 'start', 'pop', 'drop', 'potatoes', 'cauliflower', 'fry', 'add', 'tomatoes', 'turmeric', 'coriander', 'garam', 'masala', 'sugar', 'salt', 'half', 'coriander', 'mix', 'well', 'cover', 'gently', 'heat', 'vegetables', 'start', 'stick', 'add', 'drops', 'water', 'top', 'remaining', 'coriander', 'serve']",Indian
12638,"['heat', 'oil', 'in', 'a', 'pan', 'add', 'cumin', 'seeds', 'fennel', 'seeds', 'and', 'pounded', 'coriander', 'seeds', 'if', 'using', 'ground', 'cumin', 'use', 'it', 'later', 'when', 'the', 'seeds', 'brown', 'they', 'wo', ""n't"", 'splutter', 'add', 'ginger', 'and', 'stir', 'for', '10', 'seconds', 'add', 'the', 'peas', 'followed', 'by', 'turmeric', 'chili', 'powder', 'salt', 'and', 'cumin', 'powder', 'if', 'using', 'if', 'the', 'spices', 'seem', 'to', 'start', 'burning', 'sprinkle', 'some', 'water', 'add', 'the', 'mashed', 'potatoes', 'stir', 'well', 'to', 'mix', 'saute', 'until', 'the', 'mixture', 'is', 'dry', 'lastly', 'add', 'garam', 'masala', 'powder', 'and', 'mix', 'remove', 'from', 'heat', 'mix', 'in', 'cilantro', 'and', 'lemon', 'juice', 'let', 'cool', 'and', 'use', 'in', 'samosas', 'this', 'mixture', 'can', 'be', 'made', 'without', 'fennel', 'seeds', 'if', 'needed']","['heat', 'oil', 'pan', 'add', 'cumin', 'seeds', 'fennel', 'seeds', 'pounded', 'coriander', 'seeds', 'using', 'ground', 'cumin', 'use', 'later', 'seeds', 'brown', 'wo', 'splutter', 'add', 'ginger', 'stir', 'seconds', 'add', 'peas', 'followed', 'turmeric', 'chili', 'powder', 'salt', 'cumin', 'powder', 'using', 'spices', 'seem', 'start', 'burning', 'sprinkle', 'water', 'add', 'mashed', 'potatoes', 'stir', 'well', 'mix', 'saute', 'mixture', 'dry', 'lastly', 'add', 'garam', 'masala', 'powder', 'mix', 'remove', 'heat', 'mix', 'cilantro', 'lemon', 'juice', 'let', 'cool', 'use', 'samosas', 'mixture', 'made', 'without', 'fennel', 'seeds', 'needed']",Indian
6377,"['cook', 'pasta', 'according', 'to', 'package', 'directions', 'run', 'under', 'cool', 'water', 'and', 'drain', 'well', 'mix', 'mayo', 'vinegar', 'basil', 'garlic', 'rosemary', 'oregano', 'and', 'grillmates', 'til', 'combined', 'combine', 'with', 'pasta', 'chill', 'well', 'before', 'serving']","['cook', 'pasta', 'according', 'package', 'directions', 'run', 'cool', 'water', 'drain', 'well', 'mix', 'mayo', 'vinegar', 'basil', 'garlic', 'rosemary', 'oregano', 'grillmates', 'til', 'combined', 'combine', 'pasta', 'chill', 'well', 'serving']",Italian
5687,"['rinse', 'farro', 'or', 'wheat', 'berries', 'place', 'in', 'saucepan', 'with', 'about', '1/4-1/2', 'teaspoon', 'salt', 'cover', 'with', 'about', '2', 'inches', 'of', 'water', 'bring', 'to', 'a', 'boil', 'reduce', 'to', 'a', 'simmer', 'cover', 'and', 'simmer', 'for', 'about', '1', 'hour', 'to', 'desired', 'tenderness', 'in', 'the', 'meantime', 'defrost', 'peas', 'place', 'in', 'colander', 'drain', 'and', 'rinse', 'farro', 'and', 'rinse', 'with', 'cold', 'water', 'over', 'peas', 'that', 'are', 'defrosting', 'drain', 'combine', 'farro', 'peas', 'salt', 'and', 'pepper', 'in', 'a', 'large', 'bowl', 'add', 'watermelon', 'cubes', 'and', 'parsley', 'and', 'gently', 'toss', 'to', 'combine', 'top', 'salad', 'with', 'cheese']","['rinse', 'farro', 'wheat', 'berries', 'place', 'saucepan', 'salt', 'cover', 'water', 'bring', 'boil', 'reduce', 'simmer', 'cover', 'simmer', 'desired', 'tenderness', 'meantime', 'defrost', 'peas', 'place', 'colander', 'drain', 'rinse', 'farro', 'rinse', 'cold', 'water', 'peas', 'defrosting', 'drain', 'combine', 'farro', 'peas', 'salt', 'pepper', 'large', 'bowl', 'add', 'watermelon', 'cubes', 'parsley', 'gently', 'toss', 'combine', 'top', 'salad', 'cheese']",Italian
10036,"['place', 'a', 'frying', 'pan', 'on', 'medium', 'to', 'high', 'heat', 'and', 'add', 'the', 'cumin', 'and', 'coriander', 'seeds', 'to', 'the', 'dry', 'pan', 'lightly', 'toast', 'them', 'for', 'a', 'few', 'minutes', 'until', 'golden', 'brown', 'and', 'fragrant', 'remove', 'pan', 'from', 'heat', 'add', 'toasted', 'spices', 'to', 'a', 'mortar', 'and', 'pestle', 'and', 'grind', 'until', 'fine', 'or', 'put', 'them', 'into', 'a', 'food', 'processor', 'and', 'whiz', 'to', 'a', 'powder', 'add', 'ground', 'spices', 'to', 'a', 'food', 'processor', 'if', 'you', 'haven', '’', 't', 'done', 'so', 'already', 'with', 'the', 'remaining', 'ingredients', 'and', 'process', 'until', 'you', 'have', 'a', 'smooth', 'paste']","['place', 'frying', 'pan', 'medium', 'high', 'heat', 'add', 'cumin', 'coriander', 'seeds', 'dry', 'pan', 'lightly', 'toast', 'golden', 'brown', 'fragrant', 'remove', 'pan', 'heat', 'add', 'toasted', 'spices', 'mortar', 'pestle', 'grind', 'fine', 'put', 'food', 'processor', 'whiz', 'powder', 'add', 'ground', 'spices', 'food', 'processor', '’', 'done', 'already', 'remaining', 'ingredients', 'process', 'smooth', 'paste']",Indian
9356,"['remove', 'crusts', 'of', 'the', 'bread', 'slices', 'sandwich', 'slices', 'of', 'bread', 'with', 'the', 'apricot', 'jam', 'cut', 'each', 'sandwich', 'into', 'fingers', 'melt', 'butter', 'sugar', 'and', 'syrup', 'in', 'a', 'frying', 'pan', 'till', 'the', 'sugar', 'is', 'dissolved', 'cook', 'fingers', 'in', 'this', 'mixture', 'turning', 'over', 'until', 'golden', 'brown', 'on', 'both', 'sides', 'serve', 'at', 'once', 'topped', 'with', 'chopped', 'nuts']","['remove', 'crusts', 'bread', 'slices', 'sandwich', 'slices', 'bread', 'apricot', 'jam', 'cut', 'sandwich', 'fingers', 'melt', 'butter', 'sugar', 'syrup', 'frying', 'pan', 'till', 'sugar', 'dissolved', 'cook', 'fingers', 'mixture', 'turning', 'golden', 'brown', 'sides', 'serve', 'topped', 'chopped', 'nuts']",Indian
12484,"['place', 'ingredients', 'in', 'the', 'order', 'listed', 'in', 'a', 'blender', 'pulse', 'twice', 'to', 'chop', 'mango', 'stir', 'well', 'then', 'blend', 'until', 'smooth', 'serve', 'immediately', 'ingredient', 'note', 'orange-flower', 'water', 'is', 'a', 'perfumy', 'distillation', 'of', 'bitter-orange', 'blossoms', 'look', 'for', 'it', 'at', 'gourmet', 'markets', 'nutrition', 'bonus', 'vitamin', 'c', '70', 'daily', 'value', 'vitamin', 'a', '15', 'dv', 'carbohydrate', 'servings', '2', '1/2', 'exchanges', '2', '1/2', 'fruit']","['place', 'ingredients', 'order', 'listed', 'blender', 'pulse', 'twice', 'chop', 'mango', 'stir', 'well', 'blend', 'smooth', 'serve', 'immediately', 'ingredient', 'note', 'orange', 'flower', 'water', 'perfumy', 'distillation', 'bitter', 'orange', 'blossoms', 'look', 'gourmet', 'markets', 'nutrition', 'bonus', 'vitamin', 'c', 'daily', 'value', 'vitamin', 'dv', 'carbohydrate', 'servings', 'exchanges', 'fruit']",Indian
2815,"['cook', 'the', 'spaghetti', 'in', 'boiling', 'salted', 'water', 'for', '10', 'minutes', 'in', 'the', 'meantime', 'cook', 'the', 'bacon', 'in', 'the', 'olive', 'oil', 'in', 'a', 'small', 'skillet', 'until', 'the', 'bacon', 'is', 'crisp', 'add', 'the', 'wine', 'and', 'reduce', 'until', 'the', 'wine', 'has', 'evaporated', 'in', 'a', 'bowl', 'beat', 'together', 'the', 'eggs', 'and', 'the', 'cheese', 'drain', 'the', 'spaghetti', 'and', 'return', 'it', 'to', 'the', 'hot', 'saucepan', 'add', 'the', 'egg', 'and', 'cheese', 'mixture', 'and', 'the', 'hot', 'bacon', 'fat', 'and', 'bits', 'stirring', 'it', 'in', 'quickly', 'the', 'heat', 'of', 'the', 'spaghetti', 'will', 'cook', 'the', 'egg', 'mixture', 'correct', 'the', 'seasoning', 'and', 'serve', 'immediately']","['cook', 'spaghetti', 'boiling', 'salted', 'water', 'meantime', 'cook', 'bacon', 'olive', 'oil', 'small', 'skillet', 'bacon', 'crisp', 'add', 'wine', 'reduce', 'wine', 'evaporated', 'bowl', 'beat', 'together', 'eggs', 'cheese', 'drain', 'spaghetti', 'return', 'hot', 'saucepan', 'add', 'egg', 'cheese', 'mixture', 'hot', 'bacon', 'fat', 'bits', 'stirring', 'quickly', 'heat', 'spaghetti', 'cook', 'egg', 'mixture', 'correct', 'seasoning', 'serve', 'immediately']",Italian
4843,"['preheat', 'the', 'oven', 'to', '275f', 'cut', 'the', 'lemon', 'into', 'very', 'thin', 'rounds', 'discarding', 'the', 'seeds', 'and', 'set', 'aside', 'drain', 'tofu', 'wrap', 'in', 'paper', 'towel', 'and', 'press', 'for', 'about', 'ten', 'minutes', 'this', 'will', 'give', 'your', 'tofu', 'a', 'firmer', 'texture', 'put', 'the', 'flour', 'into', 'a', 'shallow', 'bowl', 'season', 'the', 'tofu', 'with', 'salt', 'and', 'pepper', 'and', 'dredge', 'in', 'the', 'flour', 'tapping', 'off', 'any', 'excess', 'transfer', 'the', 'tofu', 'slices', 'to', 'a', 'platter', 'and', 'set', 'aside', 'heat', 'the', 'oil', 'in', 'a', 'large', 'skillet', 'over', 'medium-high', 'heat', 'add', 'the', 'tofu', 'in', 'batches', 'and', 'cook', 'turning', 'once', 'until', 'golden', 'brown', 'on', 'both', 'sides', 'about', '2', 'minutes', 'total', 'place', 'the', 'tofu', 'slices', 'on', 'a', 'baking', 'sheet', 'and', 'keep', 'warm', 'in', 'the', 'oven', 'deglaze', 'the', 'skillet', 'with', 'the', 'wine', 'scraping', 'up', 'any', 'browned', 'bits', 'from', 'the', 'bottom', 'add', 'the', 'mushrooms', 'and', 'cook', 'stirring', 'a', 'few', 'times', 'until', 'slightly', 'softened', 'about', '2', 'minutes', 'stir', 'in', 'the', 'lemon', 'slices', 'capers', 'and', 'parsley', 'and', 'simmer', 'until', 'hot', 'stir', 'in', 'the', 'butter', 'if', 'using', 'to', 'enrich', 'the', 'sauce', 'arrange', 'the', 'tofu', 'on', 'a', 'serving', 'platter', 'or', 'individual', 'plates', 'pour', 'the', 'sauce', 'over', 'the', 'tofu', 'and', 'serve', 'at', 'once']","['preheat', 'oven', '275f', 'cut', 'lemon', 'thin', 'rounds', 'discarding', 'seeds', 'set', 'aside', 'drain', 'tofu', 'wrap', 'paper', 'towel', 'press', 'ten', 'give', 'tofu', 'firmer', 'texture', 'put', 'flour', 'shallow', 'bowl', 'season', 'tofu', 'salt', 'pepper', 'dredge', 'flour', 'tapping', 'excess', 'transfer', 'tofu', 'slices', 'platter', 'set', 'aside', 'heat', 'oil', 'large', 'skillet', 'medium', 'high', 'heat', 'add', 'tofu', 'batches', 'cook', 'turning', 'golden', 'brown', 'sides', 'total', 'place', 'tofu', 'slices', 'baking', 'sheet', 'keep', 'warm', 'oven', 'deglaze', 'skillet', 'wine', 'scraping', 'browned', 'bits', 'bottom', 'add', 'mushrooms', 'cook', 'stirring', 'times', 'slightly', 'softened', 'stir', 'lemon', 'slices', 'capers', 'parsley', 'simmer', 'hot', 'stir', 'butter', 'using', 'enrich', 'sauce', 'arrange', 'tofu', 'serving', 'platter', 'individual', 'plates', 'pour', 'sauce', 'tofu', 'serve']",Italian
6622,"['put', 'cumin', 'cardamom', 'cinnamon', 'coriander', 'mace', 'pepper', 'and', 'salt', 'in', 'large', 'plastic', 'bag', 'shake', 'to', 'blend', 'cut', 'up', 'your', 'pork', 'and', 'add', 'to', 'the', 'bag', 'then', 'shake', 'gently', 'to', 'coat', 'pork', 'heat', 'oil', 'over', 'medium-high', 'heat', 'in', 'large', 'skillet', 'cook', 'and', 'stir', 'onions', 'and', 'garlic', 'until', 'tender', 'add', 'pork', 'cook', 'and', 'stir', 'for', '3-5', 'minutes', 'or', 'until', 'browned', 'stir', 'in', 'broth', 'honey', 'and', 'lemon', 'juice', 'bring', 'to', 'a', 'boil', 'reduce', 'heat', 'cover', 'and', 'simmer', '10', 'minutes', 'or', 'until', 'pork', 'is', 'tender', 'in', 'small', 'bowl', 'stir', 'together', 'yogurt', 'and', 'flour', 'stir', 'into', 'skillet', 'with', 'parsley', 'cook', 'and', 'stir', 'over', 'medium', 'heat', 'until', 'mixture', 'thickens', 'to', 'freeze', 'in', 'freezer', 'safe', 'container', 'to', 'reheat', 'reheat', 'in', 'a', 'covered', 'pot', 'serve', 'over', 'rice']","['put', 'cumin', 'cardamom', 'cinnamon', 'coriander', 'mace', 'pepper', 'salt', 'large', 'plastic', 'bag', 'shake', 'blend', 'cut', 'pork', 'add', 'bag', 'shake', 'gently', 'coat', 'pork', 'heat', 'oil', 'medium', 'high', 'heat', 'large', 'skillet', 'cook', 'stir', 'onions', 'garlic', 'tender', 'add', 'pork', 'cook', 'stir', 'browned', 'stir', 'broth', 'honey', 'lemon', 'juice', 'bring', 'boil', 'reduce', 'heat', 'cover', 'simmer', 'pork', 'tender', 'small', 'bowl', 'stir', 'together', 'yogurt', 'flour', 'stir', 'skillet', 'parsley', 'cook', 'stir', 'medium', 'heat', 'mixture', 'thickens', 'freeze', 'freezer', 'safe', 'container', 'reheat', 'reheat', 'covered', 'pot', 'serve', 'rice']",Indian
5675,"['cook', 'the', 'spaghetti', 'according', 'to', 'the', 'directions', 'on', 'the', 'package', 'drain', 'then', 'return', 'to', 'the', 'pot', 'add', 'olive', 'oil', 'lemon', 'juice', 'garlic', 'salt', 'and', 'pepper', 'toss', 'over', 'medium', 'heat', 'for', 'a', 'couple', 'of', 'minutes', 'then', 'serve', 'with', 'parmesan', 'cheese']","['cook', 'spaghetti', 'according', 'directions', 'package', 'drain', 'return', 'pot', 'add', 'olive', 'oil', 'lemon', 'juice', 'garlic', 'salt', 'pepper', 'toss', 'medium', 'heat', 'couple', 'serve', 'parmesan', 'cheese']",Italian
3518,"['peel', 'skin', 'from', 'garlic', 'cloves', 'and', 'chop', 'into', 'big', 'chunks', 'using', 'a', 'food', 'processor', 'pulse', 'basil', 'garlic', 'and', 'nuts', 'several', 'times', 'until', 'finely', 'chopped', 'add', 'cheese', 'and', '1/4', 'cup', 'of', 'the', 'olive', 'oil', 'and', 'pulse', 'until', 'blended', 'pesto', 'will', 'be', 'thick', 'so', 'add', 'more', 'olive', 'oil', 'if', 'desired', 'for', 'a', 'looser', 'consistency']","['peel', 'skin', 'garlic', 'cloves', 'chop', 'big', 'chunks', 'using', 'food', 'processor', 'pulse', 'basil', 'garlic', 'nuts', 'several', 'times', 'finely', 'chopped', 'add', 'cheese', 'olive', 'oil', 'pulse', 'blended', 'pesto', 'thick', 'add', 'olive', 'oil', 'desired', 'looser', 'consistency']",Italian
2911,"['preheat', 'the', 'oven', 'to', '400', 'degrees', 'f.', 'stir', 'the', 'bread', 'crumbs', 'pecorino', 'romano', 'garlic', 'parsley', 'mint', 'salt', 'and', 'pepper', 'to', 'taste', 'and', '2', 'tablespoons', 'olive', 'oil', 'in', 'a', 'medium', 'bowl', 'to', 'blend', 'drizzle', 'a', 'heavy', 'large', 'baking', 'sheet', 'with', 'about', '1', 'tablespoon', 'olive', 'oil', 'to', 'coat', 'spoon', 'the', 'filling', 'into', 'the', 'mushroom', 'cavities', 'and', 'arrange', 'on', 'the', 'baking', 'sheet', 'cavity', 'side', 'up', 'drizzle', 'remaining', 'oil', 'over', 'the', 'filling', 'in', 'each', 'mushroom', 'bake', 'until', 'the', 'mushrooms', 'are', 'tender', 'and', 'the', 'filling', 'is', 'heated', 'through', 'and', 'golden', 'on', 'top', 'about', '25', 'minutes', 'serve']","['preheat', 'oven', 'f.', 'stir', 'bread', 'crumbs', 'pecorino', 'romano', 'garlic', 'parsley', 'mint', 'salt', 'pepper', 'taste', 'olive', 'oil', 'medium', 'bowl', 'blend', 'drizzle', 'heavy', 'large', 'baking', 'sheet', 'olive', 'oil', 'coat', 'spoon', 'filling', 'mushroom', 'cavities', 'arrange', 'baking', 'sheet', 'cavity', 'side', 'drizzle', 'remaining', 'oil', 'filling', 'mushroom', 'bake', 'mushrooms', 'tender', 'filling', 'heated', 'golden', 'top', 'serve']",Italian
10056,"['in', 'large', 'saucepan', 'combine', 'all', 'ingredients', 'bring', 'to', 'a', 'boil', 'reduce', 'heat', 'simmer', 'uncovered', 'for', '1', 'and', '1/2', 'to', '2', 'hours', 'or', 'until', 'thickened', 'pour', 'into', 'a', 'serving', 'bowl', 'cover', 'and', 'refrigerate', 'for', '1-2', 'hours', 'or', 'until', 'chilled']","['large', 'saucepan', 'combine', 'ingredients', 'bring', 'boil', 'reduce', 'heat', 'simmer', 'uncovered', 'thickened', 'pour', 'serving', 'bowl', 'cover', 'refrigerate', 'chilled']",Indian
3610,"['preheat', 'the', 'oven', 'to', '375.', 'spray', 'a', '12-cup', 'muffin', 'tin', 'with', 'cooking', 'spray', 'mix', 'meat', 'stuffing', 'mix', 'water', 'and', 'the', 'spice', 'add-in', 'for', 'the', 'version', 'of', 'meatloaf', 'that', 'you', 'prefer', 'divide', 'equally', 'into', 'the', 'muffin', 'cups', 'make', 'an', 'indentation', 'in', 'the', 'center', 'of', 'each', 'meatloaf', 'with', 'a', 'spoon', 'fill', 'with', 'the', 'sauce', 'add-in', 'for', 'the', 'version', 'of', 'meatloaf', 'that', 'you', 'prefer', 'bake', 'for', '30', 'minutes', 'or', 'until', 'cooked', 'through', '160', 'degrees', 'top', 'with', 'cheese', 'continue', 'baking', '5', 'minutes', 'or', 'until', 'the', 'cheese', 'is', 'melted']","['preheat', 'oven', 'spray', '12', 'cup', 'muffin', 'tin', 'cooking', 'spray', 'mix', 'meat', 'stuffing', 'mix', 'water', 'spice', 'add', 'version', 'meatloaf', 'prefer', 'divide', 'equally', 'muffin', 'make', 'indentation', 'center', 'meatloaf', 'spoon', 'fill', 'sauce', 'add', 'version', 'meatloaf', 'prefer', 'bake', 'cooked', 'top', 'cheese', 'continue', 'baking', 'cheese', 'melted']",Italian
2758,"['saute', 'zucchini', 'yellow', 'squash', 'mushrooms', 'and', 'garlic', 'until', 'tender', 'in', '2', 'tbs', 'margarine', 'add', 'italian', 'seasoning', 'and', '1/4', 'tsp', 'salt', 'stir', 'in', 'carrots', 'and', 'broccoli', 'set', 'aside', 'and', 'cool', 'melt', 'remaining', 'margarine', 'in', 'saucepan', 'add', 'flour', 'pepper', 'and', 'remain', 'ing', 'salt', 'cook', 'over', 'medium', 'heat', '5', 'minutes', 'stir', 'in', 'milk', 'and', 'cook', 'until', 'thickened', 'remove', 'from', 'heat', 'and', 'stir', 'in', 'parmesan', 'cheese', 'set', 'aside', 'cook', 'pasta', 'according', 'to', 'package', 'directions', 'rinse', 'in', 'cool', 'water', 'and', 'drain', 'grease', 'lasagna', 'pan', 'spoon', 'only', 'enough', 'white', 'sauce', 'into', 'lasagna', 'pan', 'to', 'barely', 'cover', 'the', 'bottom', 'line', 'with', '3', 'noodles', 'spoon', '1/2', 'the', 'vegetable', 'mixture', 'over', 'noodles', 'placing', 'it', 'down', 'the', 'center', 'of', 'each', 'noodle', 'sprinkle', '1/3', 'of', 'the', 'mozzarella', 'cheese', 'over', 'the', 'vegetable', 'mixture', 'cover', 'with', 'another', 'layer', 'of', 'pasta', 'spread', 'with', '1/2', 'the', 'spinach', 'cover', 'with', '1/2', 'the', 'remaining', 'white', 'sauce', 'repeat', 'the', 'layering', '3', 'noodles', 'remaining', 'vegetables', '1/2', 'remaining', 'mozzarella', '3', 'noodles', 'remaining', 'ricotta', 'spinach', 'and', 'white', 'sauce', 'cover', 'with', 'remaining', 'mozzarella', 'sprinkle', 'with', 'parmesan', 'and', 'parsley', 'over', 'top', 'bake', '45', 'minutes', 'in', 'a', 'preheated', '350°f', 'oven', 'let', 'stand', '15', 'minutes', 'before', 'serving', 'serve', 'with', 'crisp', 'green', 'salad', 'and', 'fresh', 'bread']","['saute', 'zucchini', 'yellow', 'squash', 'mushrooms', 'garlic', 'tender', 'tbs', 'margarine', 'add', 'italian', 'seasoning', 'salt', 'stir', 'carrots', 'broccoli', 'set', 'aside', 'cool', 'melt', 'remaining', 'margarine', 'saucepan', 'add', 'flour', 'pepper', 'remain', 'ing', 'salt', 'cook', 'medium', 'heat', 'stir', 'milk', 'cook', 'thickened', 'remove', 'heat', 'stir', 'parmesan', 'cheese', 'set', 'aside', 'cook', 'pasta', 'according', 'package', 'directions', 'rinse', 'cool', 'water', 'drain', 'grease', 'lasagna', 'pan', 'spoon', 'enough', 'white', 'sauce', 'lasagna', 'pan', 'barely', 'cover', 'bottom', 'line', 'noodles', 'spoon', 'vegetable', 'mixture', 'noodles', 'placing', 'center', 'noodle', 'sprinkle', 'mozzarella', 'cheese', 'vegetable', 'mixture', 'cover', 'another', 'layer', 'pasta', 'spread', 'spinach', 'cover', 'remaining', 'white', 'sauce', 'repeat', 'layering', 'noodles', 'remaining', 'vegetables', 'remaining', 'mozzarella', 'noodles', 'remaining', 'ricotta', 'spinach', 'white', 'sauce', 'cover', 'remaining', 'mozzarella', 'sprinkle', 'parmesan', 'parsley', 'top', 'bake', 'preheated', '350°f', 'oven', 'let', 'stand', 'serving', 'serve', 'crisp', 'green', 'salad', 'fresh', 'bread']",Italian
3368,"['when', 'oil', 'is', 'hot', 'in', 'wok', 'stir', 'fry', 'onion', 'garlic', 'and', 'zucchini', '2', 'minutes', 'or', 'until', 'desired', 'texture', 'add', 'green', 'beans', 'continue', 'until', 'hot', 'add', 'tomatoes', 'and', 'seasoning', 'and', 'olives', 'cook', 'until', 'heated', 'through', 'serve']","['oil', 'hot', 'wok', 'stir', 'fry', 'onion', 'garlic', 'zucchini', 'desired', 'texture', 'add', 'green', 'beans', 'continue', 'hot', 'add', 'tomatoes', 'seasoning', 'olives', 'cook', 'heated', 'serve']",Italian
9370,"['mix', 'chicken', 'garlic', 'ginger', 'and', 'paprika', 'in', 'a', 'bowl', 'let', 'it', 'sit', 'for', '30', 'minutes', 'place', 'almonds', 'in', 'a', 'bowl', 'and', 'cover', 'with', 'boiling', 'water', 'let', 'sit', 'for', '10', 'minutes', 'drain', 'almonds', 'and', 'puree', 'with', 'cream', 'gram', 'marsala', 'cardamom', 'allspice', 'and', 'egg', 'white', 'transfer', 'to', 'chicken', 'mixture', 'heat', 'oil', 'in', 'a', 'saucepan', 'and', 'sauté', 'onions', 'until', 'caramelized', 'about', '8', 'minutes', 'stir', 'into', 'chicken', 'mixture', 'build', 'a', 'fire', 'in', 'a', 'charcoal', 'girl', 'divide', 'chicken', 'mixture', 'into', '6', 'portions', 'and', 'place', 'each', 'portion', 'along', 'the', 'length', 'of', 'on', 'one', 'flat', 'or', 'two', 'round', 'skewers', 'grill', 'turning', 'until', 'charred', 'about', '4-5', 'minutes']","['mix', 'chicken', 'garlic', 'ginger', 'paprika', 'bowl', 'let', 'sit', 'place', 'almonds', 'bowl', 'cover', 'boiling', 'water', 'let', 'sit', 'drain', 'almonds', 'puree', 'cream', 'gram', 'marsala', 'cardamom', 'allspice', 'egg', 'white', 'transfer', 'chicken', 'mixture', 'heat', 'oil', 'saucepan', 'sauté', 'onions', 'caramelized', 'stir', 'chicken', 'mixture', 'build', 'fire', 'charcoal', 'girl', 'divide', 'chicken', 'mixture', 'portions', 'place', 'portion', 'along', 'length', 'one', 'flat', 'two', 'round', 'skewers', 'grill', 'turning', 'charred']",Indian
6112,"['in', 'a', 'saucepan', 'simmer', 'the', 'broth', 'over', 'medium', 'heat', 'in', 'a', 'large', 'deep', 'skillet', 'heat', 'the', 'olive', 'oil', 'and', 'butter', 'over', 'medium-high', 'heat', 'stir', 'in', 'garlic', 'add', 'spaghetti', 'and', 'toast', 'lightly', 'about', '2', 'minutes', 'add', 'onions', 'carrots', 'zucchini', 'and', 'thyme', 'season', 'with', 'salt', 'and', 'pepper', 'and', 'cook', 'until', 'vegetables', 'soften', 'stirring', 'with', 'tongs', 'about', '5', 'minutes', 'add', 'wine', 'and', 'cook', 'until', 'completely', 'absorbed', 'add', 'a', 'few', 'ladlefuls', 'of', 'warm', 'broth', 'and', 'stir', 'the', 'pasta', 'keep', 'adding', 'broth', 'a', 'few', 'ladlefuls', 'at', 'a', 'time', 'letting', 'the', 'liquid', 'absorb', 'before', 'adding', 'more', 'stir', 'often', 'as', 'though', 'you', 'are', 'preparing', 'a', 'risotto', 'until', 'all', 'the', 'liquid', 'is', 'absorbed', 'and', 'the', 'spaghetti', 'is', 'al', 'dente', '12', 'to', '15', 'minutes', 'stir', 'the', 'cream', 'and', 'cheese', 'into', 'pasta', 'remove', 'from', 'heat', 'and', 'stir', 'for', '1', 'minute', 'longer', 'until', 'cheese', 'is', 'melted', 'and', 'creamy', 'serve', 'pasta', 'in', 'shallow', 'bowls', 'topped', 'with', 'lemon', 'zest', 'and', 'parsley']","['saucepan', 'simmer', 'broth', 'medium', 'heat', 'large', 'deep', 'skillet', 'heat', 'olive', 'oil', 'butter', 'medium', 'high', 'heat', 'stir', 'garlic', 'add', 'spaghetti', 'toast', 'lightly', 'add', 'onions', 'carrots', 'zucchini', 'thyme', 'season', 'salt', 'pepper', 'cook', 'vegetables', 'soften', 'stirring', 'tongs', 'add', 'wine', 'cook', 'completely', 'absorbed', 'add', 'ladlefuls', 'warm', 'broth', 'stir', 'pasta', 'keep', 'adding', 'broth', 'ladlefuls', 'time', 'letting', 'liquid', 'absorb', 'adding', 'stir', 'often', 'though', 'preparing', 'risotto', 'liquid', 'absorbed', 'spaghetti', 'al', 'dente', 'stir', 'cream', 'cheese', 'pasta', 'remove', 'heat', 'stir', 'longer', 'cheese', 'melted', 'creamy', 'serve', 'pasta', 'shallow', 'bowls', 'topped', 'lemon', 'zest', 'parsley']",Italian
8554,"['heat', 'the', 'oil', 'in', 'a', 'deep', 'fry', 'pan', 'over', 'medium-high', 'heat', 'there', 'should', 'be', 'at', 'least', '1', '1/2', 'inches', 'of', 'oil', 'in', 'the', 'pan', 'make', 'sure', 'it', 'is', 'quite', 'hot', 'by', 'dropping', 'in', 'a', 'potato', 'piece', 'if', 'the', 'potato', 'begins', 'to', 'sizzle', 'immediately', 'then', 'the', 'oil', 'is', 'ready', 'if', 'you', 'start', 'frying', 'too', 'soon', 'the', 'vegetables', 'will', 'absorb', 'the', 'oil', 'and', 'become', 'greasy', 'and', 'unpleasant', 'fry', 'the', 'potatoes', 'until', 'cooked', 'through', 'turning', 'several', 'times', 'about', '4', 'minutes', 'remove', 'them', 'with', 'a', 'slotted', 'spoon', 'and', 'drain', 'on', 'a', 'paper', 'towel', 'lined', 'platter', 'in', 'the', 'same', 'manner', 'fry', 'the', 'eggplant', 'in', 'batches', 'until', 'it', 'is', 'all', 'cooked', 'and', 'draining', 'in', 'a', 'small', 'bowl', 'mix', 'the', 'ginger', 'chili', 'coriander', 'powder', 'turmeric', 'powder', 'paprika', 'and', 'water', 'to', 'make', 'a', 'paste', 'heat', 'the', 'tablespoon', 'of', 'water', 'in', 'a', 'large', 'fry', 'pan', 'test', 'the', 'heat', 'by', 'throwing', 'in', 'one', 'cumin', 'seed', 'if', 'the', 'seed', 'crack', 'and', 'begins', 'to', 'sizzle', 'right', 'away', 'the', 'oil', 'is', 'ready', 'add', 'the', 'cumin', 'seeds', 'and', 'ginger', 'paste', 'mixture', 'and', 'stir', 'fry', 'until', 'you', 'see', 'the', 'oil', 'beginning', 'to', 'rise', 'to', 'the', 'top', 'of', 'the', 'paste', 'add', 'in', 'the', 'chopped', 'tomatoes', 'and', 'cook', 'until', 'they', 'begin', 'to', 'reduce', 'add', 'the', 'salt', 'return', 'the', 'eggplant', 'and', 'potatoes', 'to', 'the', 'pan', 'reduce', 'the', 'heat', 'to', 'low', 'and', 'simmer', 'for', '3', 'or', '4', 'minutes', 'sprinkle', 'chopped', 'cilantro', 'over', 'all', 'and', 'serve']","['heat', 'oil', 'deep', 'fry', 'pan', 'medium', 'high', 'heat', 'least', 'oil', 'pan', 'make', 'sure', 'quite', 'hot', 'dropping', 'potato', 'piece', 'potato', 'begins', 'sizzle', 'immediately', 'oil', 'ready', 'start', 'frying', 'soon', 'vegetables', 'absorb', 'oil', 'become', 'greasy', 'unpleasant', 'fry', 'potatoes', 'cooked', 'turning', 'several', 'times', 'remove', 'slotted', 'spoon', 'drain', 'paper', 'towel', 'lined', 'platter', 'manner', 'fry', 'eggplant', 'batches', 'cooked', 'draining', 'small', 'bowl', 'mix', 'ginger', 'chili', 'coriander', 'powder', 'turmeric', 'powder', 'paprika', 'water', 'make', 'paste', 'heat', 'water', 'large', 'fry', 'pan', 'test', 'heat', 'throwing', 'one', 'cumin', 'seed', 'seed', 'crack', 'begins', 'sizzle', 'right', 'away', 'oil', 'ready', 'add', 'cumin', 'seeds', 'ginger', 'paste', 'mixture', 'stir', 'fry', 'see', 'oil', 'beginning', 'rise', 'top', 'paste', 'add', 'chopped', 'tomatoes', 'cook', 'begin', 'reduce', 'add', 'salt', 'return', 'eggplant', 'potatoes', 'pan', 'reduce', 'heat', 'low', 'simmer', 'sprinkle', 'chopped', 'cilantro', 'serve']",Indian
4463,"['preheat', 'oven', 'to', '450°', 'melt', 'margarine', 'in', 'a', 'medium', 'saucepan', 'over', 'medium', 'heat', 'add', 'flour', 'cook', '30', 'seconds', 'stirring', 'constantly', 'gradually', 'add', 'milk', 'stirring', 'with', 'a', 'whisk', 'until', 'blended', 'stir', 'in', 'salt', 'pepper', 'and', 'nutmeg', 'cook', 'until', 'thick', 'stirring', 'constantly', 'about', '3', 'minutes', 'if', 'using', 'cornstarch', 'to', 'make', 'it', 'gluten-free', 'completely', 'mix', 'it', 'into', 'the', 'milk', 'before', 'adding', 'to', 'the', 'saucepan', 'and', 'just', 'add', 'when', 'the', 'butter', 'has', 'melted', 'spread', '1/2', 'cup', 'sauce', 'in', 'bottom', 'of', 'an', '8-inch', 'square', 'baking', 'dish', 'coated', 'with', 'cooking', 'spray', 'or', 'olive', 'oil', 'arrange', 'noodles', 'over', 'sauce', 'top', 'with', 'half', 'of', 'chicken', 'and', 'half', 'of', 'spinach', 'cover', 'with', '3/4', 'cup', 'sauce', 'repeat', 'layers', 'ending', 'with', 'noodles', 'spread', 'remaining', 'sauce', 'over', 'noodles', 'and', 'top', 'with', 'remaining', 'cheese', 'cover', 'with', 'non-stick', 'aluminum', 'foil', 'or', 'foil', 'sprayed', 'with', 'olive', 'oil', 'or', 'cooking', 'spray', 'so', 'it', 'doesn', '’', 't', 'stick', 'to', 'the', 'cheese', 'bake', 'at', '450°', 'for', '25', '30', 'minutes', 'or', 'until', 'noodles', 'are', 'tender', 'and', 'sauce', 'is', 'bubbly', 'uncover', 'and', 'bake', 'an', 'additional', '5', '-10', 'minutes', 'to', 'brown', 'the', 'top', 'let', 'stand', '5', 'minutes', 'this', 'is', 'a', 'great', 'recipe', 'to', 'make', 'ahead', 'assemble', 'the', 'lasagna', 'cover', 'with', 'the', 'foil', 'and', 'put', 'it', 'in', 'the', 'refrigerator', 'or', 'freezer', 'until', 'you', 'are', 'ready', 'to', 'cook', 'and', 'eat', 'it', 'just', 'pull', 'it', 'out', 'and', 'bring', 'to', 'room', 'temperature', 'before', 'putting', 'it', 'in', 'the', 'hot', 'oven']","['preheat', 'oven', '450°', 'melt', 'margarine', 'medium', 'saucepan', 'medium', 'heat', 'add', 'flour', 'cook', 'seconds', 'stirring', 'constantly', 'gradually', 'add', 'milk', 'stirring', 'whisk', 'blended', 'stir', 'salt', 'pepper', 'nutmeg', 'cook', 'thick', 'stirring', 'constantly', 'using', 'cornstarch', 'make', 'gluten', 'free', 'completely', 'mix', 'milk', 'adding', 'saucepan', 'add', 'butter', 'melted', 'spread', 'sauce', 'bottom', '8', 'inch', 'square', 'baking', 'dish', 'coated', 'cooking', 'spray', 'olive', 'oil', 'arrange', 'noodles', 'sauce', 'top', 'half', 'chicken', 'half', 'spinach', 'cover', 'sauce', 'repeat', 'layers', 'ending', 'noodles', 'spread', 'remaining', 'sauce', 'noodles', 'top', 'remaining', 'cheese', 'cover', 'non', 'stick', 'aluminum', 'foil', 'foil', 'sprayed', 'olive', 'oil', 'cooking', 'spray', '’', 'stick', 'cheese', 'bake', '450°', 'noodles', 'tender', 'sauce', 'bubbly', 'uncover', 'bake', 'additional', 'brown', 'top', 'let', 'stand', 'great', 'recipe', 'make', 'ahead', 'assemble', 'lasagna', 'cover', 'foil', 'put', 'refrigerator', 'freezer', 'ready', 'cook', 'eat', 'pull', 'bring', 'room', 'temperature', 'putting', 'hot', 'oven']",Italian
9760,"['in', 'a', '9', 'x', '13-', 'glass', 'dish', 'or', 'bowl', 'combine', 'marinade', 'ingredients', 'onion', 'nutmeg', 'thread', 'buffalo', 'onto', 'metal', 'skewers', 'place', 'skewered', 'buffalo', 'in', 'marinade', 'turning', 'to', 'coat', 'cover', 'with', 'plastic', 'wrap', 'and', 'refrigerate', 'for', '24', 'hours', 'spray', 'grill', 'rack', 'or', 'broiler', 'pan', 'with', 'pam', 'and', 'then', 'prepare', 'grill', 'or', 'preheat', 'broiler', 'remove', 'skewers', 'from', 'marinade', 'discarding', 'marinade', 'grill', 'or', 'broil', 'skewers', '5-inches', 'from', 'heat', 'until', 'done', '3', 'minutes', 'per', 'side', 'for', 'medium-rare', 'transfer', 'skewers', 'to', 'platter', 'or', 'individual', 'plates']","['x', 'glass', 'dish', 'bowl', 'combine', 'marinade', 'ingredients', 'onion', 'nutmeg', 'thread', 'buffalo', 'onto', 'metal', 'skewers', 'place', 'skewered', 'buffalo', 'marinade', 'turning', 'coat', 'cover', 'plastic', 'wrap', 'refrigerate', 'spray', 'grill', 'rack', 'broiler', 'pan', 'pam', 'prepare', 'grill', 'preheat', 'broiler', 'remove', 'skewers', 'marinade', 'discarding', 'marinade', 'grill', 'broil', 'skewers', '5', 'inches', 'heat', 'done', 'per', 'side', 'medium', 'rare', 'transfer', 'skewers', 'platter', 'individual', 'plates']",Indian
8983,"['blend', 'sugar', 'with', 'baking', 'soda', 'salt', 'ginger', 'cinnamon', 'molasses', 'and', 'cold', 'milk', 'cook', 'cornmeal', 'and', 'hot', 'milk', 'until', 'thick', 'combine', 'the', 'two', 'mixtures', 'pour', 'into', 'a', 'buttered', 'baking', 'bowl', 'bake', '275', 'for', '2', 'hours', 'stir', 'occasionally', 'while', 'baking', 'adding', 'more', 'milk', 'if', 'it', 'gets', 'too', 'thick', 'add', '1/4', 'cup', 'butter', 'during', 'cooking', 'time', 'while', 'we', 'enjoyed', 'this', 'dish', 'warm', 'it', 'is', 'supposed', 'to', 'set', 'in', 'the', 'fridge', 'and', 'be', 'served', 'chilled', 'be', 'sure', 'to', 'top', 'with', 'whipped', 'cream']","['blend', 'sugar', 'baking', 'soda', 'salt', 'ginger', 'cinnamon', 'molasses', 'cold', 'milk', 'cook', 'cornmeal', 'hot', 'milk', 'thick', 'combine', 'two', 'mixtures', 'pour', 'buttered', 'baking', 'bowl', 'bake', 'stir', 'occasionally', 'baking', 'adding', 'milk', 'gets', 'thick', 'add', 'butter', 'cooking', 'time', 'enjoyed', 'dish', 'warm', 'supposed', 'set', 'fridge', 'served', 'chilled', 'sure', 'top', 'whipped', 'cream']",Indian
11075,"['cut', 'mushroom', 'into', 'thin', 'slices', 'grind', 'cinnamon', 'fennel', 'seeds', 'clove', 'to', 'fine', 'powder', 'in', 'a', 'mixer', 'heat', 'oil', 'in', 'a', 'pan', 'add', 'the', 'above', 'powder', 'ginger', 'garlic', 'paste', 'to', 'it', 'fry', 'for', 'a', 'minute', 'on', 'a', 'low', 'flame', 'add', 'chopped', 'onions', 'fry', 'till', 'golden', 'brown', 'add', 'chopped', 'tomatoes', 'continue', 'to', 'fry', 'till', 'oil', 'separates', 'from', 'it', 'then', 'add', 'pepper', 'chilli', 'turmeric', 'powder', 'mix', 'well', 'add', 'mushrooms', '1/4', 'cup', 'of', 'water', 'salt', 'mix', 'well.close', 'the', 'lid', 'of', 'the', 'pan', 'let', 'it', 'cook', 'in', 'simmer', 'uncover', 'when', 'mushrooms', 'are', 'cooked', 'keep', 'stirring', 'for', 'few', 'minutes', 'till', 'all', 'the', 'water', 'evaporates', 'when', 'it', 'comes', 'in', 'the', 'form', 'of', 'thick', 'gravy', 'type', 'finally', 'garnish', 'with', 'chopped', 'coriander', 'leaves', 'serve', 'with', 'basmati', 'or', 'jasmine', 'rice']","['cut', 'mushroom', 'thin', 'slices', 'grind', 'cinnamon', 'fennel', 'seeds', 'clove', 'fine', 'powder', 'mixer', 'heat', 'oil', 'pan', 'add', 'powder', 'ginger', 'garlic', 'paste', 'fry', 'low', 'flame', 'add', 'chopped', 'onions', 'fry', 'till', 'golden', 'brown', 'add', 'chopped', 'tomatoes', 'continue', 'fry', 'till', 'oil', 'separates', 'add', 'pepper', 'chilli', 'turmeric', 'powder', 'mix', 'well', 'add', 'mushrooms', 'water', 'salt', 'mix', 'well.close', 'lid', 'pan', 'let', 'cook', 'simmer', 'uncover', 'mushrooms', 'cooked', 'keep', 'stirring', 'till', 'water', 'evaporates', 'comes', 'form', 'thick', 'gravy', 'type', 'finally', 'garnish', 'chopped', 'coriander', 'leaves', 'serve', 'basmati', 'jasmine', 'rice']",Indian
8264,"['combine', 'the', 'garlic', 'and', 'ginger', 'with', 'about', '1', 'tablespoon', 'of', 'water', 'in', 'a', 'small', 'food', 'processor', 'and', 'process', 'to', 'a', 'paste', 'set', 'aside', 'heat', '1', 'teaspoon', 'of', 'oil', 'in', 'a', 'dutch', 'oven', 'over', 'medium-high', 'heat', 'add', 'the', 'onions', 'tomatoes', 'garlic', 'and', 'ginger', 'paste', 'cinnamon', 'stick', 'cardamom', 'pods', 'cloves', 'cumin', 'seeds', 'coriander', 'turmeric', 'and', 'salt', 'cook', '10', 'minutes', 'stirring', 'occasionally', 'add', 'the', 'chicken', 'and', 'stir', 'to', 'mix', 'with', 'the', 'spices', 'cook', '15', 'minutes', 'uncovered', 'stirring', 'occasionally', 'then', 'cover', 'and', 'cook', '5', 'minutes', 'add', 'the', 'coconut', 'milk', 'and', 'water', 'cover', 'and', 'cook', '10', 'minutes', 'meanwhile', 'heat', 'the', 'remaining', '1', '1/2', 'teaspoons', 'of', 'oil', 'in', 'a', 'skillet', 'over', 'high', 'heat', 'until', 'very', 'hot', 'add', 'the', 'mustard', 'seeds', 'be', 'careful', 'they', ""'ll"", 'pop', 'out', 'of', 'the', 'skillet', 'chiles', 'and', 'curry', 'leaves', 'the', 'oil', 'should', 'be', 'hot', 'enough', 'so', 'the', 'curry', 'leaves', 'crackle', 'and', 'turn', 'black', 'right', 'away', 'the', 'chiles', 'should', 'also', 'turn', 'black', 'cook', 'no', 'more', 'than', '3', 'minutes', 'pour', 'this', 'mixture', 'into', 'the', 'chicken', 'simmer', '5', 'minutes', 'longer', 'and', 'serve']","['combine', 'garlic', 'ginger', 'water', 'small', 'food', 'processor', 'process', 'paste', 'set', 'aside', 'heat', 'oil', 'dutch', 'oven', 'medium', 'high', 'heat', 'add', 'onions', 'tomatoes', 'garlic', 'ginger', 'paste', 'cinnamon', 'stick', 'cardamom', 'pods', 'cloves', 'cumin', 'seeds', 'coriander', 'turmeric', 'salt', 'cook', 'stirring', 'occasionally', 'add', 'chicken', 'stir', 'mix', 'spices', 'cook', 'uncovered', 'stirring', 'occasionally', 'cover', 'cook', 'add', 'coconut', 'milk', 'water', 'cover', 'cook', 'meanwhile', 'heat', 'remaining', 'oil', 'skillet', 'high', 'heat', 'hot', 'add', 'mustard', 'seeds', 'careful', 'pop', 'skillet', 'chiles', 'curry', 'leaves', 'oil', 'hot', 'enough', 'curry', 'leaves', 'crackle', 'turn', 'black', 'right', 'away', 'chiles', 'also', 'turn', 'black', 'cook', 'pour', 'mixture', 'chicken', 'simmer', 'longer', 'serve']",Indian
10965,"['shred', 'carrots', 'very', 'thinly', 'using', 'a', 'speed', 'peeler', 'brown', 'lamb', 'in', 'a', 'hot', 'non-stick', 'skillet', 'until', 'quite', 'crispy', 'drain', 'off', 'most', 'of', 'the', 'fat', 'add', 'garam', 'masala', 'and', 'salt', 'and', 'toss', 'well', 'combine', 'shallots', 'lemon', 'juice', 'ginger', 'salt', 'in', 'a', 'large', 'bowl', 'toast', 'cumin', 'seeds', 'in', 'a', 'hot', 'dry', 'skillet', 'grind', 'with', 'a', 'mortar', 'and', 'pestle', 'or', 'spice', 'grinder', 'add', 'to', 'dressing', 'add', 'olive', 'oil', 'and', 'pour', 'dressing', 'over', 'carrots', 'add', 'coriander', 'and', 'mint', 'and', 'toss', 'well', 'serve', 'on', 'top', 'of', 'hot', 'lamb', 'and', 'sprinkle', 'with', 'sesame', 'seeds']","['shred', 'carrots', 'thinly', 'using', 'speed', 'peeler', 'brown', 'lamb', 'hot', 'non', 'stick', 'skillet', 'quite', 'crispy', 'drain', 'fat', 'add', 'garam', 'masala', 'salt', 'toss', 'well', 'combine', 'shallots', 'lemon', 'juice', 'ginger', 'salt', 'large', 'bowl', 'toast', 'cumin', 'seeds', 'hot', 'dry', 'skillet', 'grind', 'mortar', 'pestle', 'spice', 'grinder', 'add', 'dressing', 'add', 'olive', 'oil', 'pour', 'dressing', 'carrots', 'add', 'coriander', 'mint', 'toss', 'well', 'serve', 'top', 'hot', 'lamb', 'sprinkle', 'sesame', 'seeds']",Indian
9467,"['heat', 'oil', 'in', 'a', 'skillet', 'when', 'heated', 'add', 'cumin', 'seeds', 'green', 'chilies', 'and', 'then', 'add', 'onions', 'saute', 'until', 'they', 'turn', 'golden', 'brown', 'add', 'garam', 'masala', 'chaat', 'masala', 'red', 'chili', 'powder', 'and', 'amchur', 'powder', 'saute', 'for', 'another', '2-3', 'minutes', 'add', 'canned', 'chick', 'peas', 'keep', 'on', 'cooking', 'for', 'another', '2-3', 'minutes', 'add', '2', 'tbsp', 'water', 'cover', 'it', 'and', 'let', 'it', 'cook', 'for', '10', 'minutes', 'on', 'low-medium', 'heat', 'uncover', 'after', '10', 'minutes', 'and', 'add', 'diced', 'red', 'onions', 'and', 'tomatoes', 'and', 'cook', 'for', 'another', '5', 'minutes', 'enjoy', 'with', 'puris/rotis', 'or', 'parathas']","['heat', 'oil', 'skillet', 'heated', 'add', 'cumin', 'seeds', 'green', 'chilies', 'add', 'onions', 'saute', 'turn', 'golden', 'brown', 'add', 'garam', 'masala', 'chaat', 'masala', 'red', 'chili', 'powder', 'amchur', 'powder', 'saute', 'another', 'add', 'canned', 'chick', 'peas', 'keep', 'cooking', 'another', 'add', 'water', 'cover', 'let', 'cook', 'low', 'medium', 'heat', 'uncover', 'add', 'diced', 'red', 'onions', 'tomatoes', 'cook', 'another', 'enjoy', 'puris/rotis', 'parathas']",Indian
9264,"['place', 'the', 'carrots', 'and', 'both', 'milk', 'in', 'a', 'pan', 'and', 'bring', 'to', 'boil', 'stirring', 'constantly', 'reduce', 'heat', 'to', 'medium', 'and', 'continue', 'to', 'cook', 'stirring', 'often', 'until', 'liquid', 'disappears', 'about', '25', 'minutes', 'as', 'the', 'halva', 'cooks', 'down', 'you', 'must', 'stir', 'more', 'and', 'more', 'frequently', 'to', 'prevent', 'it', 'from', 'burning', 'add', 'sugar', 'raisins', 'cardamom', 'cloves', 'and', 'the', 'ghee', 'or', 'butter', 'continue', 'to', 'cook', 'stirring', 'frequently', 'and', 'scraping', 'the', 'bottom', 'of', 'the', 'pan', 'to', 'prevent', 'the', 'mixture', 'from', 'sticking', 'cook', 'until', 'the', 'halva', 'is', 'very', 'thick', 'and', 'forms', 'a', 'ball', 'in', 'the', 'center', 'of', 'the', 'pan', 'as', 'it', 'is', 'stirred', 'about', '20-25', 'minutes', 'turn', 'the', 'halva', 'mixture', 'out', 'onto', 'a', 'greased', '9-inch', 'square', 'baking', 'dish', 'smoothing', 'out', 'the', 'paste', 'to', 'an', 'even', 'thickness', 'arrange', 'the', 'almonds', 'on', 'top', 'pressing', 'them', 'into', 'the', 'halva', 'slightly', 'score', 'the', 'top', 'of', 'the', 'halva', 'into', 'rectangles', 'then', 'cover', 'and', 'chill', 'until', 'firm', 'cut', 'completely', 'the', 'halva', 'into', 'triangles', 'to', 'serve']","['place', 'carrots', 'milk', 'pan', 'bring', 'boil', 'stirring', 'constantly', 'reduce', 'heat', 'medium', 'continue', 'cook', 'stirring', 'often', 'liquid', 'disappears', 'halva', 'cooks', 'must', 'stir', 'frequently', 'prevent', 'burning', 'add', 'sugar', 'raisins', 'cardamom', 'cloves', 'ghee', 'butter', 'continue', 'cook', 'stirring', 'frequently', 'scraping', 'bottom', 'pan', 'prevent', 'mixture', 'sticking', 'cook', 'halva', 'thick', 'forms', 'ball', 'center', 'pan', 'stirred', 'turn', 'halva', 'mixture', 'onto', 'greased', '9', 'inch', 'square', 'baking', 'dish', 'smoothing', 'paste', 'even', 'thickness', 'arrange', 'almonds', 'top', 'pressing', 'halva', 'slightly', 'score', 'top', 'halva', 'rectangles', 'cover', 'chill', 'firm', 'cut', 'completely', 'halva', 'triangles', 'serve']",Indian
6174,"['stovetop', 'brown', 'meat', 'onion', 'and', 'garlic', 'until', 'the', 'meat', 'is', 'done', 'drain', 'let', 'meat', 'cool', 'and', 'crumble', 'add', 'meat', 'mixture', 'to', 'a', 'large', 'saucepan', 'add', 'all', 'of', 'the', 'dry', 'ingredients', 'except', 'for', 'the', 'bay', 'leaf', 'and', 'stir', 'to', 'combine', 'once', 'combined', 'add', 'tomato', 'paste', 'mix', 'together', 'well', 'then', 'add', 'the', 'rest', 'of', 'the', 'wet', 'ingredients', 'and', 'stir', 'well', 'add', 'bay', 'leaf', 'bring', 'to', 'a', 'boil', 'lower', 'heat', 'and', 'simmer', 'covered', 'for', '1', 'to', '1', '1/2', 'hours', 'stirring', 'occasionally', 'remove', 'bay', 'leaf', 'add', 'cooked', 'spaghetti', 'and', 'mix', 'well', 'crockpot', 'combine', 'all', 'of', 'the', 'ingredients', 'except', 'for', 'bay', 'leaf', 'and', 'meat', 'mix', 'well', 'then', 'add', 'the', 'bay', 'leaf', 'cook', 'on', 'low', 'for', '5', 'hours', 'stirring', 'occasionally', 'add', 'the', 'browned', 'and', 'crumbled', 'meat', 'of', 'your', 'choice', 'cook', 'for', '1', 'more', 'hour', 'add', 'the', 'cooked', 'spaghetti', 'serve', 'with', 'your', 'choice', 'of', 'cheese', 'if', 'desired', 'and', 'garlic', 'bread']","['stovetop', 'brown', 'meat', 'onion', 'garlic', 'meat', 'done', 'drain', 'let', 'meat', 'cool', 'crumble', 'add', 'meat', 'mixture', 'large', 'saucepan', 'add', 'dry', 'ingredients', 'except', 'bay', 'leaf', 'stir', 'combine', 'combined', 'add', 'tomato', 'paste', 'mix', 'together', 'well', 'add', 'rest', 'wet', 'ingredients', 'stir', 'well', 'add', 'bay', 'leaf', 'bring', 'boil', 'lower', 'heat', 'simmer', 'covered', 'stirring', 'occasionally', 'remove', 'bay', 'leaf', 'add', 'cooked', 'spaghetti', 'mix', 'well', 'crockpot', 'combine', 'ingredients', 'except', 'bay', 'leaf', 'meat', 'mix', 'well', 'add', 'bay', 'leaf', 'cook', 'low', 'stirring', 'occasionally', 'add', 'browned', 'crumbled', 'meat', 'choice', 'cook', 'add', 'cooked', 'spaghetti', 'serve', 'choice', 'cheese', 'desired', 'garlic', 'bread']",Italian
6499,"['place', 'the', 'butter', 'in', 'a', 'saucepan', 'on', 'medium', 'heat', 'when', 'the', 'butter', 'is', 'halfway', 'melted', 'turn', 'down', 'the', 'heat', 'and', 'add', 'the', 'cream', 'stir', 'until', 'mostly', 'melted', 'and', 'mixed', 'through', 'add', 'the', 'garlic', 'and', 'herbs', 'continue', 'stirring', 'through', 'add', 'the', 'cheese', 'stir', 'until', 'the', 'sauce', 'is', 'an', 'even', 'texture', 'and', 'then', 'serve', 'with', 'your', 'favourite', 'pasta', 'dish', 'it', ""'s"", 'very', 'nice', 'with', 'tortillini']","['place', 'butter', 'saucepan', 'medium', 'heat', 'butter', 'halfway', 'melted', 'turn', 'heat', 'add', 'cream', 'stir', 'mostly', 'melted', 'mixed', 'add', 'garlic', 'herbs', 'continue', 'stirring', 'add', 'cheese', 'stir', 'sauce', 'even', 'texture', 'serve', 'favourite', 'pasta', 'dish', 'nice', 'tortillini']",Italian
11831,"['peel', 'the', 'beets', 'and', 'grate', 'them', 'using', 'a', 'food', 'processor', 'fitted', 'with', 'the', 'coarse', 'shredding', 'disk', 'or', 'on', 'the', 'coarse', 'side', 'of', 'a', 'box', 'grater', 'set', 'aside', 'in', 'a', 'bowl', 'combine', 'the', 'coconut', 'garlic', 'green', 'chile', 'ground', 'masala', 'and', 'salt', 'with', 'about', '1/4', 'cup', 'water', 'to', 'form', 'a', 'moist', 'ball', 'set', 'aside', 'in', 'a', 'large', 'wok', 'heat', 'the', 'oil', 'over', 'medium', 'high', 'heat', 'add', 'the', 'mustard', 'seeds', 'and', 'cover', 'when', 'the', 'seeds', 'have', 'popped', 'toss', 'in', 'the', 'dried', 'red', 'chiles', 'and', 'curry', 'leaves', 'after', 'the', 'leaves', 'crackle', 'for', 'a', 'few', 'seconds', 'put', 'in', 'the', 'rice', 'and', 'stir', 'for', '5', 'seconds', 'or', 'until', 'rice', 'turns', 'opaque', 'white', 'add', 'the', 'grated', 'beets', 'and', 'stir', 'thoroughly', 'reduce', 'the', 'heat', 'to', 'medium', 'and', 'cook', 'stirring', 'occasionally', 'until', 'the', 'beets', 'become', 'soft', 'add', 'the', 'coconut', 'mixture', 'and', 'continue', 'cooking', 'for', 'another', '5', 'minutes', 'remove', 'from', 'the', 'heat', 'and', 'check', 'the', 'salt']","['peel', 'beets', 'grate', 'using', 'food', 'processor', 'fitted', 'coarse', 'shredding', 'disk', 'coarse', 'side', 'box', 'grater', 'set', 'aside', 'bowl', 'combine', 'coconut', 'garlic', 'green', 'chile', 'ground', 'masala', 'salt', 'water', 'form', 'moist', 'ball', 'set', 'aside', 'large', 'wok', 'heat', 'oil', 'medium', 'high', 'heat', 'add', 'mustard', 'seeds', 'cover', 'seeds', 'popped', 'toss', 'dried', 'red', 'chiles', 'curry', 'leaves', 'leaves', 'crackle', 'seconds', 'put', 'rice', 'stir', 'seconds', 'rice', 'turns', 'opaque', 'white', 'add', 'grated', 'beets', 'stir', 'thoroughly', 'reduce', 'heat', 'medium', 'cook', 'stirring', 'occasionally', 'beets', 'become', 'soft', 'add', 'coconut', 'mixture', 'continue', 'cooking', 'another', 'remove', 'heat', 'check', 'salt']",Indian
11498,"['boil', 'the', 'potatoes', 'with', 'water', 'to', 'cover', 'when', 'tender', 'after', 'about', '15-20', 'minutes', 'drain', 'and', 'mash', 'them', 'with', 'the', 'back', 'of', 'a', 'fork', 'or', 'a', 'potato', 'masher', 'add', 'the', 'hot', 'milk', 'and', 'butter', 'and', 'beat', 'with', 'a', 'whisk', 'or', 'a', 'fork', 'add', 'more', 'milk', 'if', 'needed', 'for', 'desired', 'consistency', 'add', 'the', 'remaining', 'ingredients', 'and', 'mix', 'well', 'serve', 'immediately']","['boil', 'potatoes', 'water', 'cover', 'tender', 'drain', 'mash', 'back', 'fork', 'potato', 'masher', 'add', 'hot', 'milk', 'butter', 'beat', 'whisk', 'fork', 'add', 'milk', 'needed', 'desired', 'consistency', 'add', 'remaining', 'ingredients', 'mix', 'well', 'serve', 'immediately']",Indian
13007,"['combine', 'first', 'seven', 'ingredients', 'and', 'stir', 'to', 'blend', 'combine', 'wet', 'ingredients', 'and', 'blend', 'add', 'wet', 'mix', 'to', 'dry', 'mix', 'stir', 'to', 'blend', 'heat', 'nonstick', 'frying', 'pan', 'or', 'skillet', 'on', 'medium', 'spoon', 'ladleful', 'of', 'mixture', 'into', 'pan', 'when', 'bubbles', 'pop', 'and', '``', 'craters', ""''"", 'appear', 'flip', 'and', 'cook', 'until', 'done', 'just', 'a', 'few', 'minutes.', 'enjoy']","['combine', 'first', 'seven', 'ingredients', 'stir', 'blend', 'combine', 'wet', 'ingredients', 'blend', 'add', 'wet', 'mix', 'dry', 'mix', 'stir', 'blend', 'heat', 'nonstick', 'frying', 'pan', 'skillet', 'medium', 'spoon', 'ladleful', 'mixture', 'pan', 'bubbles', 'pop', '``', 'craters', ""''"", 'appear', 'flip', 'cook', 'done', 'minutes.', 'enjoy']",Indian
9371,"['remove', 'cardamom', 'seeds', 'from', 'pods', 'and', 'saute', 'spices', 'in', 'oil', 'in', 'large', 'pot', 'add', 'chopped', 'onions', 'and', 'bell', 'pepper', 'saute', 'until', 'onion', 'is', 'soft', 'add', 'rice', 'and', 'cook', 'for', '5', 'minutes', 'add', 'water', 'and', 'salt', 'and', 'boil', 'cook', 'on', 'low', 'for', '20', 'minutes', 'add', 'split', 'peas', 'and', 'cook', 'for', '35', 'minutes', 'more']","['remove', 'cardamom', 'seeds', 'pods', 'saute', 'spices', 'oil', 'large', 'pot', 'add', 'chopped', 'onions', 'bell', 'pepper', 'saute', 'onion', 'soft', 'add', 'rice', 'cook', 'add', 'water', 'salt', 'boil', 'cook', 'low', 'add', 'split', 'peas', 'cook']",Indian
6673,"['place', 'all', 'ingredients', 'in', 'a', 'food', 'processor', 'and', 'whirl', 'to', 'smooth', 'add', 'a', 'bit', 'of', 'water', 'if', 'needed']","['place', 'ingredients', 'food', 'processor', 'whirl', 'smooth', 'add', 'bit', 'water', 'needed']",Indian
11162,"['peel', 'and', 'cut', 'the', 'bananas', 'into', '2', 'cm', 'pieces', 'dip', 'banana', 'in', 'freshly', 'squeezed', 'lemon', 'juice', 'roll', 'them', 'in', 'dessicated', 'coconut']","['peel', 'cut', 'bananas', 'cm', 'pieces', 'dip', 'banana', 'freshly', 'squeezed', 'lemon', 'juice', 'roll', 'dessicated', 'coconut']",Indian
9002,"['heat', 'butter', 'and', 'oil', 'in', 'a', '12′′', 'skillet', 'over', 'medium', 'heat', 'add', 'shallots', 'cook', 'until', 'soft', 'about', '5', 'minutes', 'stir', 'in', 'curry', 'powder', 'and', 'then', 'add', 'wine', 'and', '1/2', 'cup', 'water', 'bring', 'to', 'a', 'boil', 'add', 'mussels', 'cover', 'with', 'lid', 'and', 'cook', 'until', 'mussels', 'are', 'opened', 'about', '4', 'minutes', 'using', 'a', 'slotted', 'spoon', 'transfer', 'mussels', 'to', 'a', 'bowl', 'return', 'skillet', 'to', 'heat', 'and', 'add', 'cream', '2/3', 'of', 'the', 'cilantro', 'and', 'any', 'juices', 'collected', 'in', 'the', 'bowl', 'of', 'mussels', 'season', 'with', 'salt', 'and', 'pepper', 'cook', 'for', '2', 'minutes', 'divide', 'mussels', 'among', 'serving', 'bowls', 'ladle', 'sauce', 'over', 'mussels', 'garnish', 'with', 'remaining', 'cilantro']","['heat', 'butter', 'oil', '12′′', 'skillet', 'medium', 'heat', 'add', 'shallots', 'cook', 'soft', 'stir', 'curry', 'powder', 'add', 'wine', 'water', 'bring', 'boil', 'add', 'mussels', 'cover', 'lid', 'cook', 'mussels', 'opened', 'using', 'slotted', 'spoon', 'transfer', 'mussels', 'bowl', 'return', 'skillet', 'heat', 'add', 'cream', 'cilantro', 'juices', 'collected', 'bowl', 'mussels', 'season', 'salt', 'pepper', 'cook', 'divide', 'mussels', 'among', 'serving', 'bowls', 'ladle', 'sauce', 'mussels', 'garnish', 'remaining', 'cilantro']",Indian
162,"['preheat', 'oven', 'to', '375°f', 'brown', 'mushrooms', 'in', 'oil', 'combine', 'with', 'remaining', 'ingredients', 'place', 'in', 'a', '9x5', 'inch', 'loaf', 'pan', 'and', 'bake', '1', 'hour', 'let', 'rest', '10', 'minutes', 'before', 'serving']","['preheat', 'oven', '375°f', 'brown', 'mushrooms', 'oil', 'combine', 'remaining', 'ingredients', 'place', '9x5', 'loaf', 'pan', 'bake', 'let', 'rest', 'serving']",Italian
12867,"['peel', 'and', 'finely', 'chop', 'all', 'vegetables', 'stem', 'and', 'seed', 'peppers-plastic', 'gloves', 'should', 'be', 'worn', 'as', 'the', 'oil', 'from', 'the', 'peppers', 'has', 'been', 'known', 'to', 'blister', 'skin', 'combine', 'all', 'ingredients', 'in', 'small/medium', 'pot', 'stirring', 'constantly', 'bring', 'to', 'boil', 'over', 'high', 'heat', 'and', 'cook', 'briefly', 'and', 'briskly', 'for', '1', 'minute', 'until', 'onion', 'is', 'transparent', 'and', 'peppers', 'soft', 'and', 'limp', 'add', 'more', 'vinegar', 'if', 'needed', 'pour', 'contents', 'into', 'blender', 'hand', 'held', 'can', 'also', 'be', 'used', 'blend', 'at', 'high', 'speed', 'until', 'pulverised', 'some', 'prefer', 'pureed', 'cool', 'at', 'room', 'temperature', 'pour', 'into', 'cleaned', 'boiled', 'and', 'sterilized', 'jar', 'only']","['peel', 'finely', 'chop', 'vegetables', 'stem', 'seed', 'peppers', 'plastic', 'gloves', 'worn', 'oil', 'peppers', 'known', 'blister', 'skin', 'combine', 'ingredients', 'small/medium', 'pot', 'stirring', 'constantly', 'bring', 'boil', 'high', 'heat', 'cook', 'briefly', 'briskly', 'onion', 'transparent', 'peppers', 'soft', 'limp', 'add', 'vinegar', 'needed', 'pour', 'contents', 'blender', 'hand', 'held', 'also', 'used', 'blend', 'high', 'speed', 'pulverised', 'prefer', 'pureed', 'cool', 'room', 'temperature', 'pour', 'cleaned', 'boiled', 'sterilized', 'jar']",Indian
13012,"['peel', 'the', 'garlic', 'and', 'ginger', 'put', 'a', 'frying', 'pan', 'on', 'a', 'medium', 'to', 'high', 'heat', 'and', 'add', 'the', 'cumin', 'and', 'coriander', 'seeds', 'for', 'toasting', 'to', 'the', 'dry', 'pan', 'lightly', 'toast', 'them', 'for', 'a', 'few', 'minutes', 'until', 'golden', 'brown', 'and', 'smelling', 'delicious', 'then', 'remove', 'the', 'pan', 'from', 'the', 'heat', 'add', 'the', 'toasted', 'spices', 'to', 'a', 'pestle', 'and', 'mortar', 'and', 'grind', 'until', 'fine', 'or', 'put', 'them', 'into', 'a', 'food', 'processor', 'and', 'whiz', 'to', 'a', 'powder', 'when', 'you', ""'ve"", 'ground', 'them', 'whiz', 'the', 'toasted', 'spices', 'in', 'a', 'food', 'processor', 'with', 'the', 'rest', 'of', 'the', 'ingredients', 'until', 'you', 'have', 'a', 'smooth', 'paste', 'add', 'a', 'little', 'more', 'tomato', 'puree', 'if', 'more', 'liquid', 'is', 'needed', 'stated', 'the', 'recipe', 'should', 'store', 'well', 'in', 'the', 'refrigerator', 'kept', 'in', 'a', 'small', 'airtight', 'container', 'cover', 'the', 'paste', 'is', 'a', 'layer', 'of', 'oil', 'to', 'keep', 'it', 'fresh']","['peel', 'garlic', 'ginger', 'put', 'frying', 'pan', 'medium', 'high', 'heat', 'add', 'cumin', 'coriander', 'seeds', 'toasting', 'dry', 'pan', 'lightly', 'toast', 'golden', 'brown', 'smelling', 'delicious', 'remove', 'pan', 'heat', 'add', 'toasted', 'spices', 'pestle', 'mortar', 'grind', 'fine', 'put', 'food', 'processor', 'whiz', 'powder', 'ground', 'whiz', 'toasted', 'spices', 'food', 'processor', 'rest', 'ingredients', 'smooth', 'paste', 'add', 'little', 'tomato', 'puree', 'liquid', 'needed', 'stated', 'recipe', 'store', 'well', 'refrigerator', 'kept', 'small', 'airtight', 'container', 'cover', 'paste', 'layer', 'oil', 'keep', 'fresh']",Indian
8865,"['wash', 'the', 'chicken', 'heat', 'a', 'deep', 'bottomed', 'vessel', 'and', 'put', 'the', 'oil', 'saute', 'the', 'onions', 'and', 'chillies', 'till', 'they', 'turn', 'golden', 'brown', 'add', 'the', 'chickens', 'add', 'salt', 'and', 'turmeric', 'according', 'to', 'taste', 'saute', 'and', 'cover', 'with', 'the', 'lid', 'keep', 'the', 'heat', 'minimum', 'after', '5', 'minutes', 'add', 'the', 'cumin', 'powder', 'and', 'ginger', 'garlic', 'paste', 'mix', 'well', 'and', 'cover', 'with', 'the', 'lid', 'again', 'cook', 'for', '15', 'minutes', 'or', 'till', 'the', 'chicken', 'is', 'almost', 'done', 'on', 'low', 'heat', 'stir', 'occasionally', 'meanwhile', 'make', 'paste', 'of', 'the', 'soaked', 'sesame', 'seeds', 'as', 'the', 'chicken', 'is', 'almost', 'done', 'add', 'the', 'sesame', 'paste', 'and', 'mix', 'well', 'add', 'one', 'glass', 'of', 'water', 'and', 'bring', 'it', 'to', 'boil', 'cover', 'with', 'the', 'lid', 'cook', 'till', 'the', 'water', 'dries', 'up', 'adjust', 'the', 'salt', 'and', 'voila', 'your', 'exotic', 'chicken', 'dish', 'is', 'ready']","['wash', 'chicken', 'heat', 'deep', 'bottomed', 'vessel', 'put', 'oil', 'saute', 'onions', 'chillies', 'till', 'turn', 'golden', 'brown', 'add', 'chickens', 'add', 'salt', 'turmeric', 'according', 'taste', 'saute', 'cover', 'lid', 'keep', 'heat', 'minimum', 'add', 'cumin', 'powder', 'ginger', 'garlic', 'paste', 'mix', 'well', 'cover', 'lid', 'cook', 'till', 'chicken', 'almost', 'done', 'low', 'heat', 'stir', 'occasionally', 'meanwhile', 'make', 'paste', 'soaked', 'sesame', 'seeds', 'chicken', 'almost', 'done', 'add', 'sesame', 'paste', 'mix', 'well', 'add', 'one', 'glass', 'water', 'bring', 'boil', 'cover', 'lid', 'cook', 'till', 'water', 'dries', 'adjust', 'salt', 'voila', 'exotic', 'chicken', 'dish', 'ready']",Indian
11327,"['combine', 'the', 'garlic', 'salt', 'yogurt', 'and', 'curry', 'in', 'a', 'small', 'bowl', 'stir', 'in', 'the', 'lemon', 'juice', 'whisk', 'in', 'the', 'oil', 'let', 'stand', 'for', '15', 'minutes', 'stir', 'in', 'the', 'cilantro', 'just', 'before', 'serving']","['combine', 'garlic', 'salt', 'yogurt', 'curry', 'small', 'bowl', 'stir', 'lemon', 'juice', 'whisk', 'oil', 'let', 'stand', 'stir', 'cilantro', 'serving']",Indian
3291,"['place', 'chicken', 'breasts', 'in', 'microwave', 'safe', 'dish', 'cover', 'with', 'vented', 'plastic', 'wrap', 'and', 'microwave', 'on', 'high', '4', 'minutes', 'let', 'stand', '5', 'minutes', 'in', 'a', 'bowl', 'combine', 'mozzarella', 'cheese', 'black', 'eyed', 'peas', 'green', 'bell', 'pepper', 'mushrooms', 'red', 'onion', 'and', 'italian', 'salad', 'dressing', 'when', 'chicken', 'is', 'cool', 'chop', 'then', 'toss', 'with', 'the', 'cheese', 'mixture', 'slice', 'pita', 'pockets', 'in', 'half', 'and', 'fill', 'with', 'lettuce', 'and', 'then', 'the', 'chicken', 'cheese', 'mixture']","['place', 'chicken', 'breasts', 'microwave', 'safe', 'dish', 'cover', 'vented', 'plastic', 'wrap', 'microwave', 'high', 'let', 'stand', 'bowl', 'combine', 'mozzarella', 'cheese', 'black', 'eyed', 'peas', 'green', 'bell', 'pepper', 'mushrooms', 'red', 'onion', 'italian', 'salad', 'dressing', 'chicken', 'cool', 'chop', 'toss', 'cheese', 'mixture', 'slice', 'pita', 'pockets', 'half', 'fill', 'lettuce', 'chicken', 'cheese', 'mixture']",Italian
6235,"['mix', 'all', 'ingredients', 'together', 'shape', 'into', 'balls', 'then', 'flatten', 'fry', 'in', 'oil', 'slowly', 'until', 'golden', 'brown', 'drain', 'on', 'paper', 'towels']","['mix', 'ingredients', 'together', 'shape', 'balls', 'flatten', 'fry', 'oil', 'slowly', 'golden', 'brown', 'drain', 'paper', 'towels']",Italian
1150,"['whisk', 'together', 'all', 'ingredients', 'serve', 'atop', 'a', 'salad', 'or', 'use', 'as', 'a', 'marinade', 'for', 'chicken', 'beef', 'or', 'fish']","['whisk', 'together', 'ingredients', 'serve', 'atop', 'salad', 'use', 'marinade', 'chicken', 'beef', 'fish']",Italian
10295,"['heat', 'water', 'in', 'a', 'pot', 'add', 'cumin', 'seeds', 'allow', 'to', 'come', 'to', 'a', 'boil', 'remove', 'from', 'heat', 'drink', 'as', 'an', 'herbal', 'tea', 'before', 'bedtime', 'this', 'helps', 'counteract', 'insomnia', 'and', 'also', 'contains', 'anti-cancer', 'agents', 'carevol', 'and', 'limonene']","['heat', 'water', 'pot', 'add', 'cumin', 'seeds', 'allow', 'come', 'boil', 'remove', 'heat', 'drink', 'herbal', 'tea', 'bedtime', 'helps', 'counteract', 'insomnia', 'also', 'contains', 'anti', 'cancer', 'agents', 'carevol', 'limonene']",Indian
10651,"['this', 'is', 'a', 'quick', 'delicious', 'recipe', 'and', 'a', 'great', 'way', 'to', 'sneak', 'soy', 'into', 'the', 'diet', 'of', 'someone', 'who', 'needs', 'it', 'but', 'hates', 'to', 'take', 'it', 'blend', 'all', 'the', 'ingredients', 'in', 'a', 'blender', 'process', 'until', 'smooth', 'then', 'all', 'you', 'have', 'to', 'do', 'is', 'serve', 'it', 'and', 'watch', 'it', 'disappear']","['quick', 'delicious', 'recipe', 'great', 'way', 'sneak', 'soy', 'diet', 'someone', 'needs', 'hates', 'take', 'blend', 'ingredients', 'blender', 'process', 'smooth', 'serve', 'watch', 'disappear']",Indian
12168,"['place', 'chicken', 'fillets', 'on', 'a', 'plate', 'and', 'brush', 'with', 'paste', 'cover', 'with', 'plastic', 'food', 'wrap', 'chill', 'for', '15', 'minutes', 'heat', 'a', 'char', 'grill', 'or', 'bbq', 'to', 'high', 'spray', 'chicken', 'and', 'pumpkin', 'with', 'oil', 'cook', 'chicken', 'and', 'pumpkin', 'on', 'grill', 'for', '4', 'minutes', 'each', 'side', 'until', 'chicken', 'is', 'cooked', 'through', 'and', 'pumpkin', 'is', 'tender', 'transfer', 'to', 'a', 'plate', 'cover', 'with', 'foil', 'rest', 'for', '5', 'minutes', 'thinly', 'slice', 'chicken', 'meanwhile', 'combine', 'sprouts', 'spinach', 'and', 'onion', 'in', 'a', 'medium', 'bowl', 'whisk', 'yogurt', 'juice', 'coriander', 'tahini', 'garlic', 'and', '1', 'tablespoon', 'of', 'water', 'in', 'a', 'small', 'jug', 'until', 'combined', 'add', 'chicken', 'and', 'pumpkin', 'to', 'salad', 'mixture', 'season', 'with', 'salt', 'toss', 'to', 'combine', 'place', 'salad', 'on', 'serving', 'plates', 'drizzle', 'with', 'dressing', 'serve', 'at', 'once.4']","['place', 'chicken', 'fillets', 'plate', 'brush', 'paste', 'cover', 'plastic', 'food', 'wrap', 'chill', 'heat', 'char', 'grill', 'bbq', 'high', 'spray', 'chicken', 'pumpkin', 'oil', 'cook', 'chicken', 'pumpkin', 'grill', 'side', 'chicken', 'cooked', 'pumpkin', 'tender', 'transfer', 'plate', 'cover', 'foil', 'rest', 'thinly', 'slice', 'chicken', 'meanwhile', 'combine', 'sprouts', 'spinach', 'onion', 'medium', 'bowl', 'whisk', 'yogurt', 'juice', 'coriander', 'tahini', 'garlic', 'water', 'small', 'jug', 'combined', 'add', 'chicken', 'pumpkin', 'salad', 'mixture', 'season', 'salt', 'toss', 'combine', 'place', 'salad', 'serving', 'plates', 'drizzle', 'dressing', 'serve', 'once.4']",Indian
12855,"['place', 'potato', 'in', 'a', 'medium', 'saucepan', 'cover', 'with', 'water', 'bring', 'to', 'a', 'boil', 'reduce', 'heat', 'and', 'simmer', '15', 'minutes', 'or', 'until', 'tender', 'drain', 'well', 'return', 'to', 'pan', 'keep', 'warm', 'melt', 'butter', 'in', 'a', 'small', 'nonstick', 'skillet', 'over', 'medium', 'heat', 'add', 'shallots', 'to', 'pan', 'cook', '6', 'minutes', 'or', 'until', 'tender', 'stirring', 'occasionally', 'stir', 'in', 'brown', 'sugar', 'salt', 'curry', 'powder', 'cumin', 'cinnamon', 'and', 'red', 'pepper', 'cook', '1', 'minute', 'stirring', 'constantly', 'add', 'shallot', 'mixture', 'half-and-half', 'and', 'lemon', 'juice', 'to', 'potato', 'mash', 'potato', 'mixture', 'with', 'a', 'potato', 'masher', 'to', 'desired', 'consistency']","['place', 'potato', 'medium', 'saucepan', 'cover', 'water', 'bring', 'boil', 'reduce', 'heat', 'simmer', 'tender', 'drain', 'well', 'return', 'pan', 'keep', 'warm', 'melt', 'butter', 'small', 'nonstick', 'skillet', 'medium', 'heat', 'add', 'shallots', 'pan', 'cook', 'tender', 'stirring', 'occasionally', 'stir', 'brown', 'sugar', 'salt', 'curry', 'powder', 'cumin', 'cinnamon', 'red', 'pepper', 'cook', 'stirring', 'constantly', 'add', 'shallot', 'mixture', 'half', 'half', 'lemon', 'juice', 'potato', 'mash', 'potato', 'mixture', 'potato', 'masher', 'desired', 'consistency']",Indian
8387,"['line', '9', ""''"", 'x', '13', '``', 'baking', 'pan', 'with', 'foil', 'brush', 'on', 'olive', 'oil', 'to', 'coat', 'cover', 'bottom', 'of', 'pan', 'with', 'the', 'first', '5', 'ingredients', 'for', 'the', 'vegetable', 'mix', 'sprinkle', 'the', 'last', '4', 'ingredients', 'over', 'the', 'vegetables', 'and', 'then', 'drizzle', 'olive', 'oil', 'combine', 'all', 'the', 'meatball', 'ingredients', 'in', 'a', 'medium', 'sized', 'bowl', 'till', 'well', 'incorporated', 'roll', 'into', '2', ""''"", 'balls', 'and', 'place', 'on', 'top', 'of', 'the', 'frozen', 'vegetable', 'mixture', 'cover', 'pan', 'with', 'another', 'sheet', 'of', 'foil', 'sprayed', 'with', 'non-stick', 'olive', 'oil', 'spray', 'and', 'seal', 'tight', 'bake', 'in', '375', 'degree', 'oven', 'for', '60', 'minutes', 'serve', 'in', 'bowls', 'or', 'over', 'steamed', 'rice']","['line', ""''"", 'x', '``', 'baking', 'pan', 'foil', 'brush', 'olive', 'oil', 'coat', 'cover', 'bottom', 'pan', 'first', 'ingredients', 'vegetable', 'mix', 'sprinkle', 'last', 'ingredients', 'vegetables', 'drizzle', 'olive', 'oil', 'combine', 'meatball', 'ingredients', 'medium', 'sized', 'bowl', 'till', 'well', 'incorporated', 'roll', ""''"", 'balls', 'place', 'top', 'frozen', 'vegetable', 'mixture', 'cover', 'pan', 'another', 'sheet', 'foil', 'sprayed', 'non', 'stick', 'olive', 'oil', 'spray', 'seal', 'tight', 'bake', 'oven', 'serve', 'bowls', 'steamed', 'rice']",Indian
4470,"['salad', 'preheat', 'oven', 'to', '400', 'degrees', 'tear', 'the', 'ciabatta', 'into', 'crouton-sized', 'pieces', 'drizzle', 'with', 'olive', 'oil', 'place', 'in', 'a', 'roasting', 'pan', 'and', 'cook', 'until', 'golden', 'about', '5', 'minutes', 'set', 'aside', 'to', 'cool', 'toss', 'the', 'onion', 'watermelon', 'tomatoes', 'cucumber', 'capers', 'cheese', 'olives', 'and', 'basil', 'together', 'in', 'a', 'large', 'bowl', 'add', 'the', 'ciabatta', 'and', 'mix', 'together', 'well', 'season', 'with', 'salt', 'and', 'pepper', 'transfer', 'the', 'mixture', 'to', 'a', 'serving', 'platter', 'dressing', 'whisk', 'the', 'vinegar', 'oil', 'garlic', 'and', 'sugar', 'together', 'add', 'salt', 'and', 'pepper', 'to', 'taste', 'pour', 'over', 'salad', 'and', 'let', 'stand', '1', 'hour', 'to', 'allow', 'the', 'ingredients', 'to', 'marinate', 'before', 'serving']","['salad', 'preheat', 'oven', 'tear', 'ciabatta', 'crouton', 'sized', 'pieces', 'drizzle', 'olive', 'oil', 'place', 'roasting', 'pan', 'cook', 'golden', 'set', 'aside', 'cool', 'toss', 'onion', 'watermelon', 'tomatoes', 'cucumber', 'capers', 'cheese', 'olives', 'basil', 'together', 'large', 'bowl', 'add', 'ciabatta', 'mix', 'together', 'well', 'season', 'salt', 'pepper', 'transfer', 'mixture', 'serving', 'platter', 'dressing', 'whisk', 'vinegar', 'oil', 'garlic', 'sugar', 'together', 'add', 'salt', 'pepper', 'taste', 'pour', 'salad', 'let', 'stand', 'allow', 'ingredients', 'marinate', 'serving']",Italian
1656,"['in', 'a', 'large', 'bowl', 'combine', 'the', 'flour', 'yeast', 'and', 'salt', 'using', 'a', 'wooden', 'spoon', 'stir', 'to', 'mix', 'well', 'add', 'the', '3', 'tbs', 'olive', 'oil', 'while', 'stirring', 'add', 'the', 'warm', 'water', 'until', 'all', 'of', 'the', 'flour', 'absorbs', 'and', 'a', 'dough', 'forms', 'you', 'may', 'need', 'more', 'or', 'less', 'of', 'the', 'water', 'no', 'biggie', 'gather', 'dough', 'into', 'a', 'ball', 'and', 'transfer', 'to', 'a', 'floured', 'work', 'surface', 'knead', 'until', 'soft', 'and', 'elastic', 'not', 'sticky', 'probably', '10', 'min', 'or', 'so', 'place', 'dough', 'in', 'a', 'lightly', 'oiled', 'and', 'warmed', 'bowl', 'turning', 'several', 'times', 'to', 'coat', 'it', 'with', 'oil', 'cover', 'with', 'plastic', 'wrap', 'and', 'let', 'rise', 'in', 'a', 'warm', 'place', 'till', 'doubles', 'around', '45-75', 'minutes', 'position', 'rack', 'on', 'lower', 'part', 'of', 'oven', 'and', 'preheat', 'to', '400', 'degrees', 'brush', 'a', '10x15', 'baking', 'pan', 'with', 'olive', 'oil', 'and', 'set', 'aside', 'punch', 'down', 'dough', 'and', 'transfer', 'to', 'foured', 'surface', 'knead', 'a', 'few', 'times', 'and', 'let', 'rise', 'for', '5', 'minutes', 'with', 'palms', 'form', 'into', 'a', 'rectangle', 'about', '4x8', 'inches', 'transfer', 'into', 'pan', 'stretch', 'and', 'pat', 'the', 'dought', 'to', 'fit', 'pan', 'completely', 'end', 'evenly', 'cover', 'with', 'plastic', 'wrap', 'and', 'let', 'rise', 'about', '1', 'inch', '30', 'min', 'or', 'so', 'using', 'fingertips', ""make'dimple"", 'indentations', 'in', 'the', 'dough', 'about', '2', 'inches', 'apart', 'brush', 'surface', 'with', 'olive', 'oil', 'and', 'sprinkle', 'with', 'sea', 'salt', 'bake', 'til', 'golden', 'brown', 'about', '30-40', 'minutes', 'let', 'cool', 'for', 'a', 'few', 'minutes', 'cut', 'into', 'squares', 'and', 'serve', 'warm', 'before', 'baking', 'you', 'can', 'also', 'add', 'roasted', 'red', 'peppers', 'it', ""'s"", 'absolutely', 'delicious']","['large', 'bowl', 'combine', 'flour', 'yeast', 'salt', 'using', 'wooden', 'spoon', 'stir', 'mix', 'well', 'add', 'tbs', 'olive', 'oil', 'stirring', 'add', 'warm', 'water', 'flour', 'absorbs', 'dough', 'forms', 'may', 'need', 'less', 'water', 'biggie', 'gather', 'dough', 'ball', 'transfer', 'floured', 'work', 'surface', 'knead', 'soft', 'elastic', 'sticky', 'probably', 'min', 'place', 'dough', 'lightly', 'oiled', 'warmed', 'bowl', 'turning', 'several', 'times', 'coat', 'oil', 'cover', 'plastic', 'wrap', 'let', 'rise', 'warm', 'place', 'till', 'doubles', 'around', 'position', 'rack', 'lower', 'part', 'oven', 'preheat', 'brush', '10x15', 'baking', 'pan', 'olive', 'oil', 'set', 'aside', 'punch', 'dough', 'transfer', 'foured', 'surface', 'knead', 'times', 'let', 'rise', 'palms', 'form', 'rectangle', '4x8', 'transfer', 'pan', 'stretch', 'pat', 'dought', 'fit', 'pan', 'completely', 'end', 'evenly', 'cover', 'plastic', 'wrap', 'let', 'rise', 'min', 'using', 'fingertips', ""make'dimple"", 'indentations', 'dough', 'apart', 'brush', 'surface', 'olive', 'oil', 'sprinkle', 'sea', 'salt', 'bake', 'til', 'golden', 'brown', 'let', 'cool', 'cut', 'squares', 'serve', 'warm', 'baking', 'also', 'add', 'roasted', 'red', 'peppers', 'absolutely', 'delicious']",Italian
464,"['place', 'the', 'cauliflower', 'in', 'a', 'large', 'bowl', 'of', 'cold', 'water', 'and', 'soak', 'for', 'about', '1/2', 'hour', 'bring', 'a', 'large', 'pot', 'of', 'cold', 'water', 'to', 'a', 'boil', 'add', 'salt', 'to', 'taste', 'cut', 'cauliflower', 'into', 'florets', 'discarding', 'stems', 'place', 'the', 'florets', 'into', 'boiling', 'water', 'with', 'garlic', 'and', 'cook', 'for', '3-5', 'minutes', 'drain', 'cauliflower', 'reserving', 'cooking', 'water', 'transfer', 'to', 'a', 'bowl', 'until', 'needed', 'discard', 'garlic', 'heat', 'olive', 'oil', 'in', 'a', 'large', 'casserole', 'over', 'medium', 'heat', 'remove', 'from', 'heat', 'add', 'anchovy', 'filets', 'and', 'mash', 'with', 'a', 'fork', 'bring', 'cauliflower', 'water', 'back', 'to', 'a', 'boil', 'add', 'pasta', 'to', 'boiling', 'water', 'cook', 'until', ""'al"", 'dente', 'about', '10-12', 'minutes', 'and', 'drain', 'transfer', 'pasta', 'to', 'casserole', 'with', 'anchovies', 'stir', 'over', 'medium', 'heat', 'add', 'cauliflower', 'salt', 'and', 'pepper', 'and', 'cook', 'for', '1-2', 'minutes', 'add', 'red', 'pepper', 'flakes', 'parsley', 'and', 'serve', 'serves', '4.', 'that', ""'s"", 'it']","['place', 'cauliflower', 'large', 'bowl', 'cold', 'water', 'soak', 'bring', 'large', 'pot', 'cold', 'water', 'boil', 'add', 'salt', 'taste', 'cut', 'cauliflower', 'florets', 'discarding', 'stems', 'place', 'florets', 'boiling', 'water', 'garlic', 'cook', 'drain', 'cauliflower', 'reserving', 'cooking', 'water', 'transfer', 'bowl', 'needed', 'discard', 'garlic', 'heat', 'olive', 'oil', 'large', 'casserole', 'medium', 'heat', 'remove', 'heat', 'add', 'anchovy', 'filets', 'mash', 'fork', 'bring', 'cauliflower', 'water', 'back', 'boil', 'add', 'pasta', 'boiling', 'water', 'cook', ""'al"", 'dente', 'drain', 'transfer', 'pasta', 'casserole', 'anchovies', 'stir', 'medium', 'heat', 'add', 'cauliflower', 'salt', 'pepper', 'cook', 'add', 'red', 'pepper', 'flakes', 'parsley', 'serve', 'serves']",Italian
6524,"['preheat', 'oven', 'to', '350', 'degrees', 'f.', 'in', 'a', 'large', 'bowl', 'combine', 'the', 'egg', 'breadcrumbs', 'parmesan', 'cheese', 'milk', 'and', 'onion', 'remove', 'sausage', 'from', 'casings', 'add', 'sausage', 'to', 'the', 'bread', 'crumb', 'mixture', 'and', 'mix', 'well', 'shape', 'into', '20', 'meatballs', 'arrange', 'meatballs', 'on', 'a', 'shallow', 'baking', 'pan', 'bake', 'for', '20', 'minutes', 'or', 'until', 'meatballs', 'are', 'cooked', 'through', '160°f', 'serve', 'with', 'your', 'favorite', 'sauce', 'and', 'spaghetti']","['preheat', 'oven', 'f.', 'large', 'bowl', 'combine', 'egg', 'breadcrumbs', 'parmesan', 'cheese', 'milk', 'onion', 'remove', 'sausage', 'casings', 'add', 'sausage', 'bread', 'crumb', 'mixture', 'mix', 'well', 'shape', 'meatballs', 'arrange', 'meatballs', 'shallow', 'baking', 'pan', 'bake', 'meatballs', 'cooked', '160°f', 'serve', 'favorite', 'sauce', 'spaghetti']",Italian
4930,"['place', 'the', 'chicken', 'cubes', 'into', 'a', 'ziplock', 'bag', 'with', 'italian', 'dressing', 'and', 'marinade', 'for', 'at', 'least', '30', 'minutes', 'preferrably', 'overnight', 'bring', '2', 'quarts', 'of', 'water', 'to', 'a', 'rolling', 'boil', 'add', 'fettuccine', 'noodles', 'and', 'cook', 'for', '11-12', 'minutes', 'or', 'until', 'al', 'dente', 'rinse', 'and', 'set', 'aside', 'meanwhile', 'chop', 'any', 'thick', 'stems', 'off', 'of', 'broccoli', 'leaving', 'just', 'the', 'florets', 'steam', 'for', '3', 'minutes', 'or', 'just', 'until', 'tender', 'rinse', 'and', 'set', 'aside', 'melt', '3', 'tbsp', 'butter', 'in', 'a', 'saute', 'pan', 'over', 'medium', 'heat', 'and', 'add', 'garlic', 'and', 'chicken', 'sautee', 'chicken', 'until', 'slightly', 'browned', 'and', 'butter', 'is', 'absorbed', 'about', '5-6', 'minutes', 'remove', 'from', 'heat', 'and', 'set', 'aside', 'melt', '4', 'tbsp', 'butter', 'over', 'medium', 'low', 'heat', 'and', 'whisk', 'in', 'flour', 'sea', 'salt', 'and', 'black', 'pepper', 'until', 'smooth', 'and', 'bubbly', 'whisk', 'in', 'milk', 'and', 'heavy', 'cream', 'and', 'raise', 'heat', 'to', 'medium', 'high', 'whisk', 'constantly', 'until', 'mixture', 'thickens', 'and', 'simmer', 'for', '1', 'minute', 'reduce', 'heat', 'and', 'add', 'parmesan', 'cheese', 'chicken', 'broccoli', 'roasted', 'peppers', 'and', 'bacon', 'once', 'cheese', 'is', 'melted', 'toss', 'over', 'noodles', 'and', 'serve']","['place', 'chicken', 'cubes', 'ziplock', 'bag', 'italian', 'dressing', 'marinade', 'least', 'preferrably', 'overnight', 'bring', 'water', 'rolling', 'boil', 'add', 'fettuccine', 'noodles', 'cook', 'al', 'dente', 'rinse', 'set', 'aside', 'meanwhile', 'chop', 'thick', 'stems', 'broccoli', 'leaving', 'florets', 'steam', 'tender', 'rinse', 'set', 'aside', 'melt', 'butter', 'saute', 'pan', 'medium', 'heat', 'add', 'garlic', 'chicken', 'sautee', 'chicken', 'slightly', 'browned', 'butter', 'absorbed', 'remove', 'heat', 'set', 'aside', 'melt', 'butter', 'medium', 'low', 'heat', 'whisk', 'flour', 'sea', 'salt', 'black', 'pepper', 'smooth', 'bubbly', 'whisk', 'milk', 'heavy', 'cream', 'raise', 'heat', 'medium', 'high', 'whisk', 'constantly', 'mixture', 'thickens', 'simmer', 'reduce', 'heat', 'add', 'parmesan', 'cheese', 'chicken', 'broccoli', 'roasted', 'peppers', 'bacon', 'cheese', 'melted', 'toss', 'noodles', 'serve']",Italian
11885,"['dissolve', 'saffron', 'in', 'warm', 'milk', 'melt', 'butter', 'in', 'a', 'medium', 'to', 'large', 'saucepan', 'add', 'currants', 'nuts', 'and', 'rice', 'stir', 'over', 'a', 'low', 'heat', 'for', 'several', 'minutes', 'add', 'water', 'salt', 'sugar', 'cinnamon', 'and', 'the', 'dissolved', 'saffron', 'and', 'milk', 'mixture', 'stir', 'briefly', 'raise', 'the', 'heat', 'and', 'bring', 'the', 'water', 'to', 'a', 'boil', 'lower', 'heat', 'and', 'cover', 'to', 'barely', 'simmer', 'for', '25', 'minutes', 'serve', 'immediately', 'for', 'vegan', 'use', 'only', 'the', 'soy', 'milk', 'and', 'a', 'vegan', 'no', 'dairy', 'products', 'margarine']","['dissolve', 'saffron', 'warm', 'milk', 'melt', 'butter', 'medium', 'large', 'saucepan', 'add', 'currants', 'nuts', 'rice', 'stir', 'low', 'heat', 'several', 'add', 'water', 'salt', 'sugar', 'cinnamon', 'dissolved', 'saffron', 'milk', 'mixture', 'stir', 'briefly', 'raise', 'heat', 'bring', 'water', 'boil', 'lower', 'heat', 'cover', 'barely', 'simmer', 'serve', 'immediately', 'vegan', 'use', 'soy', 'milk', 'vegan', 'dairy', 'products', 'margarine']",Indian
7475,"['peel', 'and', 'slice', 'onion', 'combine', 'in', 'a', 'large', 'flat', 'dish', 'with', 'curry', 'powder', 'and', 'butter', 'cook', 'covered', 'at', 'high', 'power', 'in', 'the', 'microwave', 'for', '4', 'minutes', 'peel', 'and', 'slice', 'apple', 'and', 'banana', 'add', 'to', 'onion', 'with', 'currants', 'coconut', 'chutney', 'and', 'flour', 'stir', 'add', 'meat', 'and', 'stock', 'and', 'stir', 'again', 'add', 'salt', 'and', 'pepper', 'microwave', 'cook', 'covered', 'on', 'high', 'power', 'for', '6', 'minutes', 'then', 'medium-low', 'power', '50', 'for', '20-25', 'minutes', 'until', 'meat', 'is', 'almost', 'tender', 'rearrange', 'meat', 'in', 'dish', 'once', 'during', 'the', 'cooking', 'stand', 'covered', 'for', '10-15', 'minutes', 'before', 'serving', 'oven', 'put', 'everything', 'into', 'an', 'oven-proof', 'dish', 'with', 'the', 'lid', 'on', 'cook', 'at', '180', 'degrees', 'celcius', 'for', '1', '1/2', '\x96', '2', 'hrs', 'stir', 'once', 'during', 'cooking']","['peel', 'slice', 'onion', 'combine', 'large', 'flat', 'dish', 'curry', 'powder', 'butter', 'cook', 'covered', 'high', 'power', 'microwave', 'peel', 'slice', 'apple', 'banana', 'add', 'onion', 'currants', 'coconut', 'chutney', 'flour', 'stir', 'add', 'meat', 'stock', 'stir', 'add', 'salt', 'pepper', 'microwave', 'cook', 'covered', 'high', 'power', 'medium', 'low', 'power', 'meat', 'almost', 'tender', 'rearrange', 'meat', 'dish', 'cooking', 'stand', 'covered', 'serving', 'oven', 'put', 'everything', 'oven', 'proof', 'dish', 'lid', 'cook', 'celcius', '\x96', 'hrs', 'stir', 'cooking']",Indian
12965,"['put', 'the', 'yogurt', 'sugar', 'and', 'cold', 'water', 'in', 'a', 'blend', 'blend', 'at', 'high', 'speed', 'add', 'mango', 'puree', 'mix', 'well', 'take', '2', 'glasses', 'and', 'put', 'some', 'crushed', 'ice', 'in', 'them', 'pour', 'your', 'mango', 'lassi', 'over', 'it', 'and', 'serve', 'enjoy']","['put', 'yogurt', 'sugar', 'cold', 'water', 'blend', 'blend', 'high', 'speed', 'add', 'mango', 'puree', 'mix', 'well', 'take', 'glasses', 'put', 'crushed', 'ice', 'pour', 'mango', 'lassi', 'serve', 'enjoy']",Indian
7080,"['heat', 'oil', 'in', 'a', 'large', 'saucepan', 'over', 'medium-high', 'heat', 'fry', 'mustard', 'seeds', 'in', 'oil', 'until', 'they', 'begin', 'to', 'pop', 'add', 'red', 'pepper', 'flakes', 'and', 'shallot', 'and', 'saute', 'until', 'shallot', 'is', 'soft', 'add', 'garbanzos', 'turmeric', 'cumin', 'ginger', 'salt', 'and', 'enough', 'water', 'to', 'prevent', 'sticking', 'simmer', 'for', '15', 'minutes', 'sprinkle', 'with', 'cilantro', 'and', 'serve']","['heat', 'oil', 'large', 'saucepan', 'medium', 'high', 'heat', 'fry', 'mustard', 'seeds', 'oil', 'begin', 'pop', 'add', 'red', 'pepper', 'flakes', 'shallot', 'saute', 'shallot', 'soft', 'add', 'garbanzos', 'turmeric', 'cumin', 'ginger', 'salt', 'enough', 'water', 'prevent', 'sticking', 'simmer', 'sprinkle', 'cilantro', 'serve']",Indian
1116,"['preheat', 'oven', 'to', '350°f', 'spray', 'a', 'large', 'nonstick', 'frying', 'pan', 'with', 'vegetable', 'cooking', 'spray', 'cook', 'onion', 'and', 'garlic', 'for', 'several', 'minutes', 'stirring', 'constantly', 'add', 'turkey', 'and', 'cook', 'crumbling', 'the', 'meat', 'fine', 'until', 'barely', 'done', 'about', '4', 'minutes', 'if', 'using', 'precooked', 'rinsed', 'meat', 'you', 'do', ""n't"", 'need', 'to', 'cook', 'for', '4', 'minutes', 'just', 'go', 'to', 'the', 'next', 'step', 'add', 'the', 'mushrooms', 'and', 'cook', 'for', 'another', '2-3', 'minutes', 'add', 'the', 'green', 'pepper', 'tomato', 'tomato', 'sauce', 'oregano', 'basil', 'parsley', 'and', 'pepper', 'and', 'simmer', '2-3', 'minutes', 'remove', 'frying', 'pan', 'from', 'heat', 'while', 'the', 'sauce', 'is', 'cooking', 'cook', 'noodles', 'in', 'a', 'large', 'pot', 'of', 'boiling', 'water', 'that', 'has', 'been', 'sprayed', 'with', 'vegetable', 'cooking', 'spray', 'until', 'al', 'dente', 'drain', 'noodles', 'and', 'rinse', 'with', 'cold', 'water', 'and', 'drain', 'in', 'a', 'bowl', 'combine', 'ricotta', 'and', 'chives', 'mix', 'in', 'spinach', 'spray', 'a', '9x13-inch', 'baking', 'pan', 'with', 'vegetable', 'cooking', 'spray', 'arrange', '3', 'lasagna', 'noodles', 'on', 'the', 'bottom', 'of', 'the', 'pan', 'spread', 'evenly', 'with', 'one', 'third', 'of', 'the', 'ricotta', 'mixture', 'then', 'one', 'third', 'of', 'the', 'turkey', 'mixture', 'and', 'sprinkle', 'with', 'one', 'third', 'of', 'mozzarella', 'repeat', 'twice', 'with', 'remaining', 'ingredients', 'bake', 'for', 'about', '25', 'minutes', 'or', 'until', 'cheese', 'bubbles', 'cool', 'at', 'least', '5', 'minutes', 'before', 'cutting']","['preheat', 'oven', '350°f', 'spray', 'large', 'nonstick', 'frying', 'pan', 'vegetable', 'cooking', 'spray', 'cook', 'onion', 'garlic', 'several', 'stirring', 'constantly', 'add', 'turkey', 'cook', 'crumbling', 'meat', 'fine', 'barely', 'done', 'using', 'precooked', 'rinsed', 'meat', 'need', 'cook', 'go', 'next', 'step', 'add', 'mushrooms', 'cook', 'another', 'add', 'green', 'pepper', 'tomato', 'tomato', 'sauce', 'oregano', 'basil', 'parsley', 'pepper', 'simmer', 'remove', 'frying', 'pan', 'heat', 'sauce', 'cooking', 'cook', 'noodles', 'large', 'pot', 'boiling', 'water', 'sprayed', 'vegetable', 'cooking', 'spray', 'al', 'dente', 'drain', 'noodles', 'rinse', 'cold', 'water', 'drain', 'bowl', 'combine', 'ricotta', 'chives', 'mix', 'spinach', 'spray', '9x13', 'inch', 'baking', 'pan', 'vegetable', 'cooking', 'spray', 'arrange', 'lasagna', 'noodles', 'bottom', 'pan', 'spread', 'evenly', 'one', 'third', 'ricotta', 'mixture', 'one', 'third', 'turkey', 'mixture', 'sprinkle', 'one', 'third', 'mozzarella', 'repeat', 'twice', 'remaining', 'ingredients', 'bake', 'cheese', 'bubbles', 'cool', 'least', 'cutting']",Italian
4028,"['soak', 'beans', 'in', 'at', 'least', '1', 'inch', 'of', 'water', 'in', 'small', 'saucepan', 'overnight', 'or', 'boil', 'for', '1', 'minute', 'remove', 'from', 'heat', 'and', 'let', 'stand', 'covered', '1', 'hour', 'cook', 'bacon', 'in', 'large', 'pot', 'over', 'medium', 'heat', 'remove', 'all', 'but', '2', 't.', 'of', 'the', 'fat', 'leave', 'bacon', 'in', 'pot', 'add', 'oil', 'and', 'heat', 'over', 'medium', 'heat', 'add', 'garlic', 'and', 'parsley', 'saute', 'until', 'lightly', 'colored', 'about', '2', 'minutes', 'add', 'onion', 'and', 'saute', '1', 'minute', 'add', '3', 'quarts', 'water', 'the', 'carrots', 'zucchini', 'tomatoes', 'and', 'drained', 'navy', 'beans', 'season', 'with', 'salt', 'and', 'pepper', 'heat', 'to', 'boiling', 'reduce', 'heat', 'and', 'simmer', 'uncovered', '1', 'to', '1-1/2', 'hours', 'add', 'cabbage', 'and', 'simmer', '20', 'minutes', 'add', 'pasta', 'and', 'simmer', 'until', 'tender', 'about', '10', 'minutes', 'taste', 'and', 'adjust', 'seasonings', 'ladle', 'soup', 'into', 'wide', 'bowls', 'sprinkle', 'with', 'parmesan', 'and', 'basil']","['soak', 'beans', 'least', 'water', 'small', 'saucepan', 'overnight', 'boil', 'remove', 'heat', 'let', 'stand', 'covered', 'cook', 'bacon', 'large', 'pot', 'medium', 'heat', 'remove', 't.', 'fat', 'leave', 'bacon', 'pot', 'add', 'oil', 'heat', 'medium', 'heat', 'add', 'garlic', 'parsley', 'saute', 'lightly', 'colored', 'add', 'onion', 'saute', 'add', 'water', 'carrots', 'zucchini', 'tomatoes', 'drained', 'navy', 'beans', 'season', 'salt', 'pepper', 'heat', 'boiling', 'reduce', 'heat', 'simmer', 'uncovered', 'add', 'cabbage', 'simmer', 'add', 'pasta', 'simmer', 'tender', 'taste', 'adjust', 'seasonings', 'ladle', 'soup', 'wide', 'bowls', 'sprinkle', 'parmesan', 'basil']",Italian
4185,"['preheat', 'oven', '375°', 'take', 'a', 'medium', 'bowl', 'beat', 'eggs', 'with', '3', 'tablespoons', 'of', 'milk', 'and', 'set', 'aside', 'in', 'another', 'medium', 'bowl', 'put', 'bread', 'crumbs', 'in', 'the', 'bowl', 'take', 'a', 'skillet', 'put', 'some', 'oil', 'in', 'the', 'skillet', 'turn', 'the', 'stove', 'on', 'medium', 'heat', 'take', 'the', 'chicken', 'and', 'roll', 'it', 'in', 'the', 'egg', 'mixture', 'and', 'then', 'roll', 'it', 'in', 'the', 'bread', 'crumbs', 'cook', 'chicken', 'on', 'both', 'side', 'till', 'lightly', 'brown', 'when', 'that', ""'s"", 'done', 'put', 'in', 'a', '9x13-inch', 'baking', 'dish', 'or', 'pan', 'open', 'the', 'spaghetti', 'sauce', 'and', 'pour', 'it', 'on', 'top', 'of', 'the', 'chicken', 'sprinkle', 'cheese', 'on', 'top', 'put', 'it', 'the', '375°', 'oven', 'and', 'bake', 'for', '15', 'to', '20', 'minutes']","['preheat', 'oven', '375°', 'take', 'medium', 'bowl', 'beat', 'eggs', 'milk', 'set', 'aside', 'another', 'medium', 'bowl', 'put', 'bread', 'crumbs', 'bowl', 'take', 'skillet', 'put', 'oil', 'skillet', 'turn', 'stove', 'medium', 'heat', 'take', 'chicken', 'roll', 'egg', 'mixture', 'roll', 'bread', 'crumbs', 'cook', 'chicken', 'side', 'till', 'lightly', 'brown', 'done', 'put', '9x13', 'inch', 'baking', 'dish', 'pan', 'open', 'spaghetti', 'sauce', 'pour', 'top', 'chicken', 'sprinkle', 'cheese', 'top', 'put', '375°', 'oven', 'bake']",Italian
6492,"['preheat', 'oven', 'to', '375.', 'coat', 'rectangular', '2-quart', 'baking', 'dish', 'with', 'no-stick', 'cooking', 'spray', 'brown', 'turkey', 'in', 'non-stick', 'skillet', 'while', 'turkey', 'is', 'cooking', 'combine', 'ricotta', 'mozzarella', 'parmesan', 'eggs', 'and', 'parsley', 'in', 'medium', 'mixing', 'bowl', 'stir', 'to', 'blend', 'spread', 'a', 'scant', '1/4', 'cup', 'cheese', 'mixture', 'on', 'each', 'lasagna', 'noodle', 'roll', 'up', 'starting', 'with', 'a', 'short', 'end', 'place', 'seam', 'side', 'down', 'in', 'baking', 'dish', 'add', 'pasta', 'sauce', 'to', 'turkey', 'in', 'skillet', 'and', 'heat', 'pour', 'sauce', 'over', 'rolls', 'in', 'baking', 'dish', 'cover', 'with', 'foil', 'bake', '30', 'to', '35', 'minutes', 'or', 'until', 'heated', 'through', 'let', 'stand', '5', 'minutes', 'before', 'serving']","['preheat', 'oven', 'coat', 'rectangular', '2', 'quart', 'baking', 'dish', 'stick', 'cooking', 'spray', 'brown', 'turkey', 'non', 'stick', 'skillet', 'turkey', 'cooking', 'combine', 'ricotta', 'mozzarella', 'parmesan', 'eggs', 'parsley', 'medium', 'mixing', 'bowl', 'stir', 'blend', 'spread', 'scant', 'cheese', 'mixture', 'lasagna', 'noodle', 'roll', 'starting', 'short', 'end', 'place', 'seam', 'side', 'baking', 'dish', 'add', 'pasta', 'sauce', 'turkey', 'skillet', 'heat', 'pour', 'sauce', 'rolls', 'baking', 'dish', 'cover', 'foil', 'bake', 'heated', 'let', 'stand', 'serving']",Italian
11373,"['in', 'a', 'small', 'bowl', 'mix', 'the', 'chutney', 'chili', 'sauce', 'garam', 'masala', 'chili', 'powder', 'coriander', 'and', 'cumin', 'to', 'form', 'a', 'paste', 'heat', 'the', 'oil', 'and', 'fry', 'the', 'paste', 'for', 'one', 'minute', 'drain', 'the', 'chickpeas', 'and', 'add', 'to', 'the', 'pan', 'stir', 'very', 'well', 'to', 'coat', 'the', 'chickpeas', 'with', 'oil', 'and', 'spice', 'mix', 'continue', 'to', 'cook', 'the', 'peas', 'for', '5', 'minutes', 'over', 'a', 'moderate', 'to', 'high', 'heat', 'longer', 'if', 'desired', 'add', 'the', 'brown', 'rice', 'to', 'the', 'pan', 'and', 'mix', 'well', 'to', 'coat', 'the', 'rice', 'cook', 'for', 'a', 'further', '3', '4', 'minutes', 'so', 'the', 'rice', 'is', 'hot', 'and', 'the', 'grains', 'are', 'broken', 'up', 'serve', 'drizzle', 'with', 'plain', 'yoghurt', 'or', 'sour', 'cream']","['small', 'bowl', 'mix', 'chutney', 'chili', 'sauce', 'garam', 'masala', 'chili', 'powder', 'coriander', 'cumin', 'form', 'paste', 'heat', 'oil', 'fry', 'paste', 'one', 'drain', 'chickpeas', 'add', 'pan', 'stir', 'well', 'coat', 'chickpeas', 'oil', 'spice', 'mix', 'continue', 'cook', 'peas', 'moderate', 'high', 'heat', 'longer', 'desired', 'add', 'brown', 'rice', 'pan', 'mix', 'well', 'coat', 'rice', 'cook', 'rice', 'hot', 'grains', 'broken', 'serve', 'drizzle', 'plain', 'yoghurt', 'sour', 'cream']",Indian
6726,"['mix', 'together', 'cumin', 'cumin', 'powder', 'garlic', 'salt', 'and', 'chillies', 'cut', 'a', 'slice', 'across', 'each', 'piece', 'of', 'fish', 'and', 'fill', 'slits', 'with', 'the', 'spice', 'mixture', 'dust', 'each', 'piece', 'lightly', 'with', 'flour', 'and', 'then', 'sprinkle', 'with', 'turmeric', 'heat', 'oil', 'in', 'a', 'frying', 'pan', 'over', 'medium', 'heat', 'add', 'fish', 'and', 'fry', 'for', 'about', 'two', 'minutes', 'on', 'each', 'side', 'fry', 'the', 'sliced', 'tomatoes', 'at', 'the', 'same', 'time', 'next', 'to', 'the', 'fish', 'serve', 'immediately']","['mix', 'together', 'cumin', 'cumin', 'powder', 'garlic', 'salt', 'chillies', 'cut', 'slice', 'across', 'piece', 'fish', 'fill', 'slits', 'spice', 'mixture', 'dust', 'piece', 'lightly', 'flour', 'sprinkle', 'turmeric', 'heat', 'oil', 'frying', 'pan', 'medium', 'heat', 'add', 'fish', 'fry', 'two', 'side', 'fry', 'sliced', 'tomatoes', 'time', 'next', 'fish', 'serve', 'immediately']",Indian
10124,"['melt', 'jaggery', 'in', '1/2', 'cup', 'of', 'water', 'in', 'a', 'pan', 'on', 'low', 'heat', 'strain', 'it', 'and', 'allow', 'it', 'to', 'cool', 'in', 'a', 'separate', 'pan', 'fry', 'the', 'chopped', 'coconut', 'in', 'ghee', 'until', 'it', 'is', 'golden', 'brown', 'keep', 'aside', 'in', 'a', 'large', 'bowl', 'mix', 'together', 'the', 'rice', 'flour', 'plain', 'flour', 'and', 'mashed', 'bananas', 'add', 'all', 'the', 'remaining', 'ingredients', 'except', 'the', 'ghee/oil', 'to', 'fry', 'and', 'mix', 'well', 'stir', 'in', 'water', 'to', 'make', 'it', 'into', 'a', 'thick', 'consistency', 'mixture', 'leave', 'it', 'aside', 'for', '4-5', 'hours', 'heat', 'oil', 'in', 'an', ""'appakara"", 'a', 'special', 'moulded', 'frying', 'dish', 'pour', 'the', 'thick', 'mixture', 'in', 'small', 'quantities', 'into', 'the', 'pan', 'moulds', 'remove', 'the', 'fried', 'pancakes', 'from', 'the', 'vessel', 'when', 'they', 'are', 'dark', 'brown', 'your', 'snack', 'is', 'ready', 'to', 'serve', 'enjoy', 'note', 'this', 'can', 'be', 'stored', 'in', 'an', 'airtight', 'container', 'for', 'upto', '1', 'week']","['melt', 'jaggery', 'water', 'pan', 'low', 'heat', 'strain', 'allow', 'cool', 'separate', 'pan', 'fry', 'chopped', 'coconut', 'ghee', 'golden', 'brown', 'keep', 'aside', 'large', 'bowl', 'mix', 'together', 'rice', 'flour', 'plain', 'flour', 'mashed', 'bananas', 'add', 'remaining', 'ingredients', 'except', 'ghee/oil', 'fry', 'mix', 'well', 'stir', 'water', 'make', 'thick', 'consistency', 'mixture', 'leave', 'aside', 'heat', 'oil', ""'appakara"", 'special', 'moulded', 'frying', 'dish', 'pour', 'thick', 'mixture', 'small', 'quantities', 'pan', 'moulds', 'remove', 'fried', 'pancakes', 'vessel', 'dark', 'brown', 'snack', 'ready', 'serve', 'enjoy', 'note', 'stored', 'airtight', 'container', 'upto', 'week']",Indian
3000,"['place', 'each', 'slice', 'of', 'veal', 'between', '2', 'sheets', 'of', 'wax', 'paper', 'and', 'with', 'the', 'flat', 'side', 'of', 'a', 'meat', 'mallet', 'pound', 'the', 'meat', 'very', 'thin', 'sprinkle', 'veal', 'with', 'salt', 'and', 'pepper', 'and', 'then', 'dredge', 'in', 'flour', 'dip', 'veal', 'in', 'beaten', 'eggs', 'and', 'dredge', 'again', 'in', 'flour', 'and', 'then', 'in', 'the', 'bread', 'crumbs', 'saute', 'veal', 'in', 'the', '1/2', 'cup', 'melted', 'butter', 'in', 'a', 'large', 'skillet', 'over', 'medium-high', 'heat', 'for', '2', 'or', '3', 'minutes', 'on', 'each', 'side', 'until', 'a', 'light', 'golden', 'brown', 'remove', 'the', 'veal', 'reserving', 'the', 'drippings', 'in', 'the', 'skillet', 'and', 'set', 'the', 'veal', 'aside', 'and', 'keep', 'warm', 'in', 'the', 'skillet', 'that', 'has', 'the', 'reserved', 'drippings', 'add', 'the', 'chicken', 'broth', 'wine', '1/4', 'cup', 'butter', 'lemon', 'juice', 'parmesan', 'cheese', 'and', 'heavy', 'cream', 'stir', 'well', 'over', 'medium', 'heat', 'bring', 'to', 'just', 'to', 'a', 'boil', 'stirring', 'frequently', 'return', 'the', 'reserved', 'veal', 'to', 'the', 'skillet', 'and', 'place', 'the', 'prosciutto', 'slices', 'on', 'top', 'of', 'the', 'veal', 'slices', 'and', 'reduce', 'the', 'heat', 'and', 'simmer', 'uncovered', 'for', '5', 'minutes', 'remove', 'veal', 'and', 'mixture', 'to', 'a', 'serving', 'platter', 'placing', 'lemon', 'slices', 'either', 'on', 'or', 'around', 'the', 'veal', 'sprinkle', 'with', 'the', 'parsley', 'flakes', 'and', 'serve', 'immediately']","['place', 'slice', 'veal', 'sheets', 'wax', 'paper', 'flat', 'side', 'meat', 'mallet', 'meat', 'thin', 'sprinkle', 'veal', 'salt', 'pepper', 'dredge', 'flour', 'dip', 'veal', 'beaten', 'eggs', 'dredge', 'flour', 'bread', 'crumbs', 'saute', 'veal', 'melted', 'butter', 'large', 'skillet', 'medium', 'high', 'heat', 'side', 'light', 'golden', 'brown', 'remove', 'veal', 'reserving', 'drippings', 'skillet', 'set', 'veal', 'aside', 'keep', 'warm', 'skillet', 'reserved', 'drippings', 'add', 'chicken', 'broth', 'wine', 'butter', 'lemon', 'juice', 'parmesan', 'cheese', 'heavy', 'cream', 'stir', 'well', 'medium', 'heat', 'bring', 'boil', 'stirring', 'frequently', 'return', 'reserved', 'veal', 'skillet', 'place', 'prosciutto', 'slices', 'top', 'veal', 'slices', 'reduce', 'heat', 'simmer', 'uncovered', 'remove', 'veal', 'mixture', 'serving', 'platter', 'placing', 'lemon', 'slices', 'either', 'around', 'veal', 'sprinkle', 'parsley', 'flakes', 'serve', 'immediately']",Italian
3644,"['preheat', 'oven', 'to', '325°', 'line', '30', 'cupcake', 'tins', 'with', 'paper', 'baking', 'cups', 'place', 'one', 'vanilla', 'wafer', 'in', 'the', 'bottom', 'of', 'each', 'cup', 'in', 'a', 'large', 'bowl', 'beat', 'cream', 'cheese', 'and', 'sugar', 'on', 'medium', 'speed', 'until', 'well', 'blended', 'scraping', 'frequently', 'add', 'sour', 'cream', 'and', 'vanilla', 'mix', 'well', 'add', 'eggs', '1', 'at', 'a', 'time', 'mixing', 'on', 'low', 'speed', 'after', 'each', 'addition', 'just', 'until', 'blended', 'in', 'a', 'small', 'bowl', 'dissolve', '3', 't.', 'coffee', 'granules', 'in', '1', 'tbspp', 'hot', 'water', 'remove', '3', '1/2', 'cups', 'of', 'cheesecake', 'batter', 'place', 'in', 'medium', 'bowl', 'stir', 'in', 'dissolved', 'coffee', 'in', 'a', 'small', 'bowl', 'dissolve', 'remaining', '2', 'tsp', 'coffee', 'granules', 'in', 'remaining', '2', 'tbsp', 'hot', 'water', 'lightly', 'brush', 'each', 'vanilla', 'wafer', 'just', 'enough', 'to', 'moisten', 'the', 'entire', 'cookie', 'evenly', 'divide', 'coffee-flavored', 'batter', 'over', 'wafers', 'repeat', 'wafer', 'layering', 'and', 'brushing', 'of', 'coffee', 'mixture', 'step', '5', 'evenly', 'divide', 'remaining', 'plain', 'batter', 'over', 'wafers', 'bake', '25-30', 'minutes', 'until', 'edges', 'are', 'slightly', 'puffed', 'cool', 'to', 'room', 'temperature', 'spoon', 'or', 'pipe', 'cool', 'whip', 'over', 'each', 'cheesecake', 'dust', 'each', 'cheesecake', 'with', 'cocoa', 'powder', 'refrigerate', 'for', 'at', 'least', '3', 'hours', 'store', 'cheesecake', 'in', 'refrigerator']","['preheat', 'oven', '325°', 'line', 'cupcake', 'tins', 'paper', 'baking', 'place', 'one', 'vanilla', 'wafer', 'bottom', 'large', 'bowl', 'beat', 'cream', 'cheese', 'sugar', 'medium', 'speed', 'well', 'blended', 'scraping', 'frequently', 'add', 'sour', 'cream', 'vanilla', 'mix', 'well', 'add', 'eggs', 'time', 'mixing', 'low', 'speed', 'addition', 'blended', 'small', 'bowl', 'dissolve', 't.', 'coffee', 'granules', 'tbspp', 'hot', 'water', 'remove', 'cheesecake', 'batter', 'place', 'medium', 'bowl', 'stir', 'dissolved', 'coffee', 'small', 'bowl', 'dissolve', 'remaining', 'coffee', 'granules', 'remaining', 'hot', 'water', 'lightly', 'brush', 'vanilla', 'wafer', 'enough', 'moisten', 'entire', 'cookie', 'evenly', 'divide', 'coffee', 'flavored', 'batter', 'wafers', 'repeat', 'wafer', 'layering', 'brushing', 'coffee', 'mixture', 'step', 'evenly', 'divide', 'remaining', 'plain', 'batter', 'wafers', 'bake', 'edges', 'slightly', 'puffed', 'cool', 'room', 'temperature', 'spoon', 'pipe', 'cool', 'whip', 'cheesecake', 'dust', 'cheesecake', 'cocoa', 'powder', 'refrigerate', 'least', 'store', 'cheesecake', 'refrigerator']",Italian
11733,"['in', 'small', 'bowl', 'stir', 'together', 'oil', 'and', 'garlic', 'stir', 'in', 'water', 'paprika', 'ginger', 'coriander', 'cumin', 'nutmeg', 'turmeric', 'and', 'cayenne', 'pepper', 'spoon', '1', 'tbsp', '15', 'ml', 'into', 'another', 'small', 'bowl', 'stir', 'in', 'lemon', 'juice', 'and', 'set', 'aside', 'arrange', 'chicken', 'in', 'single', 'layer', 'in', 'shallow', 'glass', 'dish', 'brush', 'with', 'remaining', 'spice', 'mixture', 'cover', 'and', 'refrigerate', 'chicken', 'for', '1', 'hour', 'chicken', 'can', 'be', 'prepared', 'to', 'this', 'point', 'and', 'refrigerated', 'for', 'up', 'to', '24', 'hours', 'let', 'stand', 'at', 'room', 'temperature', 'for', '30', 'minutes', 'place', 'chicken', 'flesh', 'side', 'down', 'on', 'greased', 'grill', 'over', 'medium-high', 'heat', 'close', 'lid', 'and', 'cook', 'for', '5', 'minutes', 'turn', 'and', 'brush', 'flesh', 'with', 'reserved', 'lemon', 'mixture', 'close', 'lid', 'and', 'cook', 'turning', 'often', 'for', 'about', '12', 'minutes', 'longer', 'or', 'until', 'chicken', 'is', 'no', 'longer', 'pink', 'inside', 'and', 'juices', 'run', 'clear', 'when', 'chicken', 'is', 'pierced', 'serve', 'with', 'lemon', 'wedges']","['small', 'bowl', 'stir', 'together', 'oil', 'garlic', 'stir', 'water', 'paprika', 'ginger', 'coriander', 'cumin', 'nutmeg', 'turmeric', 'cayenne', 'pepper', 'spoon', 'another', 'small', 'bowl', 'stir', 'lemon', 'juice', 'set', 'aside', 'arrange', 'chicken', 'single', 'layer', 'shallow', 'glass', 'dish', 'brush', 'remaining', 'spice', 'mixture', 'cover', 'refrigerate', 'chicken', 'chicken', 'prepared', 'point', 'refrigerated', 'let', 'stand', 'room', 'temperature', 'place', 'chicken', 'flesh', 'side', 'greased', 'grill', 'medium', 'high', 'heat', 'close', 'lid', 'cook', 'turn', 'brush', 'flesh', 'reserved', 'lemon', 'mixture', 'close', 'lid', 'cook', 'turning', 'often', 'longer', 'chicken', 'longer', 'pink', 'inside', 'juices', 'run', 'clear', 'chicken', 'pierced', 'serve', 'lemon', 'wedges']",Indian
7782,"['heat', 'oil', 'in', 'a', 'pot', 'once', 'its', 'hot', 'add', 'the', 'cardamoms', 'and', 'bay', 'leaves', 'stir-fry', 'for', '20', 'seconds', 'then', 'add', 'garlic', 'and', 'onions', 'sprinkle', 'a', 'few', 'drops', 'of', 'water', 'to', 'prevent', 'onions', 'from', 'sticking', 'to', 'the', 'bottom', 'of', 'the', 'pan', 'stir-fry', 'until', 'the', 'raw', 'smell', 'of', 'garlic', 'is', 'gone', 'and', 'the', 'onions', 'are', 'lightly', 'browned', 'add', 'carrots', 'and', 'continue', 'to', 'stir-fry', 'for', '5', 'minutes', 'uncovered', 'you', 'may', 'sprinkle', 'a', 'few', 'drops', 'of', 'water', 'to', 'prevent', 'the', 'food', 'from', 'sticking', 'to', 'the', 'bottom', 'of', 'the', 'pot', 'add', 'turmeric', 'red', 'chilli', 'and', 'black', 'pepper', 'powders', 'mix', 'well', 'and', 'stir-fry', 'for', '2', 'minutes', 'add', 'the', 'drained', 'brown', 'rice', 'and', 'jasmine', 'rice', 'and', 'mix', 'well', 'toss', 'in', 'the', 'cube', 'of', 'maggi', 'vegetable', 'stock', 'with', 'onion', 'and', 'thyme', 'as', 'well', 'as', 'oregano', 'you', 'do', 'not', 'have', 'to', 'add', 'salt', 'as', 'the', 'cube', 'of', 'stock', 'contains', 'sufficient', 'stir', 'in', 'water', 'and', 'bring', 'to', 'a', 'boil', 'lower', 'heat', 'cover', 'and', 'cook', 'until', 'the', 'water', 'is', 'absorbed', 'and', 'the', 'rice', 'is', 'ready', 'to', 'eat', 'you', 'may', 'garnish', 'with', 'parsley', 'or', 'corriander', 'leaves', 'before', 'serving', 'if', 'desired', 'enjoy']","['heat', 'oil', 'pot', 'hot', 'add', 'cardamoms', 'bay', 'leaves', 'stir', 'fry', 'seconds', 'add', 'garlic', 'onions', 'sprinkle', 'drops', 'water', 'prevent', 'onions', 'sticking', 'bottom', 'pan', 'stir', 'fry', 'raw', 'smell', 'garlic', 'gone', 'onions', 'lightly', 'browned', 'add', 'carrots', 'continue', 'stir', 'fry', 'uncovered', 'may', 'sprinkle', 'drops', 'water', 'prevent', 'food', 'sticking', 'bottom', 'pot', 'add', 'turmeric', 'red', 'chilli', 'black', 'pepper', 'powders', 'mix', 'well', 'stir', 'fry', 'add', 'drained', 'brown', 'rice', 'jasmine', 'rice', 'mix', 'well', 'toss', 'cube', 'maggi', 'vegetable', 'stock', 'onion', 'thyme', 'well', 'oregano', 'add', 'salt', 'cube', 'stock', 'contains', 'sufficient', 'stir', 'water', 'bring', 'boil', 'lower', 'heat', 'cover', 'cook', 'water', 'absorbed', 'rice', 'ready', 'eat', 'may', 'garnish', 'parsley', 'corriander', 'leaves', 'serving', 'desired', 'enjoy']",Indian
8974,"['heat', 'oil', 'in', 'a', 'pan', 'add', 'black', 'cardamoms', 'green', 'cardamoms', 'cloves', 'black', 'peppercorns', 'and', 'cinnamon', 'and', 'sauté', 'add', 'broken', 'green', 'chillies', 'grated', 'onions', 'and', 'continue', 'to', 'sauté', 'till', 'the', 'onions', 'brown', 'lightly', 'tie', 'up', 'the', 'mint', 'sprigs', 'together', 'and', 'add', 'to', 'the', 'pan', 'bruise', 'the', 'leaves', 'lightly', 'add', 'one', 'and', 'a', 'half', 'cups', 'of', 'water', 'and', 'mix', 'add', 'poppy', 'seed', 'paste', 'and', 'mix', 'add', 'salt', 'and', 'bring', 'the', 'gravy', 'to', 'a', 'boil', 'let', 'it', 'simmer', 'for', 'three', 'to', 'four', 'minutes', 'take', 'the', 'mint', 'sprigs', 'out', 'and', 'add', 'the', 'paneer', 'triangles', 'mix', 'with', 'a', 'light', 'hand', 'and', 'cook', 'for', 'three', 'to', 'four', 'minutes', 'or', 'till', 'the', 'paneer', 'triangles', 'are', 'heated', 'through', 'add', 'fresh', 'cream', 'and', 'take', 'it', 'off', 'the', 'heat.serve', 'hot']","['heat', 'oil', 'pan', 'add', 'black', 'cardamoms', 'green', 'cardamoms', 'cloves', 'black', 'peppercorns', 'cinnamon', 'sauté', 'add', 'broken', 'green', 'chillies', 'grated', 'onions', 'continue', 'sauté', 'till', 'onions', 'brown', 'lightly', 'tie', 'mint', 'sprigs', 'together', 'add', 'pan', 'bruise', 'leaves', 'lightly', 'add', 'one', 'half', 'water', 'mix', 'add', 'poppy', 'seed', 'paste', 'mix', 'add', 'salt', 'bring', 'gravy', 'boil', 'let', 'simmer', 'three', 'four', 'take', 'mint', 'sprigs', 'add', 'paneer', 'triangles', 'mix', 'light', 'hand', 'cook', 'three', 'four', 'till', 'paneer', 'triangles', 'heated', 'add', 'fresh', 'cream', 'take', 'heat.serve', 'hot']",Indian
3167,"['cook', 'pasta', 'according', 'to', 'package', 'and', 'drain', 'in', 'a', 'large', 'skillet', 'heat', 'oil', 'over', 'high', 'heat', 'add', 'mushrooms', '1/4', 'tsp', 'salt', '1/4', 'tsp', 'pepper', 'and', 'cook', 'stirring', 'until', 'browned', 'and', 'liquid', 'has', 'evaporated', 'remove', 'from', 'pan', 'and', 'set', 'aside', 'in', 'a', 'pot', 'melt', 'butter', 'over', 'med-high', 'heat', 'wisking', 'constantly', 'add', 'flour', 'herbes', 'de', 'provence', 'and', 'remaining', 'salt', 'and', 'pepper', 'cook', 'about', '2', 'minutes', 'whisking', 'constantly', 'gradually', 'add', 'half', 'and', 'half', 'cook', 'until', 'thickened', 'remove', 'from', 'heat', 'and', 'stir', 'in', 'cheddar', 'gruyere', 'and', 'romano', 'until', 'melted', 'and', 'smooth', 'in', 'large', 'bowl', 'combine', 'pasta', 'and', 'sauce', 'with', 'the', 'mushrooms', 'artichoke', 'hearts', 'prosciutto', 'and', 'parsley', 'serve', 'with', 'parmesan', 'shavings', 'on', 'top']","['cook', 'pasta', 'according', 'package', 'drain', 'large', 'skillet', 'heat', 'oil', 'high', 'heat', 'add', 'mushrooms', 'salt', 'pepper', 'cook', 'stirring', 'browned', 'liquid', 'evaporated', 'remove', 'pan', 'set', 'aside', 'pot', 'melt', 'butter', 'med', 'high', 'heat', 'wisking', 'constantly', 'add', 'flour', 'herbes', 'de', 'provence', 'remaining', 'salt', 'pepper', 'cook', 'whisking', 'constantly', 'gradually', 'add', 'half', 'half', 'cook', 'thickened', 'remove', 'heat', 'stir', 'cheddar', 'gruyere', 'romano', 'melted', 'smooth', 'large', 'bowl', 'combine', 'pasta', 'sauce', 'mushrooms', 'artichoke', 'hearts', 'prosciutto', 'parsley', 'serve', 'parmesan', 'shavings', 'top']",Italian
5933,"['preheat', 'oven', '400', 'degrees', 'prepare', 'dinner', 'as', 'directed', 'on', 'package', 'meanwhile', 'brown', 'meat', 'over', 'med-high', 'heat', 'drain', 'add', 'tomatoes', 'oregano', 'mix', 'well', 'bring', 'to', 'boil', 'add', 'meat', 'to', 'dinner', 'spoon', 'into', '2', 'quart', 'casserole', 'dish', 'sprinkle', 'with', 'cheese', 'bake', '10', 'minute', 'or', 'until', 'cheese', 'is', 'melted', 'casserole', 'is', 'heated', 'through']","['preheat', 'oven', 'prepare', 'dinner', 'directed', 'package', 'meanwhile', 'brown', 'meat', 'med', 'high', 'heat', 'drain', 'add', 'tomatoes', 'oregano', 'mix', 'well', 'bring', 'boil', 'add', 'meat', 'dinner', 'spoon', 'casserole', 'dish', 'sprinkle', 'cheese', 'bake', 'cheese', 'melted', 'casserole', 'heated']",Italian
6229,"['remove', 'sausage', 'from', 'casing', 'and', 'place', 'it', 'in', 'a', 'medium', 'bowl', 'add', 'garlic', 'a', 'pinch', 'of', 'salt', 'and', 'red', 'pepper', 'flakes', 'mix', 'to', 'evenly', 'distribute', 'the', 'ingredients', 'drain', 'the', 'olives', 'and', 'rinse', 'them', 'under', 'cold', 'water', 'remove', 'the', 'pimento', 'stuffing', 'if', 'necessary', 'stuf', 'each', 'olive', 'with', '1/4', 'to', '1/2', 'teaspoons', 'of', 'the', 'sausage', 'mixture', 'heat', 'oil', 'in', 'a', 'deep', 'fryer', 'or', 'stock', 'pot', 'to', '375', 'degrees', 'spread', 'flour', 'on', 'a', 'dinner', 'plate', 'break', 'eggs', 'into', 'a', 'shallow', 'bowl', 'and', 'beat', 'lightly', 'spread', 'bread', 'crumbs', 'on', 'another', 'dinner', 'plate', 'and', 'sprinkle', 'with', 'salt', 'and', 'peppr', 'moisten', 'olives', 'with', 'the', 'olive', 'oil', 'stirring', 'to', 'evenly', 'distribute', 'roll', 'olives', 'in', 'the', 'flour', 'coating', 'them', 'all', 'over', 'and', 'shaking', 'off', 'the', 'excess', 'dip', 'olives', 'in', 'egg', 'letting', 'any', 'excess', 'drip', 'back', 'into', 'bowl', 'finally', 'coat', 'olives', 'all', 'over', 'with', 'bread', 'curmbs', 'as', 'each', 'olive', 'is', 'coated', 'place', 'it', 'on', 'a', 'tray', 'cover', 'the', 'olives', 'and', 'refrigerate', 'until', 'you', 'are', 'ready', 'to', 'fry', 'them', 'i', 'found', 'this', 'step', 'essential', 'to', 'get', 'a', 'coating', 'that', 'sticks', 'refrigerate', 'a', 'minimum', 'of', '3', 'hours.', 'fry', 'olives', 'until', 'golden', 'brown', 'and', 'the', 'sausage', 'in', 'the', 'middle', 'is', 'cooked', 'through', 'about', '3', 'minutes', 'do', 'not', 'crowd', 'in', 'fryer', 'olives', 'will', 'bubble', 'vigorously', 'until', 'they', 'are', 'nearly', 'done', 'so', 'watch', 'for', 'splatters', 'drain', 'on', 'paper', 'towels', 'serve', 'warm', 'or', 'at', 'room', 'temperature', 'i', 'served', 'marinara', 'as', 'a', 'dipping', 'sauce']","['remove', 'sausage', 'casing', 'place', 'medium', 'bowl', 'add', 'garlic', 'pinch', 'salt', 'red', 'pepper', 'flakes', 'mix', 'evenly', 'distribute', 'ingredients', 'drain', 'olives', 'rinse', 'cold', 'water', 'remove', 'pimento', 'stuffing', 'necessary', 'stuf', 'olive', 'sausage', 'mixture', 'heat', 'oil', 'deep', 'fryer', 'stock', 'pot', 'spread', 'flour', 'dinner', 'plate', 'break', 'eggs', 'shallow', 'bowl', 'beat', 'lightly', 'spread', 'bread', 'crumbs', 'another', 'dinner', 'plate', 'sprinkle', 'salt', 'peppr', 'moisten', 'olives', 'olive', 'oil', 'stirring', 'evenly', 'distribute', 'roll', 'olives', 'flour', 'coating', 'shaking', 'excess', 'dip', 'olives', 'egg', 'letting', 'excess', 'drip', 'back', 'bowl', 'finally', 'coat', 'olives', 'bread', 'curmbs', 'olive', 'coated', 'place', 'tray', 'cover', 'olives', 'refrigerate', 'ready', 'fry', 'found', 'step', 'essential', 'get', 'coating', 'sticks', 'refrigerate', 'minimum', 'hours.', 'fry', 'olives', 'golden', 'brown', 'sausage', 'middle', 'cooked', 'crowd', 'fryer', 'olives', 'bubble', 'vigorously', 'nearly', 'done', 'watch', 'splatters', 'drain', 'paper', 'towels', 'serve', 'warm', 'room', 'temperature', 'served', 'marinara', 'dipping', 'sauce']",Italian
10699,"['preheat', 'broiler', 'trim', 'ends', 'off', 'eggplant', 'and', 'cut', 'into', '1/4', ""''"", 'thick', 'rounds', 'spray', 'cookie', 'sheet', 'with', 'cooking', 'oil', 'place', 'eggplant', 'on', 'cookie', 'sheet', 'and', 'spray', 'with', 'cooking', 'oil', 'broil', 'eggplant', 'until', 'tender', 'and', 'browned', 'about', '3-5', 'minutes', 'per', 'side', 'set', 'aside', 'in', 'a', 'small', 'bowl', 'combine', 'the', 'first', '7', 'spices', 'in', 'a', 'large', 'frying', 'pan', 'heat', 'the', 'olive', 'oil', 'over', 'medium', 'heat', 'add', 'spice', 'mixture', 'and', 'cook', 'stirring', 'constantly', 'for', 'about', '30', 'seconds', 'quickly', 'add', 'the', 'onion', 'and', 'saute', 'until', 'soft', 'and', 'translucent', 'about', '5', 'minutes', 'add', 'the', 'tomato', 'sauce', 'or', 'halved', 'cherry', 'tomatoes', 'molasses', 'garlic', 'and', 'vinegar', 'cook', 'the', 'sauce', 'stirring', 'occasionally', 'until', 'thickened', 'about', '5', 'minutes', 'season', 'with', 'salt', 'and', 'pepper', 'transfer', 'eggplant', 'to', 'serving', 'dish', 'and', 'pour', 'sauce', 'over', 'top', 'with', 'chopped', 'cilantro']","['preheat', 'broiler', 'trim', 'ends', 'eggplant', 'cut', ""''"", 'thick', 'rounds', 'spray', 'cookie', 'sheet', 'cooking', 'oil', 'place', 'eggplant', 'cookie', 'sheet', 'spray', 'cooking', 'oil', 'broil', 'eggplant', 'tender', 'browned', 'per', 'side', 'set', 'aside', 'small', 'bowl', 'combine', 'first', 'spices', 'large', 'frying', 'pan', 'heat', 'olive', 'oil', 'medium', 'heat', 'add', 'spice', 'mixture', 'cook', 'stirring', 'constantly', 'seconds', 'quickly', 'add', 'onion', 'saute', 'soft', 'translucent', 'add', 'tomato', 'sauce', 'halved', 'cherry', 'tomatoes', 'molasses', 'garlic', 'vinegar', 'cook', 'sauce', 'stirring', 'occasionally', 'thickened', 'season', 'salt', 'pepper', 'transfer', 'eggplant', 'serving', 'dish', 'pour', 'sauce', 'top', 'chopped', 'cilantro']",Indian
8280,"['dissolve', 'chicken', 'base', 'in', 'hot', 'water', 'skip', 'this', 'step', 'if', 'using', 'stock', 'pour', 'dissolved', 'base/stock', 'in', '2', ""''"", 'deep', 'pan', 'add', 'chicken', 'to', 'pan', 'and', 'place', 'on', 'medium-high', 'heat', 'add', 'remaining', 'ingredients', 'except', 'rice', 'cook', 'chicken', 'uncovered', 'stirring', 'often', 'to', 'coat', 'with', 'spices', 'remove', 'chicken', 'from', 'heat', 'and', 'cover', 'to', 'keep', 'warm', 'you', 'will', 'use', 'the', 'liquid', 'from', 'the', 'pan', 'in', 'the', 'next', 'step', 'add', 'rice', 'to', 'separate', 'pan', 'and', 'prepare', 'as', 'directed', 'but', 'instead', 'of', 'using', 'water', 'to', 'cook', 'add', 'the', 'drippings', 'from', 'the', 'chicken', 'pan', 'i', 'usually', 'get', 'about', '1/2', 'cup', 'of', 'drippings', 'and', 'then', 'top', 'that', 'off', 'with', 'the', 'water', 'necessary', 'to', 'cook', 'the', 'rice', 'the', 'rice', 'i', 'use', 'needs', '1', '1/3', 'cup', 'of', 'water', 'for', '1/2', 'cup', 'uncooked', 'rice', 'this', 'will', 'yield', '2', 'cups', 'of', 'cooked', 'rice', 'when', 'rice', 'is', 'finished', 'cooking', 'spoon', 'rice', 'back', 'into', 'chicken', 'pan', 'and', 'place', 'on', 'medium-high', 'heat', 'for', '3', 'minutes', 'stirring', 'frequently']","['dissolve', 'chicken', 'base', 'hot', 'water', 'skip', 'step', 'using', 'stock', 'pour', 'dissolved', 'base/stock', ""''"", 'deep', 'pan', 'add', 'chicken', 'pan', 'place', 'medium', 'high', 'heat', 'add', 'remaining', 'ingredients', 'except', 'rice', 'cook', 'chicken', 'uncovered', 'stirring', 'often', 'coat', 'spices', 'remove', 'chicken', 'heat', 'cover', 'keep', 'warm', 'use', 'liquid', 'pan', 'next', 'step', 'add', 'rice', 'separate', 'pan', 'prepare', 'directed', 'instead', 'using', 'water', 'cook', 'add', 'drippings', 'chicken', 'pan', 'usually', 'get', 'drippings', 'top', 'water', 'necessary', 'cook', 'rice', 'rice', 'use', 'needs', 'water', 'uncooked', 'rice', 'yield', 'cooked', 'rice', 'rice', 'finished', 'cooking', 'spoon', 'rice', 'back', 'chicken', 'pan', 'place', 'medium', 'high', 'heat', 'stirring', 'frequently']",Indian
2605,"['cook', 'fennel', 'seeds', 'on', 'a', 'medium', 'pan', 'until', 'slightly', 'browned', 'about', '2', 'minutes', 'combine', 'the', 'pork', 'bacon', 'garlic', 'paprika', 'fennel', 'seeds', 'red', 'pepper', 'seeds', 'salt', 'pepper', 'parsley', 'and', 'red', 'wine', 'in', 'a', 'large', 'bowl', 'and', 'toss', 'well', 'to', 'coat', 'refrigerate', 'covered', 'overnight', 'or', 'up', 'to', '24', 'hours', 'pass', 'the', 'mixture', 'through', 'a', 'meat', 'grinder', 'fitted', 'with', 'a', 'medium', 'die', 'to', 'test', 'the', 'seasoning', 'cook', 'about', '2', 'teaspoons', 'of', 'the', 'mixture', 'adjust', 'seasonings', 'to', 'taste', 'form', 'sausage', 'into', 'patties', 'or', 'fill', 'sausage', 'casings', 'to', 'make', 'sausage', 'links']","['cook', 'fennel', 'seeds', 'medium', 'pan', 'slightly', 'browned', 'combine', 'pork', 'bacon', 'garlic', 'paprika', 'fennel', 'seeds', 'red', 'pepper', 'seeds', 'salt', 'pepper', 'parsley', 'red', 'wine', 'large', 'bowl', 'toss', 'well', 'coat', 'refrigerate', 'covered', 'overnight', 'pass', 'mixture', 'meat', 'grinder', 'fitted', 'medium', 'die', 'test', 'seasoning', 'cook', 'mixture', 'adjust', 'seasonings', 'taste', 'form', 'sausage', 'patties', 'fill', 'sausage', 'casings', 'make', 'sausage', 'links']",Italian
10110,"['heat', 'half', 'of', 'the', 'ghee', 'in', 'a', 'pan', 'over', 'a', 'medium-low', 'heat', 'and', 'gently', 'fry', 'the', 'onion', 'until', 'lightly', 'caramelised', 'sprinkle', 'with', 'a', 'pinch', 'of', 'salt', 'and', 'add', 'the', 'mustard', 'seeds', 'fry', 'for', 'a', 'little', 'longer', 'to', 'release', 'the', 'mustard', 'oils', 'set', 'aside', 'and', 'keep', 'warm', 'heat', 'the', 'remaining', 'ghee', 'in', 'a', 'large', 'heavy', 'pan', 'over', 'a', 'medium-low', 'heat', 'and', 'gently', 'fry', 'the', 'chilies', 'for', 'a', 'few', 'moments', 'then', 'add', 'the', 'greens', 'salt', 'lightly', 'cover', 'and', 'cook', 'stirring', 'occasionally', 'for', '5', 'minutes', 'or', 'until', 'the', 'leaves', 'wilt', 'add', 'the', 'coconut', 'cream', 'and', 'simmer', 'for', 'a', 'few', 'minutes', 'until', 'the', 'greens', 'absorb', 'most', 'of', 'the', 'coconut', 'and', 'the', 'whole', 'mixture', 'is', 'piping', 'hot', 'serve', 'the', 'greens', 'topped', 'with', 'the', 'caramelised', 'onions']","['heat', 'half', 'ghee', 'pan', 'medium', 'low', 'heat', 'gently', 'fry', 'onion', 'lightly', 'caramelised', 'sprinkle', 'pinch', 'salt', 'add', 'mustard', 'seeds', 'fry', 'little', 'longer', 'release', 'mustard', 'oils', 'set', 'aside', 'keep', 'warm', 'heat', 'remaining', 'ghee', 'large', 'heavy', 'pan', 'medium', 'low', 'heat', 'gently', 'fry', 'chilies', 'moments', 'add', 'greens', 'salt', 'lightly', 'cover', 'cook', 'stirring', 'occasionally', 'leaves', 'wilt', 'add', 'coconut', 'cream', 'simmer', 'greens', 'absorb', 'coconut', 'whole', 'mixture', 'piping', 'hot', 'serve', 'greens', 'topped', 'caramelised', 'onions']",Indian
5629,"['take', 'a', 'slice', 'of', 'bread', 'and', 'layer', 'on', 'it', 'a', 'slice', 'of', 'mozzarella', 'basil', 'and', 'salt', 'and', 'pepper', 'to', 'taste', 'top', 'with', 'another', 'slice', 'of', 'bread', 'and', 'press', 'together', 'firmly', 'to', 'make', 'a', 'sandwich', 'repeat', 'with', 'the', 'rest', 'of', 'the', 'bread', 'and', 'ingredients', 'to', 'make', 'four', 'sandwiches', 'and', 'set', 'aside', 'place', 'the', 'flour', 'in', 'a', 'shallow', 'bowl', 'in', 'a', 'second', 'shallow', 'bowl', 'combine', 'the', 'eggs', 'and', 'milk', 'with', 'salt', 'and', 'pepper', 'to', 'taste', 'in', 'a', 'third', 'shallow', 'bowl', 'blend', 'the', 'bread', 'crumbs', 'with', 'salt', 'and', 'pepper', 'to', 'taste', 'dip', 'the', 'sandwich', 'first', 'in', 'the', 'flour', 'then', 'in', 'the', 'egg-milk', 'mixture', 'and', 'then', 'in', 'the', 'bread', 'crumbs', 'in', 'a', '10-inch', 'sauté', 'pan', 'heat', 'olive', 'oil', 'until', 'medium', 'hot', 'place', 'carrozza', 'carefully', 'in', 'hot', 'oil', 'and', 'turn', 'with', 'tongs', 'brown', 'evenly', 'all', 'the', 'way', 'around', 'on', 'all', 'sides', 'remove', 'from', 'heat', 'and', 'serve', 'immediately', 'note', 'it', ""'s"", 'important', 'that', 'the', 'oil', 'is', 'not', 'smoking', 'if', 'the', 'oil', 'is', 'too', 'hot', 'carrozza', 'and', 'breadcrumbs', 'will', 'burn', 'on', 'the', 'outside', 'before', 'mozzarella', 'has', 'a', 'chance', 'to', 'melt', 'between', 'layers']","['take', 'slice', 'bread', 'layer', 'slice', 'mozzarella', 'basil', 'salt', 'pepper', 'taste', 'top', 'another', 'slice', 'bread', 'press', 'together', 'firmly', 'make', 'sandwich', 'repeat', 'rest', 'bread', 'ingredients', 'make', 'four', 'sandwiches', 'set', 'aside', 'place', 'flour', 'shallow', 'bowl', 'second', 'shallow', 'bowl', 'combine', 'eggs', 'milk', 'salt', 'pepper', 'taste', 'third', 'shallow', 'bowl', 'blend', 'bread', 'crumbs', 'salt', 'pepper', 'taste', 'dip', 'sandwich', 'first', 'flour', 'egg', 'milk', 'mixture', 'bread', 'crumbs', '10', 'inch', 'sauté', 'pan', 'heat', 'olive', 'oil', 'medium', 'hot', 'place', 'carrozza', 'carefully', 'hot', 'oil', 'turn', 'tongs', 'brown', 'evenly', 'way', 'around', 'sides', 'remove', 'heat', 'serve', 'immediately', 'note', 'important', 'oil', 'smoking', 'oil', 'hot', 'carrozza', 'breadcrumbs', 'burn', 'outside', 'mozzarella', 'chance', 'melt', 'layers']",Italian
2358,"['season', 'the', 'chicken', 'breasts', 'with', 'salt', 'and', 'pepper', 'and', 'lemon', 'juice', 'and', 'place', 'in', 'skillet', 'with', '1', 'tbsp', 'olive', 'oil', 'at', 'medium-high', 'heat.cook', 'until', 'done', 'turning', 'when', 'necessary.remove', 'from', 'pan', 'turn', 'the', 'heat', 'down', 'to', 'medium', 'and', 'add', 'the', 'garlic', 'sun-drieds', 'artichoke', 'and', 'olives', 'another', 'tbsp', 'of', 'olive', 'oil', 'here', 'as', 'well', 'start', 'your', 'pasta', 'while', 'these', 'are', 'simmering', 'for', '3-4', 'minutes', 'add', 'the', 'spinach', 'to', 'the', 'pan', 'along', 'with', 'the', 'rest', 'of', 'the', 'oil', 'you', 'may', 'have', 'to', 'do', 'this', 'in', 'batches', 'depending', 'on', 'the', 'size', 'of', 'your', 'pan', 'the', 'spinach', 'will', 'reduce', 'quickly', 'slice', 'the', 'chicken', 'add', 'it', 'to', 'the', 'pan', 'and', 'stir', 'add', 'a', 'squeeze', 'of', 'lemon', 'juice', 'serve', 'the', 'mixture', 'over', 'the', 'pasta', 'and', 'add', 'the', 'parmesan']","['season', 'chicken', 'breasts', 'salt', 'pepper', 'lemon', 'juice', 'place', 'skillet', 'olive', 'oil', 'medium', 'high', 'heat.cook', 'done', 'turning', 'necessary.remove', 'pan', 'turn', 'heat', 'medium', 'add', 'garlic', 'sun', 'drieds', 'artichoke', 'olives', 'another', 'olive', 'oil', 'well', 'start', 'pasta', 'simmering', 'add', 'spinach', 'pan', 'along', 'rest', 'oil', 'may', 'batches', 'depending', 'size', 'pan', 'spinach', 'reduce', 'quickly', 'slice', 'chicken', 'add', 'pan', 'stir', 'add', 'squeeze', 'lemon', 'juice', 'serve', 'mixture', 'pasta', 'add', 'parmesan']",Italian
2881,"['place', 'the', 'ground', 'meats', 'bread', 'crumbs', 'parsley', 'parmesan', 'salt', 'pepper', 'nutmeg', 'egg', 'and', '3/4', 'cup', 'warm', 'water', 'in', 'a', 'bowl', 'combine', 'very', 'lightly', 'using', 'your', 'hands', 'lightly', 'form', 'the', 'mixture', 'into', '2-inch', 'meatballs', 'pour', 'equal', 'amounts', 'of', 'vegetable', 'oil', 'and', 'olive', 'oil', 'into', 'a', 'large', '12-inch', 'skillet', 'to', 'a', 'depth', 'of', '1/4-inch', 'heat', 'the', 'oil', 'place', 'the', 'meatballs', 'in', 'batches', 'in', 'the', 'oil', 'and', 'brown', 'them', 'well', 'on', 'all', 'sides', 'over', 'medium-low', 'heat', 'turning', 'carefully', 'with', 'a', 'spatula', 'or', 'a', 'fork', 'remove', 'the', 'meatballs', 'to', 'a', 'plate', 'covered', 'with', 'paper', 'towels', 'to', 'absorb', 'the', 'grease', 'discard', 'the', 'oil', 'but', 'do', ""n't"", 'clean', 'the', 'pan', 'for', 'the', 'sauce', 'heat', 'the', 'olive', 'oil', 'in', 'the', 'same', 'pan', 'add', 'the', 'onion', 'and', 'diced', 'pancetta', 'and', 'saute', 'over', 'medium', 'heat', 'for', 'about', '10', 'minutes', 'add', 'the', 'garlic', 'and', 'cook', 'for', '1', 'more', 'minute', 'add', 'the', 'wine', 'and', 'deglaze', 'the', 'pan', 'on', 'high', 'heat', 'scraping', 'up', 'all', 'the', 'brown', 'bits', 'in', 'the', 'pan', 'until', 'about', '50', 'percent', 'the', 'liquid', 'evaporate', 'stir', 'in', 'the', 'tomatoes', 'parsley', 'and', 'seasonings', 'return', 'the', 'meatballs', 'to', 'the', 'sauce', 'cover', 'and', 'simmer', 'on', 'the', 'lowest', 'heat', 'for', '25', 'to', '30', 'minutes', 'until', 'the', 'meatballs', 'are', 'cooked', 'through', 'serve', 'hot', 'on', 'cooked', 'spaghettini', 'and', 'sprinke', 'with', 'parmigiano-reggiano']","['place', 'ground', 'meats', 'bread', 'crumbs', 'parsley', 'parmesan', 'salt', 'pepper', 'nutmeg', 'egg', 'warm', 'water', 'bowl', 'combine', 'lightly', 'using', 'hands', 'lightly', 'form', 'mixture', '2', 'inch', 'meatballs', 'pour', 'equal', 'amounts', 'vegetable', 'oil', 'olive', 'oil', 'large', '12', 'inch', 'skillet', 'depth', '1/4', 'inch', 'heat', 'oil', 'place', 'meatballs', 'batches', 'oil', 'brown', 'well', 'sides', 'medium', 'low', 'heat', 'turning', 'carefully', 'spatula', 'fork', 'remove', 'meatballs', 'plate', 'covered', 'paper', 'towels', 'absorb', 'grease', 'discard', 'oil', 'clean', 'pan', 'sauce', 'heat', 'olive', 'oil', 'pan', 'add', 'onion', 'diced', 'pancetta', 'saute', 'medium', 'heat', 'add', 'garlic', 'cook', 'add', 'wine', 'deglaze', 'pan', 'high', 'heat', 'scraping', 'brown', 'bits', 'pan', 'percent', 'liquid', 'evaporate', 'stir', 'tomatoes', 'parsley', 'seasonings', 'return', 'meatballs', 'sauce', 'cover', 'simmer', 'lowest', 'heat', 'meatballs', 'cooked', 'serve', 'hot', 'cooked', 'spaghettini', 'sprinke', 'parmigiano', 'reggiano']",Italian
7389,"['pour', '4', 'cups', 'of', 'water', 'and', '1/2', 'tsp', 'of', 'salt', 'in', 'a', 'skillet', 'add', 'cinnamon', 'sticks', 'bring', 'to', 'a', 'boil', 'lower', 'flame', 'add', 'rice', 'and', 'stir', 'well', 'parboil', 'rice', 'until', 'half', 'cooked', 'strain', 'well', 'keep', 'aside', 'in', 'a', 'pot', 'heat', 'ghee', 'on', 'medium', 'flame', 'add', 'raisins', 'pistachios', 'and', 'almonds', 'stir-fry', 'for', '2', 'minutes', 'add', 'sugar', 'food', 'colour', 'pineapple', 'essence', 'and', 'warm', 'water', 'stir', 'until', 'sugar', 'dissolves', 'add', 'saffron', 'and', '1/2', 'to', '1', 'tsp', 'of', 'cardamom', 'powder', 'mix', 'in', 'the', 'strained', 'rice', 'cover', 'the', 'pot', 'with', 'a', 'lid', 'cook', 'on', 'simmer', 'for', '10-15', 'minutes', 'your', 'kitchen', 'will', 'smell', 'wonderful', 'while', 'this', 'is', 'cooking', 'or', 'until', 'the', 'rice', 'is', 'dry', 'and', 'fluffy', 'stirring', 'every', '5', 'minutes', 'so', 'that', 'the', 'rice', 'does', 'not', 'stick', 'to', 'the', 'bottom', 'of', 'the', 'pan', 'transfer', 'to', 'a', 'serving', 'tray', 'garnish', 'with', 'pineapple', 'slices', 'if', 'desired', 'and', 'serve']","['pour', 'water', 'salt', 'skillet', 'add', 'cinnamon', 'sticks', 'bring', 'boil', 'lower', 'flame', 'add', 'rice', 'stir', 'well', 'parboil', 'rice', 'half', 'cooked', 'strain', 'well', 'keep', 'aside', 'pot', 'heat', 'ghee', 'medium', 'flame', 'add', 'raisins', 'pistachios', 'almonds', 'stir', 'fry', 'add', 'sugar', 'food', 'colour', 'pineapple', 'essence', 'warm', 'water', 'stir', 'sugar', 'dissolves', 'add', 'saffron', 'cardamom', 'powder', 'mix', 'strained', 'rice', 'cover', 'pot', 'lid', 'cook', 'simmer', 'kitchen', 'smell', 'wonderful', 'cooking', 'rice', 'dry', 'fluffy', 'stirring', 'every', 'rice', 'stick', 'bottom', 'pan', 'transfer', 'serving', 'tray', 'garnish', 'pineapple', 'slices', 'desired', 'serve']",Indian
161,"['place', 'mushrooms', 'and', 'onion', 'in', 'the', 'bottom', 'of', 'a', '5', '1/2', 'quart', 'slow', 'cooker', 'sprinkle', 'roast', 'evenly', 'with', 'pepper', 'brown', 'roast', 'on', 'all', 'sides', 'in', 'hot', 'oil', 'in', 'a', 'large', 'dutch', 'oven', 'over', 'medium-high', 'heat', 'place', 'roast', 'on', 'top', 'of', 'mushrooms', 'and', 'onions', 'in', 'slow', 'cooker', 'sprinkle', 'onion', 'soup', 'mix', 'evenly', 'over', 'roast', 'pour', 'beef', 'broth', 'and', 'tomato', 'sauce', 'over', 'roast', 'cover', 'and', 'cook', 'on', 'high', 'for', '5-6', 'hours', 'or', 'until', 'meat', 'shreds', 'easily', 'with', 'a', 'fork', 'remove', 'the', 'roast', 'from', 'the', 'slow', 'cooker', 'and', 'cut', 'into', 'large', 'chunks', 'keep', 'warm', 'skim', 'fat', 'from', 'juices', 'in', 'slow', 'cooker', 'stir', 'in', 'dried', 'italian', 'seasoning', 'and', 'tomato', 'paste', 'stir', 'together', 'cornstarch', 'and', '2', 'tablespoons', 'water', 'in', 'a', 'small', 'bowl', 'until', 'smooth', 'add', 'to', 'juices', 'in', 'slow', 'cooker', 'stirring', 'until', 'blended', 'cover', 'and', 'cook', 'on', 'high', '20', 'to', '30', 'more', 'minutes', 'or', 'until', 'mixture', 'is', 'thickened', 'add', 'roast', 'pieces', 'back', 'to', 'slow', 'cooker', 'cover', 'and', 'cook', 'until', 'thoroughly', 'heated', 'serve', 'over', 'hot', 'cooked', 'egg', 'noodles']","['place', 'mushrooms', 'onion', 'bottom', 'slow', 'cooker', 'sprinkle', 'roast', 'evenly', 'pepper', 'brown', 'roast', 'sides', 'hot', 'oil', 'large', 'dutch', 'oven', 'medium', 'high', 'heat', 'place', 'roast', 'top', 'mushrooms', 'onions', 'slow', 'cooker', 'sprinkle', 'onion', 'soup', 'mix', 'evenly', 'roast', 'pour', 'beef', 'broth', 'tomato', 'sauce', 'roast', 'cover', 'cook', 'high', 'meat', 'shreds', 'easily', 'fork', 'remove', 'roast', 'slow', 'cooker', 'cut', 'large', 'chunks', 'keep', 'warm', 'skim', 'fat', 'juices', 'slow', 'cooker', 'stir', 'dried', 'italian', 'seasoning', 'tomato', 'paste', 'stir', 'together', 'cornstarch', 'water', 'small', 'bowl', 'smooth', 'add', 'juices', 'slow', 'cooker', 'stirring', 'blended', 'cover', 'cook', 'high', 'mixture', 'thickened', 'add', 'roast', 'pieces', 'back', 'slow', 'cooker', 'cover', 'cook', 'thoroughly', 'heated', 'serve', 'hot', 'cooked', 'egg', 'noodles']",Italian
12890,"['select', 'any', 'scented', 'variety', 'of', 'roses', 'pluck', 'all', 'the', 'petals', 'discarding', 'the', 'stigma', 'the', 'central', 'portion', 'and', 'set', 'aside', 'boil', 'the', 'milk', 'along', 'with', 'the', 'rose', 'petals', 'leave', 'the', 'petals', 'whole', 'till', 'it', 'reduces', 'to', 'half', 'boil', 'on', 'a', 'low', 'flame', 'in', 'a', 'heavy-bottomed', 'pan', 'to', 'ensure', 'the', 'milk', 'does', ""n't"", 'burn', 'add', 'one', 'cup', 'of', 'sugar', 'and', 'boil', 'till', 'its', 'consistency', 'is', 'thick', 'cool', 'and', 'then', 'refrigerate', 'for', 'at', 'least', 'one', 'hour', 'before', 'you', 'serve', 'garnish', 'with', 'some', 'more', 'rose', 'petals', 'just', 'before', 'serving']","['select', 'scented', 'variety', 'roses', 'pluck', 'petals', 'discarding', 'stigma', 'central', 'portion', 'set', 'aside', 'boil', 'milk', 'along', 'rose', 'petals', 'leave', 'petals', 'whole', 'till', 'reduces', 'half', 'boil', 'low', 'flame', 'heavy', 'bottomed', 'pan', 'ensure', 'milk', 'burn', 'add', 'one', 'sugar', 'boil', 'till', 'consistency', 'thick', 'cool', 'refrigerate', 'least', 'one', 'serve', 'garnish', 'rose', 'petals', 'serving']",Indian
12023,"['bring', 'water', 'salt', 'and', 'butter', 'to', 'a', 'boil', 'stir', 'in', 'rice', 'with', 'a', 'fork', 'bring', 'back', 'to', 'a', 'boil', 'then', 'cut', 'heat', 'to', 'simmer', 'to', 'prevent', '``', 'boiling', 'over', ""''"", 'do', 'not', 'be', 'tempted', 'to', 'remove', 'lid', 'this', 'can', 'cause', 'gummy', 'rice.', 'cover', 'and', 'cook', 'for', '20', 'minutes']","['bring', 'water', 'salt', 'butter', 'boil', 'stir', 'rice', 'fork', 'bring', 'back', 'boil', 'cut', 'heat', 'simmer', 'prevent', '``', 'boiling', ""''"", 'tempted', 'remove', 'lid', 'cause', 'gummy', 'rice.', 'cover', 'cook']",Indian
3980,"['chicken', 'cacciatore', 'slice', 'mushrooms', 'and', 'onion', 'crush', 'garlic', 'heat', 'oil', 'in', 'pan', 'fry', 'chicken', 'pieces', 'until', 'golden', 'brown', 'remove', 'from', 'pan', 'drain', 'well', 'add', 'onion', 'mushrooms', 'and', 'garlic', 'to', 'pan', 'saute', 'until', 'onion', 'is', 'tender', 'return', 'chicken', 'to', 'the', 'pan', 'add', 'ndrained', 'mashed', 'tomatoes', 'bayleaf', 'and', 'wine', 'cook', 'slowly', 'covered', 'for', '45', 'minutes', 'or', 'until', 'chicken', 'is', 'tender', 'remove', 'bay', 'leaf', 'and', 'leave', 'cacciatore', 'to', 'cool', 'remove', 'chicken', 'from', 'the', 'bones', 'and', 'shred', 'stir', 'back', 'into', 'the', 'sauce', 'spread', '2', 'cups', 'of', 'chicken', 'cacciatore', 'over', 'the', 'pizza', 'base', 'sprinkle', 'cheeses', 'over', 'the', 'top', 'bake', 'at', '180c', 'for', '20', 'minutes']","['chicken', 'cacciatore', 'slice', 'mushrooms', 'onion', 'crush', 'garlic', 'heat', 'oil', 'pan', 'fry', 'chicken', 'pieces', 'golden', 'brown', 'remove', 'pan', 'drain', 'well', 'add', 'onion', 'mushrooms', 'garlic', 'pan', 'saute', 'onion', 'tender', 'return', 'chicken', 'pan', 'add', 'ndrained', 'mashed', 'tomatoes', 'bayleaf', 'wine', 'cook', 'slowly', 'covered', 'chicken', 'tender', 'remove', 'bay', 'leaf', 'leave', 'cacciatore', 'cool', 'remove', 'chicken', 'bones', 'shred', 'stir', 'back', 'sauce', 'spread', 'chicken', 'cacciatore', 'pizza', 'base', 'sprinkle', 'cheeses', 'top', 'bake', '180c']",Italian
12659,"['put', 'all', 'ingredients', 'except', 'vinegar', 'into', 'small', 'bowl', 'and', 'mix', 'together', 'well', 'add', 'the', 'vinegar', 'and', 'mix', 'to', 'a', 'smooth', 'paste', 'keep', 'for', 'up', 'to', 'one', 'month', 'in', 'an', 'airtight', 'container', 'in', 'fridge']","['put', 'ingredients', 'except', 'vinegar', 'small', 'bowl', 'mix', 'together', 'well', 'add', 'vinegar', 'mix', 'smooth', 'paste', 'keep', 'one', 'month', 'airtight', 'container', 'fridge']",Indian
5550,"['combine', 'tomato', 'and', 'if', 'desired', 'onion', 'in', 'a', 'large', 'bowl', 'combine', 'basil', 'and', 'next', '6', 'ingredients', 'add', 'to', 'tomato', 'mixture', 'tossing', 'to', 'coat', 'sprinkle', 'with', 'cheese', 'chill', 'garnish', 'if', 'desired', 'note', '6', 'plum', 'tomatoes', 'may', 'be', 'substituted', 'for', '3', 'large', 'tomatoes']","['combine', 'tomato', 'desired', 'onion', 'large', 'bowl', 'combine', 'basil', 'next', 'ingredients', 'add', 'tomato', 'mixture', 'tossing', 'coat', 'sprinkle', 'cheese', 'chill', 'garnish', 'desired', 'note', 'plum', 'tomatoes', 'may', 'substituted', 'large', 'tomatoes']",Italian
4056,"['preheat', 'oven', 'to', '325', 'degrees', 'line', 'a', '13x9x2', ""''"", 'pan', 'with', 'foil', 'with', 'ends', 'of', 'foil', 'extending', 'over', 'sides', 'of', 'pan', 'layer', 'half', 'of', 'the', 'wafers', '44', 'on', 'bottom', 'of', 'prepared', 'pan', 'in', 'a', 'small', 'bowl', 'dissolve', '2', 't.', 'coffee', 'granules', 'in', '2', 't.', 'hot', 'water', 'brush', 'wafers', 'with', 'half', 'of', 'the', 'dissolved', 'coffee', 'mixture', 'set', 'remaining', 'aside', 'in', 'a', 'large', 'bowl', 'beat', 'cream', 'cheese', 'and', 'sugar', 'on', 'medium', 'speed', 'until', 'well', 'blended', 'add', 'sour', 'cream', 'mix', 'well', 'add', 'eggs', '1', 'at', 'a', 'time', 'mixing', 'on', 'low', 'speed', 'after', 'each', 'addition', 'just', 'until', 'blended', 'dissolve', 'remaining', '3', 't.', 'coffee', 'granules', 'in', 'remaining', '1', 't.', 'hot', 'water', 'remove', '3', '1/2', 'cups', 'of', 'batter', 'place', 'in', 'medium', 'bowl', 'stir', 'in', 'dissolved', 'coffee', 'pour', 'coffee-flavored', 'batter', 'over', 'wafers', 'in', 'baking', 'pan', 'layer', 'remaining', 'wafers', 'over', 'batter', 'brush', 'wafers', 'with', 'reserved', 'dissolved', 'coffee', 'pour', 'remaining', 'plain', 'batter', 'over', 'wafers', 'bake', '45', 'minutes', 'or', 'until', 'center', 'is', 'almost', 'set', 'cool', 'to', 'room', 'temperature', 'refrigerate', '3', 'hours', 'or', 'overnight', 'lift', 'cheesecake', 'from', 'pan', 'using', 'foil', 'handles', 'spread', 'with', 'whipped', 'topping', 'dust', 'with', 'cocoa', 'store', 'leftover', 'cheesecake', 'in', 'refrigerator']","['preheat', 'oven', 'line', '13x9x2', ""''"", 'pan', 'foil', 'ends', 'foil', 'extending', 'sides', 'pan', 'layer', 'half', 'wafers', 'bottom', 'prepared', 'pan', 'small', 'bowl', 'dissolve', 't.', 'coffee', 'granules', 't.', 'hot', 'water', 'brush', 'wafers', 'half', 'dissolved', 'coffee', 'mixture', 'set', 'remaining', 'aside', 'large', 'bowl', 'beat', 'cream', 'cheese', 'sugar', 'medium', 'speed', 'well', 'blended', 'add', 'sour', 'cream', 'mix', 'well', 'add', 'eggs', 'time', 'mixing', 'low', 'speed', 'addition', 'blended', 'dissolve', 'remaining', 't.', 'coffee', 'granules', 'remaining', 't.', 'hot', 'water', 'remove', 'batter', 'place', 'medium', 'bowl', 'stir', 'dissolved', 'coffee', 'pour', 'coffee', 'flavored', 'batter', 'wafers', 'baking', 'pan', 'layer', 'remaining', 'wafers', 'batter', 'brush', 'wafers', 'reserved', 'dissolved', 'coffee', 'pour', 'remaining', 'plain', 'batter', 'wafers', 'bake', 'center', 'almost', 'set', 'cool', 'room', 'temperature', 'refrigerate', 'overnight', 'lift', 'cheesecake', 'pan', 'using', 'foil', 'handles', 'spread', 'whipped', 'topping', 'dust', 'cocoa', 'store', 'leftover', 'cheesecake', 'refrigerator']",Italian
3688,"['discard', 'the', 'tough', 'outer', 'leaves', 'from', 'the', 'romaine', 'and', 'use', 'the', 'whole', 'leaves', 'and', 'hearts', 'wash', 'the', 'leaves', 'and', 'dry', 'them', 'in', 'a', 'spinner', 'or', 'pat', 'dry', 'with', 'a', 'towel', 'wrap', 'loosely', 'in', 'a', 'damp', 'towel', 'and', 'refrigerate', 'preheat', 'the', 'oven', 'to', '375', 'f.', 'add', 'the', 'garlic', 'to', '1', 'tbls', 'olive', 'oil', 'and', 'toss', 'with', 'the', 'cubed', 'bread', 'spread', 'the', 'cubes', 'on', 'a', 'baking', 'sheet', 'and', 'bake', 'for', '7-8', 'minutes', 'until', 'golden', 'brown', 'set', 'aside', 'to', 'cool', 'to', 'make', 'the', 'vinaigrette', 'combine', 'everything', 'but', 'the', 'oil', 'then', 'whisk', 'it', 'inches', 'the', 'dressing', 'should', 'be', 'very', 'lemony', 'and', 'bright', 'this', 'makes', 'about', '1/2', 'cup', 'when', 'you', 'are', 'ready', 'to', 'serve', 'the', 'salad', 'place', 'the', 'lettuce', 'in', 'a', 'large', 'bowl', 'add', 'the', 'olives', 'and', 'toss', 'with', 'the', 'vinaigrette', 'coating', 'all', 'of', 'the', 'leaves', 'add', 'the', 'croutons', 'and', 'parmesan', 'cheese', 'and', 'toss', 'again', 'sprinkle', 'with', 'freshly', 'ground', 'black', 'pepper', 'and', 'serve', 'do', ""n't"", 'forget', 'to', 'enjoy']","['discard', 'tough', 'outer', 'leaves', 'romaine', 'use', 'whole', 'leaves', 'hearts', 'wash', 'leaves', 'dry', 'spinner', 'pat', 'dry', 'towel', 'wrap', 'loosely', 'damp', 'towel', 'refrigerate', 'preheat', 'oven', 'f.', 'add', 'garlic', 'tbls', 'olive', 'oil', 'toss', 'cubed', 'bread', 'spread', 'cubes', 'baking', 'sheet', 'bake', 'golden', 'brown', 'set', 'aside', 'cool', 'make', 'vinaigrette', 'combine', 'everything', 'oil', 'whisk', 'dressing', 'lemony', 'bright', 'makes', 'ready', 'serve', 'salad', 'place', 'lettuce', 'large', 'bowl', 'add', 'olives', 'toss', 'vinaigrette', 'coating', 'leaves', 'add', 'croutons', 'parmesan', 'cheese', 'toss', 'sprinkle', 'freshly', 'ground', 'black', 'pepper', 'serve', 'forget', 'enjoy']",Italian
10807,"['in', 'a', 'small', 'bowl', 'stir', 'curry', 'powder', 'with', 'oil', 'cinnamon', 'salt', 'cloves', 'garlic', 'and', 'ginger', 'rub', 'mixture', 'all', 'over', 'fish', 'melt', 'half', 'of', 'butter', 'in', 'a', 'large', 'non-stick', 'frying', 'pan', 'over', 'medium', 'heat', 'if', 'using', 'oil', 'pour', 'half', 'into', 'frying', 'pan', 'when', 'hot', 'add', 'onions', 'stir', 'often', 'until', 'soft', 'and', 'light', 'golden', '5', 'minutes', 'then', 'push', 'to', 'side', 'of', 'pan', 'melt', 'remaining', 'butter', 'in', 'pan', 'or', 'add', 'oil', 'then', 'add', 'fish', 'cover', 'and', 'cook', '4', 'minutes', 'using', 'wide', 'spatula', 'turn', 'fish', 'over', 'and', 'continue', 'cooking', 'until', 'a', 'knife', 'tip', 'inserted', 'into', 'thickest', 'part', 'of', 'fish', 'comes', 'out', 'warm', 'about', '4', 'more', 'minutes', 'it', ""'s"", 'ok', 'if', 'onions', 'becomes', 'dark', 'golden', 'using', 'a', 'wide', 'spatula', 'remove', 'only', 'the', 'fish', 'to', 'plates', 'reduce', 'heat', 'to', 'low', 'add', 'yogourt', 'and', 'coriander', 'to', 'onion', 'stir', 'until', 'heated', 'through', 'about', '30', 'secondes', 'spoon', 'over', 'fish']","['small', 'bowl', 'stir', 'curry', 'powder', 'oil', 'cinnamon', 'salt', 'cloves', 'garlic', 'ginger', 'rub', 'mixture', 'fish', 'melt', 'half', 'butter', 'large', 'non', 'stick', 'frying', 'pan', 'medium', 'heat', 'using', 'oil', 'pour', 'half', 'frying', 'pan', 'hot', 'add', 'onions', 'stir', 'often', 'soft', 'light', 'golden', 'push', 'side', 'pan', 'melt', 'remaining', 'butter', 'pan', 'add', 'oil', 'add', 'fish', 'cover', 'cook', 'using', 'wide', 'spatula', 'turn', 'fish', 'continue', 'cooking', 'knife', 'tip', 'inserted', 'thickest', 'part', 'fish', 'comes', 'warm', 'ok', 'onions', 'becomes', 'dark', 'golden', 'using', 'wide', 'spatula', 'remove', 'fish', 'plates', 'reduce', 'heat', 'low', 'add', 'yogourt', 'coriander', 'onion', 'stir', 'heated', 'secondes', 'spoon', 'fish']",Indian
4868,"['in', 'a', 'bowl', 'sift', 'the', 'flour', 'powder', 'and', 'salt', 'in', 'another', 'bowl', 'mix', 'eggs', 'with', 'sugar', 'and', 'beat', 'until', 'light', 'fluffy', 'now', 'add', 'the', 'milk', 'oil', 'lemon', 'juice', 'and', 'combine', 'well', 'add', 'the', 'dry', 'ingredients', 'slowly', 'to', 'the', 'wet', 'ingredients', 'and', 'mix', 'with', 'your', 'hands', 'until', 'a', 'ball', 'of', 'dough', 'is', 'formed', 'adding', 'more', 'milk', 'only', 'if', 'it', 'seems', 'too', 'dry', 'this', 'will', 'be', 'a', 'sticky', 'and', 'heavy', 'dough', 'knead', 'on', 'floured', 'surface', 'until', 'smooth', 'cover', 'and', 'rest', '25', 'minutes', 'preheat', 'oven', '350', 'degrees', 'lightly', 'grease', 'your', 'cookie', 'sheet', 'divide', 'the', 'dough', 'into', '4', 'pieces', 'and', 'roll', 'each', 'one', 'at', 'a', 'time', 'into', 'a', '16', 'x', '14', 'rectangle', 'using', 'a', 'pastry', 'cutter', 'cut', 'into', 'four', 'strips', 'about', '3', '1/2', 'inches', 'and', 'then', 'again', 'across', 'by', '2', 'inches', 'place', 'a', 'teaspoons', 'of', 'filling', 'of', 'choice', 'onto', 'centre', 'of', 'rectangle', 'and', 'then', 'fold', 'over', 'pinch', 'closed', 'and', 'seal', 'place', 'on', 'baking', 'sheet', 'and', 'bake', '15', 'minutes', 'to', '20', 'minutes', 'or', 'until', 'a', 'light', 'golden', 'remove', 'and', 'place', 'on', 'rack', 'to', 'cool', 'this', 'also', 'can', 'be', 'rolled', 'up', 'like', 'a', 'jelly', 'roll', 'and', 'then', 'sliced', 'into', '1/4', 'inch', 'rounds', 'or', 'can', 'be', 'a', 'bottom', 'layer', 'onto', 'cookie', 'sheet', 'spread', 'filling', 'and', 'then', 'a', 'second', 'layer', 'and', 'cut', 'into', 'squares-', 'the', 'filling', 'can', 'be', 'chocolate', 'and', 'nuts', 'jams', 'nutella', 'cooked', 'fruit', 'fillings-']","['bowl', 'sift', 'flour', 'powder', 'salt', 'another', 'bowl', 'mix', 'eggs', 'sugar', 'beat', 'light', 'fluffy', 'add', 'milk', 'oil', 'lemon', 'juice', 'combine', 'well', 'add', 'dry', 'ingredients', 'slowly', 'wet', 'ingredients', 'mix', 'hands', 'ball', 'dough', 'formed', 'adding', 'milk', 'seems', 'dry', 'sticky', 'heavy', 'dough', 'knead', 'floured', 'surface', 'smooth', 'cover', 'rest', 'preheat', 'oven', 'lightly', 'grease', 'cookie', 'sheet', 'divide', 'dough', 'pieces', 'roll', 'one', 'time', 'x', 'rectangle', 'using', 'pastry', 'cutter', 'cut', 'four', 'strips', 'across', 'place', 'filling', 'choice', 'onto', 'centre', 'rectangle', 'fold', 'pinch', 'closed', 'seal', 'place', 'baking', 'sheet', 'bake', 'light', 'golden', 'remove', 'place', 'rack', 'cool', 'also', 'rolled', 'like', 'jelly', 'roll', 'sliced', 'rounds', 'bottom', 'layer', 'onto', 'cookie', 'sheet', 'spread', 'filling', 'second', 'layer', 'cut', 'squares', 'filling', 'chocolate', 'nuts', 'jams', 'nutella', 'cooked', 'fruit', 'fillings']",Italian
13086,"['prepare', 'the', 'kale', 'and', 'mustard', 'greens', 'by', 'cutting', 'middle', 'stem', 'out', 'of', 'each', 'leaf', 'rinse', 'the', 'leaves', 'thoroughly', 'cut', 'the', 'greens', 'into', 'strips', 'that', 'are', 'about', '1', 'inch', 'by', '3-4', 'inches', 'add', '4', 'tsp', 'of', 'water', 'to', 'a', '2', 'quart', 'pot', 'bring', 'to', 'boil', 'on', 'medium', 'heat', 'add', 'the', 'kale', 'first', 'then', 'the', 'mustard', 'greens', 'pour', '1/4', 'teaspoon', 'into', 'the', 'greens', 'and', 'cover', 'tightly', 'with', 'lid', 'cook', 'for', '5-10', 'minutes', 'stirring', 'occasionally', 'until', 'the', 'greens', 'are', 'wilted', 'and', 'tender', 'when', 'the', 'greens', 'are', 'done', 'cooking', 'they', 'should', 'be', 'dark', 'green', 'keep', 'the', 'lid', 'on', 'the', 'pot', 'and', 'set', 'aside', 'in', 'a', 'small', 'saucepan', 'heat', '1', 'tsp', 'oil', 'or', 'butter', 'until', 'almost', 'smoking', 'at', 'medium', 'high', 'heat', 'add', 'mustard', 'seeds', 'and', 'cumin', 'seeds', 'they', 'will', 'pop', 'and', 'sizzle', 'turn', 'heat', 'to', 'medium', 'add', 'green', 'chili', 'pepper', 'and', 'crushed', 'garlic', 'and', 'fry', 'until', 'lightly', 'browned', 'optional', 'add', '1/8', 'teaspoon', 'red', 'chili', 'pepper', 'pour', 'mixture', 'over', 'greens', 'add', 'remaining', 'salt', '1/2', 'tsp', 'to', 'taste', 'serve', 'with', 'a', 'dash', 'of', 'lime', 'juice', 'brings', 'out', 'the', 'flavor', 'of', 'the', 'greens']","['prepare', 'kale', 'mustard', 'greens', 'cutting', 'middle', 'stem', 'leaf', 'rinse', 'leaves', 'thoroughly', 'cut', 'greens', 'strips', 'add', 'water', 'pot', 'bring', 'boil', 'medium', 'heat', 'add', 'kale', 'first', 'mustard', 'greens', 'pour', 'greens', 'cover', 'tightly', 'lid', 'cook', 'stirring', 'occasionally', 'greens', 'wilted', 'tender', 'greens', 'done', 'cooking', 'dark', 'green', 'keep', 'lid', 'pot', 'set', 'aside', 'small', 'saucepan', 'heat', 'oil', 'butter', 'almost', 'smoking', 'medium', 'high', 'heat', 'add', 'mustard', 'seeds', 'cumin', 'seeds', 'pop', 'sizzle', 'turn', 'heat', 'medium', 'add', 'green', 'chili', 'pepper', 'crushed', 'garlic', 'fry', 'lightly', 'browned', 'optional', 'add', 'red', 'chili', 'pepper', 'pour', 'mixture', 'greens', 'add', 'remaining', 'salt', 'taste', 'serve', 'dash', 'lime', 'juice', 'brings', 'flavor', 'greens']",Indian
11457,"['mix', 'all', 'together', 'you', 'can', 'use', 'less', 'or', 'more', 'of', 'your', 'favorite', 'seeds', 'so', 'adjust', 'to', 'taste', 'store', 'out', 'of', 'light', 'in', 'a', 'sealed', 'jar', 'this', 'recipe', 'is', 'meant', 'to', 'be', 'used', 'as', 'whole', 'seeds', 'roasted', 'before', 'using', 'in', 'a', 'recipes', 'to', 'release', 'the', 'oils', 'for', 'more', 'fragrance', 'roast', 'in', 'hot', 'oil', 'until', 'a', 'strong', 'aroma', 'of', 'each', 'spice', 'is', 'released', 'and', 'use', 'the', 'fragrant', 'oil', 'as', 'a', 'base', 'to', 'cook', 'dal', 'meats', 'or', 'vegetables', 'roast', 'in', 'vegetable', 'oil', 'vegan', 'butter', 'or', 'ghee', 'and', 'add', 'as', 'seasoning', 'to', 'different', 'dals', 'or', 'thick', 'curries']","['mix', 'together', 'use', 'less', 'favorite', 'seeds', 'adjust', 'taste', 'store', 'light', 'sealed', 'jar', 'recipe', 'meant', 'used', 'whole', 'seeds', 'roasted', 'using', 'recipes', 'release', 'oils', 'fragrance', 'roast', 'hot', 'oil', 'strong', 'aroma', 'spice', 'released', 'use', 'fragrant', 'oil', 'base', 'cook', 'dal', 'meats', 'vegetables', 'roast', 'vegetable', 'oil', 'vegan', 'butter', 'ghee', 'add', 'seasoning', 'different', 'dals', 'thick', 'curries']",Indian
8005,"['if', 'the', 'yogurt', 'is', 'cold', 'heat', 'it', 'for', '15', 'seconds', 'in', 'the', 'microwave', 'add', 'ingredients', 'to', 'your', 'bread', 'machine', 'according', 'to', 'the', 'manufacturer', ""'s"", 'directions', 'after', '5', 'minutes', 'check', 'your', 'dough', 'see', 'note', 'after', 'another', '5', 'minutes', '10', 'minutes', 'total', 'in', 'the', 'machine', 'take', 'the', 'dough', 'out', 'and', 'divide', 'into', '8', 'pieces', 'turn', 'each', 'piece', 'in', 'flour', 'cover', 'and', 'allow', 'to', 'rest', 'on', 'a', 'tray', 'for', '20', 'minutes', 'meanwhile', 'heat', 'your', 'oven', 'to', '500°f', 'if', 'you', 'have', 'a', 'pizza', 'stone', 'allow', 'it', 'to', 'heat', 'in', 'the', 'oven', 'otherwise', 'put', 'heat-resistent', 'metal', 'cooling', 'racks', 'in', 'the', 'oven', 'baking', 'sheets', 'do', 'not', 'work', 'very', 'well', 'with', 'your', 'fingers', 'flatten', 'each', 'piece', 'of', 'dough', 'into', 'a', 'tear-drop', 'shape', '1/2', 'inch', 'thick', 'moisten', 'hands', 'then', 'turn', 'naan', 'briefly', 'in', 'your', 'hands', 'to', 'moisten', 'it', 'and', 'place', 'it', 'on', 'the', 'stone/rack', 'bake', 'for', 'about', '4', 'minutes', 'brown', 'tops', 'using', 'the', 'broiler', 'wrap', 'naan', 'in', 'a', 'towel', 'while', 'you', 'make', 'the', 'rest', 'note', 'dough', 'should', 'be', 'somewhat', 'sticky', 'and', 'you', 'might', 'get', 'a', 'small', 'amount', 'stuck', 'to', 'your', 'finger', 'it', 'should', ""n't"", 'stick', 'to', 'the', 'pan', 'at', 'all', 'if', 'it', 'is', ""n't"", 'sticky', 'enough', 'add', '1', 't', 'water', 'if', 'it', 'sticks', 'to', 'the', 'pan', 'add', '1', 't', 'flour', 'till', 'you', 'reach', 'the', 'correct', 'consistency']","['yogurt', 'cold', 'heat', 'seconds', 'microwave', 'add', 'ingredients', 'bread', 'machine', 'according', 'manufacturer', 'directions', 'check', 'dough', 'see', 'note', 'another', 'total', 'machine', 'take', 'dough', 'divide', 'pieces', 'turn', 'piece', 'flour', 'cover', 'allow', 'rest', 'tray', 'meanwhile', 'heat', 'oven', '500°f', 'pizza', 'stone', 'allow', 'heat', 'oven', 'otherwise', 'put', 'heat', 'resistent', 'metal', 'cooling', 'racks', 'oven', 'baking', 'sheets', 'work', 'well', 'fingers', 'flatten', 'piece', 'dough', 'tear', 'drop', 'shape', 'thick', 'moisten', 'hands', 'turn', 'naan', 'briefly', 'hands', 'moisten', 'place', 'stone/rack', 'bake', 'brown', 'tops', 'using', 'broiler', 'wrap', 'naan', 'towel', 'make', 'rest', 'note', 'dough', 'somewhat', 'sticky', 'might', 'get', 'small', 'amount', 'stuck', 'finger', 'stick', 'pan', 'sticky', 'enough', 'add', 'water', 'sticks', 'pan', 'add', 'flour', 'till', 'reach', 'correct', 'consistency']",Indian
4253,"['prepare', 'linguini', 'as', 'per', 'package', 'directions', 'for', 'al', 'dente', 'while', 'pasta', 'is', 'cooking', 'combine', 'beaten', 'eggs', 'milk', 'ground', 'black', 'pepper', 'and', 'parsley', 'also', 'cut', 'up', 'proscuitto', 'once', 'pasta', 'is', 'cooked', 'drain', 'and', 'return', 'to', 'hot', 'pasta', 'pan', 'and', 'toss', 'with', 'the', '2', 'tbsp', 'of', 'butter', 'until', 'pasta', 'well', 'coated', 'then', 'add', 'egg', 'mixture', 'to', 'hot', 'pasta', 'and', 'continue', 'to', 'toss', 'until', 'pasta', 'has', 'cooked', 'to', 'linguini', 'noodles', 'then', 'add', 'proscuitto', 'and', 'toss', 'until', 'added', 'to', 'noodles', 'and', 'then', 'add', 'parmesano', 'and', 'toss', 'best', 'served', 'immediately']","['prepare', 'linguini', 'per', 'package', 'directions', 'al', 'dente', 'pasta', 'cooking', 'combine', 'beaten', 'eggs', 'milk', 'ground', 'black', 'pepper', 'parsley', 'also', 'cut', 'proscuitto', 'pasta', 'cooked', 'drain', 'return', 'hot', 'pasta', 'pan', 'toss', 'butter', 'pasta', 'well', 'coated', 'add', 'egg', 'mixture', 'hot', 'pasta', 'continue', 'toss', 'pasta', 'cooked', 'linguini', 'noodles', 'add', 'proscuitto', 'toss', 'added', 'noodles', 'add', 'parmesano', 'toss', 'best', 'served', 'immediately']",Italian
10021,"['heat', 'pan', 'and', 'dry-roast', '1', 'tablespoons', 'of', 'the', 'cumin', 'seeds', 'until', 'they', 'turn', 'fragrant', 'set', 'aside', 'heat', 'the', 'oil', 'in', 'a', 'pan', 'and', 'fry', 'the', 'remaining', 'cumin', 'seeds', 'peppercorns', 'and', 'cardamoms', 'till', 'aromatic', 'add', 'the', 'chillies', 'garlic', 'and', 'ginger', 'add', 'the', 'ground', 'coriander', 'and', 'cumin', 'and', 'salt', 'and', 'cook', 'for', 'another', '2-3', 'minutes', 'add', 'the', 'chicken', 'pieces', 'stir', 'and', 'mix', 'thoroughly', 'with', 'the', 'spices', 'cover', 'pan', 'and', 'simmer', 'for', '20', 'minutes', 'approximately', 'add', 'the', 'garam', 'masala', 'and', 'the', 'reserved', 'cumin', 'seeds', 'from', 'the', 'first', 'step', 'and', 'allow', 'to', 'cook', 'an', 'additional', '5', 'minutes', 'garnish', 'with', 'chopped', 'cilantro', 'and', 'serve', 'with', 'a', 'raita', 'on', 'the', 'side', 'if', 'desired']","['heat', 'pan', 'dry', 'roast', 'cumin', 'seeds', 'turn', 'fragrant', 'set', 'aside', 'heat', 'oil', 'pan', 'fry', 'remaining', 'cumin', 'seeds', 'peppercorns', 'cardamoms', 'till', 'aromatic', 'add', 'chillies', 'garlic', 'ginger', 'add', 'ground', 'coriander', 'cumin', 'salt', 'cook', 'another', 'add', 'chicken', 'pieces', 'stir', 'mix', 'thoroughly', 'spices', 'cover', 'pan', 'simmer', 'approximately', 'add', 'garam', 'masala', 'reserved', 'cumin', 'seeds', 'first', 'step', 'allow', 'cook', 'additional', 'garnish', 'chopped', 'cilantro', 'serve', 'raita', 'side', 'desired']",Indian
305,"['cook', 'sausage', 'according', 'to', 'the', 'package', 'directions', 'meanwhile', 'cook', 'pasta', 'according', 'to', 'package', 'directions', 'cool', 'sausage', 'slightly', 'cut', 'into', '1/2-in', 'coin', 'slices', 'set', 'aside', 'combine', 'alfredo', 'sauce', 'and', 'pesto', 'in', 'a', 'large', 'bowl', 'add', 'sausage', 'drain', 'pasta', 'add', 'to', 'sausage', 'sauce', 'mixture', 'toss', 'to', 'combine', 'sprinkle', 'with', 'parmesan', 'serve', 'immediately']","['cook', 'sausage', 'according', 'package', 'directions', 'meanwhile', 'cook', 'pasta', 'according', 'package', 'directions', 'cool', 'sausage', 'slightly', 'cut', '1/2', 'coin', 'slices', 'set', 'aside', 'combine', 'alfredo', 'sauce', 'pesto', 'large', 'bowl', 'add', 'sausage', 'drain', 'pasta', 'add', 'sausage', 'sauce', 'mixture', 'toss', 'combine', 'sprinkle', 'parmesan', 'serve', 'immediately']",Italian
10105,"['wash', 'rice', 'under', 'cold', 'tap', 'water', 'and', 'set', 'aside', 'to', 'drain', 'in', 'a', '2', 'quart', 'saucepan', 'heat', 'ghee', 'over', 'medium', 'heat', 'add', 'mustard', 'and', 'cumin', 'seeds', 'when', 'the', 'mustard', 'seeds', 'sputter', 'and', 'pop', 'add', 'water', 'rice', 'and', 'salt', 'bring', 'to', 'a', 'boil', 'cover', 'and', 'reduce', 'heat', 'to', 'low', 'simmer', 'untouched', 'for', '45-50', 'minutes', 'take', 'off', 'the', 'heat', 'and', 'allow', 'the', 'rice', 'to', 'set', 'for', '5', 'minutes', 'just', 'before', 'serving', 'add', 'black', 'pepper', 'and', 'fluff', 'the', 'grains', 'with', 'a', 'fork', 'serve', 'hot']","['wash', 'rice', 'cold', 'tap', 'water', 'set', 'aside', 'drain', 'saucepan', 'heat', 'ghee', 'medium', 'heat', 'add', 'mustard', 'cumin', 'seeds', 'mustard', 'seeds', 'sputter', 'pop', 'add', 'water', 'rice', 'salt', 'bring', 'boil', 'cover', 'reduce', 'heat', 'low', 'simmer', 'untouched', 'take', 'heat', 'allow', 'rice', 'set', 'serving', 'add', 'black', 'pepper', 'fluff', 'grains', 'fork', 'serve', 'hot']",Indian
7976,"['mix', 'flour', 'baking', 'powder', 'salt', 'gradually', 'stir', 'in', 'oil', 'water', 'to', 'make', 'a', 'soft', 'dough', 'stir', 'until', 'dough', 'is', 'smooth', 'shiny', 'cover', 'set', 'aside', '30', 'minutes', 'shape', 'dough', 'into', '16', 'balls', 'the', 'size', 'of', 'an', 'egg', 'roll', 'out', 'on', 'lightly', 'floured', 'board', '1/2', 'inch', 'thick', 'heat', 'oil', '3', 'inches', 'deep', 'until', 'hot', 'fry', 'dough', 'one', 'at', 'a', 'time', 'turning', 'with', 'a', 'fork', 'until', 'puffy', 'golden', 'brown', 'drain', 'on', 'paper', 'towels']","['mix', 'flour', 'baking', 'powder', 'salt', 'gradually', 'stir', 'oil', 'water', 'make', 'soft', 'dough', 'stir', 'dough', 'smooth', 'shiny', 'cover', 'set', 'aside', 'shape', 'dough', 'balls', 'size', 'egg', 'roll', 'lightly', 'floured', 'board', 'thick', 'heat', 'oil', 'deep', 'hot', 'fry', 'dough', 'one', 'time', 'turning', 'fork', 'puffy', 'golden', 'brown', 'drain', 'paper', 'towels']",Indian
11953,"['drain', 'pear', 'halves', 'and', 'reserve', '1/3', 'cup', 'of', 'the', 'liquid', 'place', 'pear', 'halves', 'in', 'shallow', '1', '1/2-quart', 'heat-resistant', 'glass', 'baking', 'dish', 'in', 'a', 'small', 'heat-resistant', 'glass', 'bowl', 'melt', 'butter', 'or', 'margarine', 'in', 'microwave', 'oven', '30', 'seconds', 'stir', 'in', 'reserved', 'pear', 'liquid', 'brown', 'sugar', 'and', 'curry', 'powder', 'to', 'taste', 'spread', 'curry', 'mixture', 'over', 'pears', 'and', 'heat', 'uncovered', 'in', 'microwave', 'oven', '3-5', 'minutes', 'or', 'until', 'heated', 'through', 'serve', 'warm', 'with', 'dollops', 'of', 'sour', 'cream', 'or', 'plain', 'yogurt', 'if', 'desired']","['drain', 'pear', 'halves', 'reserve', 'liquid', 'place', 'pear', 'halves', 'shallow', '1/2', 'quart', 'heat', 'resistant', 'glass', 'baking', 'dish', 'small', 'heat', 'resistant', 'glass', 'bowl', 'melt', 'butter', 'margarine', 'microwave', 'oven', 'seconds', 'stir', 'reserved', 'pear', 'liquid', 'brown', 'sugar', 'curry', 'powder', 'taste', 'spread', 'curry', 'mixture', 'pears', 'heat', 'uncovered', 'microwave', 'oven', 'heated', 'serve', 'warm', 'dollops', 'sour', 'cream', 'plain', 'yogurt', 'desired']",Indian
215,"['mince', 'the', 'prosciutto', 'garlic', 'and', 'rosemary', 'leaves', 'together', 'cook', 'the', 'mixture', 'over', 'medium', 'heat', 'until', 'the', 'prosciutto', 'just', 'starts', 'to', 'brown', 'fold', 'in', 'the', 'tomatoes', 'or', 'bellissima', 'salsa', 'di', 'pomodoro', '124000', 'sauce', 'flavor', 'with', 'salt', 'and', 'bring', 'to', 'gentle', 'boil', 'cover', 'and', 'simmer', 'for', '30-45', 'minutes', 'on', 'low', 'heat', 'or', 'until', 'it', 'has', 'reduced', 'to', 'a', 'coating', 'consistency', 'boil', 'and', 'cook', 'penne', 'until', 'al', 'dente', 'drain', 'and', 'return', 'to', 'pot', 'stir', 'in', 'the', 'tomato', 'sauce', 'and', 'heavy', 'cream', 'and', 'spread', 'evenly', 'on', 'the', 'penne', 'serve', 'hot', 'add', 'chili', 'flakes', 'and', 'extra', 'salt', 'if', 'desired']","['mince', 'prosciutto', 'garlic', 'rosemary', 'leaves', 'together', 'cook', 'mixture', 'medium', 'heat', 'prosciutto', 'starts', 'brown', 'fold', 'tomatoes', 'bellissima', 'salsa', 'di', 'pomodoro', 'sauce', 'flavor', 'salt', 'bring', 'gentle', 'boil', 'cover', 'simmer', 'low', 'heat', 'reduced', 'coating', 'consistency', 'boil', 'cook', 'penne', 'al', 'dente', 'drain', 'return', 'pot', 'stir', 'tomato', 'sauce', 'heavy', 'cream', 'spread', 'evenly', 'penne', 'serve', 'hot', 'add', 'chili', 'flakes', 'extra', 'salt', 'desired']",Italian
9093,"['process', 'watermelon', 'and', 'sugar', 'in', 'a', 'blender', 'or', 'food', 'processor', 'until', 'smooth', 'mix', 'gelatin', 'and', 'the', 'cranberry', 'juice', 'in', 'a', 'small', 'saucepan', 'allow', 'to', 'stand', 'for', 'five', 'minutes', 'stir', 'continuosly', 'on', 'low', 'heat', 'until', 'the', 'gelatin', 'is', 'dissolved', 'add', 'to', 'the', 'melon', 'mixture', 'pour', 'into', 'an', '8x8x2', 'inch', 'baking', 'pan', 'cover', 'and', 'freeze', 'until', 'firm', 'about', '2', 'hours', 'remove', 'from', 'freezer', 'break', 'up', 'the', 'mixture', 'and', 'put', 'in', 'a', 'chilled', 'mixer', 'bowl', 'beat', 'using', 'an', 'electric', 'beater', 'on', 'medium-high', 'speed', 'or', 'until', 'the', 'mixture', 'is', 'fluffy', 'return', 'to', 'pan', 'cover', 'and', 'freeze', 'for', '6', 'hours', 'or', 'until', 'firm', 'enjoy']","['process', 'watermelon', 'sugar', 'blender', 'food', 'processor', 'smooth', 'mix', 'gelatin', 'cranberry', 'juice', 'small', 'saucepan', 'allow', 'stand', 'five', 'stir', 'continuosly', 'low', 'heat', 'gelatin', 'dissolved', 'add', 'melon', 'mixture', 'pour', '8x8x2', 'baking', 'pan', 'cover', 'freeze', 'firm', 'remove', 'freezer', 'break', 'mixture', 'put', 'chilled', 'mixer', 'bowl', 'beat', 'using', 'electric', 'beater', 'medium', 'high', 'speed', 'mixture', 'fluffy', 'return', 'pan', 'cover', 'freeze', 'firm', 'enjoy']",Indian
3888,"['heat', 'the', 'oven', 'to', '180°c', 'soak', 'the', 'breadcrumbs', 'in', 'the', 'milk', 'lightly', 'fry', 'the', 'shallots', 'garlic', 'and', 'chilli', 'when', 'they', 'have', 'sweated', 'down', 'add', 'the', 'white', 'wine', 'and', 'reduce', 'for', 'a', 'minute', 'or', '2', 'until', 'it', 'has', 'almost', 'evaporated', 'add', 'the', 'tomatoes', 'along', 'with', 'the', 'basil', 'oregano', 'and', 'finally', 'the', 'olives', 'simmer', 'to', 'reduce', 'this', 'should', 'take', '5-10', 'mins', 'while', 'the', 'tomato', 'sauce', 'is', 'cooking', 'make', 'up', 'the', 'meatballs', 'into', 'the', 'mince', 'add', 'the', 'parsley', 'parmesan', 'garlic', 'and', 'add', 'soaked', 'breadcrumbs', 'mix', 'well', 'season', 'with', 'a', 'little', 'salt', 'and', 'pepper', 'shape', 'into', 'walnut', 'sized', 'balls', 'and', 'lightly', 'coat', 'the', 'meatballs', 'in', 'the', 'flour', 'and', 'fry', 'in', 'hot', 'olive', 'oil', 'until', 'golden', 'add', 'the', 'meatballs', 'to', 'the', 'tomato', 'sauce', 'and', 'bake', 'in', 'the', 'oven', 'for', '10', 'minutes', 'serve', 'with', 'basmati', 'rice', 'or', 'choice', 'of', 'pasta']","['heat', 'oven', '180°c', 'soak', 'breadcrumbs', 'milk', 'lightly', 'fry', 'shallots', 'garlic', 'chilli', 'sweated', 'add', 'white', 'wine', 'reduce', 'almost', 'evaporated', 'add', 'tomatoes', 'along', 'basil', 'oregano', 'finally', 'olives', 'simmer', 'reduce', 'take', 'mins', 'tomato', 'sauce', 'cooking', 'make', 'meatballs', 'mince', 'add', 'parsley', 'parmesan', 'garlic', 'add', 'soaked', 'breadcrumbs', 'mix', 'well', 'season', 'little', 'salt', 'pepper', 'shape', 'walnut', 'sized', 'balls', 'lightly', 'coat', 'meatballs', 'flour', 'fry', 'hot', 'olive', 'oil', 'golden', 'add', 'meatballs', 'tomato', 'sauce', 'bake', 'oven', 'serve', 'basmati', 'rice', 'choice', 'pasta']",Italian
2288,"['put', 'chicken', 'breasts', 'in', 'zip', 'lock', 'bag', 'with', 'italian', 'dressing', 'and', 'marinate', 'for', 'at', 'least', '2', 'hours', 'i', 'usually', 'go', 'overnight', 'when', 'possible', 'boil', 'pasta', 'per', 'directions', 'on', 'the', 'box', 'melt', 'butter', 'under', 'medium', 'low', 'heat', 'add', 'cream', 'and', 'wine', 'stir', 'and', 'slowly', 'add', 'cheese', 'to', 'melt', 'experiment', 'with', 'tempature', 'and', 'speed', 'it', 'can', 'vary', 'depending', 'on', 'cheeses', 'used', 'add', 'lemon', 'juice', 'after', 'cheese', 'is', 'melted', 'grill', 'or', 'pan', 'fry', 'chicken', 'breasts', 'spoon', 'sauce', 'over', 'chicken', 'and', 'pasta', 'garnish', 'with', 'lemon', 'slices']","['put', 'chicken', 'breasts', 'zip', 'lock', 'bag', 'italian', 'dressing', 'marinate', 'least', 'usually', 'go', 'overnight', 'possible', 'boil', 'pasta', 'per', 'directions', 'box', 'melt', 'butter', 'medium', 'low', 'heat', 'add', 'cream', 'wine', 'stir', 'slowly', 'add', 'cheese', 'melt', 'experiment', 'tempature', 'speed', 'vary', 'depending', 'cheeses', 'used', 'add', 'lemon', 'juice', 'cheese', 'melted', 'grill', 'pan', 'fry', 'chicken', 'breasts', 'spoon', 'sauce', 'chicken', 'pasta', 'garnish', 'lemon', 'slices']",Italian
7102,"['preheat', 'the', 'oven', 'to', '375°f', 'bring', 'a', 'pan', 'of', 'water', 'to', 'a', 'boil', 'and', 'add', 'the', 'rice', 'salt', 'cardamom', 'pods', 'cloves', 'and', 'cinnamon', 'stick', 'boil', 'for', 'two', 'minutes', 'and', 'then', 'drain', 'leaving', 'the', 'whole', 'spices', 'in', 'the', 'rice', 'heat', 'the', 'oil', 'in', 'a', 'pan', 'and', 'fry', 'the', 'onions', 'for', 'about', '8', 'minutes', 'until', 'browned', 'add', 'the', 'chicken', 'followed', 'by', 'the', 'ground', 'cloves', 'cardamom', 'chilies', 'cumin', 'coriander', 'black', 'pepper', 'garlic', 'ginger', 'and', 'lemon', 'juice', 'stir-fry', '5', 'minutes', 'transfer', 'the', 'chicken', 'mixture', 'to', 'a', 'casserole', 'and', 'lay', 'the', 'sliced', 'tomatoes', 'on', 'top', 'sprinkle', 'on', 'the', 'cilantro', 'spoon', 'on', 'the', 'plain', 'yogurt', 'and', 'top', 'with', 'drained', 'basmati', 'rice', 'drizzle', 'the', 'saffron', 'and', 'milk', 'over', 'the', 'rice', 'and', 'pour', 'on', '2/3', 'cup', 'water', 'cover', 'tightly', 'and', 'bake', 'in', 'the', 'oven', 'for', '1', 'hour', 'transfer', 'to', 'a', 'warmed', 'serving', 'platter', 'and', 'remove', 'the', 'whole', 'spices', 'from', 'the', 'rice', 'garnish', 'with', 'toasted', 'almonds', 'and', 'freshly', 'chopped', 'cilantro', 'and', 'serve', 'with', 'plain', 'yogurt']","['preheat', 'oven', '375°f', 'bring', 'pan', 'water', 'boil', 'add', 'rice', 'salt', 'cardamom', 'pods', 'cloves', 'cinnamon', 'stick', 'boil', 'two', 'drain', 'leaving', 'whole', 'spices', 'rice', 'heat', 'oil', 'pan', 'fry', 'onions', 'browned', 'add', 'chicken', 'followed', 'ground', 'cloves', 'cardamom', 'chilies', 'cumin', 'coriander', 'black', 'pepper', 'garlic', 'ginger', 'lemon', 'juice', 'stir', 'fry', 'transfer', 'chicken', 'mixture', 'casserole', 'lay', 'sliced', 'tomatoes', 'top', 'sprinkle', 'cilantro', 'spoon', 'plain', 'yogurt', 'top', 'drained', 'basmati', 'rice', 'drizzle', 'saffron', 'milk', 'rice', 'pour', 'water', 'cover', 'tightly', 'bake', 'oven', 'transfer', 'warmed', 'serving', 'platter', 'remove', 'whole', 'spices', 'rice', 'garnish', 'toasted', 'almonds', 'freshly', 'chopped', 'cilantro', 'serve', 'plain', 'yogurt']",Indian
6385,"['heat', 'oven', 'to', '400of', 'grease', '9-inch', 'pie', 'plate', 'sprinkle', 'parmesan', 'cheese', 'in', 'pie', 'plate', 'mix', 'chicken', '1/2', 'cup', 'of', 'the', 'mozzarella', 'cheese', 'the', 'oregano', 'basil', 'garlic', 'powder', 'and', 'tomato', 'paste', 'spoon', 'over', 'parmesan', 'cheese', 'stir', 'bisquick', 'mix', 'italian', 'seasoning', '1', 'tbsp', 'parmesan', 'cheese', 'milk', 'pepper', 'and', 'eggs', 'until', 'blended', 'pour', 'over', 'chicken', 'mixture', 'bake', '35', 'minutes', 'sprinkle', 'with', 'remaining', 'mozzarella', 'cheese', 'bake', '5', 'to', '8', 'minutes', 'or', 'longer', 'or', 'until', 'knife', 'inserted', 'in', 'center', 'comes', 'out', 'clean', 'cool', '5', 'minutes']","['heat', 'oven', '400of', 'grease', '9', 'inch', 'pie', 'plate', 'sprinkle', 'parmesan', 'cheese', 'pie', 'plate', 'mix', 'chicken', 'mozzarella', 'cheese', 'oregano', 'basil', 'garlic', 'powder', 'tomato', 'paste', 'spoon', 'parmesan', 'cheese', 'stir', 'bisquick', 'mix', 'italian', 'seasoning', 'parmesan', 'cheese', 'milk', 'pepper', 'eggs', 'blended', 'pour', 'chicken', 'mixture', 'bake', 'sprinkle', 'remaining', 'mozzarella', 'cheese', 'bake', 'longer', 'knife', 'inserted', 'center', 'comes', 'clean', 'cool']",Italian
2832,"['pound', 'chicken', 'breasts', 'between', 'pieces', 'of', 'plastic', 'wrap', 'until', '1/4', ""''"", 'thinck', 'in', 'shallow', 'dish', 'mix', 'flour', 'parmesan', 'cheese', 'italian', 'seasoning', 'and', 'salt', 'coat', 'chicken', 'with', 'flour', 'mixture', 'shake', 'off', 'excess', 'flour', 'heat', 'oil', 'in', 'skillet', 'over', 'medium-high', 'heat', 'add', 'chicken', 'cook', 'about', '8', 'minutes', 'turning', 'once', 'until', 'browned', 'on', 'outside', 'and', 'no', 'longer', 'pink', 'in', 'center', 'top', 'each', 'chicken', 'breast', 'with', '1', 'slice', 'prosciutto', 'and', '1', 'slice', 'mozzarella', 'cheese', 'cover', 'skillet', 'tightly', 'cook', '1', 'to', '2', 'minutes', 'or', 'until', 'cheese', 'is', 'melted', 'sprinkle', 'sage', 'over', 'chicken', 'remove', 'chicken', 'from', 'skillet', 'to', 'serving', 'platter', 'cover', 'loosely', 'with', 'tent', 'of', 'foil', 'being', 'careful', 'not', 'to', 'let', 'foil', 'touch', 'cheese', 'increase', 'heat', 'to', 'high', 'add', 'broth', 'to', 'skillet', 'heat', 'to', 'boiling', 'scraping', 'up', 'any', 'browned', 'bits', 'from', 'bottom', 'of', 'skillet', 'boil', 'about', '3', 'minutes', 'or', 'until', 'broth', 'is', 'reduced', 'to', 'about', '1/4', 'cup', 'remomve', 'from', 'heat', 'beat', 'in', 'butter', 'spoon', 'over', 'chicken']","['chicken', 'breasts', 'pieces', 'plastic', 'wrap', ""''"", 'thinck', 'shallow', 'dish', 'mix', 'flour', 'parmesan', 'cheese', 'italian', 'seasoning', 'salt', 'coat', 'chicken', 'flour', 'mixture', 'shake', 'excess', 'flour', 'heat', 'oil', 'skillet', 'medium', 'high', 'heat', 'add', 'chicken', 'cook', 'turning', 'browned', 'outside', 'longer', 'pink', 'center', 'top', 'chicken', 'breast', 'slice', 'prosciutto', 'slice', 'mozzarella', 'cheese', 'cover', 'skillet', 'tightly', 'cook', 'cheese', 'melted', 'sprinkle', 'sage', 'chicken', 'remove', 'chicken', 'skillet', 'serving', 'platter', 'cover', 'loosely', 'tent', 'foil', 'careful', 'let', 'foil', 'touch', 'cheese', 'increase', 'heat', 'high', 'add', 'broth', 'skillet', 'heat', 'boiling', 'scraping', 'browned', 'bits', 'bottom', 'skillet', 'boil', 'broth', 'reduced', 'remomve', 'heat', 'beat', 'butter', 'spoon', 'chicken']",Italian
12885,"['beat', 'together', 'eggs', 'onion', 'milk', 'chili', 'pepper', 'cilantrom', 'salt', 'and', 'pepper', 'using', 'a', 'non', 'stick', 'pan', 'make', 'an', 'omelet', 'as', 'you', 'normally', 'would', 'butter', 'each', 'slice', 'of', 'bread', 'fill', 'each', 'pair', 'of', 'bread', 'with', 'sliced', 'tomatoes', 'half', 'the', 'omelet', 'and', 'a', 'slice', 'of', 'cheese', 'enjoy']","['beat', 'together', 'eggs', 'onion', 'milk', 'chili', 'pepper', 'cilantrom', 'salt', 'pepper', 'using', 'non', 'stick', 'pan', 'make', 'omelet', 'normally', 'would', 'butter', 'slice', 'bread', 'fill', 'pair', 'bread', 'sliced', 'tomatoes', 'half', 'omelet', 'slice', 'cheese', 'enjoy']",Indian
12246,"['soak', 'rajma', 'in', 'water', 'for', '10', 'hours', 'change', 'water', 'and', 'pressure', 'cook', 'till', '2', 'whistles', 'directly', 'in', 'the', 'cooker', 'allow', 'to', 'cool', 'remove', 'lid', 'add', 'washed', 'and', 'sliced', 'mushrooms', 'and', 'tomatoes', 'close', 'the', 'lid', 'and', 'cook', 'till', 'another', 'whistle', 'sound', 'comes', 'fry', 'onions', 'in', 'oil', 'till', 'brown', 'and', 'grind', 'to', 'a', 'smooth', 'paste', 'along', 'with', '1', 'tbsp', 'cooked', 'rajma', 'salt', 'chilli', 'powder', 'sugar', 'and', 'garam', 'masala', 'powder', 'heat', 'little', 'oil', 'in', 'a', 'wok', 'add', 'green', 'chillies', 'mint', 'corriander', 'leaves', 'and', 'curry', 'leaves', 'grind', 'to', 'a', 'paste', 'fry', 'in', 'medium', 'flame', 'for', 'a', 'few', 'minutes', 'add', 'corriander-cumin', 'powder', 'stir', 'well', 'pour', 'curds', 'in', 'a', 'strainer', 'remove', 'extra', 'water', 'and', 'add', 'the', 'curd', 'alone', 'to', 'the', 'gravy', 'cook', 'for', '3', 'minutes', 'then', 'add', 'cooked', 'rajma', 'and', 'mushroom', 'mixture', 'with', 'that', 'cooked', 'water', 'boil', 'till', 'gravy', 'becomes', 'thick', 'enough', 'to', 'serve', 'sprinkle', 'grated', 'cheese', 'on', 'top', 'after', 'transfering', 'to', 'serving', 'dish']","['soak', 'rajma', 'water', 'change', 'water', 'pressure', 'cook', 'till', 'whistles', 'directly', 'cooker', 'allow', 'cool', 'remove', 'lid', 'add', 'washed', 'sliced', 'mushrooms', 'tomatoes', 'close', 'lid', 'cook', 'till', 'another', 'whistle', 'sound', 'comes', 'fry', 'onions', 'oil', 'till', 'brown', 'grind', 'smooth', 'paste', 'along', 'cooked', 'rajma', 'salt', 'chilli', 'powder', 'sugar', 'garam', 'masala', 'powder', 'heat', 'little', 'oil', 'wok', 'add', 'green', 'chillies', 'mint', 'corriander', 'leaves', 'curry', 'leaves', 'grind', 'paste', 'fry', 'medium', 'flame', 'add', 'corriander', 'cumin', 'powder', 'stir', 'well', 'pour', 'curds', 'strainer', 'remove', 'extra', 'water', 'add', 'curd', 'alone', 'gravy', 'cook', 'add', 'cooked', 'rajma', 'mushroom', 'mixture', 'cooked', 'water', 'boil', 'till', 'gravy', 'becomes', 'thick', 'enough', 'serve', 'sprinkle', 'grated', 'cheese', 'top', 'transfering', 'serving', 'dish']",Indian
8858,"['heat', '2', 'tablespoons', 'of', 'nut', 'oil', 'in', 'the', 'wok', 'fry', 'garlic', 'for', '1', 'minute', 'add', 'cumin', 'fry', 'further', '1', 'minute', 'add', 'chopped', 'ginger', 'fry', 'further', '1', 'minute', 'add', 'chillies', 'fry', '1', 'minute', 'add', 'chicken', 'and', 'stir', 'fry', 'for', 'minimum', '5', 'minutes', 'remove', 'chcken', 'with', 'slotted', 'spoon', 'and', 'put', 'to', 'one', 'side', 'leaving', 'the', 'oil', 'etc', 'in', 'the', 'wok', 'add', 'rest', 'of', 'oil', 'spices', 'fry', 'for', '1', 'minute', 'add', 'chopped', 'onions', 'add', 'more', 'oil', 'if', 'required', 'stir', 'for', '10', 'mins', 'on', 'low', 'heat', 'add', 'water', 'if', 'you', 'feel', 'it', 'is', 'drying', 'out', 'add', 'half', 'tin', 'tomatos', 'add', 'tomato', 'puree', 'add', 'most', 'of', 'corriander', 'leaves', 'leave', 'some', 'to', 'serve', 'as', 'garnish', 'mix', 'well', 'add', 'sweet', 'chilli', 'dip-in', 'sauce', 'to', 'taste', 'optional', 'add', 'large', 'tomato', 'slices', 'cook', 'for', '5', 'minutes', 'serve', 'with', 'rice', 'or', 'chapatis', 'or', 'both', 'garnish', 'with', 'some', 'coriander', 'leaves', 'quick', 'squirt', 'of', 'lemon', 'or', 'lime', 'juice']","['heat', 'nut', 'oil', 'wok', 'fry', 'garlic', 'add', 'cumin', 'fry', 'add', 'chopped', 'ginger', 'fry', 'add', 'chillies', 'fry', 'add', 'chicken', 'stir', 'fry', 'minimum', 'remove', 'chcken', 'slotted', 'spoon', 'put', 'one', 'side', 'leaving', 'oil', 'etc', 'wok', 'add', 'rest', 'oil', 'spices', 'fry', 'add', 'chopped', 'onions', 'add', 'oil', 'required', 'stir', 'mins', 'low', 'heat', 'add', 'water', 'feel', 'drying', 'add', 'half', 'tin', 'tomatos', 'add', 'tomato', 'puree', 'add', 'corriander', 'leaves', 'leave', 'serve', 'garnish', 'mix', 'well', 'add', 'sweet', 'chilli', 'dip', 'sauce', 'taste', 'optional', 'add', 'large', 'tomato', 'slices', 'cook', 'serve', 'rice', 'chapatis', 'garnish', 'coriander', 'leaves', 'quick', 'squirt', 'lemon', 'lime', 'juice']",Indian
12921,"['wash', 'rice', 'in', 'a', 'sieve', 'under', 'cold', 'running', 'water', 'until', 'water', 'runs', 'mostly', 'clear', 'place', 'rice', 'in', 'a', 'bowl', 'with', 'fresh', 'cold', 'water', 'and', 'let', 'sit', '30', 'minutes', 'drain', 'well', 'heat', 'oil', 'in', 'a', 'larger', 'sauté', 'pan', 'and', 'lightly', 'sauté', 'the', 'onion', 'and', 'garlic', 'until', 'translucent', 'about', '5', 'minutes', 'add', 'the', 'rice', 'cumin', 'seeds', 'coriander', 'cardamom', 'and', 'bay', 'leaf', 'toss', 'rice', 'to', 'coat', 'well', 'with', 'the', 'seasonings', 'and', 'lightly', 'sauté', '2', 'minutes', 'add', 'broth', 'and', 'season', 'with', 'salt', 'and', 'pepper', 'bring', 'to', 'a', 'boil', 'cover', 'and', 'reduce', 'heat', 'to', 'low', 'and', 'cook', '10', 'minutes', 'do', 'not', 'lift', 'lid', 'remove', 'from', 'heat', 'and', 'allow', 'to', 'sit', '5', 'minutes', 'before', 'lifting', 'lid', 'add', 'nuts', 'and', 'toss', 'to', 'combine', 'garnish', 'with', 'fresh', 'chopped', 'cilantro', 'for', 'vegetarians', 'use', 'the', 'vegetable', 'broth']","['wash', 'rice', 'sieve', 'cold', 'running', 'water', 'water', 'runs', 'mostly', 'clear', 'place', 'rice', 'bowl', 'fresh', 'cold', 'water', 'let', 'sit', 'drain', 'well', 'heat', 'oil', 'larger', 'sauté', 'pan', 'lightly', 'sauté', 'onion', 'garlic', 'translucent', 'add', 'rice', 'cumin', 'seeds', 'coriander', 'cardamom', 'bay', 'leaf', 'toss', 'rice', 'coat', 'well', 'seasonings', 'lightly', 'sauté', 'add', 'broth', 'season', 'salt', 'pepper', 'bring', 'boil', 'cover', 'reduce', 'heat', 'low', 'cook', 'lift', 'lid', 'remove', 'heat', 'allow', 'sit', 'lifting', 'lid', 'add', 'nuts', 'toss', 'combine', 'garnish', 'fresh', 'chopped', 'cilantro', 'vegetarians', 'use', 'vegetable', 'broth']",Indian
11048,"['marinate', 'the', 'shrimp', 'in', 'the', 'lemon', 'juice', 'and', 'salt', 'for', '1', 'hour', 'heat', 'the', 'oil', 'in', 'a', 'pan', 'a', 'dekshi', 'in', 'calcutta', 'add', 'the', 'onion', 'and', 'stir', 'fry', 'it', 'over', 'moderate', 'heat', 'until', 'it', 'turns', 'light', 'brown', 'add', 'the', 'garlic', 'and', 'ginger', 'and', 'stir', 'fry', 'another', 'minute', 'add', 'the', 'tomato', 'and', 'mix', 'well', 'add', 'the', 'cumin', 'coriander', 'turmeric', 'and', 'chili', 'flakes', 'and', 'stir', 'for', 'a', 'minute', 'or', 'two', 'to', 'integrate', 'all', 'the', 'seasonings', 'add', 'the', 'shrimp', 'and', 'marinade', 'bamboo', 'shoots', 'and', 'the', 'coconut', 'milk', 'and', 'water', 'simmer', 'the', 'mixture', 'over', 'low', 'heat', 'for', '15-20', 'minutes', 'adjust', 'the', 'salt', 'if', 'necessary', 'remove', 'the', 'pan', 'from', 'the', 'heat', 'cover', 'and', 'let', 'stand', 'for', '10', 'minutes', 'which', 'allows', 'the', 'coconut', 'milk', 'to', 'be', 'absorbed', 'by', 'the', 'shrimp', 'and', 'bamboo', 'shoots', 'garnish', 'with', 'the', 'fresh', 'coriander', 'serve', 'warm', 'with', 'white', 'rice', 'and', 'a', 'variety', 'of', 'table', 'chutneys', 'and', 'pickles']","['marinate', 'shrimp', 'lemon', 'juice', 'salt', 'heat', 'oil', 'pan', 'dekshi', 'calcutta', 'add', 'onion', 'stir', 'fry', 'moderate', 'heat', 'turns', 'light', 'brown', 'add', 'garlic', 'ginger', 'stir', 'fry', 'another', 'add', 'tomato', 'mix', 'well', 'add', 'cumin', 'coriander', 'turmeric', 'chili', 'flakes', 'stir', 'two', 'integrate', 'seasonings', 'add', 'shrimp', 'marinade', 'bamboo', 'shoots', 'coconut', 'milk', 'water', 'simmer', 'mixture', 'low', 'heat', 'adjust', 'salt', 'necessary', 'remove', 'pan', 'heat', 'cover', 'let', 'stand', 'allows', 'coconut', 'milk', 'absorbed', 'shrimp', 'bamboo', 'shoots', 'garnish', 'fresh', 'coriander', 'serve', 'warm', 'white', 'rice', 'variety', 'table', 'chutneys', 'pickles']",Indian
244,"['preheat', 'oven', 'to', '500°f', 'or', 'according', 'to', 'the', 'directions', 'of', 'your', 'pizza', 'dough', 'recipe', 'chop', 'artichoke', 'hearts', 'into', 'bite-sized', 'chunks', 'spread', 'pesto', 'over', 'pizza', 'crust', 'top', 'with', 'chopped', 'arugula', 'and', 'then', 'chunks', 'of', 'artichoke', 'heart', 'drizzle', 'lightly', 'with', 'white', 'balsamic', 'vinegar', 'optional', 'top', 'with', 'red', 'onion', 'olives', 'and', 'pine', 'nuts', 'sprinkle', 'with', 'cheese', 's', 'drizzle', 'lightly', 'with', 'olive', 'oil', 'optional', 'bake', '10-12', 'minutes', 'or', 'according', 'to', 'the', 'directions', 'of', 'your', 'pizza', 'dough', 'recipe']","['preheat', 'oven', '500°f', 'according', 'directions', 'pizza', 'dough', 'recipe', 'chop', 'artichoke', 'hearts', 'bite', 'sized', 'chunks', 'spread', 'pesto', 'pizza', 'crust', 'top', 'chopped', 'arugula', 'chunks', 'artichoke', 'heart', 'drizzle', 'lightly', 'white', 'balsamic', 'vinegar', 'optional', 'top', 'red', 'onion', 'olives', 'pine', 'nuts', 'sprinkle', 'cheese', 'drizzle', 'lightly', 'olive', 'oil', 'optional', 'bake', 'according', 'directions', 'pizza', 'dough', 'recipe']",Italian
5398,"['sautee', 'vegetables', 'in', 'chicken', 'broth', 'until', 'slightly', 'tender', 'about', '5', 'minutes', 'add', 'a', 'little', 'more', 'broth', 'if', 'it', 'becomes', 'too', 'dry', 'add', 'diced', 'tomatoes', 'tomato', 'sauce', 'tomato', 'paste', 'wine', 'basil', 'oregano', 'sugar', 'salt', 'pepper', 'bring', 'to', 'a', 'boil', 'reduce', 'heat', 'and', 'simmer', 'for', '1', 'hour', 'combine', 'cottage', 'cheese', 'parmesan', 'cheese', 'and', '1/2', 'cup', 'of', 'mozzarella', 'in', 'a', 'bowl', 'spoon', 'a', 'little', 'of', 'the', 'sauce', 'in', 'the', 'bottom', 'of', 'a', '9x13', 'pan', 'place', '3', 'lasagna', 'noodles', 'on', 'the', 'sauce', 'spread', 'half', 'of', 'the', 'cottage', 'cheese', 'mixture', 'over', 'the', 'noodles', 'add', '1/3', 'of', 'the', 'sauce', 'add', '3', 'more', 'noodles', 'the', 'other', 'half', 'of', 'the', 'cottage', 'cheese', 'mixture', 'and', '1/3', 'of', 'the', 'sauce', 'add', '3', 'more', 'noodles', 'and', 'the', 'rest', 'of', 'the', 'sauce', 'top', 'with', 'remaining', 'cup', 'of', 'mozzarella', 'cheese', 'cover', 'with', 'foil', 'and', 'bake', 'at', '350', 'degrees', 'for', '30', 'minutes', 'remove', 'foil', 'and', 'continue', 'baking', '20', '30', 'more', 'minutes']","['sautee', 'vegetables', 'chicken', 'broth', 'slightly', 'tender', 'add', 'little', 'broth', 'becomes', 'dry', 'add', 'diced', 'tomatoes', 'tomato', 'sauce', 'tomato', 'paste', 'wine', 'basil', 'oregano', 'sugar', 'salt', 'pepper', 'bring', 'boil', 'reduce', 'heat', 'simmer', 'combine', 'cottage', 'cheese', 'parmesan', 'cheese', 'mozzarella', 'bowl', 'spoon', 'little', 'sauce', 'bottom', '9x13', 'pan', 'place', 'lasagna', 'noodles', 'sauce', 'spread', 'half', 'cottage', 'cheese', 'mixture', 'noodles', 'add', 'sauce', 'add', 'noodles', 'half', 'cottage', 'cheese', 'mixture', 'sauce', 'add', 'noodles', 'rest', 'sauce', 'top', 'remaining', 'mozzarella', 'cheese', 'cover', 'foil', 'bake', 'remove', 'foil', 'continue', 'baking']",Italian
3510,"['prepare', 'cake', 'as', 'directed', 'on', 'box', 'and', 'pour', 'into', 'a', 'greased', 'and', 'floured', '9', 'x', '13', 'inch', 'pan', 'in', 'a', 'separate', 'bowl', 'combine', 'ricotta', 'cheese', 'sugar', 'eggs', 'and', 'vanilla', 'mix', 'well', 'spoon', 'over', 'unbaked', 'cake', 'bake', 'at', '350', 'degrees', 'for', '1', 'hour', 'cool', 'mix', 'instant', 'pudding', 'with', 'milk', 'fold', 'in', 'whipped', 'topping', 'spread', 'over', 'cake', 'refrigerate']","['prepare', 'cake', 'directed', 'box', 'pour', 'greased', 'floured', 'x', 'pan', 'separate', 'bowl', 'combine', 'ricotta', 'cheese', 'sugar', 'eggs', 'vanilla', 'mix', 'well', 'spoon', 'unbaked', 'cake', 'bake', 'cool', 'mix', 'instant', 'pudding', 'milk', 'fold', 'whipped', 'topping', 'spread', 'cake', 'refrigerate']",Italian
2045,"['to', 'start', 'i', 'chill', 'the', 'bowl', 'i', 'will', 'be', 'whipping', 'the', 'cream', 'in', 'combine', 'egg', 'yolks', 'and', 'sugar', 'in', 'the', 'top', 'of', 'a', 'double', 'boiler', 'i', 'do', 'this', 'over', 'boiling', 'water', 'reduce', 'heat', 'to', 'low', 'cook', 'for', 'about', '10', 'minutes', 'and', 'do', ""n't"", 'go', 'anywhere', 'stir', 'it', 'constantly', 'remove', 'the', 'mixture', 'from', 'heat', 'and', 'whip', 'the', 'yolks', 'until', 'its', 'thick', 'add', 'the', 'mascarpone', 'to', 'the', 'whipped', 'yolks', 'beat', 'until', 'combined', 'pull', 'your', 'chilled', 'bowl', 'out', 'of', 'fridge', 'and', 'whip', 'the', 'cream', 'until', 'the', 'stiff', 'peaks', 'are', 'formed', 'gently', 'fold', 'into', 'yolk', 'mixture', 'and', 'set', 'aside', 'split', 'the', 'lady', 'fingers', 'in', 'half', 'here', ""'s"", 'my', 'ladyfingers', 'recipe', 'line', 'the', 'bottom', 'and', 'sides', 'of', 'your', 'serving', 'bowl', 'with', 'the', 'ladyfingers', 'brush', 'the', 'lady', 'fingers', 'with', 'the', 'kahlua', 'or', 'your', 'substitution', 'spoon', 'half', 'of', 'the', 'cream', 'filling', 'over', 'the', 'lady', 'fingers', 'now', 'you', 'are', 'going', 'to', 'layer', 'using', 'ladyfingers', 'brushed', 'kahlua', 'and', 'filling', 'keep', 'going', 'till', 'you', 'run', 'out', 'of', 'lady', 'fingers', 'the', 'top', 'layer', 'of', 'filling', 'is', 'finished', 'off', 'with', 'cocoa', 'or', 'chocolate', 'curls', 'or', 'both', 'big', 'success', 'hint', '``', 'ya', 'got', 'ta', 'refrigerate', 'several', 'hours', 'or', 'overnight', 'to', 'get', 'the', 'flavors', 'to', 'mingle', '``']","['start', 'chill', 'bowl', 'whipping', 'cream', 'combine', 'egg', 'yolks', 'sugar', 'top', 'double', 'boiler', 'boiling', 'water', 'reduce', 'heat', 'low', 'cook', 'go', 'anywhere', 'stir', 'constantly', 'remove', 'mixture', 'heat', 'whip', 'yolks', 'thick', 'add', 'mascarpone', 'whipped', 'yolks', 'beat', 'combined', 'pull', 'chilled', 'bowl', 'fridge', 'whip', 'cream', 'stiff', 'peaks', 'formed', 'gently', 'fold', 'yolk', 'mixture', 'set', 'aside', 'split', 'lady', 'fingers', 'half', 'ladyfingers', 'recipe', 'line', 'bottom', 'sides', 'serving', 'bowl', 'ladyfingers', 'brush', 'lady', 'fingers', 'kahlua', 'substitution', 'spoon', 'half', 'cream', 'filling', 'lady', 'fingers', 'going', 'layer', 'using', 'ladyfingers', 'brushed', 'kahlua', 'filling', 'keep', 'going', 'till', 'run', 'lady', 'fingers', 'top', 'layer', 'filling', 'finished', 'cocoa', 'chocolate', 'curls', 'big', 'success', 'hint', '``', 'ya', 'got', 'ta', 'refrigerate', 'several', 'overnight', 'get', 'flavors', 'mingle', '``']",Italian
1637,"['put', 'all', 'the', 'vinaigrette', 'ingredients', 'into', 'a', 'screwtop', 'jar', 'shake', 'well', 'and', 'set', 'aside', 'fry', 'the', 'pancetta', 'in', 'a', 'small', 'frying', 'pan', 'until', 'very', 'crisp', 'then', 'drain', 'on', 'kitchen', 'paper', 'slice', 'the', 'potatoes', 'into', '1/2in', 'thick', 'pieces', 'and', 'place', 'in', 'a', 'large', 'bowl', 'add', 'the', 'pancetta', 'onion', 'parsley', 'the', 'remaining', 'salt', 'the', 'pepper', 'and', 'vinaigrette', 'mix', 'gently', 'and', 'serve', 'immediately']","['put', 'vinaigrette', 'ingredients', 'screwtop', 'jar', 'shake', 'well', 'set', 'aside', 'fry', 'pancetta', 'small', 'frying', 'pan', 'crisp', 'drain', 'kitchen', 'paper', 'slice', 'potatoes', '1/2in', 'thick', 'pieces', 'place', 'large', 'bowl', 'add', 'pancetta', 'onion', 'parsley', 'remaining', 'salt', 'pepper', 'vinaigrette', 'mix', 'gently', 'serve', 'immediately']",Italian
4257,"['bring', 'a', 'large', 'pot', 'of', 'salted', 'water', 'to', 'a', 'boil', 'add', 'the', 'pasta', 'and', 'cook', 'stirring', 'often', 'until', 'it', ""'s"", 'just', 'tender', 'about', '9', 'minutes', 'scoop', 'out', '1', 'cup', 'of', 'the', 'pasta', 'water', 'and', 'set', 'aside', 'then', 'stir', 'in', 'the', 'asparagus', 'and', 'cook', 'until', 'both', 'the', 'penne', 'and', 'the', 'asparagus', 'are', 'tender', 'about', '2', 'minutes', 'drain', 'well', 'and', 'return', 'the', 'asparagus', 'and', 'pasta', 'to', 'the', 'pot', 'along', 'with', '3/4', 'cup', 'of', 'the', 'parmigiano-reggiano', 'cream', '1/2', 'cup', 'of', 'the', 'reserved', 'pasta', 'water', 'and', '1/2', 'tsp', 'black', 'pepper', 'set', 'over', 'medium', 'heat', 'and', 'cook', 'stirring', 'for', 'a', 'couple', 'of', 'minutes', 'so', 'cheese', 'melts', 'add', 'more', 'of', 'the', 'pasta', 'water', 'if', 'mixture', 'becomes', 'dry', 'stir', 'in', 'the', 'chives', 'lemon', 'zest', 'and', 'the', 'lemon', 'juice', 'season', 'generously', 'with', 'salt', 'pepper', 'and', 'more', 'lemon', 'juice', 'to', 'taste', 'serve', 'with', 'a', 'sprinkling', 'of', 'the', 'remaining', 'parmigiano-reggiano']","['bring', 'large', 'pot', 'salted', 'water', 'boil', 'add', 'pasta', 'cook', 'stirring', 'often', 'tender', 'scoop', 'pasta', 'water', 'set', 'aside', 'stir', 'asparagus', 'cook', 'penne', 'asparagus', 'tender', 'drain', 'well', 'return', 'asparagus', 'pasta', 'pot', 'along', 'parmigiano', 'reggiano', 'cream', 'reserved', 'pasta', 'water', 'black', 'pepper', 'set', 'medium', 'heat', 'cook', 'stirring', 'couple', 'cheese', 'melts', 'add', 'pasta', 'water', 'mixture', 'becomes', 'dry', 'stir', 'chives', 'lemon', 'zest', 'lemon', 'juice', 'season', 'generously', 'salt', 'pepper', 'lemon', 'juice', 'taste', 'serve', 'sprinkling', 'remaining', 'parmigiano', 'reggiano']",Italian
9686,"['saute', 'onion', 'in', 'a', 'little', 'oil', 'til', 'soft', 'add', 'curry', 'powder', 'and', 'turmeric.saute', 'for', '30', 'sec', 'do', ""n't"", 'let', 'burn', 'add', 'chopped', 'tomatoes', 'and', 'cook', 'down', 'to', 'a', 'paste', 'add', 'garlic', 'and', 'ginger', 'add', 'chicken', 'and', 'potatoes', 'salt', 'to', 'taste', 'and', 'let', 'simmer', 'until', 'chicken', 'and', 'potatoes', 'are', 'done']","['saute', 'onion', 'little', 'oil', 'til', 'soft', 'add', 'curry', 'powder', 'turmeric.saute', 'sec', 'let', 'burn', 'add', 'chopped', 'tomatoes', 'cook', 'paste', 'add', 'garlic', 'ginger', 'add', 'chicken', 'potatoes', 'salt', 'taste', 'let', 'simmer', 'chicken', 'potatoes', 'done']",Indian
3898,"['heat', 'butter', 'and', 'olive', 'oil', 'in', 'pan', 'over', 'medium', 'high', 'heat', 'add', 'garlic', 'and', 'cook', 'till', 'garlic', 'is', 'golden', 'about', '3', 'minutes', 'add', 'parsley', 'oregano', 'basil', 'tomatoes', 'and', 'salt', 'to', 'pan', 'mixing', 'well', 'add', 'undrained', 'clams', 'bring', 'mixture', 'to', 'a', 'boil', 'simmer', 'for', '5', 'minutes', 'cook', 'pasta', 'according', 'to', 'directions', 'drain', 'add', 'lemon', 'juice', 'to', 'sauce', 'cook', 'for', '1', 'minute', 'put', 'pasta', 'in', 'platter', 'and', 'toss', 'with', 'sauce']","['heat', 'butter', 'olive', 'oil', 'pan', 'medium', 'high', 'heat', 'add', 'garlic', 'cook', 'till', 'garlic', 'golden', 'add', 'parsley', 'oregano', 'basil', 'tomatoes', 'salt', 'pan', 'mixing', 'well', 'add', 'undrained', 'clams', 'bring', 'mixture', 'boil', 'simmer', 'cook', 'pasta', 'according', 'directions', 'drain', 'add', 'lemon', 'juice', 'sauce', 'cook', 'put', 'pasta', 'platter', 'toss', 'sauce']",Italian
10000,"['fill', 'medium', 'saucepan', 'with', 'about', '3', 'inches', 'of', 'water', 'stir', 'in', 'coriander', 'curry', 'powder', 'cumin', 'turmeric', 'salt', 'and', 'pepper', 'bring', 'to', 'a', 'boil', 'reduce', 'heat', 'to', 'a', 'gentle', 'simmer', 'break', 'one', 'egg', 'into', 'a', 'small', 'dish', 'gently', 'slip', 'egg', 'into', 'water', 'repeat', 'with', 'remaining', 'eggs', 'cook', 'in', 'barely', 'simmering', 'water', 'for', '3', 'to', '5', 'minutes', 'remove', 'eggs', 'with', 'a', 'slotted', 'spoon', 'and', 'drain', 'well', 'serve', 'immediately', 'on', 'crisp', 'buttered', 'toast']","['fill', 'medium', 'saucepan', 'water', 'stir', 'coriander', 'curry', 'powder', 'cumin', 'turmeric', 'salt', 'pepper', 'bring', 'boil', 'reduce', 'heat', 'gentle', 'simmer', 'break', 'one', 'egg', 'small', 'dish', 'gently', 'slip', 'egg', 'water', 'repeat', 'remaining', 'eggs', 'cook', 'barely', 'simmering', 'water', 'remove', 'eggs', 'slotted', 'spoon', 'drain', 'well', 'serve', 'immediately', 'crisp', 'buttered', 'toast']",Indian
7428,"['put', 'the', 'drained', 'green', 'lentils', 'alongwith', '2', 'cups', 'of', 'water', 'in', 'a', 'large', 'pot', 'and', 'bring', 'to', 'a', 'boil', 'lower', 'flame', 'to', 'medium', 'cover', 'and', 'allow', 'the', 'lentils', 'to', 'continue', 'to', 'cook', 'until', 'tender', 'this', 'will', 'take', 'about', '30', 'minutes', 'do', 'not', 'throw', 'out', 'this', 'water', 'in', 'which', 'you', 'have', 'cooked', 'the', 'lentils', 'now', 'with', 'the', 'back', 'of', 'a', 'large', 'mixing', 'spoon', 'mash', 'the', 'lentils', 'keep', 'aside', 'heat', 'oil', 'in', 'a', 'large', 'pan', 'on', 'medium', 'flame', 'once', 'it', ""'s"", 'hot', 'add', 'mustard', 'seeds', 'and', 'allow', 'to', 'splutter', 'once', 'they', 'start', 'spluttering', 'add', 'cumin', 'seeds', 'and', 'allow', 'to', 'crackle', 'once', 'they', 'start', 'crackling', 'add', 'curry', 'leaves', 'and', 'stir-fry', 'for', '2', 'minutes', 'on', 'medium', 'flame', 'then', 'toss', 'in', 'the', 'chopped', 'ginger', 'garlic', 'onions', 'and', 'green', 'chilli', 'mix', 'well', 'and', 'continue', 'to', 'stir-fry', 'until', 'the', 'masala', 'becomes', 'very', 'dry', 'add', 'turmeric', 'powder', 'corriander', 'powder', 'and', 'red', 'chilli', 'powder', 'mix', 'well', 'and', 'continue', 'to', 'stir-fry', 'for', 'another', '3', 'minutes', 'fold', 'in', 'the', 'chopped', 'tomatoes', 'alongwith', '1/4', 'cup', 'of', 'water', 'this', 'water', 'is', 'to', 'be', 'added', 'to', 'cook', 'the', 'tomatoes', 'mix', 'well', 'and', 'cook', 'on', 'medium', 'flame', 'until', 'the', 'tomatoes', 'become', 'really', 'soft', 'and', 'mushy', 'add', 'salt', 'and', 'mix', 'well', 'add', 'the', 'lentil-water', 'mixture', 'to', 'this', 'pot', 'containing', 'the', 'prepared', 'masala', 'mixture', 'mix', 'well', 'stir', 'in', '1', '1/4', 'cups', 'of', 'water', 'so', 'that', 'you', 'obtain', 'the', 'correct', 'consistency', 'of', 'this', 'lentil', 'curry', 'remove', 'from', 'heat', 'serve', 'hot', 'with', 'rotis', 'indian', 'flatbreads', 'or', 'bread', 'or', 'cooked', 'long-grain', 'basmati', 'white', 'rice']","['put', 'drained', 'green', 'lentils', 'alongwith', 'water', 'large', 'pot', 'bring', 'boil', 'lower', 'flame', 'medium', 'cover', 'allow', 'lentils', 'continue', 'cook', 'tender', 'take', 'throw', 'water', 'cooked', 'lentils', 'back', 'large', 'mixing', 'spoon', 'mash', 'lentils', 'keep', 'aside', 'heat', 'oil', 'large', 'pan', 'medium', 'flame', 'hot', 'add', 'mustard', 'seeds', 'allow', 'splutter', 'start', 'spluttering', 'add', 'cumin', 'seeds', 'allow', 'crackle', 'start', 'crackling', 'add', 'curry', 'leaves', 'stir', 'fry', 'medium', 'flame', 'toss', 'chopped', 'ginger', 'garlic', 'onions', 'green', 'chilli', 'mix', 'well', 'continue', 'stir', 'fry', 'masala', 'becomes', 'dry', 'add', 'turmeric', 'powder', 'corriander', 'powder', 'red', 'chilli', 'powder', 'mix', 'well', 'continue', 'stir', 'fry', 'another', 'fold', 'chopped', 'tomatoes', 'alongwith', 'water', 'water', 'added', 'cook', 'tomatoes', 'mix', 'well', 'cook', 'medium', 'flame', 'tomatoes', 'become', 'really', 'soft', 'mushy', 'add', 'salt', 'mix', 'well', 'add', 'lentil', 'water', 'mixture', 'pot', 'containing', 'prepared', 'masala', 'mixture', 'mix', 'well', 'stir', 'water', 'obtain', 'correct', 'consistency', 'lentil', 'curry', 'remove', 'heat', 'serve', 'hot', 'rotis', 'indian', 'flatbreads', 'bread', 'cooked', 'long', 'grain', 'basmati', 'white', 'rice']",Indian
4700,"['preheat', 'the', 'oven', 'to', '350of', 'place', 'frozen', 'spinach', 'in', 'strainer', 'and', 'run', 'under', 'hot', 'water', 'until', 'thawed', 'squeeze', 'all', 'the', 'water', 'out', 'and', 'place', 'in', 'large', 'bowl', 'in', 'large', 'sauté', 'pan', 'add', 'in', '1/2', 'olive', 'oil', 'sauté', 'onions', 'mushrooms', 'for', 'at', 'least', '5', 'minutes', 'or', 'until', 'tender', 'add', 'garlic', 'and', 'sauté', 'for', 'another', 'minute', 'remove', 'from', 'sauté', 'pan', 'and', 'add', 'ground', 'round', 'oregano', 'italian', 'seasoning', 'and', '1', 'bay', 'leaf', 'until', 'browned', 'drain', 'meat', 'and', 'place', 'in', 'the', 'same', 'bowl', 'with', 'spinach', 'stir', 'in', 'the', 'cream', 'cheese', 'onion', 'mixture', 'meat', 'and', 'spinach', 'until', 'well', 'combined', 'add', 'grated', 'cheese', 'salt', 'and', 'pepper', 'to', 'taste', 'and', 'combine', 'let', 'mxiture', 'cool', 'and', 'then', 'add', 'eggs', 'the', 'filling', 'can', 'be', 'made', 'up', 'to', '1', 'day', 'in', 'advance', 'and', 'refrigerated', 'until', 'ready', 'to', 'use', 'cook', 'pasta', 'shells', 'according', 'to', 'pkg', 'directions', 'drain', 'and', 'cool', 'to', 'the', 'touch', 'stuff', 'the', 'shells', 'with', 'the', 'meat', 'mixture', 'place', 'shells', 'in', 'large', 'baking', 'pan', 'and', 'cover', 'with', 'the', 'tomato', 'sauce', 'cover', 'with', 'foil', 'and', 'bake', 'for', 'approximately', '1', 'hour', 'use', 'some', 'more', 'more', 'of', 'the', 'parmiagiano-reggiano', 'and', 'sprinkle', 'over', 'the', 'top', 'place', 'in', 'oven', 'again', 'and', 'cook', 'for', '1-3', 'minutes', 'longer', 'serve', 'with', 'a', 'nice', 'glass', 'of', 'red', 'wine', 'and', 'a', 'tossed', 'green', 'salad']","['preheat', 'oven', '350of', 'place', 'frozen', 'spinach', 'strainer', 'run', 'hot', 'water', 'thawed', 'squeeze', 'water', 'place', 'large', 'bowl', 'large', 'sauté', 'pan', 'add', 'olive', 'oil', 'sauté', 'onions', 'mushrooms', 'least', 'tender', 'add', 'garlic', 'sauté', 'another', 'remove', 'sauté', 'pan', 'add', 'ground', 'round', 'oregano', 'italian', 'seasoning', 'bay', 'leaf', 'browned', 'drain', 'meat', 'place', 'bowl', 'spinach', 'stir', 'cream', 'cheese', 'onion', 'mixture', 'meat', 'spinach', 'well', 'combined', 'add', 'grated', 'cheese', 'salt', 'pepper', 'taste', 'combine', 'let', 'mxiture', 'cool', 'add', 'eggs', 'filling', 'made', 'day', 'advance', 'refrigerated', 'ready', 'use', 'cook', 'pasta', 'shells', 'according', 'pkg', 'directions', 'drain', 'cool', 'touch', 'stuff', 'shells', 'meat', 'mixture', 'place', 'shells', 'large', 'baking', 'pan', 'cover', 'tomato', 'sauce', 'cover', 'foil', 'bake', 'approximately', 'use', 'parmiagiano', 'reggiano', 'sprinkle', 'top', 'place', 'oven', 'cook', 'longer', 'serve', 'nice', 'glass', 'red', 'wine', 'tossed', 'green', 'salad']",Italian
5520,"['whisk', 'eggs', 'chopped', 'chives', 'and', '1/4', 'teaspoon', 'fleur', 'de', 'sel', 'in', 'medium', 'bowl', 'until', 'well', 'blended', 'melt', 'butter', 'in', 'heavy', 'medium', 'nonstick', 'skillet', 'over', 'medium', 'heat', 'when', 'foam', 'subsides', 'add', 'eggs', 'and', 'stir', 'with', 'heatproof', 'silicone', 'spatula', 'until', 'eggs', 'are', 'almost', 'cooked', 'but', 'still', 'runny', 'in', 'parts', 'tilting', 'skillet', 'and', 'stirring', 'with', 'spatula', 'to', 'allow', 'uncooked', 'portion', 'to', 'flow', 'underneath', 'about', '2', 'minutes', 'remove', 'from', 'heat', 'add', 'ricotta', 'and', 'stir', 'just', 'until', 'incorporated', 'but', 'clumps', 'of', 'cheese', 'are', 'still', 'visible', 'arrange', '2', 'toasts', 'or', '4', 'baguette', 'slices', 'on', 'each', 'of', '2', 'plates', 'spoon', 'scrambled', 'eggs', 'atop', 'toasts', 'sprinkle', 'with', 'more', 'fleur', 'de', 'sel', 'and', 'pepper', 'garnish', 'with', 'whole', 'chives', 'if', 'desired']","['whisk', 'eggs', 'chopped', 'chives', 'fleur', 'de', 'sel', 'medium', 'bowl', 'well', 'blended', 'melt', 'butter', 'heavy', 'medium', 'nonstick', 'skillet', 'medium', 'heat', 'foam', 'subsides', 'add', 'eggs', 'stir', 'heatproof', 'silicone', 'spatula', 'eggs', 'almost', 'cooked', 'still', 'runny', 'parts', 'tilting', 'skillet', 'stirring', 'spatula', 'allow', 'uncooked', 'portion', 'flow', 'underneath', 'remove', 'heat', 'add', 'ricotta', 'stir', 'incorporated', 'clumps', 'cheese', 'still', 'visible', 'arrange', 'toasts', 'baguette', 'slices', 'plates', 'spoon', 'scrambled', 'eggs', 'atop', 'toasts', 'sprinkle', 'fleur', 'de', 'sel', 'pepper', 'garnish', 'whole', 'chives', 'desired']",Italian
611,"['place', 'borlotti', 'beans', 'garlic', 'cloves', 'and', '1-bay', 'leaf', 'in', 'a', 'bowl', 'cover', 'with', 'water', 'and', 'soak', 'over', 'night', 'rinse', 'under', 'cold', 'water', 'before', 'using', 'pre-heat', 'oven', 'to', '325°f', 'in', 'a', 'dutch', 'oven', 'melt', 'butter', 'add', 'olive', 'oil', 'and', 'bay', 'leaves', 'add', 'italian', 'sausages', 'and', 'brown', 'on', 'all', 'sides', 'remove', 'sausages', 'and', 'place', 'on', 'a', 'sheet', 'pan', 'with', 'parchment', 'paper', 'bake', 'italian', 'sausages', 'for', '20-minutes', 'hold', 'sausages', 'for', 'service', 'add', 'onions', 'serrano', 'pepper', 'and', 'sauté', 'until', 'tender', 'add', 'chopped', 'garlic', 'and', 'sauté', '1-2', 'minutes', 'add', 'pinot', 'noir', 'wine', 'and', 'reduce', 'by', 'half', 'add', 'fresh', 'herbs', 'season', 'with', 'fine', 'sea', 'salt', 'and', 'fresh', 'ground', 'black', 'pepper', 'add', 'ham', 'stock', 'borlotti', 'beans', 'and', 'bring', 'to', 'a', 'full', 'boil', 'cover', 'the', 'beans', 'reduce', 'to', 'a', 'simmer', 'for', '1-hour', 'or', 'until', 'borlotti', 'beans', 'are', 'tender', 'stir', 'the', 'pot', 'several', 'times', 'to', 'prevent', 'beans', 'from', 'burning', 'add', 'the', 'cooked', 'hot', 'italian', 'sausages', 'and', 'simmer', 'for', '15-minutes', 'season', 'the', 'beans', 'with', 'fine', 'sea', 'salt', 'and', 'fresh', 'cracked', 'black', 'pepper', 'to', 'taste', 'serve', 'in', 'warm', 'soup', 'bowls', 'garnish', 'the', 'beans', 'with', 'fresh', 'chopped', 'green', 'onions']","['place', 'borlotti', 'beans', 'garlic', 'cloves', '1', 'bay', 'leaf', 'bowl', 'cover', 'water', 'soak', 'night', 'rinse', 'cold', 'water', 'using', 'pre', 'heat', 'oven', '325°f', 'dutch', 'oven', 'melt', 'butter', 'add', 'olive', 'oil', 'bay', 'leaves', 'add', 'italian', 'sausages', 'brown', 'sides', 'remove', 'sausages', 'place', 'sheet', 'pan', 'parchment', 'paper', 'bake', 'italian', 'sausages', '20', 'minutes', 'hold', 'sausages', 'service', 'add', 'onions', 'serrano', 'pepper', 'sauté', 'tender', 'add', 'chopped', 'garlic', 'sauté', 'add', 'pinot', 'noir', 'wine', 'reduce', 'half', 'add', 'fresh', 'herbs', 'season', 'fine', 'sea', 'salt', 'fresh', 'ground', 'black', 'pepper', 'add', 'ham', 'stock', 'borlotti', 'beans', 'bring', 'full', 'boil', 'cover', 'beans', 'reduce', 'simmer', '1', 'hour', 'borlotti', 'beans', 'tender', 'stir', 'pot', 'several', 'times', 'prevent', 'beans', 'burning', 'add', 'cooked', 'hot', 'italian', 'sausages', 'simmer', '15', 'minutes', 'season', 'beans', 'fine', 'sea', 'salt', 'fresh', 'cracked', 'black', 'pepper', 'taste', 'serve', 'warm', 'soup', 'bowls', 'garnish', 'beans', 'fresh', 'chopped', 'green', 'onions']",Italian
10991,"['heat', 'the', 'oil', 'in', 'a', 'large', 'frying', 'pan', 'and', 'fry', 'the', 'onion', 'until', 'soft', 'and', 'pale', 'golden', 'add', 'the', 'garlic', 'and', 'ginger', 'and', 'cook', 'for', '2', 'minutes', 'stirring', 'frequently', 'add', 'the', 'curry', 'powder', 'and', 'cook', 'for', 'another', '2', 'minutes', 'stirring', 'all', 'the', 'time', 'add', 'all', 'the', 'vegetables', 'to', 'the', 'pan', 'and', 'stir', 'well', 'so', 'everything', 'is', 'completely', 'coated', 'in', 'the', 'spice', 'mixture', 'add', 'the', 'chopped', 'tomatoes', 'lentils', 'vegetable', 'stock', 'and', 'coconut', 'milk', 'and', 'stir', 'together', 'gently', 'bring', 'to', 'the', 'boil', 'then', 'reduce', 'the', 'heat', 'cover', 'and', 'leave', 'to', 'simmer', 'gently', 'for', 'about', '20', 'to', '25', 'minutes', 'until', 'the', 'vegetables', 'are', 'tender', 'if', 'you', 'are', 'adding', 'the', 'fresh', 'cilantro', 'leaves', 'stir', 'them', 'into', 'the', 'curry', 'just', 'before', 'serving']","['heat', 'oil', 'large', 'frying', 'pan', 'fry', 'onion', 'soft', 'pale', 'golden', 'add', 'garlic', 'ginger', 'cook', 'stirring', 'frequently', 'add', 'curry', 'powder', 'cook', 'another', 'stirring', 'time', 'add', 'vegetables', 'pan', 'stir', 'well', 'everything', 'completely', 'coated', 'spice', 'mixture', 'add', 'chopped', 'tomatoes', 'lentils', 'vegetable', 'stock', 'coconut', 'milk', 'stir', 'together', 'gently', 'bring', 'boil', 'reduce', 'heat', 'cover', 'leave', 'simmer', 'gently', 'vegetables', 'tender', 'adding', 'fresh', 'cilantro', 'leaves', 'stir', 'curry', 'serving']",Indian
9017,"['wash', 'the', 'prawns', 'and', 'drain', 'the', 'water', 'and', 'set', 'aside', 'in', 'a', 'bowl', 'combine', 'the', 'rest', 'of', 'the', 'ingredients', 'except', 'for', 'the', 'breadcrumbs', 'mix', 'well', 'to', 'make', 'the', 'marinade', 'place', 'all', 'the', 'prawns', 'in', 'the', 'marinade', 'and', 'set', 'aside', 'for', 'an', 'hour', 'set', 'the', 'oven', 'to', 'roast', 'at', '400°f', 'lightly', 'grease', 'a', 'baking', 'pan', 'take', 'a', 'prawn', 'and', 'dip', 'in', 'the', 'breadcrumbs', 'and', 'set', 'on', 'the', 'baking', 'dish', 'repeat', 'with', 'the', 'rest', 'of', 'the', 'prawns', 'let', 'it', 'rest', 'for', '20', 'minutes', 'insert', 'the', 'pan', 'into', 'the', 'oven', 'and', 'bake', 'for', '20', 'mins', 'or', 'until', 'crispy']","['wash', 'prawns', 'drain', 'water', 'set', 'aside', 'bowl', 'combine', 'rest', 'ingredients', 'except', 'breadcrumbs', 'mix', 'well', 'make', 'marinade', 'place', 'prawns', 'marinade', 'set', 'aside', 'set', 'oven', 'roast', '400°f', 'lightly', 'grease', 'baking', 'pan', 'take', 'prawn', 'dip', 'breadcrumbs', 'set', 'baking', 'dish', 'repeat', 'rest', 'prawns', 'let', 'rest', 'insert', 'pan', 'oven', 'bake', 'mins', 'crispy']",Indian
11576,"['preheat', 'the', 'oven', 'to', '375', 'degrees', 'soak', 'the', 'raisins', 'in', 'some', 'warm', 'water', 'for', '10', 'minutes', 'then', 'drain', 'meanwhile', 'in', 'a', 'medium-sized', 'skillet', 'saute', 'the', 'beef', 'and', 'onion', 'until', 'browned', 'drain', 'off', 'any', 'fat', 'then', 'add', 'the', 'drained', 'raisins', 'curry', 'cumin', 'garlic', 'salt', 'and', 'pepper', 'mix', 'well', 'moisten', 'the', 'edges', 'of', 'each', 'wonton', 'skin', 'with', 'the', 'beaten', 'egg', 'then', 'spoon', '1', 'teaspoon', 'of', 'the', 'beef', 'mixture', 'into', 'the', 'center', 'of', 'each', 'skin', 'fold', 'each', 'skin', 'in', 'half', 'to', 'form', 'a', 'triangle', 'and', 'seal', 'the', 'edges', 'spray', 'a', 'cookie', 'sheet', 'with', 'nonstick', 'vegetable', 'cooking', 'spray', 'then', 'place', 'the', 'samosas', 'onto', 'the', 'cookie', 'sheet', 'spraying', 'each', 'one', 'to', 'coat', 'evenly', 'bake', 'for', '10', 'to', '12', 'minutes', 'or', 'until', 'the', 'bottoms', 'are', 'golden', 'and', 'crisp']","['preheat', 'oven', 'soak', 'raisins', 'warm', 'water', 'drain', 'meanwhile', 'medium', 'sized', 'skillet', 'saute', 'beef', 'onion', 'browned', 'drain', 'fat', 'add', 'drained', 'raisins', 'curry', 'cumin', 'garlic', 'salt', 'pepper', 'mix', 'well', 'moisten', 'edges', 'wonton', 'skin', 'beaten', 'egg', 'spoon', 'beef', 'mixture', 'center', 'skin', 'fold', 'skin', 'half', 'form', 'triangle', 'seal', 'edges', 'spray', 'cookie', 'sheet', 'nonstick', 'vegetable', 'cooking', 'spray', 'place', 'samosas', 'onto', 'cookie', 'sheet', 'spraying', 'one', 'coat', 'evenly', 'bake', 'bottoms', 'golden', 'crisp']",Indian
2124,"['rinse', 'cooked', 'pasta', 'with', 'cold', 'water', 'and', 'drain', 'completely', 'in', 'a', 'large', 'bowl', 'toss', 'together', 'pasta', 'and', 'next', 'nine', 'ingredients', 'through', 'provolone', 'season', 'to', 'taste', 'with', 'salt', 'and', 'pepper', 'mix', 'dressing', 'ingredients-oregano', 'vinegar', 'and', 'oil', 'pour', 'over', 'salad', 'and', 'mix', 'well', 'refrigerate', 'for', 'an', 'hour', 'before', 'serving', 'note', 'do', ""n't"", 'substitute', 'larger', 'shells', 'for', 'the', 'small-for', 'some', 'reason', 'it', 'really', 'makes', 'a', 'difference', 'in', 'the', 'taste', 'and', 'appearance', 'of', 'the', 'salad']","['rinse', 'cooked', 'pasta', 'cold', 'water', 'drain', 'completely', 'large', 'bowl', 'toss', 'together', 'pasta', 'next', 'nine', 'ingredients', 'provolone', 'season', 'taste', 'salt', 'pepper', 'mix', 'dressing', 'ingredients', 'oregano', 'vinegar', 'oil', 'pour', 'salad', 'mix', 'well', 'refrigerate', 'serving', 'note', 'substitute', 'larger', 'shells', 'small', 'reason', 'really', 'makes', 'difference', 'taste', 'appearance', 'salad']",Italian
10018,"['place', 'the', 'spinach', 'and', 'dill', 'in', 'a', 'saucepan', 'with', 'a', 'tablespoon', 'of', 'water', 'and', 'cook', 'until', 'soft', 'around', '1-2', 'minutes', 'drain', 'and', 'squeeze', 'out', 'any', 'excess', 'water', 'and', 'finely', 'chop', 'into', 'shreds', 'stir', 'into', 'the', 'yogurt', 'with', 'salt', 'pepper', 'and', 'the', 'cumin', 'serve', 'chilled']","['place', 'spinach', 'dill', 'saucepan', 'water', 'cook', 'soft', 'around', 'drain', 'squeeze', 'excess', 'water', 'finely', 'chop', 'shreds', 'stir', 'yogurt', 'salt', 'pepper', 'cumin', 'serve', 'chilled']",Indian
2482,"['saute', 'onions', 'and', 'green', 'peppers', 'in', 'butter', 'in', 'skillet', 'until', 'tender', 'add', 'tomatoes', 'mushrooms', 'olives', 'oregano', 'and', 'beef', 'simmer', 'for', '10', 'minutes', 'transfer', 'to', 'slow', 'cooker', 'add', 'spaghetti', 'mix', 'well', 'combine', 'soup', 'and', 'water', 'pour', 'over', 'casserole', 'sprinkle', 'with', 'cheeses', 'cover', 'cook', 'on', 'low', '4-6', 'hours', 'tip', 'add', '3', 'tablespoons', 'oil', 't', 'water', 'before', 'cooking', 'pasta', 'it', 'keeps', 'it', 'from', 'sticking', 'together']","['saute', 'onions', 'green', 'peppers', 'butter', 'skillet', 'tender', 'add', 'tomatoes', 'mushrooms', 'olives', 'oregano', 'beef', 'simmer', 'transfer', 'slow', 'cooker', 'add', 'spaghetti', 'mix', 'well', 'combine', 'soup', 'water', 'pour', 'casserole', 'sprinkle', 'cheeses', 'cover', 'cook', 'low', 'tip', 'add', 'oil', 'water', 'cooking', 'pasta', 'keeps', 'sticking', 'together']",Italian
5434,"['saute', 'onions', 'and', 'garlic', 'in', 'olive', 'oil', 'until', 'onions', 'are', 'tender', 'do', 'not', 'allow', 'the', 'onions', 'or', 'garlic', 'to', 'brown', 'cut', 'up', 'whole', 'tomatoes', 'taking', 'care', 'to', 'discard', 'any', 'remaining', 'peels', 'into', '1/2-', '3/4', 'inch', 'pieces', 'add', 'cut', 'up', 'tomatoes', 'tomato', 'paste', 'and', 'water', 'to', 'pot', 'stir', 'until', 'paste', 'is', 'fully', 'dissolved', 'stir', 'in', 'salt', 'pepper', 'basil', 'bay', 'leaves', 'and', 'sugar', 'basil', 'can', 'be', 'dried', 'or', 'fresh', 'if', 'fresh', 'basil', 'is', 'used', '10-15', 'leaves', 'should', 'be', 'used', 'chopped', 'adjust', 'heat', 'to', 'a', 'low', 'simmer', 'in', 'a', 'separate', 'bowl', 'mix', 'hamburger', 'and', 'eggs', 'add', 'bread', 'crumbs', 'until', 'mixture', 'is', 'sticky', 'and', 'able', 'to', 'hold', 'a', 'ball', 'shape', 'roll', 'into', '1.5', '2', 'inch', 'meatballs', 'and', 'add', 'to', 'sauce', 'add', 'italian', 'sausage', 'to', 'sauce', 'simmer', 'stirring', 'regularly', 'for', '1', 'hour', 'stir', 'gently', 'at', 'first', 'to', 'avoid', 'deforming', 'the', 'meatballs', 'be', 'sure', 'to', 'stir', 'with', 'utensil', 'on', 'the', 'bottom', 'of', 'the', 'pot', 'to', 'prevent', 'sauce', 'from', 'sticking', 'and', 'burning']","['saute', 'onions', 'garlic', 'olive', 'oil', 'onions', 'tender', 'allow', 'onions', 'garlic', 'brown', 'cut', 'whole', 'tomatoes', 'taking', 'care', 'discard', 'remaining', 'peels', 'pieces', 'add', 'cut', 'tomatoes', 'tomato', 'paste', 'water', 'pot', 'stir', 'paste', 'fully', 'dissolved', 'stir', 'salt', 'pepper', 'basil', 'bay', 'leaves', 'sugar', 'basil', 'dried', 'fresh', 'fresh', 'basil', 'used', 'leaves', 'used', 'chopped', 'adjust', 'heat', 'low', 'simmer', 'separate', 'bowl', 'mix', 'hamburger', 'eggs', 'add', 'bread', 'crumbs', 'mixture', 'sticky', 'able', 'hold', 'ball', 'shape', 'roll', 'meatballs', 'add', 'sauce', 'add', 'italian', 'sausage', 'sauce', 'simmer', 'stirring', 'regularly', 'stir', 'gently', 'first', 'avoid', 'deforming', 'meatballs', 'sure', 'stir', 'utensil', 'bottom', 'pot', 'prevent', 'sauce', 'sticking', 'burning']",Italian
12634,"['toast', 'the', 'poppy', 'seeds', 'in', 'a', 'dry', 'pan', 'till', 'brown.cool', 'them', 'and', 'crush', 'them', 'soak', 'them', 'in', 'a', 'little', 'water', 'for', '15', 'minutes', 'grind', 'the', 'coconut', 'poppy', 'seeds', 'with', 'the', 'cinnamon', 'cloves', 'cardamoms', 'fennel', 'seeds', 'and', 'turmeric', 'to', 'make', 'aa', 'paste', 'heat', 'the', 'oil', 'and', 'fry', 'the', 'onions', 'till', 'golden', 'add', 'the', 'ginger', 'and', 'garlic', 'cook', 'for', '2', 'minutes', 'add', 'the', 'chilli', 'powder', 'and', 'the', 'spice', 'paste', 'with', '2', 'tbsp', 'water', 'fry', 'on', 'low', 'heat', '5', 'minutes', 'add', 'the', 'chicken', 'pieces', 'and', 'fry', 'for', '10', 'minutes', 'add', 'the', 'tomatoes', 'when', 'the', 'liquid', 'has', 'been', 'absorbed', 'add', '2', 'cups', 'of', 'water', 'and', 'salt', 'to', 'taste', 'cook', 'uncovered', 'till', 'chicken', 'is', 'tender', 'add', 'the', 'lime', 'juice', 'curry', 'leaves', 'and', 'chopped', 'coriander']","['toast', 'poppy', 'seeds', 'dry', 'pan', 'till', 'brown.cool', 'crush', 'soak', 'little', 'water', 'grind', 'coconut', 'poppy', 'seeds', 'cinnamon', 'cloves', 'cardamoms', 'fennel', 'seeds', 'turmeric', 'make', 'aa', 'paste', 'heat', 'oil', 'fry', 'onions', 'till', 'golden', 'add', 'ginger', 'garlic', 'cook', 'add', 'chilli', 'powder', 'spice', 'paste', 'water', 'fry', 'low', 'heat', 'add', 'chicken', 'pieces', 'fry', 'add', 'tomatoes', 'liquid', 'absorbed', 'add', 'water', 'salt', 'taste', 'cook', 'uncovered', 'till', 'chicken', 'tender', 'add', 'lime', 'juice', 'curry', 'leaves', 'chopped', 'coriander']",Indian
2532,"['heat', 'oil', 'in', 'a', '4', 'quart', 'pot', 'remove', 'sausage', 'from', 'casing', 'crumble', 'into', 'oil', 'stir', 'in', 'the', 'onions', 'and', 'garlic', 'cook', 'over', '``', 'high', ""''"", 'heat', 'stirring', 'often', 'until', 'the', 'sausage', 'browns', 'about', '5', 'minutes', 'meanwhile', 'cut', 'up', 'the', 'tomatoes', 'right', 'in', 'the', 'can', 'use', 'kitchen', 'shears', 'add', 'tomatoes', 'w', 'juice', 'water', 'pasta', 'and', 'bouillon', 'cubes', 'to', 'the', 'pot', 'bring', 'to', 'boil', 'over', '``', 'high', ""''"", 'heat', 'stiring', 'a', 'couple', 'of', 'times', 'lower', 'heat', 'cover', 'simmer', 'for', '10', 'minutes', 'meanwhile', 'rinse', 'and', 'drain', 'the', 'beans', 'add', 'to', 'the', 'soup', 'and', 'simmer', 'for', '5', 'minutes', 'or', 'until', 'pasta', 'is', 'tender', 'and', 'the', 'beans', 'are', 'heated', 'through']","['heat', 'oil', 'pot', 'remove', 'sausage', 'casing', 'crumble', 'oil', 'stir', 'onions', 'garlic', 'cook', '``', 'high', ""''"", 'heat', 'stirring', 'often', 'sausage', 'browns', 'meanwhile', 'cut', 'tomatoes', 'right', 'use', 'kitchen', 'shears', 'add', 'tomatoes', 'w', 'juice', 'water', 'pasta', 'bouillon', 'cubes', 'pot', 'bring', 'boil', '``', 'high', ""''"", 'heat', 'stiring', 'couple', 'times', 'lower', 'heat', 'cover', 'simmer', 'meanwhile', 'rinse', 'drain', 'beans', 'add', 'soup', 'simmer', 'pasta', 'tender', 'beans', 'heated']",Italian
4858,"['cook', 'pasta', 'until', 'al', 'dente', 'according', 'to', 'package', 'directions', 'drain', 'combine', 'pesto', 'and', 'mayo', 'salt', 'and', 'pepper', 'add', 'the', 'mayo', 'mixture', 'to', 'the', 'warm', 'pasta', 'add', 'the', 'rest', 'of', 'the', 'ingredients', 'toss', 'well', 'i', 'prefer', 'serving', 'this', 'at', 'room', 'temperature', 'do', ""n't"", 'leave', 'it', 'out', 'too', 'long', 'though', 'because', 'of', 'the', 'mayo', 'it', ""'s"", 'also', 'good', 'straight', 'from', 'the', 'refrigerator']","['cook', 'pasta', 'al', 'dente', 'according', 'package', 'directions', 'drain', 'combine', 'pesto', 'mayo', 'salt', 'pepper', 'add', 'mayo', 'mixture', 'warm', 'pasta', 'add', 'rest', 'ingredients', 'toss', 'well', 'prefer', 'serving', 'room', 'temperature', 'leave', 'long', 'though', 'mayo', 'also', 'good', 'straight', 'refrigerator']",Italian
10291,"['heat', 'the', 'oil', 'in', 'a', '6-quart', 'saucepan', 'test', 'that', 'it', ""'s"", 'hot', 'enough', 'by', 'adding', 'one', 'seed', 'it', 'should', 'sizzle', 'immediately', 'if', 'not', 'wait', 'until', 'the', 'oil', 'is', 'hotter', 'before', 'you', 'add', 'the', 'remainder', 'of', 'the', 'seeds', 'and', 'stir', 'for', '10', 'seconds', 'add', 'rice', 'stir', 'and', 'saute', 'for', '3', 'to', '4', 'minutes', 'the', 'rice', 'will', 'start', 'to', 'change', 'color', 'and', 'become', 'opaque', 'add', 'broth', 'and', 'salt', 'bring', 'to', 'a', 'boil', 'turn', 'down', 'heat', 'cover', 'and', 'simmer', 'until', 'all', 'the', 'liquid', 'is', 'absorbed', 'about', '20', 'minutes', 'turn', 'off', 'heat', 'and', 'fluff', 'with', 'fork', 'dissolve', 'saffron', 'in', '2', 'tablespoons', 'of', 'warm', 'water', 'then', 'pour', 'it', 'in', 'the', 'center', 'of', 'the', 'rice', 'sprinkle', 'nuts', 'on', 'top', 'wait', 'for', '5', 'minutes', 'then', 'mix', 'rice', 'will', 'have', 'white', 'and', 'saffron-color', 'grains', 'mixed', 'together', 'unless', 'you', 'have', 'lame-o', 'saffron', 'like', 'i', 'had', 'when', 'i', 'made', 'the', 'batch', 'in', 'the', 'photos', 'i', 'uploaded', 'lol']","['heat', 'oil', '6', 'quart', 'saucepan', 'test', 'hot', 'enough', 'adding', 'one', 'seed', 'sizzle', 'immediately', 'wait', 'oil', 'hotter', 'add', 'remainder', 'seeds', 'stir', 'seconds', 'add', 'rice', 'stir', 'saute', 'rice', 'start', 'change', 'color', 'become', 'opaque', 'add', 'broth', 'salt', 'bring', 'boil', 'turn', 'heat', 'cover', 'simmer', 'liquid', 'absorbed', 'turn', 'heat', 'fluff', 'fork', 'dissolve', 'saffron', 'warm', 'water', 'pour', 'center', 'rice', 'sprinkle', 'nuts', 'top', 'wait', 'mix', 'rice', 'white', 'saffron', 'color', 'grains', 'mixed', 'together', 'unless', 'lame', 'saffron', 'like', 'made', 'batch', 'photos', 'uploaded', 'lol']",Indian
7615,"['drain', 'your', 'peas', 'heat', 'oil/ghee', 'allow', 'to', 'melt', 'in', 'a', 'medium', 'heavy', 'pot', 'over', 'medium', 'heat', 'and', 'fry', 'chiles', 'garlic', 'onion', 'and', 'ginger', 'for', 'approx', '6', 'minutes', 'add', 'your', 'curry', 'powder/garam', 'masala', 'turmeric', 'and', 'cumin', 'and', 'then', 'add', 'the', 'tomatoes', 'cook', 'for', 'approximately', '3', 'minutes', 'until', 'it', 'begins', 'to', 'thicken', 'and', 'add', 'your', 'peas', 'and', 'salt', 'to', 'taste', 'along', 'with', '4', 'cups', 'of', 'water', 'allow', 'water', 'to', 'boil', 'and', 'then', 'reduce', 'your', 'heat', 'cover', 'and', 'cook', 'for', 'approximately', '2', 'hours', 'until', 'your', 'peas', 'are', 'done', 'and', 'the', 'sauce', 'is', 'nice', 'and', 'thick', 'after', 'the', 'peas', 'are', 'done', 'fold', 'in', 'your', 'yogurt', 'may', 'wish', 'to', 'use', 'a', 'little', 'more', 'or', 'little', 'less', 'to', 'your', 'tastes', 'and', 'cilantro', 'and', 'serve', 'this', 'goes', 'well', 'with', 'rice', 'or', 'with', 'chappati/roti', 'garnish', 'with', 'minced', 'cilantro']","['drain', 'peas', 'heat', 'oil/ghee', 'allow', 'melt', 'medium', 'heavy', 'pot', 'medium', 'heat', 'fry', 'chiles', 'garlic', 'onion', 'ginger', 'approx', 'add', 'curry', 'powder/garam', 'masala', 'turmeric', 'cumin', 'add', 'tomatoes', 'cook', 'approximately', 'begins', 'thicken', 'add', 'peas', 'salt', 'taste', 'along', 'water', 'allow', 'water', 'boil', 'reduce', 'heat', 'cover', 'cook', 'approximately', 'peas', 'done', 'sauce', 'nice', 'thick', 'peas', 'done', 'fold', 'yogurt', 'may', 'wish', 'use', 'little', 'little', 'less', 'tastes', 'cilantro', 'serve', 'goes', 'well', 'rice', 'chappati/roti', 'garnish', 'minced', 'cilantro']",Indian
11749,"['in', 'a', 'heavy', '10-12', 'inch', 'skillet', 'heat', 'the', 'oil', 'over', 'moderate', 'heat', 'until', 'a', 'light', 'haze', 'forms', 'above', 'it', 'add', 'the', 'ginger', 'and', 'stir', 'for', 'a', 'minute', 'then', 'drop', 'in', 'the', 'onions', 'stirring', 'constantly', 'fry', 'for', '7-8', 'minutes', 'until', 'they', 'are', 'soft', 'and', 'golden', 'brown', 'watch', 'carefully', 'for', 'any', 'signs', 'of', 'burning', 'and', 'regulate', 'the', 'heat', 'accordingly', 'stir', 'in', 'the', 'salt', 'and', 'ground', 'coriander', 'cook', 'for', 'a', 'minute', 'or', 'so', 'then', 'stir', 'in', 'turmeric', 'when', 'the', 'mixture', 'is', 'well', 'blended', 'add', 'the', 'clams', 'turning', 'them', 'about', 'with', 'a', 'spoon', 'to', 'coat', 'them', 'evenly', 'cover', 'the', 'skillet', 'tightly', 'reduce', 'the', 'heat', 'to', 'low', 'and', 'steam', 'for', '8-10', 'minutes', 'or', 'until', 'the', 'clams', 'open', 'immediately', 'transfer', 'the', 'entire', 'contents', 'of', 'the', 'skillet', 'to', 'a', 'deep', 'heated', 'platter', 'scatter', 'the', 'coconut', 'over', 'the', 'clams', 'and', 'sprinkle', 'them', 'with', 'lemon', 'juice', 'fresh', 'coriander', 'and', 'red', 'pepper', 'serve', 'at', 'once']","['heavy', 'skillet', 'heat', 'oil', 'moderate', 'heat', 'light', 'haze', 'forms', 'add', 'ginger', 'stir', 'drop', 'onions', 'stirring', 'constantly', 'fry', 'soft', 'golden', 'brown', 'watch', 'carefully', 'signs', 'burning', 'regulate', 'heat', 'accordingly', 'stir', 'salt', 'ground', 'coriander', 'cook', 'stir', 'turmeric', 'mixture', 'well', 'blended', 'add', 'clams', 'turning', 'spoon', 'coat', 'evenly', 'cover', 'skillet', 'tightly', 'reduce', 'heat', 'low', 'steam', 'clams', 'open', 'immediately', 'transfer', 'entire', 'contents', 'skillet', 'deep', 'heated', 'platter', 'scatter', 'coconut', 'clams', 'sprinkle', 'lemon', 'juice', 'fresh', 'coriander', 'red', 'pepper', 'serve']",Indian
12400,"['cook', 'meat', 'with', 'salt', 'pepper', 'spices', 'and', 'green', 'chillies', 'till', 'tender', 'using', 'only', 'sufficient', 'water', 'boil', 'chana', 'dal', 'in', 'salted', 'water', 'till', 'done', 'drain', 'boil', 'rice', 'in', 'a', 'heavy', 'bottomed', 'vessel', 'fry', 'a', 'little', 'sliced', 'onion', 'with', 'jeera', 'powder', 'in', 'ghee', 'be', 'sure', 'to', 'save', 'a', 'little', 'onion', 'for', 'decoration', 'on', 'top', 'add', 'rice', 'to', 'the', 'browned', 'onion', 'with', 'the', 'cooked', 'meat', 'and', 'dhal', 'and', 'gently', 'toss', 'together', 'to', 'ensure', 'even', 'distribution', 'pour', 'another', 'tablespoon', 'of', 'ghee', 'over', 'the', 'top', 'with', 'the', 'remaining', 'onions', 'sprinkle', 'a', 'few', 'tablespoons', 'of', 'water', 'steam', 'till', 'done']","['cook', 'meat', 'salt', 'pepper', 'spices', 'green', 'chillies', 'till', 'tender', 'using', 'sufficient', 'water', 'boil', 'chana', 'dal', 'salted', 'water', 'till', 'done', 'drain', 'boil', 'rice', 'heavy', 'bottomed', 'vessel', 'fry', 'little', 'sliced', 'onion', 'jeera', 'powder', 'ghee', 'sure', 'save', 'little', 'onion', 'decoration', 'top', 'add', 'rice', 'browned', 'onion', 'cooked', 'meat', 'dhal', 'gently', 'toss', 'together', 'ensure', 'even', 'distribution', 'pour', 'another', 'ghee', 'top', 'remaining', 'onions', 'sprinkle', 'water', 'steam', 'till', 'done']",Indian
4438,"['in', 'a', 'medium', 'saucepan', 'over', 'high', 'heat', 'bring', 'the', 'vegetable', 'broth', 'and', 'the', 'water', 'to', 'a', 'boil', 'slowly', 'pour', 'the', 'cornmeal', 'into', 'the', 'hot', 'liquid', 'wisking', 'constantly', 'stir', 'in', 'the', 'salt', 'lower', 'the', 'heat', 'to', 'cook', 'the', 'mixture', 'at', 'a', 'gentle', 'simmer', 'cook', 'stirring', 'frequently', 'until', 'the', 'cornmeal', 'is', 'creamy', 'and', 'not', 'grainy', 'about', '30', 'minutes', 'remove', 'the', 'polenta', 'from', 'the', 'heat', 'and', 'stir', 'in', 'scallion', 'polenta', 'can', 'be', 'served', 'soft', 'or', 'poured', 'into', 'a', 'baking', 'pan', 'to', 'cool', 'once', 'cooled', 'polenta', 'can', 'then', 'be', 'cut', 'into', 'solid', 'squares']","['medium', 'saucepan', 'high', 'heat', 'bring', 'vegetable', 'broth', 'water', 'boil', 'slowly', 'pour', 'cornmeal', 'hot', 'liquid', 'wisking', 'constantly', 'stir', 'salt', 'lower', 'heat', 'cook', 'mixture', 'gentle', 'simmer', 'cook', 'stirring', 'frequently', 'cornmeal', 'creamy', 'grainy', 'remove', 'polenta', 'heat', 'stir', 'scallion', 'polenta', 'served', 'soft', 'poured', 'baking', 'pan', 'cool', 'cooled', 'polenta', 'cut', 'solid', 'squares']",Italian
2938,"['saute', 'onions', 'and', 'garlic', 'in', 'a', 'splash', 'of', 'olive', 'oil', 'until', 'onions', 'are', 'soft', 'and', 'clear', 'do', 'not', 'brown', 'add', 'remaining', 'ingredients', 'and', 'simmer', '15-20', 'minutes', 'you', 'may', 'choose', 'to', 'press', 'in', 'another', 'clove', 'of', 'garlic', 'while', 'simmering', 'depending', 'on', 'your', 'tastes', 'serve', 'on', 'whole', 'wheat', 'pizza', 'dough', '2675', 'by', 'barbara5']","['saute', 'onions', 'garlic', 'splash', 'olive', 'oil', 'onions', 'soft', 'clear', 'brown', 'add', 'remaining', 'ingredients', 'simmer', 'may', 'choose', 'press', 'another', 'clove', 'garlic', 'simmering', 'depending', 'tastes', 'serve', 'whole', 'wheat', 'pizza', 'dough', 'barbara5']",Italian
11084,"['heat', 'a', 'little', 'oil', 'in', 'a', 'non-stick', 'deep', 'pan', 'add', 'onion', 'and', 'carrot', 'and', 'sauté', 'add', 'the', 'french', 'beans', 'cabbage', 'and', 'green', 'capsicum', 'and', 'stir.add', 'the', 'stock', 'and', 'tomato', 'stir', 'and', 'cook', 'for', 'two', 'minutes', 'add', 'beancurd', 'and', 'stir', 'gently', 'break', 'the', 'instant', 'noodles', 'and', 'add', 'add', 'salt', 'and', 'black', 'pepper', 'powder', 'and', 'mix', 'bring', 'it', 'to', 'a', 'boil', 'and', 'let', 'it', 'cook', 'till', 'the', 'noodles', 'are', 'done', 'pour', 'into', 'soup', 'bowls', 'and', 'serve', 'hot']","['heat', 'little', 'oil', 'non', 'stick', 'deep', 'pan', 'add', 'onion', 'carrot', 'sauté', 'add', 'french', 'beans', 'cabbage', 'green', 'capsicum', 'stir.add', 'stock', 'tomato', 'stir', 'cook', 'two', 'add', 'beancurd', 'stir', 'gently', 'break', 'instant', 'noodles', 'add', 'add', 'salt', 'black', 'pepper', 'powder', 'mix', 'bring', 'boil', 'let', 'cook', 'till', 'noodles', 'done', 'pour', 'soup', 'bowls', 'serve', 'hot']",Indian
962,"['spray', 'counter', 'lightly', 'with', 'non-stick', 'cooking', 'spray', 'roll', 'dough', 'into', 'a', '10x14-inch', 'rectangle', 'place', 'in', 'a', 'sprayed', '9x13-inch', 'baking', 'pan', 'cover', 'with', 'plastic', 'wrap', 'and', 'let', 'rise', '30', 'minutes', 'remove', 'wrap', 'and', 'score', 'with', 'a', 'metal', 'spatula', 'into', '2-inch', 'squares', 'in', 'a', 'small', 'bowl', 'combine', 'butter', 'parmesan', 'cheese', 'garlic', 'salt', 'oregano', 'and', 'basil', 'brush', 'scored', 'dough', 'carefully', 'with', 'butter', 'mixture', 'and', 'sprinkle', 'with', 'fresh', 'chives', 'replace', 'wrap', 'and', 'let', 'rise', 'another', '30', 'minutes', 'remove', 'wrap', 'from', 'dough', 'and', 'redefine', 'score', 'lines', 'bake', 'at', '350°f', '10-15', 'minutes', 'or', 'until', 'golden', 'brown']","['spray', 'counter', 'lightly', 'non', 'stick', 'cooking', 'spray', 'roll', 'dough', '10x14', 'inch', 'rectangle', 'place', 'sprayed', '9x13', 'inch', 'baking', 'pan', 'cover', 'plastic', 'wrap', 'let', 'rise', 'remove', 'wrap', 'score', 'metal', 'spatula', '2', 'inch', 'squares', 'small', 'bowl', 'combine', 'butter', 'parmesan', 'cheese', 'garlic', 'salt', 'oregano', 'basil', 'brush', 'scored', 'dough', 'carefully', 'butter', 'mixture', 'sprinkle', 'fresh', 'chives', 'replace', 'wrap', 'let', 'rise', 'another', 'remove', 'wrap', 'dough', 'redefine', 'score', 'lines', 'bake', '350°f', 'golden', 'brown']",Italian
5780,"['melt', 'butter', 'in', 'a', 'large', 'heavy', 'saucepan', 'sauté', 'onions', 'and', 'mushrooms', 'until', 'tender', 'but', 'not', 'browned', 'add', 'orzo', 'and', 'stir', 'to', 'coat', 'add', 'carrots', 'peas', 'and', 'broth', 'bring', 'to', 'boil', 'and', 'cook', 'until', 'orzo', 'is', 'tender', 'about', '5', 'minutes', 'remove', 'from', 'heat', 'stir', 'in', 'parmesan', 'and', 'cover', 'let', 'rest', '5-8', 'minutes', 'sprinkle', 'with', 'parsley', 'and', 'season', 'with', 'salt', 'and', 'pepper']","['melt', 'butter', 'large', 'heavy', 'saucepan', 'sauté', 'onions', 'mushrooms', 'tender', 'browned', 'add', 'orzo', 'stir', 'coat', 'add', 'carrots', 'peas', 'broth', 'bring', 'boil', 'cook', 'orzo', 'tender', 'remove', 'heat', 'stir', 'parmesan', 'cover', 'let', 'rest', 'sprinkle', 'parsley', 'season', 'salt', 'pepper']",Italian
9748,"['mix', 'together', 'the', 'gram', 'flour', 'salt', 'cayenne', 'in', 'a', 'bowl', 'add', 'the', 'water', 'stirring', 'to', 'make', 'a', 'thick', 'batter', 'stir', 'until', 'thick', 'and', 'smooth', 'adding', 'just', 'a', 'touch', 'more', 'water', 'if', 'you', 'need', 'it', 'allow', 'the', 'batter', 'to', 'sit', 'for', 'about', '1/2', 'hour', 'before', 'using', 'it', 'before', 'dipping', 'the', 'vegetables', 'stir', 'the', 'chopped', 'chilies', 'the', 'cilantro', 'and', 'the', 'ghee', 'into', 'the', 'batter', 'mixing', 'well', 'heat', 'oil', 'and', 'coat', 'vegetable', 'pieces', 'thickly', 'with', 'batter', 'carefully', 'drop', 'coated', 'vegetables', 'into', 'hot', 'oil', 'and', 'cook', 'until', 'crisp', 'and', 'golden', 'remove', 'from', 'oil', 'and', 'drain', 'on', 'paper', 'toweling', 'serve', 'warm', 'with', 'chutneys', 'such', 'as', 'tamarind', 'and', 'coriander', 'chutney', 'and', 'hot', 'onion', 'relish']","['mix', 'together', 'gram', 'flour', 'salt', 'cayenne', 'bowl', 'add', 'water', 'stirring', 'make', 'thick', 'batter', 'stir', 'thick', 'smooth', 'adding', 'touch', 'water', 'need', 'allow', 'batter', 'sit', 'using', 'dipping', 'vegetables', 'stir', 'chopped', 'chilies', 'cilantro', 'ghee', 'batter', 'mixing', 'well', 'heat', 'oil', 'coat', 'vegetable', 'pieces', 'thickly', 'batter', 'carefully', 'drop', 'coated', 'vegetables', 'hot', 'oil', 'cook', 'crisp', 'golden', 'remove', 'oil', 'drain', 'paper', 'toweling', 'serve', 'warm', 'chutneys', 'tamarind', 'coriander', 'chutney', 'hot', 'onion', 'relish']",Indian
1300,"['sauté', 'onion', 'and', 'garlic', 'in', 'oil', 'over', 'low', 'heat', 'for', '15', 'minutes-until', 'very', 'limp', 'do', 'not', 'brown', 'add', 'sage', 'and', 'sauté', '5', 'minutes', 'add', 'tomato', 'sauce', 'and', 'wine-simmer', 'uncovered', '10', 'minutes', 'then', 'cover', 'and', 'simmer', 'for', '60-90', 'minutes', 'stirring', 'occasionally', 'uncover', 'and', 'simmer', 'to', 'desired', 'thickness', 'season', 'to', 'taste', 'with', 'salt', 'and', 'pepper', 'serve', 'over', 'spaghetti', 'gnocchi', 'pierogies', 'sausages-', 'whatever', 'sounds', 'good', 'to', 'you']","['sauté', 'onion', 'garlic', 'oil', 'low', 'heat', 'minutes', 'limp', 'brown', 'add', 'sage', 'sauté', 'add', 'tomato', 'sauce', 'wine', 'simmer', 'uncovered', 'cover', 'simmer', 'stirring', 'occasionally', 'uncover', 'simmer', 'desired', 'thickness', 'season', 'taste', 'salt', 'pepper', 'serve', 'spaghetti', 'gnocchi', 'pierogies', 'sausages', 'whatever', 'sounds', 'good']",Italian
10534,"['grind', 'the', 'drained', 'dal', 'rice', 'green', 'chillies', 'and', 'salt', 'to', 'taste', 'to', 'a', 'smooth', 'paste', 'transfer', 'to', 'a', 'mixing', 'bowl', 'add', 'the', 'mashed', 'potato', 'onion', 'curry', 'leaves', 'and', 'corriander', 'leaves', 'and', 'mix', 'with', 'your', 'fingers', 'apply', 'a', 'little', 'oil', 'on', 'your', 'fingers', 'before', 'mixing', 'to', 'prevent', 'the', 'batter', 'from', 'sticking', 'to', 'your', 'fingers', 'until', 'you', 'have', 'a', 'batter', 'of', 'semi-solid', 'consistency', 'heat', 'a', 'flat', 'iron', 'dosa', 'tava', 'griddle', 'smear', 'the', 'griddle', 'with', '1/2', 'tsp', 'of', 'oil', 'add', 'a', 'ladle', 'full', 'of', 'the', 'batter', 'and', 'make', 'it', 'in', 'the', 'shape', 'of', 'a', 'dosa', 'add', '1/2', 'tsp', 'of', 'oil', 'after', '2', 'minutes', 'flip', 'the', 'pesarattu', 'on', 'the', 'other', 'side', 'and', 'again', 'smear', 'with', '1/4', 'tsp', 'of', 'oil', 'when', 'the', 'pesarattu', 'turns', 'golden', 'and', 'crispy', 'on', 'either', 'side', 'remove', 'it', 'from', 'the', 'griddle', 'serve', 'hot', 'with', 'corriander-coconut', 'chutney', 'enjoy', 'your', 'snack']","['grind', 'drained', 'dal', 'rice', 'green', 'chillies', 'salt', 'taste', 'smooth', 'paste', 'transfer', 'mixing', 'bowl', 'add', 'mashed', 'potato', 'onion', 'curry', 'leaves', 'corriander', 'leaves', 'mix', 'fingers', 'apply', 'little', 'oil', 'fingers', 'mixing', 'prevent', 'batter', 'sticking', 'fingers', 'batter', 'semi', 'solid', 'consistency', 'heat', 'flat', 'iron', 'dosa', 'tava', 'griddle', 'smear', 'griddle', 'oil', 'add', 'ladle', 'full', 'batter', 'make', 'shape', 'dosa', 'add', 'oil', 'flip', 'pesarattu', 'side', 'smear', 'oil', 'pesarattu', 'turns', 'golden', 'crispy', 'either', 'side', 'remove', 'griddle', 'serve', 'hot', 'corriander', 'coconut', 'chutney', 'enjoy', 'snack']",Indian
12130,"['soak', 'the', 'rice', 'and', 'methi', 'seeds', 'for', '1', 'hour', 'in', 'the', 'meantime', 'heat', 'the', 'coconut', 'oil', 'and', 'fry', 'the', 'urad', 'dal', 'and', 'dry', 'red', 'chillies', 'for', 'a', 'few', 'minutes', 'keep', 'aside', 'and', 'cool', 'now', 'grind', 'the', 'rice', 'methi', 'seeds', 'along', 'with', 'the', 'dhania', 'jeera', 'tamarind', 'salt', 'jaggery', 'garlic', 'haldi', 'and', 'cononut', 'with', 'water', 'to', 'a', 'fine', 'and', 'uniform', 'batter', 'consistancy', 'pour', 'it', 'into', 'a', 'bowl', 'add', 'the', 'chopped', 'methi', 'leaves', 'and', 'mix', 'well', 'now', 'grease', 'a', 'tawa', 'with', 'a', 'little', 'oil', 'keep', 'on', 'medium', 'heat', 'and', 'spoon', 'out', 'the', 'mixture', 'by', 'spreading', 'it', 'evenly', 'let', 'it', 'not', 'be', 'too', 'thick', 'turn', 'over', 'when', 'one', 'side', 'is', 'done', 'it', 'might', 'take', 'a', 'few', 'minutes', 'so', 'do', ""n't"", 'be', 'impatient', 'cook', 'till', 'done', 'serve', 'hot', 'with', 'butter']","['soak', 'rice', 'methi', 'seeds', 'meantime', 'heat', 'coconut', 'oil', 'fry', 'urad', 'dal', 'dry', 'red', 'chillies', 'keep', 'aside', 'cool', 'grind', 'rice', 'methi', 'seeds', 'along', 'dhania', 'jeera', 'tamarind', 'salt', 'jaggery', 'garlic', 'haldi', 'cononut', 'water', 'fine', 'uniform', 'batter', 'consistancy', 'pour', 'bowl', 'add', 'chopped', 'methi', 'leaves', 'mix', 'well', 'grease', 'tawa', 'little', 'oil', 'keep', 'medium', 'heat', 'spoon', 'mixture', 'spreading', 'evenly', 'let', 'thick', 'turn', 'one', 'side', 'done', 'might', 'take', 'impatient', 'cook', 'till', 'done', 'serve', 'hot', 'butter']",Indian
2289,"['to', 'make', 'poolish', 'mix', '1', '1/2', 'c', 'flour', 'and', '1', 'teaspoons', 'yeast', 'together', 'in', 'bowl', 'add', '1', '1/3', 'c', 'water', 'mix', 'well', 'cover', 'with', 'plastic', 'and', 'let', 'ferment', 'at', 'room', 'temp', 'for', '2', 'to', '5', 'hours', 'for', 'the', 'dough', 'in', 'a', 'large', 'kitchenaid', 'mixing', 'bowl', 'combine', 'all', 'the', 'poolish', 'and', 'add', 'to', 'it', '1', 'tablespoons', 'honey', '1', 'tsp', 'yeast', 'and', '1', '1/2', 'tsp', 'kosher', 'salt', 'and', 'blend', 'well', 'put', 'dough', 'hook', 'on', 'mixer', 'and', 'add', 'remaining', 'flour', 'and', 'mix', 'well', 'at', 'low', 'speed', 'gradually', 'add', 'flour', 'a', 'little', 'at', 'a', 'time', 'with', 'mixer', 'running', 'at', 'speed', '2', 'or', 'so', 'what', 'you', 'are', 'looking', 'for', 'is', 'for', 'your', 'dough', 'to', 'clear', 'the', 'sides', 'of', 'the', 'bowl', 'but', 'not', 'the', 'bottom', 'when', 'this', 'happens', 'no', 'more', 'flour', 'knead', 'at', 'medium', 'speed', 'for', 'about', '5', 'minutes', 'dough', 'should', 'freely', 'drop', 'off', 'of', 'dough', 'hook', 'put', 'dough', 'into', 'an', 'oiled', 'bowl', 'cover', 'with', 'plastic', 'and', 'let', 'rise', '1', '1/2', 'hours', 'at', 'room', 'temperature', 'turn', 'dough', 'out', 'onto', 'lightly', 'oiled', 'surface', 'divide', 'into', '2', 'balls', 'transfer', 'balls', 'to', 'lightly', 'floured', 'surface', 'dust', 'lightly', 'with', 'flour', 'cover', 'with', 'plastic', 'and', 'let', 'rise', '1', '1/2', 'hours', 'make', 'skins', 'from', 'balls', 'this', 'dough', 'makes', '2', '13', '14', 'inch', 'pies', 'do', 'not', 'use', 'a', 'rolling', 'pin', 'when', 'forming', 'your', 'skins', 'it', 'will', 'stretch', 'the', 'dough', 'far', 'too', 'much', 'i', 'use', 'a', 'slap', 'and', 'then', 'stretch', 'over', 'the', 'backs', 'of', 'my', 'hands', 'bake', 'on', 'a', 'pizza', 'stone', 'thats', 'been', 'preheated', 'for', '15+minutes', 'at', '550f', 'for', '8-12', 'minutes', 'i', 'also', 'like', 'to', 'mist', 'the', 'edge', 'of', 'the', 'dough', 'with', 'extra', 'virgin', 'olive', 'oil', 'before', 'baking']","['make', 'poolish', 'mix', 'c', 'flour', 'yeast', 'together', 'bowl', 'add', 'c', 'water', 'mix', 'well', 'cover', 'plastic', 'let', 'ferment', 'room', 'temp', 'dough', 'large', 'kitchenaid', 'mixing', 'bowl', 'combine', 'poolish', 'add', 'honey', 'yeast', 'kosher', 'salt', 'blend', 'well', 'put', 'dough', 'hook', 'mixer', 'add', 'remaining', 'flour', 'mix', 'well', 'low', 'speed', 'gradually', 'add', 'flour', 'little', 'time', 'mixer', 'running', 'speed', 'looking', 'dough', 'clear', 'sides', 'bowl', 'bottom', 'happens', 'flour', 'knead', 'medium', 'speed', 'dough', 'freely', 'drop', 'dough', 'hook', 'put', 'dough', 'oiled', 'bowl', 'cover', 'plastic', 'let', 'rise', 'room', 'temperature', 'turn', 'dough', 'onto', 'lightly', 'oiled', 'surface', 'divide', 'balls', 'transfer', 'balls', 'lightly', 'floured', 'surface', 'dust', 'lightly', 'flour', 'cover', 'plastic', 'let', 'rise', 'make', 'skins', 'balls', 'dough', 'makes', 'pies', 'use', 'rolling', 'pin', 'forming', 'skins', 'stretch', 'dough', 'far', 'much', 'use', 'slap', 'stretch', 'backs', 'hands', 'bake', 'pizza', 'stone', 'thats', 'preheated', '15+minutes', '550f', 'also', 'like', 'mist', 'edge', 'dough', 'extra', 'virgin', 'olive', 'oil', 'baking']",Italian
10193,"['wash', 'bhindi', 'in', 'water', 'and', 'dry', 'it', 'using', 'cloth', 'or', 'paper', 'napkin', 'if', 'possible', 'complete', 'this', 'process', '2-3', 'hours', 'prior', 'to', 'cooking', 'remove', 'head', 'and', 'tail', 'and', 'chop', 'it', 'into', '1/3-inch', 'thick', 'round', 'circles.heat', 'oil', 'in', 'a', 'non-stick', 'pan', 'or', 'heavy', 'based', 'kadai', 'over', 'medium', 'flame', 'add', 'cumin', 'seeds', 'and', 'when', 'they', 'begin', 'to', 'crackle', 'add', 'chopped', 'garlic', 'sauté', 'for', '30', 'seconds.add', 'chopped', 'bhindi', 'and', 'mix', 'well', 'cook', 'on', 'medium-low', 'flame', 'until', 'bhindi', 'turns', 'dark', 'green', 'and', 'shrinks', 'it', 'will', 'take', 'approximately', '6-8', 'minutes', 'stir', 'in', 'between', 'occasionally.add', 'chopped', 'tomatoes', 'turmeric', 'powder', 'and', 'salt', 'cook', 'until', 'tomatoes', 'turn', 'tender', 'approximately', '2', 'minutes', 'add', 'red', 'chilli', 'powder', 'garam', 'masala', 'powder', 'and', 'coriander', 'powder', 'mix', 'well', 'cook', 'for', 'a', 'minute', 'over', 'low', 'flame', 'and', 'turn', 'off', 'the', 'flame', 'transfer', 'prepared', 'bhindi', 'bhaji', 'to', 'a', 'serving', 'bowl', 'garnish', 'with', 'coriander', 'leaves', 'and', 'serve', 'with', 'roti', 'or', 'paratha']","['wash', 'bhindi', 'water', 'dry', 'using', 'cloth', 'paper', 'napkin', 'possible', 'complete', 'process', 'prior', 'cooking', 'remove', 'head', 'tail', 'chop', '1/3', 'inch', 'thick', 'round', 'circles.heat', 'oil', 'non', 'stick', 'pan', 'heavy', 'based', 'kadai', 'medium', 'flame', 'add', 'cumin', 'seeds', 'begin', 'crackle', 'add', 'chopped', 'garlic', 'sauté', 'seconds.add', 'chopped', 'bhindi', 'mix', 'well', 'cook', 'medium', 'low', 'flame', 'bhindi', 'turns', 'dark', 'green', 'shrinks', 'take', 'approximately', 'stir', 'occasionally.add', 'chopped', 'tomatoes', 'turmeric', 'powder', 'salt', 'cook', 'tomatoes', 'turn', 'tender', 'approximately', 'add', 'red', 'chilli', 'powder', 'garam', 'masala', 'powder', 'coriander', 'powder', 'mix', 'well', 'cook', 'low', 'flame', 'turn', 'flame', 'transfer', 'prepared', 'bhindi', 'bhaji', 'serving', 'bowl', 'garnish', 'coriander', 'leaves', 'serve', 'roti', 'paratha']",Indian
7710,"['preheat', 'oven', 'to', '450', 'degrees', 'sprinkle', 'the', 'fish', 'all', 'over', 'with', 'salt', 'and', 'refrigerate', '30', 'minutes', 'meanwhile', 'combine', 'all', 'the', 'chutney', 'ingredients', 'in', 'a', 'food', 'processor', 'and', 'process', 'until', 'it', 'forms', 'a', 'thick', 'marinade', 'adding', 'water', '1', 'teaspoon', 'at', 'a', 'time', 'if', 'necessary', 'taste', 'for', 'salt', 'and', 'set', 'aside', 'rinse', 'the', 'fish', 'and', 'pat', 'dry', 'cut', 'a', 'piece', 'of', 'aluminum', 'foil', 'or', 'parchment', 'paper', 'about', '15', 'inches', 'long', 'and', 'lay', 'it', 'on', 'a', 'work', 'surface', 'with', 'the', 'short', 'side', 'facing', 'you', 'brush', 'the', 'bottom', 'half', 'with', 'a', 'little', 'oil', 'spoon', 'about', 'one-eighth', 'of', 'the', 'chutney', 'on', 'the', 'bottom', 'half', 'and', 'spread', 'it', 'out', 'to', 'a', 'rectangle', 'about', 'the', 'size', 'of', 'a', 'halibut', 'fillet', 'set', 'one', 'fillet', 'on', 'top', 'of', 'the', 'chutney', 'and', 'cover', 'with', 'another', 'eighth', 'of', 'the', 'chutney', 'fold', 'the', 'top', 'half', 'of', 'the', 'foil', 'over', 'the', 'halibut', 'so', 'that', 'the', 'top', 'and', 'bottom', 'edges', 'meet', 'fold', 'the', 'bottom', 'edge', 'up', 'about', '1/4', 'inch', 'then', 'fold', 'it', 'up', 'twice', 'more', 'do', 'the', 'same', 'on', 'both', 'sides', 'to', 'completely', 'seal', 'the', 'halibut', 'in', 'the', 'package', 'repeat', 'to', 'make', 'three', 'more', 'packages', 'put', 'the', 'packages', 'in', 'a', 'single', 'layer', 'on', 'a', 'baking', 'sheet', 'and', 'bake', 'until', 'the', 'foil', 'just', 'begins', 'to', 'puff', 'about', '8', 'to', '10', 'minutes', 'cut', 'the', 'packages', 'open', 'and', 'slide', 'the', 'fish', 'and', 'chutney', 'out', 'onto', 'plates', 'serve', 'hot']","['preheat', 'oven', 'sprinkle', 'fish', 'salt', 'refrigerate', 'meanwhile', 'combine', 'chutney', 'ingredients', 'food', 'processor', 'process', 'forms', 'thick', 'marinade', 'adding', 'water', 'time', 'necessary', 'taste', 'salt', 'set', 'aside', 'rinse', 'fish', 'pat', 'dry', 'cut', 'piece', 'aluminum', 'foil', 'parchment', 'paper', 'long', 'lay', 'work', 'surface', 'short', 'side', 'facing', 'brush', 'bottom', 'half', 'little', 'oil', 'spoon', 'one', 'eighth', 'chutney', 'bottom', 'half', 'spread', 'rectangle', 'size', 'halibut', 'fillet', 'set', 'one', 'fillet', 'top', 'chutney', 'cover', 'another', 'eighth', 'chutney', 'fold', 'top', 'half', 'foil', 'halibut', 'top', 'bottom', 'edges', 'meet', 'fold', 'bottom', 'edge', 'fold', 'twice', 'sides', 'completely', 'seal', 'halibut', 'package', 'repeat', 'make', 'three', 'packages', 'put', 'packages', 'single', 'layer', 'baking', 'sheet', 'bake', 'foil', 'begins', 'puff', 'cut', 'packages', 'open', 'slide', 'fish', 'chutney', 'onto', 'plates', 'serve', 'hot']",Indian
9769,"['brush', 'the', 'fish', 'lightly', 'with', 'oil', 'then', 'sprinkle', 'with', 'salt', 'and', 'pepper', 'barbecue', 'on', 'a', 'grill', 'or', 'broil', '4', 'to', '5', 'inches', 'from', 'heat', 'for', '5', 'to', '7', 'minutes', 'on', 'each', 'side', 'or', 'until', 'fish', 'flakes', 'easily', 'with', 'a', 'fork', 'brush', 'occasionally', 'with', 'additional', 'oil', 'meanwhile', 'to', 'make', 'sauce', 'combine', 'the', 'mayonnaise', 'ketchup', 'orange', 'peel', 'orange', 'juice', 'and', 'curry', 'powder', 'serve', 'the', 'sauce', 'with', 'the', 'fish', 'garnish', 'with', 'orange', 'wedges', 'and', 'cilantro', 'sprigs']","['brush', 'fish', 'lightly', 'oil', 'sprinkle', 'salt', 'pepper', 'barbecue', 'grill', 'broil', 'heat', 'side', 'fish', 'flakes', 'easily', 'fork', 'brush', 'occasionally', 'additional', 'oil', 'meanwhile', 'make', 'sauce', 'combine', 'mayonnaise', 'ketchup', 'orange', 'peel', 'orange', 'juice', 'curry', 'powder', 'serve', 'sauce', 'fish', 'garnish', 'orange', 'wedges', 'cilantro', 'sprigs']",Indian
11349,"['soak', 'tamarind', 'in', 'warm', 'water', 'for', '1', 'hour', 'add', 'sugar', 'cook', 'for', '5', 'minutes', 'cool', 'grind', 'in', 'a', 'mixer', 'strain', 'add', 'mint', 'leaves', 'corriander', 'leaves', 'green', 'chillies', 'cumin', 'powder', 'rock', 'salt', 'and', 'salt', 'grind', 'again', 'remove', 'store', 'refrigerated', 'take', '3', 'tbsps', 'of', 'this', 'mixture', 'put', 'it', 'in', 'a', 'tall', 'glass', 'with', 'crushed', 'ice', 'in', 'it', 'add', 'cold', 'water', 'mix', 'well', 'garnish', 'with', 'bundi', 'serve', 'absolutely', 'chilled']","['soak', 'tamarind', 'warm', 'water', 'add', 'sugar', 'cook', 'cool', 'grind', 'mixer', 'strain', 'add', 'mint', 'leaves', 'corriander', 'leaves', 'green', 'chillies', 'cumin', 'powder', 'rock', 'salt', 'salt', 'grind', 'remove', 'store', 'refrigerated', 'take', 'tbsps', 'mixture', 'put', 'tall', 'glass', 'crushed', 'ice', 'add', 'cold', 'water', 'mix', 'well', 'garnish', 'bundi', 'serve', 'absolutely', 'chilled']",Indian
11573,"['remove', 'the', 'hard', 'stems', 'from', 'the', 'spinach', 'wash', 'it', 'under', 'running', 'water', 'chop', 'away', 'place', 'the', 'chopped', 'spinach', 'onions', 'and', 'carrots', 'in', 'a', 'pan', 'with', '2-3', 'tbsps', 'of', 'water', 'cover', 'cook', 'for', '6', 'minutes', 'dry', 'out', 'the', 'water', 'add', 'salt', 'and', 'pepper', 'to', 'taste', 'mix', 'well', 'place', 'a', 'lettuce', 'leaf', 'over', 'each', 'slice', 'of', 'bread', 'place', 'spoonfuls', 'of', 'the', 'spinach-carrot', 'mixture', 'on', 'it', 'sprinkle', 'cheese', 'parsley', 'and', 'nutmeg', 'over', 'it', 'serve', 'warm', 'enjoy']","['remove', 'hard', 'stems', 'spinach', 'wash', 'running', 'water', 'chop', 'away', 'place', 'chopped', 'spinach', 'onions', 'carrots', 'pan', 'tbsps', 'water', 'cover', 'cook', 'dry', 'water', 'add', 'salt', 'pepper', 'taste', 'mix', 'well', 'place', 'lettuce', 'leaf', 'slice', 'bread', 'place', 'spoonfuls', 'spinach', 'carrot', 'mixture', 'sprinkle', 'cheese', 'parsley', 'nutmeg', 'serve', 'warm', 'enjoy']",Indian
10341,"['thaw', 'bread', 'dough', 'until', 'workable', 'combine', 'hamburger', 'taco', 'seasoning', 'and', 'pinto', 'beans', 'and', 'cook', 'until', 'meat', 'is', 'done', 'remove', 'meat', 'and', 'beans', 'from', 'heat', 'and', 'let', 'cool', 'shape', 'bread', 'dough', 'into', 'the', 'shape', 'of', 'a', 'silver', 'dollar', 'pancake', 'maybe', 'a', 'little', 'bigger', 'depending', 'on', 'your', 'appetite', 'and', 'frying', 'pan', 'place', 'dough', 'in', 'fryer', 'and', 'cook', 'on', 'each', 'side', 'until', 'golden', 'brown', 'not', 'all', 'parts', 'of', 'the', 'dough', 'will', 'get', 'brown', 'remove', 'bread', 'from', 'grease', 'and', 'place', 'on', 'paper', 'towel', 'top', 'bread', 'with', 'taco', 'meat', 'and', 'beans', 'shredded', 'lettuce', 'diced', 'tomatoes', 'shredded', 'cheese', 'sour', 'cream', 'olives', 'guacamole', 'hot', 'sauces', 'whatever', 'you', 'like']","['thaw', 'bread', 'dough', 'workable', 'combine', 'hamburger', 'taco', 'seasoning', 'pinto', 'beans', 'cook', 'meat', 'done', 'remove', 'meat', 'beans', 'heat', 'let', 'cool', 'shape', 'bread', 'dough', 'shape', 'silver', 'dollar', 'pancake', 'maybe', 'little', 'bigger', 'depending', 'appetite', 'frying', 'pan', 'place', 'dough', 'fryer', 'cook', 'side', 'golden', 'brown', 'parts', 'dough', 'get', 'brown', 'remove', 'bread', 'grease', 'place', 'paper', 'towel', 'top', 'bread', 'taco', 'meat', 'beans', 'shredded', 'lettuce', 'diced', 'tomatoes', 'shredded', 'cheese', 'sour', 'cream', 'olives', 'guacamole', 'hot', 'sauces', 'whatever', 'like']",Indian
1546,"['slice', 'tomatoes', 'into', 'thick', 'even', 'slices', 'set', 'aside', 'combine', 'remaining', 'ingredients', 'in', 'small', 'jar', 'shake', 'well', 'layer', 'tomatoes', 'in', 'shallow', 'dish', 'covering', 'each', 'layer', 'with', 'dressing', 'cover', 'lightly', 'let', 'stand', 'at', 'room', 'temperature', 'at', 'least', '20', 'minute', 'we', 'enjoy', 'them', 'at', 'room', 'temperature', 'for', 'maximum', 'tomato', 'flavor', 'but', 'the', 'original', 'directions', 'say', 'to', 'chill', 'and', 'serve']","['slice', 'tomatoes', 'thick', 'even', 'slices', 'set', 'aside', 'combine', 'remaining', 'ingredients', 'small', 'jar', 'shake', 'well', 'layer', 'tomatoes', 'shallow', 'dish', 'covering', 'layer', 'dressing', 'cover', 'lightly', 'let', 'stand', 'room', 'temperature', 'least', 'enjoy', 'room', 'temperature', 'maximum', 'tomato', 'flavor', 'original', 'directions', 'say', 'chill', 'serve']",Italian
5579,"['bring', 'a', 'large', 'pot', 'of', 'well-salted', 'water', 'to', 'a', 'boil', 'over', 'high', 'heat', 'meanwhile', 'heat', 'the', 'olive', 'oil', 'in', 'a', 'large', 'skillet', 'over', 'medium-high', 'heat', 'add', 'the', 'onion', 'and', '1/2', 'tsp', 'salt', 'cook', 'stirring', 'frequently', 'until', 'softened', 'and', 'just', 'starting', 'to', 'brown', 'about', '4', 'minutes', 'add', 'the', 'meat', '1/2', 'tsp', 'pepper', 'and', 'another', '1/2', 'tsp', 'salt', 'and', 'cook', 'stirring', 'to', 'break', 'up', 'the', 'meat', 'until', 'lightly', 'browned', 'and', 'cooked', 'through', 'about', '4-5', 'minutes', 'move', 'the', 'mixture', 'to', 'the', 'side', 'of', 'the', 'pan', 'and', 'carefully', 'tilt', 'the', 'pan', 'to', 'pool', 'any', 'fat', 'on', 'the', 'empty', 'side', 'if', 'necessary', 'spoon', 'off', 'all', 'but', 'about', '2', 'tbsp', 'add', 'the', 'egg', 'noodles', 'to', 'the', 'boiling', 'water', 'and', 'cook', 'until', 'al', 'dente', 'based', 'on', 'package', 'directions', 'while', 'the', 'noodles', 'are', 'boiling', 'add', 'the', 'ketchup', 'to', 'the', 'skillet', 'and', 'mash', 'it', 'on', 'the', 'bottom', 'of', 'the', 'pan', 'to', 'brown', 'it', 'slightly', 'about', '1', 'minute', 'before', 'stirring', 'it', 'into', 'the', 'meat', 'add', 'the', 'wine', 'and', 'cook', 'stirring', 'and', 'scraping', 'the', 'bottom', 'of', 'the', 'skillet', 'to', 'loosen', 'any', 'browned', 'bits', 'until', 'most', 'of', 'the', 'liquid', 'has', 'evaporated', 'about', '2', 'minutes', 'add', 'the', 'tomato', 'juice', 'and', 'continue', 'to', 'cook', 'stirring', 'occasionally', 'until', 'the', 'sauce', 'thickens', 'and', 'clings', 'to', 'the', 'meat', 'about', '2', 'minutes', 'season', 'to', 'taste', 'with', 'salt', 'and', 'pepper', 'add', 'the', 'oregano', 'and', 'red', 'pepper', 'flakes', 'cook', 'for', '1', 'minute', 'longer', 'then', 'remove', 'from', 'the', 'heat', 'when', 'the', 'noodles', 'are', 'ready', 'reserve', '3/4', 'cup', 'of', 'the', 'water', 'and', 'then', 'drain', 'the', 'pasta', 'add', 'the', 'drained', 'pasta', 'to', 'the', 'sauce', 'and', 'stir', 'to', 'blend', 'if', 'it', 'looks', 'a', 'little', 'dry', 'add', 'a', 'little', 'of', 'the', 'pasta', 'cooking', 'water', 'and', 'serve', 'topped', 'with', 'grated', 'cheese']","['bring', 'large', 'pot', 'well', 'salted', 'water', 'boil', 'high', 'heat', 'meanwhile', 'heat', 'olive', 'oil', 'large', 'skillet', 'medium', 'high', 'heat', 'add', 'onion', 'salt', 'cook', 'stirring', 'frequently', 'softened', 'starting', 'brown', 'add', 'meat', 'pepper', 'another', 'salt', 'cook', 'stirring', 'break', 'meat', 'lightly', 'browned', 'cooked', 'move', 'mixture', 'side', 'pan', 'carefully', 'tilt', 'pan', 'pool', 'fat', 'empty', 'side', 'necessary', 'spoon', 'add', 'egg', 'noodles', 'boiling', 'water', 'cook', 'al', 'dente', 'based', 'package', 'directions', 'noodles', 'boiling', 'add', 'ketchup', 'skillet', 'mash', 'bottom', 'pan', 'brown', 'slightly', 'stirring', 'meat', 'add', 'wine', 'cook', 'stirring', 'scraping', 'bottom', 'skillet', 'loosen', 'browned', 'bits', 'liquid', 'evaporated', 'add', 'tomato', 'juice', 'continue', 'cook', 'stirring', 'occasionally', 'sauce', 'thickens', 'clings', 'meat', 'season', 'taste', 'salt', 'pepper', 'add', 'oregano', 'red', 'pepper', 'flakes', 'cook', 'longer', 'remove', 'heat', 'noodles', 'ready', 'reserve', 'water', 'drain', 'pasta', 'add', 'drained', 'pasta', 'sauce', 'stir', 'blend', 'looks', 'little', 'dry', 'add', 'little', 'pasta', 'cooking', 'water', 'serve', 'topped', 'grated', 'cheese']",Italian
988,"['sprinkle', 'chicken', 'with', '1/4', 'tsp', 'salt', 'and', 'pepper', 'in', 'a', 'skillet', 'cook', 'chicken', 'in', '2', 'tbsp', 'oil', 'over', 'medium', 'heat', 'for', '6-8', 'minutes', 'on', 'each', 'side', 'or', 'until', 'a', 'thermometer', 'reads', '170', 'degrees', 'f.', 'remove', 'and', 'keep', 'warm', 'in', 'the', 'same', 'skillet', 'saute', 'mushrooms', 'in', 'remaining', 'oil', 'until', 'tender', 'add', 'garlic', 'and', 'cook', '1', 'minute', 'longer', 'add', 'wine', 'stirring', 'to', 'loosen', 'browned', 'bits', 'from', 'the', 'pan', 'bring', 'to', 'a', 'boil', 'and', 'cook', 'until', 'liquid', 'is', 'reduced', 'by', 'a', 'third', 'stir', 'in', 'cream', 'and', 'remaining', 'salt', 'return', 'to', 'a', 'boil', 'and', 'cook', 'until', 'slightly', 'thickened', 'return', 'chicken', 'to', 'the', 'pan', 'add', '1/3', 'cup', 'gorgonzola', 'and', 'cook', 'until', 'cheese', 'is', 'melted', 'sprinkle', 'with', 'remaining', 'cheese', 'and', 'garnish', 'with', 'parsley']","['sprinkle', 'chicken', 'salt', 'pepper', 'skillet', 'cook', 'chicken', 'oil', 'medium', 'heat', 'side', 'thermometer', 'reads', 'f.', 'remove', 'keep', 'warm', 'skillet', 'saute', 'mushrooms', 'remaining', 'oil', 'tender', 'add', 'garlic', 'cook', 'longer', 'add', 'wine', 'stirring', 'loosen', 'browned', 'bits', 'pan', 'bring', 'boil', 'cook', 'liquid', 'reduced', 'third', 'stir', 'cream', 'remaining', 'salt', 'return', 'boil', 'cook', 'slightly', 'thickened', 'return', 'chicken', 'pan', 'add', 'gorgonzola', 'cook', 'cheese', 'melted', 'sprinkle', 'remaining', 'cheese', 'garnish', 'parsley']",Italian
12564,"['in', 'a', 'heavy', 'pot', 'heat', 'the', 'ghee', 'or', 'oil', 'until', 'shimmering', 'add', 'onion', 'and', 'cook', 'slowly', 'stirring', 'often', 'until', 'golden', 'about', '20', 'minutes', 'add', 'ginger', 'garlic', 'tomato', 'paste', 'garam', 'masala', 'and', 'chili', 'powder', 'it', 'should', 'be', 'thick', 'but', 'not', 'pasty', 'it', 'should', 'drip', 'off', 'a', 'spoon', 'if', 'too', 'thick', 'add', 'more', 'ghee', 'or', 'oil', 'cook', 'until', 'very', 'fragrant', '3-4', 'minutes', 'add', 'water', 'and', 'stir', 'until', 'smooth', 'season', 'to', 'taste', 'with', 'salt', 'and', 'pepper', 'add', 'shrimp', 'and', 'poach', 'gently', 'until', 'cooked', 'through', '3-5', 'minutes', 'remove', 'from', 'heat', 'and', 'stir', 'in', 'yogurt', 'serve', 'over', 'cooked', 'jasmine', 'or', 'basmati', 'rice']","['heavy', 'pot', 'heat', 'ghee', 'oil', 'shimmering', 'add', 'onion', 'cook', 'slowly', 'stirring', 'often', 'golden', 'add', 'ginger', 'garlic', 'tomato', 'paste', 'garam', 'masala', 'chili', 'powder', 'thick', 'pasty', 'drip', 'spoon', 'thick', 'add', 'ghee', 'oil', 'cook', 'fragrant', 'add', 'water', 'stir', 'smooth', 'season', 'taste', 'salt', 'pepper', 'add', 'shrimp', 'poach', 'gently', 'cooked', 'remove', 'heat', 'stir', 'yogurt', 'serve', 'cooked', 'jasmine', 'basmati', 'rice']",Indian
805,"['preheat', 'oven', 'to', '425', 'degrees', 'bake', 'eggplant', 'according', 'to', 'package', 'directions', 'which', 'is', 'approximately', '10', 'minutes', 'cook', 'pasta', 'according', 'to', 'package', 'directions', 'drain', 'meanwhile', 'in', 'large', 'nonstick', 'skillet', 'heat', 'oil', 'over', 'medium-high', 'heat', 'sprinkle', 'chicken', 'with', 'salt', 'and', 'pepper', 'add', 'chicken', 'to', 'skillet', 'and', 'cook', 'turning', 'once', 'until', 'lightly', 'golden', 'about', '2', 'minutes', 'per', 'side', 'on', 'same', 'pan', 'used', 'to', 'bake', 'eggplant', 'place', 'chicken', 'cutlets', 'in', 'single', 'layer', 'top', 'each', 'cutlet', 'with', 'about', '2', 't.', 'sauce', 'eggplant', 'slices', '2', 'more', 't.', 'sauce', 'and', 'sliced', 'cheese', 'bake', 'until', 'cheese', 'is', 'melted', 'and', 'bubbly', 'about', '10', 'minutes', 'in', 'pot', 'toss', 'pasta', 'with', 'remaining', 'sauce', 'heat', 'through', 'serve', 'chicken', 'with', 'pasta', 'and', 'garnish', 'with', 'basil', 'leaves']","['preheat', 'oven', 'bake', 'eggplant', 'according', 'package', 'directions', 'approximately', 'cook', 'pasta', 'according', 'package', 'directions', 'drain', 'meanwhile', 'large', 'nonstick', 'skillet', 'heat', 'oil', 'medium', 'high', 'heat', 'sprinkle', 'chicken', 'salt', 'pepper', 'add', 'chicken', 'skillet', 'cook', 'turning', 'lightly', 'golden', 'per', 'side', 'pan', 'used', 'bake', 'eggplant', 'place', 'chicken', 'cutlets', 'single', 'layer', 'top', 'cutlet', 't.', 'sauce', 'eggplant', 'slices', 't.', 'sauce', 'sliced', 'cheese', 'bake', 'cheese', 'melted', 'bubbly', 'pot', 'toss', 'pasta', 'remaining', 'sauce', 'heat', 'serve', 'chicken', 'pasta', 'garnish', 'basil', 'leaves']",Italian
249,"['heat', 'oven', 'to', '350', 'degrees', 'f.', 'coat', 'a', '13x9-inch', 'baking', 'dish', 'with', 'cooking', 'spray', 'pour', '1/3', 'of', 'the', 'sauce', 'in', 'the', 'bottom', 'of', 'prepared', 'pan', 'arrange', '12', 'frozen', 'ravioli', 'on', 'top', 'and', 'scatter', 'the', 'spinach', 'over', 'them', 'if', 'using', 'place', 'pepperoni', 'slices', 'evenly', 'over', 'spinach', 'and', 'top', 'with', 'half', 'of', 'each', 'cheese', 'cover', 'with', 'another', 'layer', 'of', 'ravioli', 'and', 'the', 'remaining', 'sauce', 'and', 'cheese', 'cover', 'pan', 'with', 'foil', 'and', 'bake', 'for', '25', 'minutes', 'uncover', 'and', 'bake', '5-10', 'minutes', 'more', 'or', 'until', 'bubbly', 'allow', 'to', 'rest', 'for', '5', 'minutes', 'before', 'cutting']","['heat', 'oven', 'f.', 'coat', '13x9', 'inch', 'baking', 'dish', 'cooking', 'spray', 'pour', 'sauce', 'bottom', 'prepared', 'pan', 'arrange', 'frozen', 'ravioli', 'top', 'scatter', 'spinach', 'using', 'place', 'pepperoni', 'slices', 'evenly', 'spinach', 'top', 'half', 'cheese', 'cover', 'another', 'layer', 'ravioli', 'remaining', 'sauce', 'cheese', 'cover', 'pan', 'foil', 'bake', 'uncover', 'bake', 'bubbly', 'allow', 'rest', 'cutting']",Italian
13056,"['saute', 'onion', 'peppers', 'and', 'tikka', 'paste', 'in', 'olive', 'oil', 'add', 'dried', 'spices-', 'saute', 'till', 'onion', 'is', 'cooked', 'add', 'tomato', 'spinach', 'chickpeas', 'and', 'saute', 'add', 'water', 'and', 'bring', 'to', 'a', 'boil', 'add', 'tuna', 'and', 'once', 'again', 'bring', 'to', 'a', 'boil', 'add', 'salt', 'and', 'pepper', 'to', 'taste']","['saute', 'onion', 'peppers', 'tikka', 'paste', 'olive', 'oil', 'add', 'dried', 'spices', 'saute', 'till', 'onion', 'cooked', 'add', 'tomato', 'spinach', 'chickpeas', 'saute', 'add', 'water', 'bring', 'boil', 'add', 'tuna', 'bring', 'boil', 'add', 'salt', 'pepper', 'taste']",Indian
2115,"['the', 'cheese', 'selected', 'here', 'are', 'of', 'the', 'best', 'quality', 'it', ""'s"", 'your', 'main', 'ingredient', 'of', 'the', 'sauce', 'try', 'not', 'to', 'cheat', 'parmesean/romano', 'cheese', 'in', 'a', 'can', 'does', 'not', 'melt', 'at', 'all', 'because', 'of', 'additives', 'highly', 'not', 'recommended', 'boil', 'water', 'for', 'pasta', 'cooking', 'until', 'al-dente', 'slice', 'prosciutto', 'into', 'squares', 'fine', 'dice', 'shallots', 'grate', 'cheeses', 'melt', 'butter', 'in', 'a', 'generous', 'sized', 'cooking', 'pan', 'pan', 'with', 'sides', 'on', 'low', 'heat', 'add', 'shallots', 'and', 'cook', 'till', 'tender/translucent', 'add', 'salt', 'and', 'pepper', 'to', 'taste', 'remember', 'there', ""'s"", 'alot', 'of', 'salt', 'in', 'these', 'cheeses', 'add', 'heavy', 'cream', 'stirring', 'constantly', 'until', 'the', 'cream', 'almost', 'boils', 'remove', 'from', 'heat', 'add', 'drained', 'pasta', 'into', 'pan', 'with', 'cheeses', 'stir', 'until', 'you', ""'ve"", 'found', 'decadence', 'in', 'a', 'pan', 'soon', 'as', 'i', 'can', 'i', ""'ll"", 'post', 'a', 'picture', 'but', 'with', 'green', 'pasta', 'use', 'a', 'white', 'or', 'cream', 'colored', 'serving', 'dish', 'and', 'garnish', 'with', 'parsley', 'and', 'a', 'few', 'ribbons', 'of', 'parmasean', 'cheese', 'bon', 'appetito', 'cooking', 'time', 'depends', 'really', 'on', 'your', 'pasta', 'choice', 'variations', 'for', 'example', 'skip', 'proscuitto', 'and', 'cook', 'shrimp', 'in', 'sauce', 'before', 'adding', 'pasta', 'and', 'cheese', 'omg', 'add', 'cooked', 'diced', 'chicken', 'breast', 'try', 'pancetta', 'or', 'bacon', 'instead', 'of', 'prosciutto', 'use', 'with', 'tortellini', 'add', 'mozarella', 'cheese', 'on', 'top', 'of', 'individual', 'servings', 'and', 'bake', 'it', 'under', 'a', '450', 'pre-heated', 'oven', 'for', '10-15', 'min', 'until', 'mozarella', 'is', 'melted', 'and', 'just', 'starting', 'to', 'brown']","['cheese', 'selected', 'best', 'quality', 'main', 'ingredient', 'sauce', 'try', 'cheat', 'parmesean/romano', 'cheese', 'melt', 'additives', 'highly', 'recommended', 'boil', 'water', 'pasta', 'cooking', 'al', 'dente', 'slice', 'prosciutto', 'squares', 'fine', 'dice', 'shallots', 'grate', 'cheeses', 'melt', 'butter', 'generous', 'sized', 'cooking', 'pan', 'pan', 'sides', 'low', 'heat', 'add', 'shallots', 'cook', 'till', 'tender/translucent', 'add', 'salt', 'pepper', 'taste', 'remember', 'alot', 'salt', 'cheeses', 'add', 'heavy', 'cream', 'stirring', 'constantly', 'cream', 'almost', 'boils', 'remove', 'heat', 'add', 'drained', 'pasta', 'pan', 'cheeses', 'stir', 'found', 'decadence', 'pan', 'soon', 'post', 'picture', 'green', 'pasta', 'use', 'white', 'cream', 'colored', 'serving', 'dish', 'garnish', 'parsley', 'ribbons', 'parmasean', 'cheese', 'bon', 'appetito', 'cooking', 'time', 'depends', 'really', 'pasta', 'choice', 'variations', 'example', 'skip', 'proscuitto', 'cook', 'shrimp', 'sauce', 'adding', 'pasta', 'cheese', 'omg', 'add', 'cooked', 'diced', 'chicken', 'breast', 'try', 'pancetta', 'bacon', 'instead', 'prosciutto', 'use', 'tortellini', 'add', 'mozarella', 'cheese', 'top', 'individual', 'servings', 'bake', 'pre', 'heated', 'oven', 'min', 'mozarella', 'melted', 'starting', 'brown']",Italian
2166,"['soak', 'mushrooms', 'for', 'about', '1/2', 'hour', 'in', 'cold', 'water', 'melt', 'butter', 'add', 'chopped', 'mushrooms', 'and', 'spinach', 'and', 'cook', 'for', '5', 'minutes', 'cook', 'pasta', 'drain', 'and', 'mix', 'in', 'pan', 'with', 'the', 'other', 'ingredients', 'add', 'grated', 'parmesan', 'cheese', 'and', 'white', 'truffle', 'oil', 'serve', 'hot']","['soak', 'mushrooms', 'cold', 'water', 'melt', 'butter', 'add', 'chopped', 'mushrooms', 'spinach', 'cook', 'cook', 'pasta', 'drain', 'mix', 'pan', 'ingredients', 'add', 'grated', 'parmesan', 'cheese', 'white', 'truffle', 'oil', 'serve', 'hot']",Italian
12110,"['heat', 'the', 'oil', 'in', 'a', 'deep', 'pot', 'and', 'fry', 'the', 'cumin', 'seeds', 'till', 'they', 'start', 'to', 'sputter', 'add', 'the', 'onions', 'and', 'garlic', 'to', 'the', 'pot', 'and', 'fry', 'for', '3', 'mins', 'add', 'the', 'curry', 'paste', 'stir', 'and', 'add', 'tomato', 'puree', 'and', 'ground', 'ginger', 'cook', 'for', '2', 'mins', 'add', 'the', 'aubergine', 'and', 'green', 'pepper', 'stir', 'to', 'coat', 'in', 'the', 'mixture', 'add', 'the', 'milk', 'bring', 'to', 'the', 'boil', 'reduce', 'heat', 'cover', 'pot', 'and', 'simmer', 'for', '10', 'minutes', 'if', 'the', 'mixture', 'thickens', 'too', 'much', 'add', 'tablespoon', 'of', 'water', 'stir', 'in', 'the', 'pineapple', 'and', 'diced', 'tomato', 'take', 'of', 'the', 'heat', 'season', 'with', 'salt', 'to', 'taste', 'serve', 'with', 'boiled', 'rice', 'and', 'a', 'meat', 'curry']","['heat', 'oil', 'deep', 'pot', 'fry', 'cumin', 'seeds', 'till', 'start', 'sputter', 'add', 'onions', 'garlic', 'pot', 'fry', 'mins', 'add', 'curry', 'paste', 'stir', 'add', 'tomato', 'puree', 'ground', 'ginger', 'cook', 'mins', 'add', 'aubergine', 'green', 'pepper', 'stir', 'coat', 'mixture', 'add', 'milk', 'bring', 'boil', 'reduce', 'heat', 'cover', 'pot', 'simmer', 'mixture', 'thickens', 'much', 'add', 'water', 'stir', 'pineapple', 'diced', 'tomato', 'take', 'heat', 'season', 'salt', 'taste', 'serve', 'boiled', 'rice', 'meat', 'curry']",Indian
9216,"['boil', 'chickpeas', 'for', 'about', '2', 'to', '3', 'hours', 'in', 'a', 'frying', 'pan', 'sauté', 'onion', 'in', 'a', 'bit', 'of', 'olive', 'oil', 'for', 'about', '5', 'minutes', 'until', 'onions', 'look', 'clear', 'add', 'garlic', 'cook', '1', 'minute', 'add', 'potatoes', 'cook', 'about', '1-2', 'minutes', 'stirring', 'constantly', 'add', 'spices', 'except', 'cardamom', 'and', 'curry', 'leaf', 'cook', 'another', '1', 'minute', 'until', 'spices', 'are', 'aromatic', 'and', 'make', 'sure', 'it', 'does', ""n't"", 'burn', 'remove', 'from', 'heat', 'drain', 'chickpeas', 'add', '300ml', 'of', 'broth', 'add', 'tomatoes', 'carrot', 'cardamom', 'and', 'curry', 'leaf', 'bring', 'to', 'boil', 'add', 'the', 'onion/potato', 'mixture', 'and', 'peanut', 'butter', 'simmer', 'for', '0.5', 'to', '1', 'hour', 'for', 'a', 'thinner', 'soup', 'add', 'water', 'for', 'thicker', 'soup', 'puree', 'half', 'of', 'the', 'soup', 'in', 'a', 'food', 'processor', 'serving', 'suggestion', 'serve', 'with', 'naan', 'bread', 'and', 'a', 'dollop', 'of', 'yogurt']","['boil', 'chickpeas', 'frying', 'pan', 'sauté', 'onion', 'bit', 'olive', 'oil', 'onions', 'look', 'clear', 'add', 'garlic', 'cook', 'add', 'potatoes', 'cook', 'stirring', 'constantly', 'add', 'spices', 'except', 'cardamom', 'curry', 'leaf', 'cook', 'another', 'spices', 'aromatic', 'make', 'sure', 'burn', 'remove', 'heat', 'drain', 'chickpeas', 'add', '300ml', 'broth', 'add', 'tomatoes', 'carrot', 'cardamom', 'curry', 'leaf', 'bring', 'boil', 'add', 'onion/potato', 'mixture', 'peanut', 'butter', 'simmer', 'thinner', 'soup', 'add', 'water', 'thicker', 'soup', 'puree', 'half', 'soup', 'food', 'processor', 'serving', 'suggestion', 'serve', 'naan', 'bread', 'dollop', 'yogurt']",Indian
87,"['trim', 'fat', 'from', 'chops', 'cook', 'chops', 'in', 'hot', 'oil', 'in', 'a', 'large', 'frypan', 'over', 'medium', 'heat', 'about', '8', 'minutes', 'for', 'medium', 'doneness', 'turning', 'once', 'transfer', 'chops', 'to', 'a', 'serving', 'plate', 'keep', 'warm', 'stir', 'garlic', 'into', 'drippings', 'in', 'frypan', 'cook', 'and', 'stir', 'for', '1', 'minute', 'stir', 'in', 'beans', 'tomatoes', 'vinegar', 'and', 'snipped', 'rosemary', 'bring', 'to', 'boiling', 'reduce', 'heat', 'simmer', 'uncovered', 'for', '3', 'minutes', 'spoon', 'bean', 'mixture', 'onto', 'four', 'individual', 'plates', 'arrange', 'two', 'chops', 'on', 'each', 'serving', 'of', 'beans', 'if', 'desired', 'garnish', 'with', 'rosemary', 'sprigs']","['trim', 'fat', 'chops', 'cook', 'chops', 'hot', 'oil', 'large', 'frypan', 'medium', 'heat', 'medium', 'doneness', 'turning', 'transfer', 'chops', 'serving', 'plate', 'keep', 'warm', 'stir', 'garlic', 'drippings', 'frypan', 'cook', 'stir', 'stir', 'beans', 'tomatoes', 'vinegar', 'snipped', 'rosemary', 'bring', 'boiling', 'reduce', 'heat', 'simmer', 'uncovered', 'spoon', 'bean', 'mixture', 'onto', 'four', 'individual', 'plates', 'arrange', 'two', 'chops', 'serving', 'beans', 'desired', 'garnish', 'rosemary', 'sprigs']",Italian
6237,"['in', 'a', 'skillet', 'heat', 'the', 'oil', 'over', 'medium', 'heat', 'cook', 'the', 'onion', 'and', 'shallot', 'until', 'soft', 'and', 'translucent', 'about', '7', 'minutes', 'add', 'the', 'garlic', 'and', 'continue', 'cooking', 'for', '1', 'additional', 'minute', 'add', 'the', 'wine', 'and', 'simmer', 'until', 'reduced', 'by', 'half', 'about', '4', 'minutes', 'add', 'the', 'tomatoes', 'and', 'simmer', 'for', '20', 'minutes', 'add', 'the', 'cream', 'olives', 'and', 'capers', 'and', 'simmer', 'for', 'about', '7', 'minutes', 'adjust', 'seasoning', 'to', 'taste', 'serve', 'over', 'your', 'favourite', 'pasta']","['skillet', 'heat', 'oil', 'medium', 'heat', 'cook', 'onion', 'shallot', 'soft', 'translucent', 'add', 'garlic', 'continue', 'cooking', 'additional', 'add', 'wine', 'simmer', 'reduced', 'half', 'add', 'tomatoes', 'simmer', 'add', 'cream', 'olives', 'capers', 'simmer', 'adjust', 'seasoning', 'taste', 'serve', 'favourite', 'pasta']",Italian
2972,"['ifyou', 'can', 'not', 'find', 'tomato', 'puree', 'you', 'can', 'substitute', 'it', 'with', '2', 'cans', 'tomato', 'sauce', 'and', '1', 'can', 'tomato', 'paste', 'if', 'you', 'substitue', 'the', 'puree', 'for', 'the', 'sauce', 'and', 'paste', 'you', 'will', 'only', 'need', 'to', 'add', 'half', 'the', 'water', 'listed', 'above~', '~step', 'one', 'sauce~', 'in', 'a', 'large', 'cooking', 'pot', '8', 'or', '10', 'quart', 'pot', 'combine', 'the', 'tomato', 'puree', 'water', 'and', 'spices', 'and', 'cook', 'over', 'low', 'heat', 'until', 'you', 'are', 'done', 'with', 'step', 'two', '~steptwo', 'meatballs', 'sausage', 'and', 'pork~', 'place', 'the', 'ground', 'turkey', 'or', 'chicken', 'in', 'a', 'large', 'mixing', 'bowl', 'add', 'the', 'two', 'eggs', 'spices', 'cheese', 'and', 'bread', 'crumbs', 'mix', 'together', 'very', 'well', 'and', 'form', 'into', 'meatballs', 'in', 'a', 'large', 'nonstick', 'skillet', 'heat', 'up', 'a', 'small', 'amount', 'of', 'cooking', 'oil', 'i', 'use', 'about', 'a', 'tablespoon', 'of', 'olive', 'oil', 'over', 'med', 'heat', 'fry', 'the', 'meatballs', 'sausage', 'links', 'and', 'pork', 'ribs', 'together', 'just', 'until', 'they', 'are', 'brown', 'all', 'over', 'you', 'wo', ""n't"", 'be', 'able', 'to', 'fit', 'all', 'the', 'meat', 'in', 'the', 'skillet', 'so', 'you', ""'ll"", 'have', 'to', 'fry', 'them', 'up', 'in', 'batches', 'but', 'make', 'sure', 'each', 'batch', 'contains', 'a', 'little', 'of', 'each', 'meat', 'so', 'that', 'the', 'flavors', 'are', 'mixed', 'together', 'add', 'the', 'semi-cooked', 'meat', 'and', 'juices', 'to', 'the', 'sauce', 'increase', 'heat', 'to', 'medium', 'and', 'bring', 'to', 'a', 'boil', 'reduce', 'heat', 'to', 'med-low', 'cover', 'and', 'simmer', 'for', '4', 'hours', 'stir', 'every', '10', 'to', '15', 'minutes', 'to', 'avoid', 'burning', 'the', 'bottom', 'of', 'the', 'sauce']","['ifyou', 'find', 'tomato', 'puree', 'substitute', 'cans', 'tomato', 'sauce', 'tomato', 'paste', 'substitue', 'puree', 'sauce', 'paste', 'need', 'add', 'half', 'water', 'listed', 'above~', '~step', 'one', 'sauce~', 'large', 'cooking', 'pot', 'pot', 'combine', 'tomato', 'puree', 'water', 'spices', 'cook', 'low', 'heat', 'done', 'step', 'two', '~steptwo', 'meatballs', 'sausage', 'pork~', 'place', 'ground', 'turkey', 'chicken', 'large', 'mixing', 'bowl', 'add', 'two', 'eggs', 'spices', 'cheese', 'bread', 'crumbs', 'mix', 'together', 'well', 'form', 'meatballs', 'large', 'nonstick', 'skillet', 'heat', 'small', 'amount', 'cooking', 'oil', 'use', 'olive', 'oil', 'med', 'heat', 'fry', 'meatballs', 'sausage', 'links', 'pork', 'ribs', 'together', 'brown', 'wo', 'able', 'fit', 'meat', 'skillet', 'fry', 'batches', 'make', 'sure', 'batch', 'contains', 'little', 'meat', 'flavors', 'mixed', 'together', 'add', 'semi', 'cooked', 'meat', 'juices', 'sauce', 'increase', 'heat', 'medium', 'bring', 'boil', 'reduce', 'heat', 'med', 'low', 'cover', 'simmer', 'stir', 'every', 'avoid', 'burning', 'bottom', 'sauce']",Italian
8065,"['heat', 'the', 'ghee', 'in', 'a', 'heavy', 'bottomed', 'pan', 'add', 'the', 'cinnamon', 'cloves', 'cardamom', 'pods', 'and', 'bay', 'leaves', 'to', 'the', 'ghee', 'till', 'in', 'starts', 'to', 'crackle', 'add', 'the', 'onions', 'lower', 'the', 'heat', 'to', 'just', 'above', 'a', 'simmer', 'and', 'saute', 'till', 'the', 'onions', 'start', 'to', 'brown', 'about', '10', 'minutes', 'add', 'the', 'ginger', 'and', 'garlic', 'pastes', 'and', 'a', 'cup', 'of', 'water', 'lower', 'the', 'heat', 'to', 'a', 'simmer', 'and', 'let', 'the', 'pastes', 'simmer', 'for', '5', 'minutes', 'without', 'stirring', 'then', 'raise', 'the', 'heat', 'and', 'let', 'the', 'water', 'dry', 'out', 'and', 'the', 'edges', 'start', 'to', 'brown', 'add', 'another', 'cup', 'of', 'water', 'and', 'stir', 'the', 'pastes', 'scraping', 'off', 'any', 'browned', 'bits', 'the', 'paste', 'should', 'start', 'looking', 'a', 'little', 'jellyish', 'at', 'this', 'stage', 'let', 'the', 'water', 'dry', 'off', 'again', 'add', 'the', 'coriander', 'and', 'chilli', 'powders', 'and', 'stir', 'for', 'a', 'few', 'minutes', 'add', 'the', 'chicken', 'and', 'mix', 'take', 'the', 'pan', 'off', 'heat', 'and', 'slowly', 'stir', 'in', 'the', 'yoghurt', 'return', 'the', 'pan', 'to', 'low', 'heat', 'and', 'when', 'the', 'gravy', 'starts', 'boiling', 'add', 'the', 'garam', 'masala', 'mace', 'cardamom', 'and', 'black', 'pepper', 'after', 'a', 'minute', 'or', 'so', 'add', 'the', 'remaining', '6', 'cups', 'of', 'water', 'and', 'salt', 'as', 'needed', 'cover', 'the', 'pan', 'and', 'let', 'the', 'chicken', 'cook', 'till', 'tender', 'about', '5-7', 'minutes', 'uncover', 'take', 'it', 'off', 'the', 'heat', 'add', 'the', 'khus', 'oil', 'and', 'saffron', 'stir', 'and', 'serve', 'with', 'rice', 'or', 'parathas']","['heat', 'ghee', 'heavy', 'bottomed', 'pan', 'add', 'cinnamon', 'cloves', 'cardamom', 'pods', 'bay', 'leaves', 'ghee', 'till', 'starts', 'crackle', 'add', 'onions', 'lower', 'heat', 'simmer', 'saute', 'till', 'onions', 'start', 'brown', 'add', 'ginger', 'garlic', 'pastes', 'water', 'lower', 'heat', 'simmer', 'let', 'pastes', 'simmer', 'without', 'stirring', 'raise', 'heat', 'let', 'water', 'dry', 'edges', 'start', 'brown', 'add', 'another', 'water', 'stir', 'pastes', 'scraping', 'browned', 'bits', 'paste', 'start', 'looking', 'little', 'jellyish', 'stage', 'let', 'water', 'dry', 'add', 'coriander', 'chilli', 'powders', 'stir', 'add', 'chicken', 'mix', 'take', 'pan', 'heat', 'slowly', 'stir', 'yoghurt', 'return', 'pan', 'low', 'heat', 'gravy', 'starts', 'boiling', 'add', 'garam', 'masala', 'mace', 'cardamom', 'black', 'pepper', 'add', 'remaining', 'water', 'salt', 'needed', 'cover', 'pan', 'let', 'chicken', 'cook', 'till', 'tender', 'uncover', 'take', 'heat', 'add', 'khus', 'oil', 'saffron', 'stir', 'serve', 'rice', 'parathas']",Indian
8992,"['blend', 'everything', 'well', 'in', 'a', 'blender', 'serve', 'chilied', 'in', 'a', 'tall', 'glass', 'enjoy']","['blend', 'everything', 'well', 'blender', 'serve', 'chilied', 'tall', 'glass', 'enjoy']",Indian
2019,"['bring', 'broth', 'and', 'one', 'cup', 'water', 'to', 'a', 'boil', 'in', 'a', 'large', 'saucepan', 'add', 'pasta', 'and', 'meatballs', 'return', 'to', 'a', 'boil', 'cook', '7', 'to', '9', 'minutes', 'or', 'until', 'pasta', 'is', 'done', 'do', 'not', 'drain', 'reduce', 'heat', 'stir', 'in', 'spinach', 'and', 'pizza', 'sauce', 'cook', 'one', 'to', 'two', 'minutes', 'or', 'until', 'thoroughly', 'heated', 'i', 'like', 'to', 'top', 'mine', 'with', 'a', 'little', 'bit', 'of', 'shredded', 'mozzarella']","['bring', 'broth', 'one', 'water', 'boil', 'large', 'saucepan', 'add', 'pasta', 'meatballs', 'return', 'boil', 'cook', 'pasta', 'done', 'drain', 'reduce', 'heat', 'stir', 'spinach', 'pizza', 'sauce', 'cook', 'one', 'two', 'thoroughly', 'heated', 'like', 'top', 'mine', 'little', 'bit', 'shredded', 'mozzarella']",Italian
3137,"['thaw', 'spinach', 'drain', 'well', 'and', 'squeeze', 'out', 'excess', 'water', 'in', 'large', 'bowl', 'combine', 'spinach', 'ricotta,1', 'cup', 'mozzarella', '1/4', 'cup', 'parmesan', 'onion', 'egg', 'parsley', 'garlic', 'and', 'pepper', 'combine', 'spaghetti', 'sauce', 'with', 'water', 'pour', '1', 'cup', 'of', 'sauce', 'into', 'a', '13', 'x', '9', 'baking', 'pan', 'stuff', 'the', 'uncooked', 'manicotti', 'shells', 'with', 'the', 'cheese', 'mixture', 'place', 'in', 'pan', 'over', 'sauce', 'pour', 'remaining', 'sauce', 'over', 'manicotti', 'sprinkle', 'with', 'remaining', 'mozzarella', 'and', 'parmesan', 'cheese', 'cover', 'and', 'refrigerate', 'at', 'least', '4', 'hours', 'or', 'overnight', 'remove', 'from', 'refrigerator', '30', 'minutes', 'before', 'baking', 'bake', 'uncovered', '40-50', 'minutes', 'at', '350']","['thaw', 'spinach', 'drain', 'well', 'squeeze', 'excess', 'water', 'large', 'bowl', 'combine', 'spinach', 'ricotta,1', 'mozzarella', 'parmesan', 'onion', 'egg', 'parsley', 'garlic', 'pepper', 'combine', 'spaghetti', 'sauce', 'water', 'pour', 'sauce', 'x', 'baking', 'pan', 'stuff', 'uncooked', 'manicotti', 'shells', 'cheese', 'mixture', 'place', 'pan', 'sauce', 'pour', 'remaining', 'sauce', 'manicotti', 'sprinkle', 'remaining', 'mozzarella', 'parmesan', 'cheese', 'cover', 'refrigerate', 'least', 'overnight', 'remove', 'refrigerator', 'baking', 'bake', 'uncovered']",Italian
13064,"['place', 'chicken', 'potato', 'and', 'onion', 'in', 'bottom', 'of', '4qt', 'slow', 'cooker', 'pour', 'in', 'tomatoes', 'with', 'juice', 'add', 'garlic', 'curry', 'powder', 'cloves', 'salt', 'and', 'cinnamon', 'stick', 'cover', 'and', 'cook', 'on', 'low', '6-8', 'hrs', 'or', 'high', '3-4', 'hours', 'remove', 'and', 'discard', 'cinnamon', 'stick', 'stir', 'in', 'sour', 'cream', 'serve', 'over', 'rice', 'with', 'naan', 'on', 'the', 'side']","['place', 'chicken', 'potato', 'onion', 'bottom', '4qt', 'slow', 'cooker', 'pour', 'tomatoes', 'juice', 'add', 'garlic', 'curry', 'powder', 'cloves', 'salt', 'cinnamon', 'stick', 'cover', 'cook', 'low', 'hrs', 'high', 'remove', 'discard', 'cinnamon', 'stick', 'stir', 'sour', 'cream', 'serve', 'rice', 'naan', 'side']",Indian
9524,"['coat', 'the', 'bottom', 'and', 'sides', 'of', 'a', '5', 'quart', 'slow', 'cooker', 'with', 'vegetable', 'oil', 'put', 'the', 'rice', 'sugar', 'cardamon', 'seeds', 'raisins', 'and', 'milk', 'in', 'the', 'slow', 'cooker', 'if', 'using', 'agave', 'nectar', 'add', 'it', 'towards', 'the', 'end', 'as', 'it', 'will', 'make', 'the', 'dish', 'pinkish-brown', 'in', 'color', 'note', 'i', 'used', 'only', 'half', 'of', 'the', 'cardamon', 'seeds', 'and', 'that', 'was', 'plenty', 'flavorful', 'for', 'me', 'cook', 'on', 'high', 'for', '3', 'hours', 'stirring', 'once', 'or', 'twice', 'be', 'careful', 'not', 'to', 'let', 'it', 'overcook', 'as', 'the', 'milk', 'will', 'separate', 'i', 'found', 'mine', 'a', 'bit', 'too', 'thin', 'at', 'the', 'end', 'of', 'three', 'hours', 'and', 'cooked', 'another', '30', 'minutes', 'with', 'the', 'top', 'off', 'but', 'i', 'have', 'an', 'old', 'slow', 'cooker', 'sprinkle', 'with', 'chopped', 'nuts', 'and', 'serve', 'hot', 'or', 'cold', 'it', 'will', 'thicken', 'as', 'it', 'cools']","['coat', 'bottom', 'sides', 'slow', 'cooker', 'vegetable', 'oil', 'put', 'rice', 'sugar', 'cardamon', 'seeds', 'raisins', 'milk', 'slow', 'cooker', 'using', 'agave', 'nectar', 'add', 'towards', 'end', 'make', 'dish', 'pinkish', 'brown', 'color', 'note', 'used', 'half', 'cardamon', 'seeds', 'plenty', 'flavorful', 'cook', 'high', 'stirring', 'twice', 'careful', 'let', 'overcook', 'milk', 'separate', 'found', 'mine', 'bit', 'thin', 'end', 'three', 'cooked', 'another', 'top', 'old', 'slow', 'cooker', 'sprinkle', 'chopped', 'nuts', 'serve', 'hot', 'cold', 'thicken', 'cools']",Indian
908,"['in', 'a', 'large', 'bowl', 'dissolve', 'yeast', 'in', 'warm', 'water', 'let', 'stand', 'until', 'creamy', 'about', '10', 'minutes', 'add', 'salt', 'oil', 'and', '4', 'cups', 'flour', 'to', 'the', 'yeast', 'mixture', 'beat', 'well', 'stir', 'in', 'the', 'remaining', 'flour', '1/2', 'cup', 'at', 'a', 'time', 'beating', 'well', 'with', 'an', 'electric', 'mixer', 'at', 'medium', 'speed', 'after', 'each', 'addition', 'when', 'the', 'dough', 'has', 'pulled', 'together', 'into', 'a', 'ball', 'turn', 'it', 'out', 'onto', 'a', 'lightly', 'floured', 'surface', 'and', 'knead', 'until', 'smooth', 'and', 'elastic', 'about', '6', 'minutes', 'lightly', 'oil', 'a', 'large', 'bowl', 'place', 'the', 'dough', 'in', 'the', 'bowl', 'and', 'turn', 'to', 'coat', 'with', 'oil', 'cover', 'with', 'a', 'damp', 'cloth', 'and', 'let', 'rise', 'in', 'a', 'warm', 'place', 'until', 'doubled', 'in', 'size', 'about', '40', 'minutes', 'punch', 'dough', 'down', 'and', 'divide', 'into', '8', 'equal', 'portions', 'shape', 'each', 'portion', 'into', 'a', '4', 'inch', 'round', 'loaf', 'place', 'loaves', 'on', 'lightly', 'greased', 'baking', 'sheets', 'sprinkled', 'with', 'cornmeal', 'cover', 'and', 'let', 'rise', 'in', 'a', 'warm', 'place', 'free', 'from', 'drafts', 'until', 'doubled', 'in', 'bulk', 'about', '35', 'minutes', 'preheat', 'oven', 'to', '400', 'degrees', 'f', '200', 'degrees', 'c', 'in', 'a', 'small', 'bowl', 'beat', 'together', 'egg', 'white', 'and', '1', 'tablespoon', 'water', 'lightly', 'brush', 'the', 'loaves', 'with', 'half', 'of', 'this', 'egg', 'wash.', 'bake', 'in', 'preheated', 'oven', 'for', '15', 'minutes', 'brush', 'with', 'remaining', 'egg', 'mixture', 'and', 'bake', '10', 'to', '15', 'more', 'minutes', 'or', 'until', 'golden', 'cool', 'on', 'wire', 'racks', 'to', 'make', 'bowls', 'cut', 'a', '1/2', 'inch', 'thick', 'slice', 'from', 'top', 'of', 'each', 'loaf', 'scoop', 'out', 'centers', 'leaving', '3/4-inch-thick', 'shells', 'fill', 'bread', 'bowls', 'with', 'hot', 'soup', 'and', 'serve', 'immediately']","['large', 'bowl', 'dissolve', 'yeast', 'warm', 'water', 'let', 'stand', 'creamy', 'add', 'salt', 'oil', 'flour', 'yeast', 'mixture', 'beat', 'well', 'stir', 'remaining', 'flour', 'time', 'beating', 'well', 'electric', 'mixer', 'medium', 'speed', 'addition', 'dough', 'pulled', 'together', 'ball', 'turn', 'onto', 'lightly', 'floured', 'surface', 'knead', 'smooth', 'elastic', 'lightly', 'oil', 'large', 'bowl', 'place', 'dough', 'bowl', 'turn', 'coat', 'oil', 'cover', 'damp', 'cloth', 'let', 'rise', 'warm', 'place', 'doubled', 'size', 'punch', 'dough', 'divide', 'equal', 'portions', 'shape', 'portion', 'round', 'loaf', 'place', 'loaves', 'lightly', 'greased', 'baking', 'sheets', 'sprinkled', 'cornmeal', 'cover', 'let', 'rise', 'warm', 'place', 'free', 'drafts', 'doubled', 'bulk', 'preheat', 'oven', 'f', 'c', 'small', 'bowl', 'beat', 'together', 'egg', 'white', 'water', 'lightly', 'brush', 'loaves', 'half', 'egg', 'wash.', 'bake', 'preheated', 'oven', 'brush', 'remaining', 'egg', 'mixture', 'bake', 'golden', 'cool', 'wire', 'racks', 'make', 'bowls', 'cut', 'thick', 'slice', 'top', 'loaf', 'scoop', 'centers', 'leaving', '3/4', 'inch', 'thick', 'shells', 'fill', 'bread', 'bowls', 'hot', 'soup', 'serve', 'immediately']",Italian
12170,"['combine', 'all', 'ingredients', 'in', 'a', 'large', 'bowl', 'and', 'blend', 'with', 'hand', 'blender', 'or', 'in', 'a', 'blender', 'if', 'desired', 'pour', 'into', 'glasses', 'and', 'serve', 'with', 'ice', 'cubes', 'alternatively', 'if', 'you', 'have', 'a', 'blender', 'add', 'the', 'ice', 'cubes', 'directly', 'into', 'the', 'mixture', 'for', 'a', 'crushed', 'ice', 'texture']","['combine', 'ingredients', 'large', 'bowl', 'blend', 'hand', 'blender', 'blender', 'desired', 'pour', 'glasses', 'serve', 'ice', 'cubes', 'alternatively', 'blender', 'add', 'ice', 'cubes', 'directly', 'mixture', 'crushed', 'ice', 'texture']",Indian
1029,"['boil', 'pasta', 'drain', 'prepare', 'cheese', 'mixture', 'by', 'mixing', 'cottage', 'cheese', 'with', 'egg', 'beater', 'and', 'wire', 'wisk', 'until', 'smooth', 'chop', 'all', 'vegetables', 'into', 'bite', 'sized', 'pieces', 'sautee', 'chopped', 'veggies', 'with', 'garlic', 'flavored', 'pam', 'fresh', 'garlic', 'and', 'desired', 'italian', 'spices', 'add', 'soy', 'crumble', 'to', 'sautee', 'mix', 'cook', 'until', 'browned', 'put', 'a', 'small', 'amount', 'of', 'sauce', 'to', 'coat', 'bottom', 'of', 'baking', 'pan', 'add', 'a', 'layer', 'of', 'pasta', 'add', 'a', 'layer', 'of', 'the', 'veggie', 'mixture', 'add', 'a', 'layer', 'of', 'cottage', 'cheese', 'mixture', 'sprinkle', 'some', 'soy', 'cheese', 'mixture', 'some', 'sauce', 'add', 'a', 'top', 'layer', 'of', 'pasta', 'add', 'sauce', 'sprinkle', 'remaining', 'soy', 'cheddar', 'and', 'mozarella', 'on', 'top', 'bake', 'in', 'oven', 'at', '350', 'for', '30', 'minutes', 'wow', 'this', 'tasted', 'so', 'terrific', 'my', 'boyfriend', 'had', 'it', 'and', 'i', 'did', ""n't"", 'tell', 'him', 'what', 'it', 'was', 'he', 'said', 'it', 'was', 'the', 'best', 'tasting', 'lasagna', 'he', 'has', 'ever', 'had']","['boil', 'pasta', 'drain', 'prepare', 'cheese', 'mixture', 'mixing', 'cottage', 'cheese', 'egg', 'beater', 'wire', 'wisk', 'smooth', 'chop', 'vegetables', 'bite', 'sized', 'pieces', 'sautee', 'chopped', 'veggies', 'garlic', 'flavored', 'pam', 'fresh', 'garlic', 'desired', 'italian', 'spices', 'add', 'soy', 'crumble', 'sautee', 'mix', 'cook', 'browned', 'put', 'small', 'amount', 'sauce', 'coat', 'bottom', 'baking', 'pan', 'add', 'layer', 'pasta', 'add', 'layer', 'veggie', 'mixture', 'add', 'layer', 'cottage', 'cheese', 'mixture', 'sprinkle', 'soy', 'cheese', 'mixture', 'sauce', 'add', 'top', 'layer', 'pasta', 'add', 'sauce', 'sprinkle', 'remaining', 'soy', 'cheddar', 'mozarella', 'top', 'bake', 'oven', 'wow', 'tasted', 'terrific', 'boyfriend', 'tell', 'said', 'best', 'tasting', 'lasagna', 'ever']",Italian
339,"['preheat', 'oven', 'to', '350', 'degrees', 'boil', 'water', 'for', 'pasta', 'while', 'water', 'comes', 'to', 'a', 'boil', 'melt', 'butter', 'in', 'a', 'large', 'saute', 'pan', 'add', 'minced', 'garlic', 'cook', 'a', 'few', 'minutes', 'over', 'medium', 'heat', 'add', 'cream', 'salt', 'pepper', 'tomato', 'sauce', 'cook', 'for', 'four', 'minutes', 'on', 'high', 'flame', 'add', 'spaghetti', 'to', 'boiling', 'water', 'and', 'cook', 'till', 'al', 'dente', 'drain', 'and', 'add', 'to', 'sauce', 'add', 'the', 'shrimp', 'proscuitto', 'cognac', 'and', 'parmesan', 'cheese', 'stir', 'and', 'cook', 'for', 'two', 'minutes', 'on', 'high', 'heat', 'remove', 'from', 'heat', 'and', 'put', 'pasta', 'in', 'a', 'bowl', 'lined', 'with', 'aluminum', 'foil', 'seal', 'foil', 'in', 'the', 'shape', 'of', 'a', 'hershey', ""'s"", 'kiss', 'put', 'in', 'pre-heated', 'oven', 'for', 'two', 'minutes', 'remove', 'and', 'serve', 'immendiatlely']","['preheat', 'oven', 'boil', 'water', 'pasta', 'water', 'comes', 'boil', 'melt', 'butter', 'large', 'saute', 'pan', 'add', 'minced', 'garlic', 'cook', 'medium', 'heat', 'add', 'cream', 'salt', 'pepper', 'tomato', 'sauce', 'cook', 'four', 'high', 'flame', 'add', 'spaghetti', 'boiling', 'water', 'cook', 'till', 'al', 'dente', 'drain', 'add', 'sauce', 'add', 'shrimp', 'proscuitto', 'cognac', 'parmesan', 'cheese', 'stir', 'cook', 'two', 'high', 'heat', 'remove', 'heat', 'put', 'pasta', 'bowl', 'lined', 'aluminum', 'foil', 'seal', 'foil', 'shape', 'hershey', 'kiss', 'put', 'pre', 'heated', 'oven', 'two', 'remove', 'serve', 'immendiatlely']",Italian
3975,"['cream', 'the', 'cream', 'cheeze', 'with', '1/4', 'cup', 'of', 'parmesan', 'cheese', 'until', 'well', 'blended', 'spread', 'this', 'mixture', 'at', 'the', 'bottom', 'of', 'a', '9', ""''"", 'quiche', 'in', 'a', 'small', 'pan', 'pour', 'just', 'enough', 'oil', 'about', '2', 'teaspoons', 'just', 'so', 'you', 'can', 'soften', 'up', 'the', 'peppers', 'slightly', 'you', 'do', ""n't"", 'want', 'them', 'to', 'brown', 'just', 'saute', 'a', 'few', 'seconds', 'lay', 'and', 'drain', 'on', 'a', 'paper', 'towel', 'to', 'absorb', 'any', 'access', 'oil', 'and', 'let', 'cool', 'while', 'preparing', 'the', 'rest', 'layer', '1/3', 'cup', 'pesto', 'the', 'jar', 'of', 'pimentos', 'or', 'the', 'red', 'fried', 'peppers', 'and', '1/2', 'cup', 'mozzarella', 'cheese', 'and', 'the', 'remaining', '1/4', 'cup', 'parmesan', 'cheese', 'over', 'the', 'cream', 'cheese', 'mixture', 'bake', 'at', '350', 'for', '15', 'min', 'or', 'until', 'the', 'mixture', 'is', 'heated', 'through', 'serve', 'with', 'crackers', 'orsliced', 'italian', 'bread', 'i', 'found', 'that', 'italian', 'toast', 'was', 'outstanding', 'with', 'it', 'by', 'nonni', ""'s"", 'notice-', 'if', 'you', 'want', 'to', 'make', 'the', 'recipe', 'for', 'the', 'frozen', 'pesto', 'you', 'can', 'make', 'it', 'and', 'whatever', 'you', 'do', 'not', 'use', 'for', 'this', 'recipe', 'you', 'can', 'freeze', 'the', 'rest', 'for', 'a', 'later', 'recipe', 'i', 'find', 'the', 'pesto', 'cubes', 'are', 'great', 'in', 'a', 'pinch', 'even', 'for', 'a', 'quick', 'tomato', 'sauce', 'or', 'to', 'liven', 'up', 'a', 'sauce', 'youcan', 'assemble', 'this', 'a', 'day', 'ahead', 'cover', 'with', 'plastic', 'and', 'heat', 'and', 'serve', 'the', 'next', 'day', 'as', 'well', 'enjoy', 'this', 'is', 'so', 'easy']","['cream', 'cream', 'cheeze', 'parmesan', 'cheese', 'well', 'blended', 'spread', 'mixture', 'bottom', ""''"", 'quiche', 'small', 'pan', 'pour', 'enough', 'oil', 'soften', 'peppers', 'slightly', 'want', 'brown', 'saute', 'seconds', 'lay', 'drain', 'paper', 'towel', 'absorb', 'access', 'oil', 'let', 'cool', 'preparing', 'rest', 'layer', 'pesto', 'jar', 'pimentos', 'red', 'fried', 'peppers', 'mozzarella', 'cheese', 'remaining', 'parmesan', 'cheese', 'cream', 'cheese', 'mixture', 'bake', 'min', 'mixture', 'heated', 'serve', 'crackers', 'orsliced', 'italian', 'bread', 'found', 'italian', 'toast', 'outstanding', 'nonni', 'notice', 'want', 'make', 'recipe', 'frozen', 'pesto', 'make', 'whatever', 'use', 'recipe', 'freeze', 'rest', 'later', 'recipe', 'find', 'pesto', 'cubes', 'great', 'pinch', 'even', 'quick', 'tomato', 'sauce', 'liven', 'sauce', 'youcan', 'assemble', 'day', 'ahead', 'cover', 'plastic', 'heat', 'serve', 'next', 'day', 'well', 'enjoy', 'easy']",Italian
10724,"['heat', 'ghee', 'in', 'a', 'pot', 'add', 'powdered', 'almonds', 'and', 'roast', 'until', 'light', 'brown', 'add', 'milk', 'stir', 'until', 'all', 'the', 'milk', 'gets', 'absorbed', 'once', 'the', 'milk', 'is', 'absorbed', 'add', 'cardamom', 'saffron', 'sugar', 'and', 'stir', 'until', 'the', 'mixture', 'leaves', 'the', 'sides', 'of', 'the', 'pot', 'mix', 'well', 'transfer', 'to', 'a', 'serving', 'dish', 'garnish', 'with', 'sliced', 'almonds', 'and', 'rose', 'petals', 'serve', 'note', 'if', 'stirred', 'for', 'a', 'longer', 'duration', 'you', 'will', 'be', 'able', 'to', 'enjoy', 'delicious', 'almond', 'barfi', 'pieces']","['heat', 'ghee', 'pot', 'add', 'powdered', 'almonds', 'roast', 'light', 'brown', 'add', 'milk', 'stir', 'milk', 'gets', 'absorbed', 'milk', 'absorbed', 'add', 'cardamom', 'saffron', 'sugar', 'stir', 'mixture', 'leaves', 'sides', 'pot', 'mix', 'well', 'transfer', 'serving', 'dish', 'garnish', 'sliced', 'almonds', 'rose', 'petals', 'serve', 'note', 'stirred', 'longer', 'duration', 'able', 'enjoy', 'delicious', 'almond', 'barfi', 'pieces']",Indian
4270,"['preheat', 'oven', 'to', '400of', 'spray', 'each', 'pita', 'with', 'olive', 'oil', 'spray', 'combine', 'mrsdash', 'italian', 'medley', 'and', 'parmesan', 'cheese', 'in', 'a', 'small', 'bowl', 'sprinkle', 'evenly', 'over', 'pita', 'rounds', 'and', 'cut', 'each', 'into', '6', 'triangles', 'arrange', 'on', 'baking', 'sheet', 'and', 'bake', 'for', '5-6', 'minutes', 'let', 'cool', 'and', 'serve', 'with', 'dip', 'spread', 'or', 'alone']","['preheat', 'oven', '400of', 'spray', 'pita', 'olive', 'oil', 'spray', 'combine', 'mrsdash', 'italian', 'medley', 'parmesan', 'cheese', 'small', 'bowl', 'sprinkle', 'evenly', 'pita', 'rounds', 'cut', 'triangles', 'arrange', 'baking', 'sheet', 'bake', 'let', 'cool', 'serve', 'dip', 'spread', 'alone']",Italian
392,"['remove', 'casings', 'from', 'sausage', 'coat', 'a', 'large', 'nonstick', 'skillet', 'with', 'nonstick', 'cooking', 'spray', 'heat', 'over', 'medium-high', 'heat', 'add', 'in', 'bell', 'pepper', 'onion', 'and', 'garlic', 'stir/saute', 'for', '3', 'minutes', 'add', 'in', 'sausage', 'cook', '8', 'minutes', 'or', 'until', 'browned', 'stirring', 'to', 'crumble', 'add', 'in', 'oregano', 'and', 'remaining', 'ingredients', 'stir', 'to', 'combine', 'lower', 'heat', 'to', 'medium-low', 'cook', '5', 'minutes', 'or', 'until', 'heated', 'through']","['remove', 'casings', 'sausage', 'coat', 'large', 'nonstick', 'skillet', 'nonstick', 'cooking', 'spray', 'heat', 'medium', 'high', 'heat', 'add', 'bell', 'pepper', 'onion', 'garlic', 'stir/saute', 'add', 'sausage', 'cook', 'browned', 'stirring', 'crumble', 'add', 'oregano', 'remaining', 'ingredients', 'stir', 'combine', 'lower', 'heat', 'medium', 'low', 'cook', 'heated']",Italian
10708,"['combine', 'chick', 'peas', 'olive', 'oil', 'crushed', 'garlic', 'curry', 'powder', 'lemon', 'juice', 'and', 'water', 'in', 'a', 'food', 'processor', 'or', 'blender', 'puree', 'until', 'smooth', 'add', 'salt', 'to', 'taste', 'transfer', 'to', 'a', 'bowl', 'and', 'gently', 'stir', 'in', 'currants', 'by', 'hand', 'cover', 'with', 'plastic', 'wrap', 'and', 'chill', 'at', 'least', '4', 'hour', 'for', 'flavours', 'to', 'blend']","['combine', 'chick', 'peas', 'olive', 'oil', 'crushed', 'garlic', 'curry', 'powder', 'lemon', 'juice', 'water', 'food', 'processor', 'blender', 'puree', 'smooth', 'add', 'salt', 'taste', 'transfer', 'bowl', 'gently', 'stir', 'currants', 'hand', 'cover', 'plastic', 'wrap', 'chill', 'least', 'flavours', 'blend']",Indian
3890,"['blend', 'the', 'amaretti', 'in', 'a', 'food', 'processor', 'and', 'then', 'set', 'them', 'aside', 'now', 'blend', 'the', 'almonds', 'too', 'however', 'turn', 'the', 'processor', 'on', 'and', 'off', 'quickly', 'as', 'you', 'want', 'to', 'chop', 'them', 'finely', 'but', 'not', 'turn', 'them', 'into', 'a', 'cream', 'set', 'them', 'aside', 'put', 'the', 'butter', 'and', 'sugar', 'in', 'the', 'food', 'processor', 'and', 'blend', 'together', 'until', 'creamy', 'and', 'fluffy', 'then', 'add', 'the', 'eggs', 'one', 'at', 'the', 'time', 'until', 'well', 'combined', 'now', 'add', 'the', 'flour', 'and', 'a', 'pinch', 'of', 'salt', 'and', 'blend', 'them', 'inches', 'set', 'the', 'food', 'processor', 'to', 'a', 'low', 'speed', 'and', 'add', 'the', 'almonds', 'and', 'a', 'shot', 'of', 'amaretto', 'finally', 'ad', 'the', 'amaretto', 'cookies', 'and', 'mix', 'them', 'inches', 'roll', 'out', 'the', 'puff', 'pastry', 'until', 'it', 'is', 'nice', 'and', 'thin', 'and', 'put', 'it', 'in', 'a', '9', ""''"", 'springform', 'pan', 'roll', 'it', 'out', 'so', 'that', 'it', 'is', 'big', 'enough', 'to', 'come', 'out', 'over', 'the', 'top', 'of', 'the', 'pan', 'add', 'the', 'filling', 'fold', 'the', 'puff', 'pastry', 'from', 'the', 'sides', 'onto', 'the', 'cake', 'note', 'that', 'it', 'does', ""n't"", 'have', 'to', 'cover', 'the', 'whole', 'cake', 'just', 'the', 'first', 'inch', 'or', 'two', 'form', 'the', 'outside', 'bake', 'in', 'a', 'preheated', 'oven', 'at', '360°', 'for', '40-45', 'minutes', 'or', 'until', 'done', 'you', 'can', 'check', 'by', 'inserting', 'a', 'toothpick', 'into', 'the', 'center', 'if', 'the', 'crust', 'starts', 'to', 'brown', 'too', 'much', 'cover', 'it', 'with', 'foil', 'let', 'cool', 'before', 'serving', 'notes', 'the', 'quantity', 'of', 'puff', 'pastry', 'varies', 'from', 'one', 'brand', 'to', 'another', 'in', 'this', 'case', 'i', 'need', 'one', 'package', 'to', 'make', 'the', 'crust', 'by', 'dry', 'i', 'do', ""n't"", 'mean', 'old', 'amaretto', 'cookies', 'are', 'made', 'in', 'two', 'ways', 'as', 'a', 'dry', 'and', 'crunchy', 'cookie', 'or', 'a', 'moist', 'and', 'chewy', 'cookie']","['blend', 'amaretti', 'food', 'processor', 'set', 'aside', 'blend', 'almonds', 'however', 'turn', 'processor', 'quickly', 'want', 'chop', 'finely', 'turn', 'cream', 'set', 'aside', 'put', 'butter', 'sugar', 'food', 'processor', 'blend', 'together', 'creamy', 'fluffy', 'add', 'eggs', 'one', 'time', 'well', 'combined', 'add', 'flour', 'pinch', 'salt', 'blend', 'set', 'food', 'processor', 'low', 'speed', 'add', 'almonds', 'shot', 'amaretto', 'finally', 'ad', 'amaretto', 'cookies', 'mix', 'roll', 'puff', 'pastry', 'nice', 'thin', 'put', ""''"", 'springform', 'pan', 'roll', 'big', 'enough', 'come', 'top', 'pan', 'add', 'filling', 'fold', 'puff', 'pastry', 'sides', 'onto', 'cake', 'note', 'cover', 'whole', 'cake', 'first', 'two', 'form', 'outside', 'bake', 'preheated', 'oven', '360°', 'done', 'check', 'inserting', 'toothpick', 'center', 'crust', 'starts', 'brown', 'much', 'cover', 'foil', 'let', 'cool', 'serving', 'notes', 'quantity', 'puff', 'pastry', 'varies', 'one', 'brand', 'another', 'case', 'need', 'one', 'package', 'make', 'crust', 'dry', 'mean', 'old', 'amaretto', 'cookies', 'made', 'two', 'ways', 'dry', 'crunchy', 'cookie', 'moist', 'chewy', 'cookie']",Italian
11388,"['put', 'the', 'flour', 'turmeric', 'and', 'curry', 'powder', 'into', 'a', 'bowl', 'add', 'paneer', 'and', 'mix', 'until', 'coated', 'heat', 'oil', 'and', 'fry', 'cheese', 'until', 'golden-brown', 'drain', 'cheese', 'and', 'season', 'with', 'salt', 'and', 'freshly', 'ground', 'black', 'pepper', 'for', 'the', 'dip', 'put', 'all', 'of', 'the', 'ingredients', 'except', 'the', 'cilantro', 'into', 'a', 'saucepan', 'and', 'heat', 'through', 'for', '5', 'minutes', 'then', 'stir', 'in', 'cilantro', 'to', 'serve', 'place', 'the', 'paneer', 'onto', 'a', 'plate', 'along', 'with', 'the', 'dip', 'in', 'a', 'small', 'bowl']","['put', 'flour', 'turmeric', 'curry', 'powder', 'bowl', 'add', 'paneer', 'mix', 'coated', 'heat', 'oil', 'fry', 'cheese', 'golden', 'brown', 'drain', 'cheese', 'season', 'salt', 'freshly', 'ground', 'black', 'pepper', 'dip', 'put', 'ingredients', 'except', 'cilantro', 'saucepan', 'heat', 'stir', 'cilantro', 'serve', 'place', 'paneer', 'onto', 'plate', 'along', 'dip', 'small', 'bowl']",Indian
4235,"['toast', 'the', 'walnuts', 'in', 'a', 'dry', 'skillet', 'over', 'a', 'medium-high', 'heat', 'until', 'fragrant', 'about', '2', 'minutes', 'set', 'aside', 'to', 'cool', 'cut', 'each', 'fig', 'in', 'half', 'crosswise', 'and', 'place', 'the', 'fig', 'pieces', 'on', 'a', 'serving', 'dish', 'cut', 'side', 'up', 'make', 'a', 'small', 'indentation', 'into', 'the', 'cut', 'side', 'of', 'each', 'fig', 'half', 'with', 'a', 'small', 'spoon', 'or', 'your', 'finger', 'put', 'a', '1/2', 'teaspoon', 'of', 'the', 'ricotta', 'cheese', 'onto', 'each', 'piece', 'of', 'fig', 'and', 'top', 'with', 'a', 'walnut', 'half', 'drizzle', 'each', 'fig', 'with', 'honey', 'and', 'serve']","['toast', 'walnuts', 'dry', 'skillet', 'medium', 'high', 'heat', 'fragrant', 'set', 'aside', 'cool', 'cut', 'fig', 'half', 'crosswise', 'place', 'fig', 'pieces', 'serving', 'dish', 'cut', 'side', 'make', 'small', 'indentation', 'cut', 'side', 'fig', 'half', 'small', 'spoon', 'finger', 'put', 'ricotta', 'cheese', 'onto', 'piece', 'fig', 'top', 'walnut', 'half', 'drizzle', 'fig', 'honey', 'serve']",Italian
2882,"['chop', 'onion', 'into', 'fine', 'small', 'pieces', 'and', 'brown', 'with', 'ground', 'beef', 'sprinkle', 'garic', 'salt', 'on', 'drain', 'add', 'ziti', 'and', 'spaghetti', 'sauce', 'and', 'mix', 'well', 'spoon', 'into', 'a', 'greased', '9', '13', 'in', 'pan', 'top', 'with', 'cheese', 'cover', 'and', 'bake', 'at', '350.', 'i', 'also', 'like', 'to', 'add', 'a', 'can', 'of', 'mushrooms']","['chop', 'onion', 'fine', 'small', 'pieces', 'brown', 'ground', 'beef', 'sprinkle', 'garic', 'salt', 'drain', 'add', 'ziti', 'spaghetti', 'sauce', 'mix', 'well', 'spoon', 'greased', 'pan', 'top', 'cheese', 'cover', 'bake', 'also', 'like', 'add', 'mushrooms']",Italian
2028,"['preheat', 'oven', 'to', '375°', 'f.', 'spray', '2', 'cookie', 'sheets', 'with', 'cooking', 'spray', 'mix', 'ricotta', 'cheese', 'italian', 'seasoning', 'and', 'parmesan', 'cheese', 'together', 'in', 'a', 'small', 'bowl', 'and', 'set', 'aside', 'roll', 'out', 'bread', 'or', 'pizza', 'dough', 'to', '1/4', 'inch', 'and', 'cut', 'into', '2', '1/2', 'rounds', 'fill', 'rounds', 'with', 'a', 'heaping', 'teaspoon', 'o', 'f', 'cheese', 'mixture', 'and', 'top', 'with', 'a', 'half', 'slice', 'of', 'pepperoni', 'fold', 'dough', 'in', 'half', 'and', 'seal', 'with', 'tines', 'of', 'a', 'fork', 'place', 'filled', 'calzones', 'on', 'baking', 'sheet', 'prick', 'tops', 'with', 'fork', 'to', 'allow', 'steam', 'to', 'escape', 'and', 'brush', 'tops', 'with', 'milk', 'bake', 'at', '375', '°', 'for', '15-20', 'minutes', 'until', 'golden', 'brown', 'heat', 'spaghetti', 'sauce', 'or', 'pizza', 'sauce', 'in', 'microwave', 'and', 'use', 'for', 'dipping', 'calzones']","['preheat', 'oven', '375°', 'f.', 'spray', 'cookie', 'sheets', 'cooking', 'spray', 'mix', 'ricotta', 'cheese', 'italian', 'seasoning', 'parmesan', 'cheese', 'together', 'small', 'bowl', 'set', 'aside', 'roll', 'bread', 'pizza', 'dough', 'cut', 'rounds', 'fill', 'rounds', 'heaping', 'f', 'cheese', 'mixture', 'top', 'half', 'slice', 'pepperoni', 'fold', 'dough', 'half', 'seal', 'tines', 'fork', 'place', 'filled', 'calzones', 'baking', 'sheet', 'prick', 'tops', 'fork', 'allow', 'steam', 'escape', 'brush', 'tops', 'milk', 'bake', '°', 'golden', 'brown', 'heat', 'spaghetti', 'sauce', 'pizza', 'sauce', 'microwave', 'use', 'dipping', 'calzones']",Italian
10232,"['heat', 'the', 'oil', 'in', 'pan', 'and', 'add', 'cardamom', 'powder', '.fry', 'for', 'few', 'seconds', 'now', 'add', 'milk', 'powder', 'and', 'fry', 'it', 'on', 'low', 'heat', 'until', 'it', 'turn', 'into', 'golden', 'add', 'four', 'eggs', 'and', 'cook', 'until', 'the', 'eggs', 'mixx', 'milk', 'powder', 'very', 'well', 'add', 'condensed', 'milk', 'and', 'mix', 'it', 'well', 'cook', 'these', 'all', 'things', 'vey', 'well', 'and', 'add', 'walnut', 'mix', 'it', 'well', 'grease', 'a', 'plate', 'with', 'very', 'little', 'oil', 'and', 'put', 'halwa', 'in', 'plate', 'when', 'halwa', 'cool', 'down', 'cut', 'into', 'small', 'pieces', 'and', 'enjoy']","['heat', 'oil', 'pan', 'add', 'cardamom', 'powder', '.fry', 'seconds', 'add', 'milk', 'powder', 'fry', 'low', 'heat', 'turn', 'golden', 'add', 'four', 'eggs', 'cook', 'eggs', 'mixx', 'milk', 'powder', 'well', 'add', 'condensed', 'milk', 'mix', 'well', 'cook', 'things', 'vey', 'well', 'add', 'walnut', 'mix', 'well', 'grease', 'plate', 'little', 'oil', 'put', 'halwa', 'plate', 'halwa', 'cool', 'cut', 'small', 'pieces', 'enjoy']",Indian
346,"['wash', 'peppers', 'remove', 'seeds', 'cut', 'into', 'bite-sized', 'pieces', 'clean', 'mushrooms', 'and', 'slice', 'remove', 'any', 'fat', 'and', 'bone', 'from', 'veal', 'and', 'cut', 'into', 'bite-sized', 'pieces', 'put', 'on', 'water', 'for', 'spaghetti', 'in', 'heavy', 'frying', 'pan', 'heat', 'oil', 'brown', 'veal', 'pieces', 'on', 'all', 'sides', 'add', 'garlic', 'peppers', 'mushrooms', 'seasoning', 'and', 'wine', 'by', 'now', 'the', 'water', 'for', 'the', 'spaghetti', 'should', 'be', 'boiling', 'throw', 'the', 'spaghetti', 'in', 'the', 'pot', 'lower', 'heat', 'under', 'frying', 'pan', 'and', 'simmer', 'while', 'spaghetti', 'is', 'cooking', 'drain', 'spaghetti', 'and', 'place', 'on', 'two', 'plates', 'ladle', 'veal', 'vegetables', 'and', 'liquid', 'from', 'pan', 'over', 'spaghetti', 'top', 'with', 'mozzarella', 'and', 'microwave', 'briefly', 'to', 'melt', 'cheese', 'i', 'usually', 'serve', 'this', 'with', 'a', 'green', 'salad', 'and', 'garlic', 'bread']","['wash', 'peppers', 'remove', 'seeds', 'cut', 'bite', 'sized', 'pieces', 'clean', 'mushrooms', 'slice', 'remove', 'fat', 'bone', 'veal', 'cut', 'bite', 'sized', 'pieces', 'put', 'water', 'spaghetti', 'heavy', 'frying', 'pan', 'heat', 'oil', 'brown', 'veal', 'pieces', 'sides', 'add', 'garlic', 'peppers', 'mushrooms', 'seasoning', 'wine', 'water', 'spaghetti', 'boiling', 'throw', 'spaghetti', 'pot', 'lower', 'heat', 'frying', 'pan', 'simmer', 'spaghetti', 'cooking', 'drain', 'spaghetti', 'place', 'two', 'plates', 'ladle', 'veal', 'vegetables', 'liquid', 'pan', 'spaghetti', 'top', 'mozzarella', 'microwave', 'briefly', 'melt', 'cheese', 'usually', 'serve', 'green', 'salad', 'garlic', 'bread']",Italian
5066,"['slice', 'orange', 'in', 'half', 'top', 'to', 'bottom', 'then', 'slice', 'each', 'half', 'into', '1/4', 'inch', 'thick', 'slices', 'leaving', 'rind', 'on', 'discard', 'any', 'slices', 'that', 'have', 'more', 'rind', 'than', 'fruit', 'arrange', 'slices', 'around', 'the', 'perimeter', 'of', 'a', 'serving', 'dish', 'slightly', 'overlapping', 'alternatively', 'you', 'can', 'arrange', 'slices', 'on', 'individual', 'serving', 'dishes', 'luncheon', 'sized', 'using', 'one', 'orange', 'per', 'dish', 'lightly', 'drizzle', 'orange', 'slices', 'with', 'olive', 'oil', 'and', 'then', 'lightly', 'sprinkle', 'with', 'the', 'ground', 'black', 'pepper', 'serve', 'immediately', 'note', 'do', 'not', 'allow', 'the', 'olive', 'oil', 'to', 'soak', 'into', 'oranges', 'the', 'olive', 'oil', 'is', 'meant', 'to', 'be', 'a', 'subtle', 'flavor', 'in', 'the', 'dish', 'and', 'not', 'the', 'main', 'flavor', 'do', 'not', 'put', 'the', 'olive', 'oil', 'on', 'the', 'dish', 'more', 'than', 'one', 'minute', 'before', 'serving', 'most', 'of', 'the', 'oil', 'should', 'be', 'left', 'behind', 'on', 'the', 'dish', 'after', 'eating']","['slice', 'orange', 'half', 'top', 'bottom', 'slice', 'half', 'thick', 'slices', 'leaving', 'rind', 'discard', 'slices', 'rind', 'fruit', 'arrange', 'slices', 'around', 'perimeter', 'serving', 'dish', 'slightly', 'overlapping', 'alternatively', 'arrange', 'slices', 'individual', 'serving', 'dishes', 'luncheon', 'sized', 'using', 'one', 'orange', 'per', 'dish', 'lightly', 'drizzle', 'orange', 'slices', 'olive', 'oil', 'lightly', 'sprinkle', 'ground', 'black', 'pepper', 'serve', 'immediately', 'note', 'allow', 'olive', 'oil', 'soak', 'oranges', 'olive', 'oil', 'meant', 'subtle', 'flavor', 'dish', 'main', 'flavor', 'put', 'olive', 'oil', 'dish', 'one', 'serving', 'oil', 'left', 'behind', 'dish', 'eating']",Italian
10595,"['put', 'the', 'potatoes', 'red', 'bell', 'pepper', 'and', 'onion', 'in', 'the', 'bottom', 'of', 'a', '6', 'quart', 'crock', 'pot', 'and', 'place', 'chicken', 'on', 'top', 'in', 'a', 'medium', 'bowl', 'mix', 'the', 'tomatoes', 'all', 'spices', 'and', 'the', 'chicken', 'broth', 'pour', 'over', 'chicken', 'cover', 'and', 'cook', 'on', 'high', '4-', '5', 'hours', 'or', 'low', 'for', '8-', '10', 'if', 'using', 'low', 'switch', 'to', 'high', 'combine', 'cornstarch', 'and', 'water', 'and', 'add', 'to', 'crock', 'pot', 'cover', 'and', 'cook', 'for', 'an', 'additional', '20', 'minutes']","['put', 'potatoes', 'red', 'bell', 'pepper', 'onion', 'bottom', 'crock', 'pot', 'place', 'chicken', 'top', 'medium', 'bowl', 'mix', 'tomatoes', 'spices', 'chicken', 'broth', 'pour', 'chicken', 'cover', 'cook', 'high', 'low', 'using', 'low', 'switch', 'high', 'combine', 'cornstarch', 'water', 'add', 'crock', 'pot', 'cover', 'cook', 'additional']",Indian
6582,"['wash', 'potatoes', 'peel', 'and', 'cut', 'into', 'french', 'fries', 'we', 'use', 'our', 'mandolin', 'slicer', 'with', 'the', 'french', 'fry', 'blade', 'toss', 'potato', 'fries', 'with', 'salt', 'and', 'set', 'aside', 'for', '10', 'minutes', 'drain', 'the', 'salt', 'water', 'resulting', 'from', 'step', '2', 'and', 'lightly', 'pat', 'the', 'fries', 'dry', 'in', 'small', 'bowl', 'mix', 'cornstarch', 'salt', 'mint', 'powder', 'citric', 'acid', 'red', 'and', 'black', 'peppers', 'together', 'sprinkle', 'the', 'spice', 'mix', 'over', 'potatoes', 'and', 'mix', 'well', 'so', 'all', 'the', 'fries', 'are', 'covered', 'with', 'spices', 'heat', '1', '1/2', 'inch', 'oil', 'in', 'frying', 'pan', 'on', 'medium', 'high', 'heat', 'test', 'readiness', 'of', 'heated', 'oil', 'by', 'placing', 'a', 'potato', 'strip', 'in', 'frying', 'pan', 'the', 'frying', 'pan', 'is', 'ready', 'when', 'the', 'potato', 'strip', 'sizzles', 'fry', 'the', 'fries', '‘', 'til', 'they', 'become', 'golden', 'in', 'color', 'all', 'around', 'turn', 'the', 'fries', 'a', 'few', 'times', 'while', 'frying', 'with', 'slotted', 'utensil', 'transfer', 'fries', 'from', 'oil', 'and', 'drain', 'on', 'paper', 'towel', 'serve', 'hot', 'and', 'enjoy']","['wash', 'potatoes', 'peel', 'cut', 'french', 'fries', 'use', 'mandolin', 'slicer', 'french', 'fry', 'blade', 'toss', 'potato', 'fries', 'salt', 'set', 'aside', 'drain', 'salt', 'water', 'resulting', 'step', 'lightly', 'pat', 'fries', 'dry', 'small', 'bowl', 'mix', 'cornstarch', 'salt', 'mint', 'powder', 'citric', 'acid', 'red', 'black', 'peppers', 'together', 'sprinkle', 'spice', 'mix', 'potatoes', 'mix', 'well', 'fries', 'covered', 'spices', 'heat', 'oil', 'frying', 'pan', 'medium', 'high', 'heat', 'test', 'readiness', 'heated', 'oil', 'placing', 'potato', 'strip', 'frying', 'pan', 'frying', 'pan', 'ready', 'potato', 'strip', 'sizzles', 'fry', 'fries', '‘', 'til', 'become', 'golden', 'color', 'around', 'turn', 'fries', 'times', 'frying', 'slotted', 'utensil', 'transfer', 'fries', 'oil', 'drain', 'paper', 'towel', 'serve', 'hot', 'enjoy']",Indian
12359,"['toast', '1/2', 'teaspoon', 'cumin', 'seeds', 'over', 'medium', 'heat', 'in', 'a', 'pot', 'you', 'wish', 'to', 'cook', 'your', 'rice', 'in', 'until', 'seeds', 'become', 'aromatic', 'and', 'lightly', 'pop', 'add', '2', 'cups', 'water', '1', 'tablespoon', 'olive', 'oil', '3/4', 'teaspoon', 'salt', '4', 'whole', 'green', 'cardamom', 'pods', 'or', '3/8', 'teaspoon', 'ground', 'cardamom', '1/8', 'cup', 'frozen', 'peas', 'optional', 'note', 'add', 'the', 'curry', 'powder', 'or', 'turmeric', 'from', 'the', 'creative', 'additions', 'for', 'yellow', 'rice', 'add', 'up', 'to', '4', 'of', 'the', 'remaining', 'suggested', 'ingredients', 'now', 'as', 'well', 'if', 'desired', 'raise', 'heat', 'to', 'high', 'bring', 'to', 'a', 'boil', 'add', '1', 'cup', 'basmati', 'rice', 'cover', 'boil', '1', '1/2', 'minutes', 'reduce', 'heat', 'to', 'lowest', 'setting', 'for', '40-45', 'minutes', 'remove', 'cardamom', 'pods', 'and', 'cinnamon', 'stick', 'if', 'desired', 'fluff', 'rice', 'with', 'a', 'fork', 'before', 'serving', 'serve', 'with', 'your', 'favorite', 'indian', 'entree', 'and', 'enjoy']","['toast', 'cumin', 'seeds', 'medium', 'heat', 'pot', 'wish', 'cook', 'rice', 'seeds', 'become', 'aromatic', 'lightly', 'pop', 'add', 'water', 'olive', 'oil', 'salt', 'whole', 'green', 'cardamom', 'pods', 'ground', 'cardamom', 'frozen', 'peas', 'optional', 'note', 'add', 'curry', 'powder', 'turmeric', 'creative', 'additions', 'yellow', 'rice', 'add', 'remaining', 'suggested', 'ingredients', 'well', 'desired', 'raise', 'heat', 'high', 'bring', 'boil', 'add', 'basmati', 'rice', 'cover', 'boil', 'reduce', 'heat', 'lowest', 'setting', 'remove', 'cardamom', 'pods', 'cinnamon', 'stick', 'desired', 'fluff', 'rice', 'fork', 'serving', 'serve', 'favorite', 'indian', 'entree', 'enjoy']",Indian
5230,"['peel', 'and', 'dice', 'pumpkin', 'and', 'potatoes', 'melt', 'half', 'the', 'butter', 'or', 'margarine', 'in', 'a', 'saucepan', 'and', 'saute', 'the', 'onion', 'until', 'golden', 'brown', 'add', 'the', 'diced', 'pumpkin', 'and', 'potatoes', 'and', 'milk.bring', 'to', 'a', 'boil', 'reduce', 'heat', 'and', 'simmer', 'for', 'about', '40', 'minutes', 'sieve', 'or', 'puree', 'in', 'an', 'electric', 'blender', 'season', 'to', 'taste', 'with', 'salt', 'and', 'pepper', 'saute', 'the', 'leeks', 'in', 'the', 'remaining', 'butter', 'or', 'margarine', 'add', 'to', 'the', 'soup', 'with', 'the', 'chicken', 'stock.bring', 'to', 'a', 'boil', 'reduce', 'heat', 'and', 'simmer', 'for', 'five', 'minutes', 'before', 'serving', 'stir', 'in', 'cream', 'and', 'chopped', 'parsley']","['peel', 'dice', 'pumpkin', 'potatoes', 'melt', 'half', 'butter', 'margarine', 'saucepan', 'saute', 'onion', 'golden', 'brown', 'add', 'diced', 'pumpkin', 'potatoes', 'milk.bring', 'boil', 'reduce', 'heat', 'simmer', 'sieve', 'puree', 'electric', 'blender', 'season', 'taste', 'salt', 'pepper', 'saute', 'leeks', 'remaining', 'butter', 'margarine', 'add', 'soup', 'chicken', 'stock.bring', 'boil', 'reduce', 'heat', 'simmer', 'five', 'serving', 'stir', 'cream', 'chopped', 'parsley']",Italian
1652,"['wash', 'and', 'trim', 'broccoli', 'peel', 'stems', 'for', 'about', '1', 'inch', 'from', 'bottom', 'separate', 'into', 'small', 'spears', 'set', 'aside', 'put', 'oil', 'onion', 'and', 'garlic', 'in', 'shallow', 'baking', 'dish', 'large', 'enough', 'to', 'hold', 'broccoli', 'in', 'single', 'layer', 'microwave', 'uncovered', 'at', 'high', '1', 'to', '2', 'minutes', 'or', 'until', 'onion', 'is', 'tender', 'add', 'broccoli', 'in', 'single', 'layer', 'alternating', 'stem', 'and', 'floweret', 'ends', 'turn', 'broccoli', 'over', 'to', 'coat', 'with', 'oil', 'microwave', 'covered', 'with', 'vented', 'plastic', 'wrap', 'at', 'high', '3', 'minutes', 'turn', 'broccoli', 'over', 'rotate', 'dish', '1/2', 'turn', 'recover', 'microwave', 'at', 'high', '2', 'to', '3', 'minutes', 'or', 'until', 'broccoil', 'is', 'crisp-tender', 'season', 'with', 'pepper', 'and', 'lemon', 'juice']","['wash', 'trim', 'broccoli', 'peel', 'stems', 'bottom', 'separate', 'small', 'spears', 'set', 'aside', 'put', 'oil', 'onion', 'garlic', 'shallow', 'baking', 'dish', 'large', 'enough', 'hold', 'broccoli', 'single', 'layer', 'microwave', 'uncovered', 'high', 'onion', 'tender', 'add', 'broccoli', 'single', 'layer', 'alternating', 'stem', 'floweret', 'ends', 'turn', 'broccoli', 'coat', 'oil', 'microwave', 'covered', 'vented', 'plastic', 'wrap', 'high', 'turn', 'broccoli', 'rotate', 'dish', 'turn', 'recover', 'microwave', 'high', 'broccoil', 'crisp', 'tender', 'season', 'pepper', 'lemon', 'juice']",Italian
11656,"['chop', 'cucumber', 'into', 'a', 'small', 'dice', 'set', 'aside', 'in', 'a', 'separate', 'bowl', 'wisk', 'together', 'mayonnaise', 'curry', 'powder', 'lemon', 'juice', 'honey', 'and', 'turmeric', 'the', 'turmeric', 'is', 'optional', 'but', 'adds', 'a', 'nice', 'bright', 'colour', 'adjust', 'seasonings', 'according', 'to', 'taste', 'adding', 'more', 'honey', 'or', 'curry', 'powder', 'as', 'required', 'add', 'in', 'the', 'cucumber', 'and', 'stir', 'until', 'combined', 'spread', 'butter', 'on', 'sliced', 'bread', 'spoon', 'on', 'the', 'curried', 'cucumber', 'filling', 'and', 'top', 'with', 'another', 'slice', 'of', 'bread']","['chop', 'cucumber', 'small', 'dice', 'set', 'aside', 'separate', 'bowl', 'wisk', 'together', 'mayonnaise', 'curry', 'powder', 'lemon', 'juice', 'honey', 'turmeric', 'turmeric', 'optional', 'adds', 'nice', 'bright', 'colour', 'adjust', 'seasonings', 'according', 'taste', 'adding', 'honey', 'curry', 'powder', 'required', 'add', 'cucumber', 'stir', 'combined', 'spread', 'butter', 'sliced', 'bread', 'spoon', 'curried', 'cucumber', 'filling', 'top', 'another', 'slice', 'bread']",Indian
4507,"['in', 'a', 'medium', 'saucepan', 'heat', 'milk', 'over', 'medium', 'heat', 'until', 'bubbles', 'form', 'around', 'edges', 'of', 'hte', 'pan', 'set', 'aside', 'and', 'cover', 'to', 'keep', 'hot', 'in', 'a', 'blender', 'or', 'food', 'processor', 'puree', 'the', 'bananas', 'lemon', 'juice', 'and', '1/4', 'cup', 'sugar', 'until', 'smooth', 'set', 'aside', 'in', 'the', 'blender', 'or', 'food', 'processor', 'beat', 'the', 'remaining', '1/4', 'cup', 'sugar', 'and', 'egg', 'yolks', 'until', 'thick', 'with', 'the', 'machine', 'running', 'gradually', 'add', 'the', 'hot', 'milk', 'return', 'the', 'mixture', 'to', 'the', 'sauce', 'pan', 'cook', 'over', 'medium-low', 'heat', 'stirring', 'constantly', 'with', 'a', 'wooden', 'spoon', '6', 'to', '8', 'minutes', 'or', 'until', 'the', 'mixture', 'thickens', 'and', 'coats', 'the', 'back', 'of', 'a', 'spoon', 'remove', 'from', 'heat', 'and', 'place', 'pan', 'in', 'the', 'bowl', 'of', 'an', 'ice', 'bath', 'stir', 'for', '2', 'minutes', 'to', 'cool', 'then', 'stir', 'in', 'banana', 'mixture', 'cover', 'and', 'chill', 'for', 'at', 'least', '2', 'hours', 'or', 'until', 'thoroughly', 'chilled', 'transfer', 'the', 'mixture', 'to', 'an', 'ice', 'cream', 'maker', 'and', 'freeze', 'according', 'to', 'manufacturer', ""'s"", 'instructions']","['medium', 'saucepan', 'heat', 'milk', 'medium', 'heat', 'bubbles', 'form', 'around', 'edges', 'hte', 'pan', 'set', 'aside', 'cover', 'keep', 'hot', 'blender', 'food', 'processor', 'puree', 'bananas', 'lemon', 'juice', 'sugar', 'smooth', 'set', 'aside', 'blender', 'food', 'processor', 'beat', 'remaining', 'sugar', 'egg', 'yolks', 'thick', 'machine', 'running', 'gradually', 'add', 'hot', 'milk', 'return', 'mixture', 'sauce', 'pan', 'cook', 'medium', 'low', 'heat', 'stirring', 'constantly', 'wooden', 'spoon', 'mixture', 'thickens', 'coats', 'back', 'spoon', 'remove', 'heat', 'place', 'pan', 'bowl', 'ice', 'bath', 'stir', 'cool', 'stir', 'banana', 'mixture', 'cover', 'chill', 'least', 'thoroughly', 'chilled', 'transfer', 'mixture', 'ice', 'cream', 'maker', 'freeze', 'according', 'manufacturer', 'instructions']",Italian
163,"['saute', 'garlic', 'with', 'oil', 'add', 'chili', 'add', 'spinach', 'add', 'spaghetti', 'you', 'may', 'need', 'to', 'add', 'some', 'pasta', 'water', 'if', 'it', 'is', 'to', 'dry', 'and', 'add', 'cheese', 'toss']","['saute', 'garlic', 'oil', 'add', 'chili', 'add', 'spinach', 'add', 'spaghetti', 'may', 'need', 'add', 'pasta', 'water', 'dry', 'add', 'cheese', 'toss']",Italian
5551,"['start', 'by', 'cutting', 'the', 'peppers', 'into', '1', 'inch', 'strips', 'and', 'pat', 'them', 'dry', 'with', 'a', 'towel', 'place', 'the', 'pepper', 'strips', 'in', 'a', 'colander', 'sprinkle', 'them', 'with', 'coarse', 'salt', 'and', 'place', 'the', 'colander', 'over', 'a', 'bowl', 'allow', 'the', 'peppers', 'to', 'drain', 'overnight', 'using', 'a', 'towel', 'wipe', 'the', 'salt', 'from', 'the', 'peppers', 'and', 'set', 'aside', 'sterilize', 'four', '8', 'oz', 'jars', 'and', 'their', 'lids', 'by', 'boiling', 'them', 'in', 'a', 'large', 'pot', 'of', 'water', 'for', 'about', '15', 'minutes', 'using', 'tongs', 'remove', 'the', 'jars', 'and', 'lids', 'from', 'the', 'water', 'and', 'set', 'them', 'on', 'a', 'dry', 'surface', 'in', 'each', 'jar', 'place', '3', 'peppercorns', '2', 'cloves', 'garlic', '1', 'sprig', 'of', 'basil', 'and', '1', 'sprig', 'of', 'oregano', 'or', 'marjoram', 'evenly', 'divide', 'the', 'pepper', 'strips', 'among', 'the', 'jars', 'and', 'completely', 'cover', 'with', 'olive', 'oil', 'wipe', 'clean', 'the', 'rims', 'of', 'the', 'jars', 'and', 'seal', 'with', 'their', 'lids', 'label', 'and', 'date', 'the', 'jars', 'keep', 'in', 'a', 'cool', 'place', 'or', 'in', 'the', 'refrigerator', 'for', 'several', 'months', 'serve', 'as', 'part', 'of', 'an', 'antipasto', 'platter', 'add', 'to', 'salads', 'or', 'sandwiches', 'and', 'the', 'oil', 'can', 'also', 'be', 'used', 'to', 'flavor', 'dressings', 'or', 'drizzle', 'on', 'bread']","['start', 'cutting', 'peppers', 'strips', 'pat', 'dry', 'towel', 'place', 'pepper', 'strips', 'colander', 'sprinkle', 'coarse', 'salt', 'place', 'colander', 'bowl', 'allow', 'peppers', 'drain', 'overnight', 'using', 'towel', 'wipe', 'salt', 'peppers', 'set', 'aside', 'sterilize', 'four', 'jars', 'lids', 'boiling', 'large', 'pot', 'water', 'using', 'tongs', 'remove', 'jars', 'lids', 'water', 'set', 'dry', 'surface', 'jar', 'place', 'peppercorns', 'cloves', 'garlic', 'sprig', 'basil', 'sprig', 'oregano', 'marjoram', 'evenly', 'divide', 'pepper', 'strips', 'among', 'jars', 'completely', 'cover', 'olive', 'oil', 'wipe', 'clean', 'rims', 'jars', 'seal', 'lids', 'label', 'date', 'jars', 'keep', 'cool', 'place', 'refrigerator', 'several', 'months', 'serve', 'part', 'antipasto', 'platter', 'add', 'salads', 'sandwiches', 'oil', 'also', 'used', 'flavor', 'dressings', 'drizzle', 'bread']",Italian
5261,"['preheat', 'oven', 'to', '400', 'degrees', 'and', 'place', 'the', 'rack', 'in', 'the', 'lowest', 'position', 'place', 'potatoes', 'in', 'a', 'strainer', 'and', 'press', 'with', 'the', 'back', 'of', 'a', 'spoon', 'to', 'remove', 'all', 'the', 'moisture', 'in', 'a', 'medium', 'bowl', 'combine', 'the', 'potatoes', 'salt', 'pepper', 'garlic', 'thyme', 'vinegar', 'egg', 'and', 'two', 'tablespoons', 'of', 'the', 'olive', 'oil', 'pat', 'the', 'mixture', 'into', 'a', 'well-oiled', '9-inch', 'pie', 'plate', 'bake', 'for', '30', 'minutes', 'remove', 'from', 'the', 'oven', 'and', 'brush', 'the', 'crust', 'with', 'the', 'remaining', 'oil', 'arrange', 'tomatoes', 'in', 'concentric', 'overlapping', 'circles', 'on', 'the', 'potatoes', 'sprinkle', 'with', 'cheese', 'and', 'basil', 'season', 'with', 'salt', 'and', 'pepper', 'to', 'taste', 'and', 'return', 'to', 'the', 'oven', 'bake', 'for', '15-20', 'minutes', 'until', 'the', 'cheese', 'is', 'light', 'brown', 'and', 'bubbly', 'remove', 'and', 'allow', 'to', 'cool', 'for', 'five', 'munutes', 'before', 'cutting', 'into', 'wedges', 'makes', 'approximately', 'six', 'servings']","['preheat', 'oven', 'place', 'rack', 'lowest', 'position', 'place', 'potatoes', 'strainer', 'press', 'back', 'spoon', 'remove', 'moisture', 'medium', 'bowl', 'combine', 'potatoes', 'salt', 'pepper', 'garlic', 'thyme', 'vinegar', 'egg', 'two', 'olive', 'oil', 'pat', 'mixture', 'well', 'oiled', '9', 'inch', 'pie', 'plate', 'bake', 'remove', 'oven', 'brush', 'crust', 'remaining', 'oil', 'arrange', 'tomatoes', 'concentric', 'overlapping', 'circles', 'potatoes', 'sprinkle', 'cheese', 'basil', 'season', 'salt', 'pepper', 'taste', 'return', 'oven', 'bake', 'cheese', 'light', 'brown', 'bubbly', 'remove', 'allow', 'cool', 'five', 'munutes', 'cutting', 'wedges', 'makes', 'approximately', 'six', 'servings']",Italian
10906,"['add', 'ingredients', 'to', 'the', 'bread', 'pan', 'according', 'to', 'the', 'manufacturer', ""'s"", 'directions', 'set', 'cycle', 'dough', 'loaf', 'size', '2', 'lb', 'after', 'about', '5', 'minutes', 'check', 'the', 'dough', 'add', 'a', 'tablespoon', 'of', 'water', 'at', 'a', 'time', 'if', 'too', 'dry', 'or', 'a', 'tablespoon', 'of', 'flour', 'at', 'a', 'time', 'if', 'too', 'wet', 'preheat', 'oven', 'to', '450f', 'put', '2', 'baking', 'sheets', 'in', 'to', 'heat', 'for', '10', 'minutes', 'this', 'will', 'help', 'the', 'naan', 'to', 'puff', 'up', 'and', 'brown', 'when', 'dough', 'cycle', 'is', 'done', 'turn', 'dough', 'onto', 'a', 'floured', 'surface', 'and', 'punch', 'down', 'divide', 'into', '8', 'pieces', 'working', 'one', 'at', 'a', 'time', 'with', 'the', 'other', 'pieces', 'covered', 'roll', 'dough', 'out', 'to', 'a', 'thickness', 'of', 'about', '1/4', 'inch', 'bake', 'for', 'about', '4', 'minutes', 'until', 'puffed', 'up', 'brown', 'tops', 'under', 'the', 'broiler', 'then', 'wrap', 'in', 'a', 'towel', 'to', 'keep', 'warm', 'while', 'cooking', 'the', 'remaining', 'naan', 'these', 'freeze', 'very', 'well']","['add', 'ingredients', 'bread', 'pan', 'according', 'manufacturer', 'directions', 'set', 'cycle', 'dough', 'loaf', 'size', 'check', 'dough', 'add', 'water', 'time', 'dry', 'flour', 'time', 'wet', 'preheat', 'oven', '450f', 'put', 'baking', 'sheets', 'heat', 'help', 'naan', 'puff', 'brown', 'dough', 'cycle', 'done', 'turn', 'dough', 'onto', 'floured', 'surface', 'punch', 'divide', 'pieces', 'working', 'one', 'time', 'pieces', 'covered', 'roll', 'dough', 'thickness', 'bake', 'puffed', 'brown', 'tops', 'broiler', 'wrap', 'towel', 'keep', 'warm', 'cooking', 'remaining', 'naan', 'freeze', 'well']",Indian
278,"['brown', 'ground', 'beef/turkey', 'with', 'onion', '1', 'tsp', 'of', 'the', 'garlic', 'powder', 'while', 'meat', 'is', 'cooking', 'boil', 'water', 'for', 'pasta', 'cook', 'it', 'til', 'still', 'chewy', 'as', 'it', 'will', 'cook', 'more', 'in', 'the', 'oven', 'when', 'meat', 'is', 'done', 'drain', 'rinse', 'with', 'hot', 'water', 'to', 'remove', 'as', 'much', 'grease', 'as', 'possible', 'put', 'back', 'in', 'pan', 'add', 'jelly', 'half', 'the', 'pasta', 'sauce', 'cook', 'til', 'jelly', 'disolves', 'into', 'meat', 'sauce', 'take', 'all', 'ingredients', 'except', 'cheese', 'place', 'in', '9x11', 'in', 'casserole', 'mix', 'thoroughly', 'toss', '1/4', 'of', 'the', 'cheese', 'in', 'with', 'other', 'ingredients', 'mix', 'then', 'sprinkle', 'rest', 'of', 'cheese', 'on', 'top', 'bake', '375', 'til', 'golden', 'bubbly', 'enjoy', 'as', 'for', 'once', 'a', 'month', 'cooking', 'this', 'is', 'how', 'i', 'do', 'it', 'i', 'double', 'triple', 'or', 'quadruple', 'the', 'recipe', 'except', 'when', 'it', 'comes', 'to', 'the', 'step', 'to', 'place', 'it', 'in', 'the', 'casserole', 'dish', 'i', 'instead', 'place', 'it', 'in', 'large', 'round', 'ice', 'cream', 'buckets', 'i', ""'ve"", 'sprayed', 'with', 'cooking', 'spray', 'place', 'some', 'plastic', 'wrap', 'on', 'top', 'then', 'place', 'lid', 'freeze', 'then', 'on', 'the', 'day', 'you', 'want', 'to', 'cook', 'it', 'get', 'it', 'out', 'of', 'freezer', 'in', 'the', 'morning', 'run', 'bucket', 'under', 'water', 'to', 'loosen', 'a', 'bit', 'then', 'take', 'contents', 'out', 'in', 'one', 'huge', 'lump', 'put', 'in', 'large', 'round', 'crockpot', 'it', 'fits', 'perfectly', 'set', 'on', 'low', 'come', 'back', '5-6', 'hours', 'later', 'voila', 'dinner', 'you', 'can', 'also', 'use', 'the', 'ice', 'cream', 'bucket', 'method', 'for', 'other', 'casseroles', 'soups', 'stews']","['brown', 'ground', 'beef/turkey', 'onion', 'garlic', 'powder', 'meat', 'cooking', 'boil', 'water', 'pasta', 'cook', 'til', 'still', 'chewy', 'cook', 'oven', 'meat', 'done', 'drain', 'rinse', 'hot', 'water', 'remove', 'much', 'grease', 'possible', 'put', 'back', 'pan', 'add', 'jelly', 'half', 'pasta', 'sauce', 'cook', 'til', 'jelly', 'disolves', 'meat', 'sauce', 'take', 'ingredients', 'except', 'cheese', 'place', '9x11', 'casserole', 'mix', 'thoroughly', 'toss', 'cheese', 'ingredients', 'mix', 'sprinkle', 'rest', 'cheese', 'top', 'bake', 'til', 'golden', 'bubbly', 'enjoy', 'month', 'cooking', 'double', 'triple', 'quadruple', 'recipe', 'except', 'comes', 'step', 'place', 'casserole', 'dish', 'instead', 'place', 'large', 'round', 'ice', 'cream', 'buckets', 'sprayed', 'cooking', 'spray', 'place', 'plastic', 'wrap', 'top', 'place', 'lid', 'freeze', 'day', 'want', 'cook', 'get', 'freezer', 'morning', 'run', 'bucket', 'water', 'loosen', 'bit', 'take', 'contents', 'one', 'huge', 'lump', 'put', 'large', 'round', 'crockpot', 'fits', 'perfectly', 'set', 'low', 'come', 'back', 'later', 'voila', 'dinner', 'also', 'use', 'ice', 'cream', 'bucket', 'method', 'casseroles', 'soups', 'stews']",Italian
7390,"['melt', 'butter', 'in', 'a', 'large', 'saucepan', 'over', 'medium', 'heat', 'add', 'rice', 'cloves', 'and', 'cinnamon', 'and', 'cook', 'stirring', '1', 'minute', 'stir', 'in', '1', '1/3', 'c.', 'of', 'the', 'coconut', 'milk', 'and', 'water', 'heat', 'to', 'boiling', 'reduce', 'heat', 'cover', 'simmer', 'until', 'just', 'tender', 'about', '15', 'minutes', 'meanwhile', 'heat', 'oil', 'in', 'a', 'skillet', 'over', 'high', 'heat', 'season', 'all', 'sides', 'of', 'the', 'duck', 'with', 'garam', 'masala', 'salt', 'and', 'pepper', 'cook', 'duck', 'breast', 'skin', 'side', 'down', 'until', 'browned', 'about', '4', 'minutes', 'turn', 'cook', 'almost', 'to', 'desired', 'doneness', 'about', '3', 'minutes', 'for', 'medium-rare', 'and', 'remove', 'to', 'a', 'carving', 'board', 'let', 'rest', 'for', '5', 'minutes', 'stir', 'remaining', 'coconut', 'milk', 'and', 'peas', 'into', 'hot', 'skillet', 'scraping', 'up', 'browned', 'portions', 'cook', 'over', 'low', 'heat', 'until', 'peas', 'are', 'crisp-tender', 'about', '2', 'minutes', 'and', 'remove', 'from', 'heat', 'stir', 'in', 'yogurt', 'and', 'add', 'salt', 'if', 'needed', 'slice', 'duck', 'thinly', 'on', 'the', 'diagonal', 'remove', 'cinnamon', 'and', 'cloves', 'from', 'rice', 'and', 'spoon', 'rice', 'onto', 'serving', 'plates', 'top', 'with', 'sliced', 'duck', 'pour', 'sauce', 'over', 'the', 'top', 'and', 'garnish', 'with', 'sprigs', 'of', 'cilantro']","['melt', 'butter', 'large', 'saucepan', 'medium', 'heat', 'add', 'rice', 'cloves', 'cinnamon', 'cook', 'stirring', 'stir', 'c.', 'coconut', 'milk', 'water', 'heat', 'boiling', 'reduce', 'heat', 'cover', 'simmer', 'tender', 'meanwhile', 'heat', 'oil', 'skillet', 'high', 'heat', 'season', 'sides', 'duck', 'garam', 'masala', 'salt', 'pepper', 'cook', 'duck', 'breast', 'skin', 'side', 'browned', 'turn', 'cook', 'almost', 'desired', 'doneness', 'medium', 'rare', 'remove', 'carving', 'board', 'let', 'rest', 'stir', 'remaining', 'coconut', 'milk', 'peas', 'hot', 'skillet', 'scraping', 'browned', 'portions', 'cook', 'low', 'heat', 'peas', 'crisp', 'tender', 'remove', 'heat', 'stir', 'yogurt', 'add', 'salt', 'needed', 'slice', 'duck', 'thinly', 'diagonal', 'remove', 'cinnamon', 'cloves', 'rice', 'spoon', 'rice', 'onto', 'serving', 'plates', 'top', 'sliced', 'duck', 'pour', 'sauce', 'top', 'garnish', 'sprigs', 'cilantro']",Indian
10638,"['peel', 'cucumber', 'and', 'cut', 'in', 'half', 'cut', 'halves', 'into', 'quarters', 'lengthwise', 'cut', 'each', 'quarter', 'into', 'strip', 'and', 'cut', 'strips', 'finely', 'wash', 'and', 'slice', 'onions', 'finely', 'chop', 'mint', 'leaves', 'crush', 'garlic', 'peel', 'and', 'chop', 'finely', 'mix', 'cucumber', 'onion', 'mint', 'ginger', 'and', 'garlic', 'together', 'with', 'salt', 'lemon', 'juice', 'sugar', 'sesame', 'seeds', 'and', 'oils', 'serve', 'with', 'cold', 'meats', 'fish', 'or', 'as', 'a', 'topping', 'for', 'crackers', 'or', 'with', 'bread', 'and', 'cheese']","['peel', 'cucumber', 'cut', 'half', 'cut', 'halves', 'quarters', 'lengthwise', 'cut', 'quarter', 'strip', 'cut', 'strips', 'finely', 'wash', 'slice', 'onions', 'finely', 'chop', 'mint', 'leaves', 'crush', 'garlic', 'peel', 'chop', 'finely', 'mix', 'cucumber', 'onion', 'mint', 'ginger', 'garlic', 'together', 'salt', 'lemon', 'juice', 'sugar', 'sesame', 'seeds', 'oils', 'serve', 'cold', 'meats', 'fish', 'topping', 'crackers', 'bread', 'cheese']",Indian
3247,"['spray', 'crock', 'pot', 'with', 'cooking', 'spray', 'cut', 'roast', 'in', 'half', 'put', 'roast', 'in', 'crockpot', 'and', 'add', 'all', 'ingredients', 'cook', 'for', '7-8', 'hours', 'on', 'low', 'or', 'until', 'beef', 'is', 'cooked', 'to', 'your', 'desire', 'remove', 'roast', 'and', 'shred', 'put', 'shredded', 'beef', 'back', 'in', 'broth', 'to', 'blend', 'with', 'slotted', 'spoon', 'put', 'beef', 'on', 'bun']","['spray', 'crock', 'pot', 'cooking', 'spray', 'cut', 'roast', 'half', 'put', 'roast', 'crockpot', 'add', 'ingredients', 'cook', 'low', 'beef', 'cooked', 'desire', 'remove', 'roast', 'shred', 'put', 'shredded', 'beef', 'back', 'broth', 'blend', 'slotted', 'spoon', 'put', 'beef', 'bun']",Italian
3342,"['pasta', 'cook', 'pasta', 'according', 'to', 'packet', 'instructions', 'cinque', 'pi', 'sauce', 'heat', 'cream', 'in', 'a', 'sauce', 'pan', 'reduce', 'heat', 'and', 'cook', 'for', 'ca', '10', 'minutes', 'add', 'tomato', 'puree', 'chopped', 'parsley', 'and', 'parmesan', 'and', 'cook', 'for', 'a', 'further', '2', 'minutes', 'season', 'with', 'salt', 'pepper', 'and', 'nutmeg', 'mix', 'with', 'the', 'pasta', 'and', 'serve', 'with', 'grated', 'parmesan', 'cheese']","['pasta', 'cook', 'pasta', 'according', 'packet', 'instructions', 'cinque', 'pi', 'sauce', 'heat', 'cream', 'sauce', 'pan', 'reduce', 'heat', 'cook', 'ca', 'add', 'tomato', 'puree', 'chopped', 'parsley', 'parmesan', 'cook', 'season', 'salt', 'pepper', 'nutmeg', 'mix', 'pasta', 'serve', 'grated', 'parmesan', 'cheese']",Italian
8582,"['for', 'the', 'wings', 'remove', 'the', 'tips', 'of', 'the', 'wings', 'and', 'discard', 'using', 'a', 'knife', 'separate', 'the', 'wings', 'at', 'the', 'joint', 'so', 'you', 'have', '2', 'pieces', 'for', 'each', 'wing', 'in', 'a', 'mini', 'processor', 'process', 'ginger', 'garlic', 'and', 'serrano', 'until', 'a', 'smooth', 'paste', 'forms', 'in', 'a', 'large', 'bowl', 'combine', 'all', 'ingredients', 'for', 'the', 'marinade-', 'from', 'the', 'yogurt', 'to', 'the', 'salt', 'including', 'the', 'ginger/garlic/serrano', 'mixture', 'until', 'smooth', 'and', 'blended', 'evenly', 'coat', 'wing', 'pieces', 'in', 'this', 'keep', 'aside', 'for', '30', 'minutes', 'heat', '2', 'cups', 'of', 'oil', 'in', 'a', 'deep', 'sided', 'pan', 'or', 'fryer', 'check', 'if', 'oil', 'is', 'ready-', 'tested', 'either', 'by', 'a', 'deep', 'fry', 'thermometer', '350°-365°f', 'or', 'when', 'bubbles', 'form', 'around', 'the', 'end', 'of', 'a', 'wooden', 'spoon', 'immersed', 'in', 'the', 'oil', 'add', 'the', 'wings', 'in', 'batches', '6-8', 'at', 'a', 'time', 'do', 'not', 'crowd', 'pan', 'keeping', 'flame', 'medium-high', 'fry', 'till', 'all', 'sides', 'are', 'golden', 'brown', 'and', 'meat', 'is', 'cooked', 'through', 'after', 'each', 'batch', 'make', 'sure', 'oil', 'is', 'at', 'an', 'optimum', 'temperature', 'before', 'adding', 'the', 'next', 'batch', 'continue', 'process', 'until', 'all', 'the', 'wings', 'are', 'fried', 'drain', 'wings', 'on', 'paper', 'towels', 'for', 'the', 'seasoning', 'heat', 'oil', 'in', 'a', 'small', 'skillet', 'add', 'in', 'mustard', 'seeds', 'when', 'the', 'seeds', 'begin', 'to', 'pop', 'add', 'shallots', 'and', 'curry', 'leaves', 'fry', 'till', 'browned', 'and', 'crisp', 'take', 'off', 'heat', 'mix', 'in', 'lemon', 'juice', 'and', 'ketchup', 'combine', 'well', 'pour', 'over', 'the', 'warm', 'chicken', 'wings', 'and', 'serve']","['wings', 'remove', 'tips', 'wings', 'discard', 'using', 'knife', 'separate', 'wings', 'joint', 'pieces', 'wing', 'mini', 'processor', 'process', 'ginger', 'garlic', 'serrano', 'smooth', 'paste', 'forms', 'large', 'bowl', 'combine', 'ingredients', 'marinade', 'yogurt', 'salt', 'including', 'ginger/garlic/serrano', 'mixture', 'smooth', 'blended', 'evenly', 'coat', 'wing', 'pieces', 'keep', 'aside', 'heat', 'oil', 'deep', 'sided', 'pan', 'fryer', 'check', 'oil', 'ready', 'tested', 'either', 'deep', 'fry', 'thermometer', '350°', '365°f', 'bubbles', 'form', 'around', 'end', 'wooden', 'spoon', 'immersed', 'oil', 'add', 'wings', 'batches', 'time', 'crowd', 'pan', 'keeping', 'flame', 'medium', 'high', 'fry', 'till', 'sides', 'golden', 'brown', 'meat', 'cooked', 'batch', 'make', 'sure', 'oil', 'optimum', 'temperature', 'adding', 'next', 'batch', 'continue', 'process', 'wings', 'fried', 'drain', 'wings', 'paper', 'towels', 'seasoning', 'heat', 'oil', 'small', 'skillet', 'add', 'mustard', 'seeds', 'seeds', 'begin', 'pop', 'add', 'shallots', 'curry', 'leaves', 'fry', 'till', 'browned', 'crisp', 'take', 'heat', 'mix', 'lemon', 'juice', 'ketchup', 'combine', 'well', 'pour', 'warm', 'chicken', 'wings', 'serve']",Indian
5147,"['roast', 'peppers', 'over', 'flame', 'of', 'gas', 'burner', 'or', 'hot', 'grill', 'or', 'under', 'the', 'broiler', 'until', 'the', 'skin', 'is', 'blackened', 'and', 'charred', 'remove', 'from', 'heat', 'and', 'place', 'in', 'a', 'large', 'bowl', 'cover', 'with', 'plastic', 'wrap', 'and', 'allow', 'to', 'sit', 'until', 'cool', 'enough', 'to', 'handle', 'about', '15-20', 'minutes', 'with', 'clean', 'paper', 'towels', 'wipe', 'off', 'skin', 'remove', 'stems', 'and', 'seeds', 'chop', 'set', 'aside', 'heat', 'a', 'large', 'saute', 'pan', 'over', 'medium-high', 'heat', 'add', 'olive', 'oil', 'when', 'hot', 'enough', 'add', 'onions', 'and', 'cook', 'until', 'onions', 'are', 'translucent', 'about', '5', 'minutes', 'add', 'diced', 'peppers', 'minced', 'garlic', 'and', 'saute', 'for', 'about', '3', 'minutes', 'bring', 'to', 'a', 'boil', 'a', 'large', 'pot', 'with', 'water', 'or', 'chicken', 'or', 'vegetable', 'broth', 'and', 'add', 'the', 'orzo', 'and', 'cook', 'for', 'about', '4-5', 'minutes', 'partially', 'cooking', 'to', 'al', 'dente', 'drain', 'and', 'reserve', 'pasta', 'water', 'add', 'orzo', 'to', 'peppers', 'adding', '1', 'cup', 'of', 'the', 'pasta', 'water', 'cook', 'over', 'medium', 'heat', 'stirring', 'constantly', 'until', 'pasta', 'is', 'cooked', 'tender', 'and', 'consistency', 'is', 'creamy', 'stir', 'in', 'olives', 'and', 'goat', 'cheese', 'until', 'melted', 'and', 'well', 'blended', 'season', 'with', 'salt', 'and', 'freshly', 'ground', 'black', 'pepper', 'to', 'taste', 'garnish', 'with', 'parsley', 'olives', 'and', 'a', 'drizzle', 'of', 'olive', 'oil']","['roast', 'peppers', 'flame', 'gas', 'burner', 'hot', 'grill', 'broiler', 'skin', 'blackened', 'charred', 'remove', 'heat', 'place', 'large', 'bowl', 'cover', 'plastic', 'wrap', 'allow', 'sit', 'cool', 'enough', 'handle', 'clean', 'paper', 'towels', 'wipe', 'skin', 'remove', 'stems', 'seeds', 'chop', 'set', 'aside', 'heat', 'large', 'saute', 'pan', 'medium', 'high', 'heat', 'add', 'olive', 'oil', 'hot', 'enough', 'add', 'onions', 'cook', 'onions', 'translucent', 'add', 'diced', 'peppers', 'minced', 'garlic', 'saute', 'bring', 'boil', 'large', 'pot', 'water', 'chicken', 'vegetable', 'broth', 'add', 'orzo', 'cook', 'partially', 'cooking', 'al', 'dente', 'drain', 'reserve', 'pasta', 'water', 'add', 'orzo', 'peppers', 'adding', 'pasta', 'water', 'cook', 'medium', 'heat', 'stirring', 'constantly', 'pasta', 'cooked', 'tender', 'consistency', 'creamy', 'stir', 'olives', 'goat', 'cheese', 'melted', 'well', 'blended', 'season', 'salt', 'freshly', 'ground', 'black', 'pepper', 'taste', 'garnish', 'parsley', 'olives', 'drizzle', 'olive', 'oil']",Italian
8414,"['soak', 'the', 'cashews', 'in', 'water', 'for', '4-6', 'hours', 'mix', 'lamb', 'onion', 'garlic', 'coriander', 'cumin', 'and', 'chili', 'powder', 'drain', 'cashews', 'place', 'in', 'food', 'processor', 'and', 'process', 'to', 'a', 'paste', 'you', 'may', 'have', 'to', 'add', '1-2', 'tablespoons', 'of', 'water', 'to', 'help', 'blend', 'add', 'lamb', 'mixture', 'to', 'processer', 'and', 'continue', 'processing', 'until', 'a', 'smooth', 'paste', 'is', 'formed', 'turn', 'the', 'mixture', 'into', 'a', 'bowl', 'add', 'chopped', 'chilis', 'cilantro', 'salt', 'and', 'ginger', 'mix', 'well', 'shape', 'mixture', 'into', 'about', '20', 'balls', 'flatten', 'into', 'discs', 'about', '2', ""''"", 'in', 'diameter', 'heat', 'a', 'small', 'amount', 'of', 'oil', 'in', 'frying', 'pan', 'cook', 'patties', '2-3', 'minutes', 'per', 'side', 'turning', 'once', 'may', 'be', 'served', 'hot', 'or', 'cold']","['soak', 'cashews', 'water', 'mix', 'lamb', 'onion', 'garlic', 'coriander', 'cumin', 'chili', 'powder', 'drain', 'cashews', 'place', 'food', 'processor', 'process', 'paste', 'may', 'add', 'water', 'help', 'blend', 'add', 'lamb', 'mixture', 'processer', 'continue', 'processing', 'smooth', 'paste', 'formed', 'turn', 'mixture', 'bowl', 'add', 'chopped', 'chilis', 'cilantro', 'salt', 'ginger', 'mix', 'well', 'shape', 'mixture', 'balls', 'flatten', 'discs', ""''"", 'diameter', 'heat', 'small', 'amount', 'oil', 'frying', 'pan', 'cook', 'patties', 'per', 'side', 'turning', 'may', 'served', 'hot', 'cold']",Indian
10242,"['cut', 'beans', 'into', '1', 'inch', 'diagonal', 'slices', 'i', 'just', 'use', 'frozen', 'green', 'beans.', 'heat', 'oil', 'in', 'a', 'large', 'skillet', 'or', 'wok', 'saute', 'mustard', 'seeds', 'until', 'they', 'begin', 'to', '``', 'pop', ""''"", 'add', 'vegetables', 'cook', 'stirring', 'constantly', 'for', '5', 'minutes', 'mix', 'in', 'seasonings', 'reduce', 'heat', 'cover', 'and', 'simmer', '8-10', 'minutes', 'stir', 'in', 'lemon', 'juice', 'and', 'serve']","['cut', 'beans', 'diagonal', 'slices', 'use', 'frozen', 'green', 'beans.', 'heat', 'oil', 'large', 'skillet', 'wok', 'saute', 'mustard', 'seeds', 'begin', '``', 'pop', ""''"", 'add', 'vegetables', 'cook', 'stirring', 'constantly', 'mix', 'seasonings', 'reduce', 'heat', 'cover', 'simmer', 'stir', 'lemon', 'juice', 'serve']",Indian
5945,"['cook', 'pasta', 'according', 'to', 'box', 'directions', 'drain', 'and', 'set', 'aside', 'peel', 'garlic', 'and', 'sauté', 'in', '1/2', 'of', 'olive', 'oil', 'for', '2-5', 'minutes', 'until', 'tender', 'on', 'low', 'heat', 'puree', 'garlic', 'in', 'food', 'processor', 'with', '1/4', 'cup', 'oil', 'basil', 'and', 'rosemary', 'to', 'make', 'pesto', 'add', 'pesto', 'green', 'onion', 'chicken', 'and', 'cheese', 'to', 'pasta', 'mix', 'very', 'well', 'drizzle', 'and', 'toss', 'with', 'olive', 'oil', 'up', 'to', '1/4', 'cup', 'until', 'desired', 'consistency', 'serve', 'immediately']","['cook', 'pasta', 'according', 'box', 'directions', 'drain', 'set', 'aside', 'peel', 'garlic', 'sauté', 'olive', 'oil', 'tender', 'low', 'heat', 'puree', 'garlic', 'food', 'processor', 'oil', 'basil', 'rosemary', 'make', 'pesto', 'add', 'pesto', 'green', 'onion', 'chicken', 'cheese', 'pasta', 'mix', 'well', 'drizzle', 'toss', 'olive', 'oil', 'desired', 'consistency', 'serve', 'immediately']",Italian
1149,"['saute', 'garlic', 'onion', 'basil', 'oregano', 'marjoram', 'and', 'pepper', 'in', 'large', 'saucepan', 'over', 'medium', 'heat', 'until', 'onion', 'appears', 'translucent', 'approx', '10', 'min', 'add', 'all', 'tomatoes', 'and', 'simmer', 'slowly', 'uncovered', 'until', 'sauce', 'thickens', 'and', 'total', 'volume', 'is', 'approximately', '8', 'cups', 'about', '1', 'hour', 'and', '15', 'minutes', 'add', 'salt', 'and', 'pepper', 'to', 'taste']","['saute', 'garlic', 'onion', 'basil', 'oregano', 'marjoram', 'pepper', 'large', 'saucepan', 'medium', 'heat', 'onion', 'appears', 'translucent', 'approx', 'min', 'add', 'tomatoes', 'simmer', 'slowly', 'uncovered', 'sauce', 'thickens', 'total', 'volume', 'approximately', 'add', 'salt', 'pepper', 'taste']",Italian
11770,"['place', 'oil', 'in', 'a', 'large', 'saucepan', 'or', 'soup', 'pot', 'add', 'onions', 'and', 'saute', 'until', 'beatiful', 'and', 'caramelised', 'brown', 'i', 'sometimes', 'add', 'a', 'splash', 'of', 'water', 'if', 'the', 'onions', 'are', ""n't"", 'browning', 'in', 'oil', 'when', 'onions', 'are', 'done', 'and', 'curry', 'paste', 'and', 'fry', 'about', '5', 'minutes', 'add', 'garlic', 'and', 'ginger', 'and', 'fry', '2', 'minutes', 'more', 'do', 'not', 'burn', 'add', 'potatoes', 'and', 'carrots', 'and', 'saute', 'a', 'further', '2-3', 'minutes', 'add', 'tinned', 'tomatoes', 'water', 'stock', 'cube', 'and', 'bay', 'leaf', 'and', 'reduce', 'heat', 'to', 'a', 'simmer', 'simmer', 'for', 'about', 'half', 'and', 'hour', 'then', 'add', 'cauliflower', 'allow', 'the', 'curry', 'to', 'simmer', 'until', 'thickened', 'and', 'reduced', 'stir', 'occasionally', 'you', 'can', 'add', 'seasoning', 'as', 'per', 'taste', 'i', 'reccomend', 'cinnamon', 'coriander', 'and', 'cayenne', 'pepper', 'serve', 'with', 'your', 'favourite', 'condiments']","['place', 'oil', 'large', 'saucepan', 'soup', 'pot', 'add', 'onions', 'saute', 'beatiful', 'caramelised', 'brown', 'sometimes', 'add', 'splash', 'water', 'onions', 'browning', 'oil', 'onions', 'done', 'curry', 'paste', 'fry', 'add', 'garlic', 'ginger', 'fry', 'burn', 'add', 'potatoes', 'carrots', 'saute', 'add', 'tinned', 'tomatoes', 'water', 'stock', 'cube', 'bay', 'leaf', 'reduce', 'heat', 'simmer', 'simmer', 'half', 'add', 'cauliflower', 'allow', 'curry', 'simmer', 'thickened', 'reduced', 'stir', 'occasionally', 'add', 'seasoning', 'per', 'taste', 'reccomend', 'cinnamon', 'coriander', 'cayenne', 'pepper', 'serve', 'favourite', 'condiments']",Indian
1288,"['place', 'chicken', 'in', 'crock', 'pot', 'bone', 'side', 'up', 'add', 'all', 'seasonings', 'and', 'vegetables', 'on', 'top', 'of', 'chicken', 'including', 'the', 'optionals', 'if', 'using', 'stop', 'at', 'the', 'butter', 'then', 'add', 'the', '2', 'jars', 'of', 'pasta', 'sauce', 'on', 'top', 'i', 'cook', 'on', 'high', 'for', '3-4', 'hours', 'depending', 'on', 'how', 'thick', 'the', 'chicken', 'breasts', 'are', 'stirring', 'occasionally', 'when', 'the', 'internal', 'temperature', 'reaches', '180°f', 'using', 'a', 'meat', 'thermometer', 'i', 'remove', 'the', 'chicken', 'and', 'debone', 'placing', 'meat', 'back', 'into', 'the', 'sauce', 'i', 'then', 'add', 'the', 'butter', 'whipping', 'cream', 'and', 'continue', 'to', 'cook', 'for', 'another', 'hour', 'on', 'warm', 'about', '10', 'minutes', 'before', 'serving', 'i', 'add', 'the', 'parmesan', 'cheese', 'serve', 'over', 'pasta', 'or', 'i', 'use', 'extra', 'wide', 'egg', 'noodles', 'with', 'warm', 'crusty', 'bread']","['place', 'chicken', 'crock', 'pot', 'bone', 'side', 'add', 'seasonings', 'vegetables', 'top', 'chicken', 'including', 'optionals', 'using', 'stop', 'butter', 'add', 'jars', 'pasta', 'sauce', 'top', 'cook', 'high', 'depending', 'thick', 'chicken', 'breasts', 'stirring', 'occasionally', 'internal', 'temperature', 'reaches', '180°f', 'using', 'meat', 'thermometer', 'remove', 'chicken', 'debone', 'placing', 'meat', 'back', 'sauce', 'add', 'butter', 'whipping', 'cream', 'continue', 'cook', 'another', 'warm', 'serving', 'add', 'parmesan', 'cheese', 'serve', 'pasta', 'use', 'extra', 'wide', 'egg', 'noodles', 'warm', 'crusty', 'bread']",Italian
1035,"['heat', 'oven', 'to', '350', 'degrees', 'make', 'the', 'bread', 'into', 'a', 'bowl', 'by', 'cutting', 'the', 'all', 'the', 'way', 'around', 'at', 'an', 'angle', 'put', 'in', 'oven', 'for', '7-8', 'minutes', 'or', 'until', 'bread', 'is', 'slightly', 'brown', 'and', 'crusty', 'cut', 'top', 'of', 'bread', 'into', 'chunks', 'in', 'a', 'saucepan', 'combine', 'all', 'ingredients', 'except', 'bread', 'melt', 'together', 'over', 'med', 'heat', 'until', 'cheese', 'is', 'all', 'melted', 'sauce', 'will', 'seem', 'thin', 'at', 'first', 'but', 'thickens', 'as', 'it', 'cools', 'put', 'bread', 'on', 'a', 'cookie', 'sheet', 'or', 'a', 'serving', 'platter', 'and', 'pour', 'cheese', 'mixture', 'into', '``', 'bread', 'bowl', ""''"", 'do', ""n't"", 'worry', 'if', 'cheese', 'overflows', 'place', 'bread', 'chunks', 'around', 'the', 'bread', 'bowl', 'and', 'enjoy']","['heat', 'oven', 'make', 'bread', 'bowl', 'cutting', 'way', 'around', 'angle', 'put', 'oven', 'bread', 'slightly', 'brown', 'crusty', 'cut', 'top', 'bread', 'chunks', 'saucepan', 'combine', 'ingredients', 'except', 'bread', 'melt', 'together', 'med', 'heat', 'cheese', 'melted', 'sauce', 'seem', 'thin', 'first', 'thickens', 'cools', 'put', 'bread', 'cookie', 'sheet', 'serving', 'platter', 'pour', 'cheese', 'mixture', '``', 'bread', 'bowl', ""''"", 'worry', 'cheese', 'overflows', 'place', 'bread', 'chunks', 'around', 'bread', 'bowl', 'enjoy']",Italian
5438,"['heat', 'water', 'to', '105', 'to', '115°f', 'dissolve', 'sugar', 'in', 'water', 'add', 'yeast', 'and', 'proof', 'until', 'foamy', 'about', '5', 'minutes', 'add', 'flour', 'salt', 'and', '2', 'tablespoon', 'olive', 'oil', 'to', 'food', 'processor', 'turn', 'food', 'processor', 'on', 'pour', 'in', 'water', 'through', 'feeding', 'tube', 'process', 'until', 'dough', 'forms', 'a', 'ball', 'about', '1', 'minute', 'dough', 'will', 'be', 'a', 'little', 'sticky', 'let', 'dough', 'rise', 'in', 'a', 'large', 'covered', 'plastic', 'container', 'for', 'about', 'an', '1', 'hour', 'until', 'doubled', 'in', 'size', 'preheat', 'oven', 'with', 'pizza', 'stone', 'to', '500°f', 'cut', 'dough', 'in', 'four', 'pieces', 'and', 'roll', 'one', 'piece', 'out', 'on', 'large', 'flour', 'dusted', 'surface', 'then', 'continue', 'to', 'stretch', 'dough', 'by', 'letting', 'it', 'hang', 'from', 'your', 'fingertips', 'pass', 'dough', 'around', 'your', 'finger', 'tips', 'so', 'it', 'will', 'stretch', 'evenly', 'place', 'dough', 'on', 'peel', 'dusted', 'with', 'cornmeal', 'top', 'how', 'you', 'want', 'it', 'cook', 'until', 'edges', 'are', 'golden', '5-10', 'minutes', 'enjoy']","['heat', 'water', '115°f', 'dissolve', 'sugar', 'water', 'add', 'yeast', 'proof', 'foamy', 'add', 'flour', 'salt', 'olive', 'oil', 'food', 'processor', 'turn', 'food', 'processor', 'pour', 'water', 'feeding', 'tube', 'process', 'dough', 'forms', 'ball', 'dough', 'little', 'sticky', 'let', 'dough', 'rise', 'large', 'covered', 'plastic', 'container', 'doubled', 'size', 'preheat', 'oven', 'pizza', 'stone', '500°f', 'cut', 'dough', 'four', 'pieces', 'roll', 'one', 'piece', 'large', 'flour', 'dusted', 'surface', 'continue', 'stretch', 'dough', 'letting', 'hang', 'fingertips', 'pass', 'dough', 'around', 'finger', 'tips', 'stretch', 'evenly', 'place', 'dough', 'peel', 'dusted', 'cornmeal', 'top', 'want', 'cook', 'edges', 'golden', 'enjoy']",Italian
282,"['put', 'the', 'stock', 'in', 'a', 'saucepan', 'heat', 'until', 'almost', 'boiling', 'then', 'reduce', 'the', 'heat', 'until', 'barely', 'simmering', 'to', 'keep', 'it', 'hot', 'heat', 'the', 'butter', 'and', 'oil', 'in', 'a', 'sauté', 'pan', 'or', 'over', 'a', 'medium', 'heat', 'add', 'the', 'shallots', 'and', 'cook', 'for', '1-2', 'minutes', 'until', 'softened', 'add', 'the', 'garlic', 'and', 'cook', 'another', 'minute', 'do', 'not', 'burn', 'add', 'the', 'rice', 'and', 'stir', 'using', 'a', 'wooden', 'spoon', 'until', 'the', 'grains', 'are', 'well', 'coated', 'and', 'glistening', 'about', '2', 'minutes', 'pour', 'in', 'the', 'wine', 'and', 'stir', 'until', 'it', 'has', 'been', 'completely', 'absorbed', 'stirring', 'constantly', 'add', '1', 'soup', 'ladle', 'of', 'hot', 'stock', 'and', 'simmer', 'stirring', 'until', 'it', 'has', 'been', 'absorbed', 'continue', 'to', 'add', 'the', 'stock', 'at', 'intervals', 'and', 'cook', 'as', 'before', 'until', 'the', 'liquid', 'has', 'been', 'absorbed', 'and', 'the', 'rice', 'is', 'tender', 'but', 'firm', 'al', 'dente', 'approximately', '18-20', 'minutes', 'add', 'the', 'parmesan', 'lemon', 'zest', 'cream', 'mint', 'salt', 'and', 'pepper', 'mix', 'well', 'remove', 'from', 'the', 'heat', 'cover', 'and', 'let', 'rest', 'for', '2', 'minutes', 'tip', 'once', 'the', 'risotto', 'is', 'cooked', 'if', 'the', 'grains', 'are', 'still', 'firm', '``', 'al', 'dente', ""''"", 'but', 'sticking', 'together', 'you', 'know', 'you', 'have', 'made', 'the', 'perfect', 'risotto', 'spoon', 'into', 'warmed', 'bowls', 'top', 'with', 'chopped', 'mint', 'and', 'drizzle', 'with', 'extra', 'virgin', 'olive', 'oil', 'serve', 'immediately']","['put', 'stock', 'saucepan', 'heat', 'almost', 'boiling', 'reduce', 'heat', 'barely', 'simmering', 'keep', 'hot', 'heat', 'butter', 'oil', 'sauté', 'pan', 'medium', 'heat', 'add', 'shallots', 'cook', 'softened', 'add', 'garlic', 'cook', 'another', 'burn', 'add', 'rice', 'stir', 'using', 'wooden', 'spoon', 'grains', 'well', 'coated', 'glistening', 'pour', 'wine', 'stir', 'completely', 'absorbed', 'stirring', 'constantly', 'add', 'soup', 'ladle', 'hot', 'stock', 'simmer', 'stirring', 'absorbed', 'continue', 'add', 'stock', 'intervals', 'cook', 'liquid', 'absorbed', 'rice', 'tender', 'firm', 'al', 'dente', 'approximately', 'add', 'parmesan', 'lemon', 'zest', 'cream', 'mint', 'salt', 'pepper', 'mix', 'well', 'remove', 'heat', 'cover', 'let', 'rest', 'tip', 'risotto', 'cooked', 'grains', 'still', 'firm', '``', 'al', 'dente', ""''"", 'sticking', 'together', 'know', 'made', 'perfect', 'risotto', 'spoon', 'warmed', 'bowls', 'top', 'chopped', 'mint', 'drizzle', 'extra', 'virgin', 'olive', 'oil', 'serve', 'immediately']",Italian
9160,"['start', 'seafood', 'mix', 'and', 'salmon', 'with', 'the', 'diced', 'tomatoes', 'and', 'rotel', 'in', 'large', 'pot', 'over', 'medium', 'heat', 'add', '3', 'cups', 'of', 'water', 'chicken', 'bouillon', 'cubes', 'and', 'spices', 'add', 'tomato', 'soup', 'and', 'chopped', 'kale', 'and', 'simmer', 'for', '10', 'minutes', 'add', 'more', 'water', 'if', 'necessary', 'season', 'to', 'taste', 'serve', 'over', 'brown', 'or', 'white', 'rice']","['start', 'seafood', 'mix', 'salmon', 'diced', 'tomatoes', 'rotel', 'large', 'pot', 'medium', 'heat', 'add', 'water', 'chicken', 'bouillon', 'cubes', 'spices', 'add', 'tomato', 'soup', 'chopped', 'kale', 'simmer', 'add', 'water', 'necessary', 'season', 'taste', 'serve', 'brown', 'white', 'rice']",Indian
8674,"['heat', 'the', 'oil', 'in', 'a', 'frying', 'pan', 'add', 'the', 'onion', 'and', 'ginger', 'and', 'fry', 'until', 'golden', 'add', 'the', 'ground', 'coriander', 'and', 'beef', 'and', 'fry', 'until', 'brown', 'add', 'the', 'raisins', 'and', 'salt', 'to', 'taste', 'and', 'simmer', 'for', 'about', '20', 'minutes', 'until', 'the', 'meat', 'is', 'cooked', 'spoon', 'out', 'any', 'fat', 'in', 'the', 'pan', 'stir', 'in', 'the', 'chopped', 'coriander', 'and', 'leave', 'to', 'cool', 'divide', 'the', 'mashed', 'potato', 'into', '8', 'portions', 'with', 'well', 'floured', 'hands', 'flatten', 'a', 'portion', 'on', 'one', 'palm', 'put', '3', 'teaspoons', 'of', 'the', 'meat', 'mixture', 'in', 'the', 'centre', 'and', 'fold', 'the', 'potato', 'over', 'it', 'form', 'gently', 'into', 'a', 'round', 'patty', 'shape', 'dip', 'the', ""'chops"", 'lightly', 'in', 'flour', 'and', 'shallow', 'fry', 'a', 'few', 'at', 'a', 'time', 'in', 'hot', 'oil', 'until', 'crisp', 'and', 'golden', 'turning', 'carefully', 'to', 'brown', 'the', 'underside']","['heat', 'oil', 'frying', 'pan', 'add', 'onion', 'ginger', 'fry', 'golden', 'add', 'ground', 'coriander', 'beef', 'fry', 'brown', 'add', 'raisins', 'salt', 'taste', 'simmer', 'meat', 'cooked', 'spoon', 'fat', 'pan', 'stir', 'chopped', 'coriander', 'leave', 'cool', 'divide', 'mashed', 'potato', 'portions', 'well', 'floured', 'hands', 'flatten', 'portion', 'one', 'palm', 'put', 'meat', 'mixture', 'centre', 'fold', 'potato', 'form', 'gently', 'round', 'patty', 'shape', 'dip', ""'chops"", 'lightly', 'flour', 'shallow', 'fry', 'time', 'hot', 'oil', 'crisp', 'golden', 'turning', 'carefully', 'brown', 'underside']",Indian
5571,"['to', 'make', 'the', 'tomato-basil', 'topping', 'stir', 'together', 'all', 'the', 'ingredients', 'set', 'aside', 'cook', 'macaroni', 'by', 'following', 'the', 'package', 'directions', 'drain', 'and', 'set', 'aside', 'coat', 'a', '13x9', 'inch', 'baking', 'dish', 'with', 'nonstick', 'cooking', 'spray', 'sprinkle', '1/4', 'cup', 'breadcrumbs', 'evenly', 'over', 'the', 'bottom', 'of', 'the', 'baking', 'dish', 'tilt', 'dish', 'to', 'coat', 'sides', 'evenly', 'with', 'breadcrumbs', 'layer', '1/3', 'macaroni', '1/3', 'shredded', 'cheese', 'and', '1/3', 'of', 'the', 'remaining', '1/4', 'cup', 'breadcrumbs', 'in', 'the', 'baking', 'dish', 'repeat', 'layers', 'twice', 'ending', 'with', 'breadcrumbs', 'in', 'a', 'bowl', 'whisk', 'together', 'the', 'eggs', 'and', 'next', '3', 'ingredients', 'pour', 'evenly', 'over', 'layered', 'mixture', 'bake', 'in', 'a', '350', 'degree', 'oven', 'for', '55-60', 'minutes', 'or', 'until', 'golden', 'and', 'set', 'let', 'stand', '10', 'minutes', 'before', 'serving', 'sprinkle', 'evenly', 'with', 'tomato-basil', 'topping']","['make', 'tomato', 'basil', 'topping', 'stir', 'together', 'ingredients', 'set', 'aside', 'cook', 'macaroni', 'following', 'package', 'directions', 'drain', 'set', 'aside', 'coat', '13x9', 'baking', 'dish', 'nonstick', 'cooking', 'spray', 'sprinkle', 'breadcrumbs', 'evenly', 'bottom', 'baking', 'dish', 'tilt', 'dish', 'coat', 'sides', 'evenly', 'breadcrumbs', 'layer', 'macaroni', 'shredded', 'cheese', 'remaining', 'breadcrumbs', 'baking', 'dish', 'repeat', 'layers', 'twice', 'ending', 'breadcrumbs', 'bowl', 'whisk', 'together', 'eggs', 'next', 'ingredients', 'pour', 'evenly', 'layered', 'mixture', 'bake', 'oven', 'golden', 'set', 'let', 'stand', 'serving', 'sprinkle', 'evenly', 'tomato', 'basil', 'topping']",Italian
5235,"['wash', 'the', 'rice', 'and', 'drain', 'well', 'place', 'in', 'a', '2', 'quart', 'saucepan', 'with', 'a', 'tight', 'fitting', 'lid', 'add', 'water', 'and', 'salt', 'bring', 'to', 'a', 'boil', 'uncover', 'cover', 'and', 'reduce', 'heat', 'to', 'low', 'simmer', 'for', '20', 'minutes', 'and', 'remove', 'from', 'the', 'heat', 'do', 'not', 'remove', 'the', 'lid', 'during', 'this', 'process', 'allow', 'the', 'rice', 'to', 'sit', 'for', '15', 'minutes', 'add', 'the', 'melted', 'butter', 'parsley', 'grated', 'cheese', 'and', 'eggs', 'to', 'the', 'rice', 'stir', 'well', 'to', 'blend', 'and', 'set', 'aside', 'saute', 'the', 'ground', 'beef', 'drain', 'and', 'cool', 'mix', 'the', 'ground', 'beef', 'salami', 'mushrooms', 'provolone', 'and', 'mozzarella', 'together', 'lightly', 'moisten', 'hands', 'and', 'shake', 'off', 'excess', 'water', 'form', 'a', 'ball', 'of', 'rice', 'just', 'smaller', 'than', 'a', 'golf', 'ball', 'and', 'using', 'a', 'thumb', 'poke', 'a', 'hole', 'into', 'the', 'center', 'and', 'put', 'in', 'some', 'of', 'the', 'salami', 'and', 'cheese', 'stuffing', 'seal', 'up', 'the', 'hole', 'by', 'pinching', 'it', 'together', 'finish', 'all', 'balls', 'before', 'cooking', 'heat', 'oil', 'to', '350', 'degrees', 'in', 'a', 'deep', 'pan', 'dip', 'the', 'rice', 'balls', 'in', 'egg', 'and', 'then', 'in', 'bread', 'crumbs', 'fry', 'in', 'fat', 'a', 'few', 'at', 'a', 'time', 'until', 'light', 'brown', 'keep', 'warm', 'in', 'oven', 'until', 'serving']","['wash', 'rice', 'drain', 'well', 'place', 'saucepan', 'tight', 'fitting', 'lid', 'add', 'water', 'salt', 'bring', 'boil', 'uncover', 'cover', 'reduce', 'heat', 'low', 'simmer', 'remove', 'heat', 'remove', 'lid', 'process', 'allow', 'rice', 'sit', 'add', 'melted', 'butter', 'parsley', 'grated', 'cheese', 'eggs', 'rice', 'stir', 'well', 'blend', 'set', 'aside', 'saute', 'ground', 'beef', 'drain', 'cool', 'mix', 'ground', 'beef', 'salami', 'mushrooms', 'provolone', 'mozzarella', 'together', 'lightly', 'moisten', 'hands', 'shake', 'excess', 'water', 'form', 'ball', 'rice', 'smaller', 'golf', 'ball', 'using', 'thumb', 'poke', 'hole', 'center', 'put', 'salami', 'cheese', 'stuffing', 'seal', 'hole', 'pinching', 'together', 'finish', 'balls', 'cooking', 'heat', 'oil', 'deep', 'pan', 'dip', 'rice', 'balls', 'egg', 'bread', 'crumbs', 'fry', 'fat', 'time', 'light', 'brown', 'keep', 'warm', 'oven', 'serving']",Italian
7943,"['bring', '2', '1/2', 'qts', 'water', 'to', 'a', 'boil', 'peel', 'potatoes', 'and', 'cut', 'into', '3/4', 'inch', 'cubes', 'then', 'add', 'to', 'boiling', 'water', 'with', '1', 't', 'salt', 'bring', 'to', 'a', 'boil', 'again', 'cover', 'turn', 'heat', 'to', 'low', 'and', 'cook', 'potatoes', 'till', 'just', 'tender', 'about', '6', 'minutes', 'do', 'not', 'overcook', 'drain', 'spread', 'out', 'and', 'leave', 'to', 'cool', 'i', 'just', 'left', 'mine', 'in', 'the', 'colander', 'rather', 'than', 'spread', 'and', 'it', 'was', 'fine', 'if', 'using', 'fresh', 'spinach', 'wash', 'and', 'drop', 'into', 'large', 'kettle', 'of', 'boiling', 'water', 'to', 'wilt', 'drain', 'and', 'squeeze', 'out', 'as', 'much', 'liquid', 'as', 'you', 'can', 'and', 'chop', 'fine', 'if', 'using', 'frozen', 'cook', 'according', 'to', 'package', 'directions', 'drain', 'and', 'squeeze', 'out', 'liquid', 'set', 'spinach', 'aside', 'heat', 'oil', 'in', 'a', 'heavy', '12-inch', 'preferably', 'nonstick', 'skillet', 'over', 'medium', 'high', 'heat', 'when', 'very', 'hot', 'put', 'in', 'mustard', 'seeds', 'as', 'soon', 'as', 'the', 'seeds', 'begin', 'to', 'pop', 'a', 'few', 'seconds', 'add', 'the', 'onion', 'and', 'garlic', 'turn', 'heat', 'to', 'medium', 'and', 'fry', 'for', '3-4', 'minutes', 'onions', 'should', 'turn', 'very', 'lightly', 'brown', 'on', 'the', 'edges', 'put', 'chopped', 'spinach', 'in', 'skillet', 'and', 'keep', 'stirring', 'and', 'frying', 'for', 'about', '10', 'minutes', 'add', 'the', 'cooked', 'potatoes', 'garam', 'masala', 'and', 'cayenne', 'pepper', 'and', 'chickpeas', 'if', 'desired', 'stir', 'and', 'mix', 'gently', 'till', 'potatoes', 'are', 'heated', 'through', 'add', 'a', 'dash', 'of', 'salt', 'if', 'needed']","['bring', 'qts', 'water', 'boil', 'peel', 'potatoes', 'cut', 'cubes', 'add', 'boiling', 'water', 'salt', 'bring', 'boil', 'cover', 'turn', 'heat', 'low', 'cook', 'potatoes', 'till', 'tender', 'overcook', 'drain', 'spread', 'leave', 'cool', 'left', 'mine', 'colander', 'rather', 'spread', 'fine', 'using', 'fresh', 'spinach', 'wash', 'drop', 'large', 'kettle', 'boiling', 'water', 'wilt', 'drain', 'squeeze', 'much', 'liquid', 'chop', 'fine', 'using', 'frozen', 'cook', 'according', 'package', 'directions', 'drain', 'squeeze', 'liquid', 'set', 'spinach', 'aside', 'heat', 'oil', 'heavy', '12', 'inch', 'preferably', 'nonstick', 'skillet', 'medium', 'high', 'heat', 'hot', 'put', 'mustard', 'seeds', 'soon', 'seeds', 'begin', 'pop', 'seconds', 'add', 'onion', 'garlic', 'turn', 'heat', 'medium', 'fry', 'onions', 'turn', 'lightly', 'brown', 'edges', 'put', 'chopped', 'spinach', 'skillet', 'keep', 'stirring', 'frying', 'add', 'cooked', 'potatoes', 'garam', 'masala', 'cayenne', 'pepper', 'chickpeas', 'desired', 'stir', 'mix', 'gently', 'till', 'potatoes', 'heated', 'add', 'dash', 'salt', 'needed']",Indian
11877,"['in', 'a', 'large', 'wok', 'style', 'pan', 'place', 'the', 'oil', 'curry', 'garam', 'masala', 'hot', 'curry', 'if', 'using', 'cinnamon', 'and', 'cumin', 'over', 'a', 'low', 'flame', 'heat', 'spices', '1', 'to', '2', 'minutes', 'to', 'allow', 'the', 'flavors', 'to', 'blend', 'do', ""n't"", 'allow', 'mixture', 'to', 'smoke', 'add', 'onions', 'and', 'saute', 'over', 'low', 'flame', 'until', 'the', 'onions', 'are', 'translucent', 'about', '5', 'to', '8', 'minutes', 'remove', 'onions', 'from', 'pan', 'with', 'a', 'slotted', 'spoon', 'and', 'set', 'aside', 'add', 'sliced', 'chicken', 'and', 'garlic', 'to', 'the', 'pan', 'along', 'with', 'salt', 'pepper', 'to', 'taste', 'saute', 'chicken', '5', 'to', '7', 'minutes', 'mix', 'in', 'the', 'reserved', 'onions', 'chicken', 'broth', 'and', 'the', 'chopped', 'tomatoes', 'with', 'juice', 'bring', 'to', 'a', 'low', 'simmer', 'and', 'cook', 'uncovered', '10', 'to', '12', 'minutes', 'or', 'until', 'sauce', 'is', 'slightly', 'reduced', 'and', 'thickens', 'serve', 'along', 'side', 'basmati', 'rice', 'and', 'fresh', 'naan']","['large', 'wok', 'style', 'pan', 'place', 'oil', 'curry', 'garam', 'masala', 'hot', 'curry', 'using', 'cinnamon', 'cumin', 'low', 'flame', 'heat', 'spices', 'allow', 'flavors', 'blend', 'allow', 'mixture', 'smoke', 'add', 'onions', 'saute', 'low', 'flame', 'onions', 'translucent', 'remove', 'onions', 'pan', 'slotted', 'spoon', 'set', 'aside', 'add', 'sliced', 'chicken', 'garlic', 'pan', 'along', 'salt', 'pepper', 'taste', 'saute', 'chicken', 'mix', 'reserved', 'onions', 'chicken', 'broth', 'chopped', 'tomatoes', 'juice', 'bring', 'low', 'simmer', 'cook', 'uncovered', 'sauce', 'slightly', 'reduced', 'thickens', 'serve', 'along', 'side', 'basmati', 'rice', 'fresh', 'naan']",Indian
8467,"['heat', 'the', 'oil', 'and', 'butter', 'in', 'a', 'large', 'heavy-bottomed', 'pot', 'over', 'medium-low', 'heat', 'meanwhile', 'finely', 'chop', 'the', 'onions', 'peel', 'the', 'ginger', 'then', 'grate', 'it', 'to', 'yield', '2', 'tablespoons', 'cut', 'the', 'garlic', 'into', 'very', 'thin', 'slices', 'when', 'the', 'butter', 'has', 'melted', 'add', 'the', 'onions', 'garlic', 'ginger', 'garam', 'masala', 'and', 'cayenne', 'pepper', 'cook', 'for', 'about', '5', 'minutes', 'stirring', 'often', 'until', 'the', 'onions', 'have', 'softened', 'shred', 'the', 'chicken', 'to', 'taste', 'discarding', 'any', 'skin', 'rinse', 'and', 'drain', 'the', 'chickpeas', 'coarsely', 'chop', 'the', 'tomatoes', 'reserving', 'their', 'juices', 'discard', 'any', 'basil', 'leaves', 'in', 'the', 'can', 'stir', 'the', 'chickpeas', 'and', 'the', 'tomatoes', 'with', 'their', 'juices', 'into', 'the', 'pot', 'once', 'the', 'chickpeas', 'have', 'heated', 'through', 'use', 'a', 'potato', 'masher', 'to', 'mash', 'about', 'half', 'of', 'them', 'add', 'the', 'shredded', 'chicken', 'increase', 'the', 'heat', 'to', 'medium', 'once', 'the', 'liquid', 'starts', 'to', 'bubble', 'cook', 'for', 'about', '8', 'minutes', 'then', 'stir', 'in', 'the', 'coconut', 'milk', 'sugar', 'and', 'salt', 'cook', 'for', '5', 'minutes', 'stirring', 'as', 'needed', 'meanwhile', 'coarsely', 'chop', 'the', 'cilantro', 'cut', 'the', 'lemon', 'into', 'wedges', 'taste', 'and', 'adjust', 'the', 'seasoning', 'as', 'needed', 'divide', 'among', 'individual', 'plates', 'add', 'spoonfuls', 'of', 'yogurt', 'to', 'each', 'portion', 'sprinkle', 'with', 'the', 'cilantro', 'and', 'serve', 'hot', 'with', 'lemon', 'wedges']","['heat', 'oil', 'butter', 'large', 'heavy', 'bottomed', 'pot', 'medium', 'low', 'heat', 'meanwhile', 'finely', 'chop', 'onions', 'peel', 'ginger', 'grate', 'yield', 'cut', 'garlic', 'thin', 'slices', 'butter', 'melted', 'add', 'onions', 'garlic', 'ginger', 'garam', 'masala', 'cayenne', 'pepper', 'cook', 'stirring', 'often', 'onions', 'softened', 'shred', 'chicken', 'taste', 'discarding', 'skin', 'rinse', 'drain', 'chickpeas', 'coarsely', 'chop', 'tomatoes', 'reserving', 'juices', 'discard', 'basil', 'leaves', 'stir', 'chickpeas', 'tomatoes', 'juices', 'pot', 'chickpeas', 'heated', 'use', 'potato', 'masher', 'mash', 'half', 'add', 'shredded', 'chicken', 'increase', 'heat', 'medium', 'liquid', 'starts', 'bubble', 'cook', 'stir', 'coconut', 'milk', 'sugar', 'salt', 'cook', 'stirring', 'needed', 'meanwhile', 'coarsely', 'chop', 'cilantro', 'cut', 'lemon', 'wedges', 'taste', 'adjust', 'seasoning', 'needed', 'divide', 'among', 'individual', 'plates', 'add', 'spoonfuls', 'yogurt', 'portion', 'sprinkle', 'cilantro', 'serve', 'hot', 'lemon', 'wedges']",Indian
4757,"['heat', 'the', 'oil', 'in', 'a', 'nonstick', 'skillet', 'sprinkle', 'both', 'sides', 'of', 'the', 'chicken', 'with', 'the', 'rosemary', 'and', 'salt', 'and', 'add', 'to', 'the', 'skillet', 'saute', 'the', 'chicken', 'until', 'browned', 'and', 'cooked', 'through', 'and', 'remove', 'to', 'platter', 'then', 'add', 'the', 'shallot', 'and', 'garlic', 'to', 'the', 'same', 'skillet', 'cook', '2', 'minutes', 'till', 'softened', 'add', 'the', 'vinegar', 'and', 'stir', 'to', 'scrape', 'up', 'browned', 'bits', 'cook', 'till', 'almost', 'evaporated', 'stir', 'in', 'tomatoes', 'and', 'chicken', 'broth', 'bring', 'to', 'a', 'boil', 'reduce', 'heat', 'and', 'simmer', 'uncovered', 'until', 'the', 'tomatoes', 'just', 'begin', 'to', 'soften', 'abouth', '3', 'minutes', 'stir', 'in', 'basil', 'spoon', 'sauce', 'over', 'chicken']","['heat', 'oil', 'nonstick', 'skillet', 'sprinkle', 'sides', 'chicken', 'rosemary', 'salt', 'add', 'skillet', 'saute', 'chicken', 'browned', 'cooked', 'remove', 'platter', 'add', 'shallot', 'garlic', 'skillet', 'cook', 'till', 'softened', 'add', 'vinegar', 'stir', 'scrape', 'browned', 'bits', 'cook', 'till', 'almost', 'evaporated', 'stir', 'tomatoes', 'chicken', 'broth', 'bring', 'boil', 'reduce', 'heat', 'simmer', 'uncovered', 'tomatoes', 'begin', 'soften', 'abouth', 'stir', 'basil', 'spoon', 'sauce', 'chicken']",Italian
8235,"['heat', 'oil', 'in', 'medium', 'skillet', 'over', 'medium-high', 'heat', 'add', 'onions', 'garlic', 'and', 'jalapeno', 'and', 'cook', 'stirring', 'frequently', 'for', 'three', 'minutes', 'or', 'until', 'onion', 'is', 'translucent', 'stir', 'in', 'curry', 'powder', 'cumin', 'coriander', 'and', 'turmeric', 'cook', 'stirring', 'constantly', 'for', 'one', 'minute', 'scrape', 'mixture', 'into', 'the', 'slow', 'cooker', 'add', 'tomatoes', 'lentils', 'stock', 'cinnamon', 'sticks', 'and', 'cardamom', 'pods', 'to', 'the', 'slow', 'cooker', 'cook', 'on', 'low', 'for', 'three', 'to', 'five', 'hours', 'or', 'on', 'high', 'for', '1', '1/2', 'to', 'two', 'hours', 'or', 'until', 'lentils', 'are', 'almost', 'soft', 'while', 'lentils', 'are', 'cooking', 'preheat', 'the', 'oven', 'to', '350', 'degrees', 'toast', 'cashew', 'nuts', 'in', 'a', 'single', 'layer', 'on', 'a', 'baking', 'sheet', 'for', '5', 'to', '7', 'minutes', 'or', 'until', 'lightly', 'browned', 'set', 'aside', 'if', 'cooking', 'on', 'low', 'raise', 'the', 'heat', 'to', 'high', 'remove', 'and', 'discard', 'cinnamon', 'sticks', 'and', 'cardamom', 'pods', 'and', 'add', 'zucchini', 'and', 'cilantro', 'to', 'the', 'slow', 'cooker', 'cook', 'for', '30', 'to', '45', 'minutes', 'or', 'until', 'zucchini', 'is', 'tender', 'season', 'with', 'salt', 'and', 'pepper', 'and', 'serve', 'immediately', 'over', 'rice']","['heat', 'oil', 'medium', 'skillet', 'medium', 'high', 'heat', 'add', 'onions', 'garlic', 'jalapeno', 'cook', 'stirring', 'frequently', 'three', 'onion', 'translucent', 'stir', 'curry', 'powder', 'cumin', 'coriander', 'turmeric', 'cook', 'stirring', 'constantly', 'one', 'scrape', 'mixture', 'slow', 'cooker', 'add', 'tomatoes', 'lentils', 'stock', 'cinnamon', 'sticks', 'cardamom', 'pods', 'slow', 'cooker', 'cook', 'low', 'three', 'five', 'high', 'two', 'lentils', 'almost', 'soft', 'lentils', 'cooking', 'preheat', 'oven', 'toast', 'cashew', 'nuts', 'single', 'layer', 'baking', 'sheet', 'lightly', 'browned', 'set', 'aside', 'cooking', 'low', 'raise', 'heat', 'high', 'remove', 'discard', 'cinnamon', 'sticks', 'cardamom', 'pods', 'add', 'zucchini', 'cilantro', 'slow', 'cooker', 'cook', 'zucchini', 'tender', 'season', 'salt', 'pepper', 'serve', 'immediately', 'rice']",Indian
279,"['heat', 'the', 'oil', 'over', 'medium-low', 'heat', 'in', 'a', 'nonreactive', 'saucepan', 'or', 'skillet', 'put', 'the', 'garlic', 'in', 'the', 'pan', 'taking', 'care', 'not', 'to', 'let', 'it', 'brown', 'and', 'cook', 'until', 'the', 'garlic', 'is', 'soft', 'stir', 'in', 'paprika', 'or', 'hot', 'pepper', 'flakes', 'and', 'cook', 'for', '15', 'seconds', 'then', 'pour', 'in', 'the', 'tomatoes', 'with', 'their', 'juices', 'bring', 'the', 'sauce', 'to', 'a', 'boil', 'reduce', 'the', 'heat', 'so', 'it', 'bubbles', 'in', 'a', 'few', 'places', 'season', 'with', 'salt', 'and', 'basil', 'and', 'let', 'it', 'simmer', 'about', '20', 'minutes', 'until', 'slightly', 'thickened']","['heat', 'oil', 'medium', 'low', 'heat', 'nonreactive', 'saucepan', 'skillet', 'put', 'garlic', 'pan', 'taking', 'care', 'let', 'brown', 'cook', 'garlic', 'soft', 'stir', 'paprika', 'hot', 'pepper', 'flakes', 'cook', 'seconds', 'pour', 'tomatoes', 'juices', 'bring', 'sauce', 'boil', 'reduce', 'heat', 'bubbles', 'places', 'season', 'salt', 'basil', 'let', 'simmer', 'slightly', 'thickened']",Italian
7802,"['put', 'the', 'lentils', 'in', 'a', 'colander', 'or', 'bowl', 'and', 'wash', 'under', 'atlast', '10-12', 'changes', 'of', 'water', 'to', 'get', 'rid', 'of', 'small', 'dirt', 'pieces', 'that', 'are', 'packed', 'alongwith', 'lentils', 'you', 'may', 'need', 'to', 'wash', 'less', 'depending', 'on', 'how', 'clean', 'the', 'lentil', 'packet', 'is', 'soak', 'the', 'lentils', 'in', 'a', 'bowl', 'of', 'clean', 'water', 'for', 'an', 'hour', 'pour', '2', 'cups', 'water', 'in', 'a', 'microwave-safe', 'and', 'microwave', 'proof', 'bowl', 'add', 'the', 'drained', 'lentils', 'microwave', 'for', '7', 'minutes', 'on', 'high', 'power', 'level', 'drain', 'water', 'and', 'refresh', 'the', 'lentils', 'in', 'three', 'changes', 'of', 'cold', 'water', 'add', 'water', 'to', 'the', 'lentils', 'until', 'it', 'is', 'about', 'an', 'inch', 'over', 'the', 'level', 'of', 'lentils', 'in', 'the', 'bowl', 'cover', 'with', 'a', 'clingfilm', 'wrap', 'and', 'microwave', 'for', '7', 'minutes', 'on', 'high', 'power', 'level', 'uncover', 'drain', 'the', 'scum', 'floating', 'on', 'top', 'and', 'microwave', 'for', '10', 'minutes', 'uncovered', 'allow', 'to', 'stand', 'for', '10', 'minutes', 'whisk', 'on', 'low', 'speed', 'using', 'an', 'electric', 'beater', 'or', 'use', 'a', 'spoon', 'and', 'mash', 'the', 'lentils', 'if', 'they', 'do', 'not', 'mash', 'easily', 'add', '2', 'cups', 'water', 'and', 'microwave', 'on', 'high', 'power', 'level', 'for', '5', 'minutes', 'keep', 'aside', 'and', 'mash', 'when', 'desired', 'for', 'seasoning', 'you', 'may', 'use', 'a', 'teaspoons', 'each', 'of', 'mustard', 'seeds', 'cumin', 'seeds', 'fenugreek', 'seeds', '1/2', 'teaspoons', 'asafoetida', 'powder', 'hing', 'few', 'curry', 'leaves', 'a', 'tomato', 'chopped', '1/4', 'cup', 'of', 'tamarind', 'juice', 'and', 'some', 'fresh', 'corriander', 'leaves', 'as', 'a', 'garnish']","['put', 'lentils', 'colander', 'bowl', 'wash', 'atlast', 'changes', 'water', 'get', 'rid', 'small', 'dirt', 'pieces', 'packed', 'alongwith', 'lentils', 'may', 'need', 'wash', 'less', 'depending', 'clean', 'lentil', 'packet', 'soak', 'lentils', 'bowl', 'clean', 'water', 'pour', 'water', 'microwave', 'safe', 'microwave', 'proof', 'bowl', 'add', 'drained', 'lentils', 'microwave', 'high', 'power', 'level', 'drain', 'water', 'refresh', 'lentils', 'three', 'changes', 'cold', 'water', 'add', 'water', 'lentils', 'level', 'lentils', 'bowl', 'cover', 'clingfilm', 'wrap', 'microwave', 'high', 'power', 'level', 'uncover', 'drain', 'scum', 'floating', 'top', 'microwave', 'uncovered', 'allow', 'stand', 'whisk', 'low', 'speed', 'using', 'electric', 'beater', 'use', 'spoon', 'mash', 'lentils', 'mash', 'easily', 'add', 'water', 'microwave', 'high', 'power', 'level', 'keep', 'aside', 'mash', 'desired', 'seasoning', 'may', 'use', 'mustard', 'seeds', 'cumin', 'seeds', 'fenugreek', 'seeds', 'asafoetida', 'powder', 'hing', 'curry', 'leaves', 'tomato', 'chopped', 'tamarind', 'juice', 'fresh', 'corriander', 'leaves', 'garnish']",Indian
8989,"['remove', 'stones', 'from', 'dates', 'mash', 'up', 'the', ""''"", 'stone-less', ""''"", 'dates', 'wash', 'rice', 'and', 'soak', 'for', '5', 'minutes', 'drain', 'well', 'roast', 'rice', 'in', 'a', 'heavy', 'bottomed', 'pan', 'do', 'not', 'over-roast', 'then', 'powder', 'the', 'roasted', 'rice', 'in', 'a', 'grinder/blender', 'mix', 'this', 'powder', 'with', 'the', 'date', 'fruits', 'warm', 'butter', 'in', 'a', 'frying', 'pan', 'add', 'butter', 'to', 'the', 'powder-date', 'mixture', 'grease', 'your', 'palms', 'with', 'a', 'little', 'butter', 'to', 'avoid', 'sticking', 'of', 'the', 'mixture', 'mix', 'well', 'make', 'small', 'balls', 'out', 'of', 'the', 'mixture', 'decorate', 'each', 'ball', 'with', 'cashews', 'and', 'pistas', 'serve', 'with', 'tea']","['remove', 'stones', 'dates', 'mash', ""''"", 'stone', 'less', ""''"", 'dates', 'wash', 'rice', 'soak', 'drain', 'well', 'roast', 'rice', 'heavy', 'bottomed', 'pan', 'roast', 'powder', 'roasted', 'rice', 'grinder/blender', 'mix', 'powder', 'date', 'fruits', 'warm', 'butter', 'frying', 'pan', 'add', 'butter', 'powder', 'date', 'mixture', 'grease', 'palms', 'little', 'butter', 'avoid', 'sticking', 'mixture', 'mix', 'well', 'make', 'small', 'balls', 'mixture', 'decorate', 'ball', 'cashews', 'pistas', 'serve', 'tea']",Indian
8727,"['prepare', 'all', 'of', 'the', 'ingredients', 'peel', 'the', 'onions', 'mince', '1/2', 'of', 'an', 'onion', 'finely', 'and', 'set', 'aside', 'chop', 'the', 'other', 'onion', 'and', 'set', 'aside.mince', 'the', 'chiles', 'leaving', 'the', 'seeds', 'in', 'or', 'de-seeding', 'according', 'to', 'taste.peel', 'and', 'mince', 'garlic', 'grate', 'or', 'finely', 'mince', 'the', 'ginger.chop', 'the', 'tomatoes', 'the', 'same', 'size', 'as', 'the', 'chopped', 'onion', 'whisk', 'the', 'eggs', 'until', 'well', 'mixed', 'and', 'frothy.add', 'the', 'minced', 'onion', 'and', 'serrano', 'chiles', 'heat', '1', 'tablespoon', 'of', 'oil', 'over', 'medium', 'heat.pour', 'in', '1/4', 'of', 'the', 'egg', 'mixture', 'and', 'cook', 'until', 'browned', 'on', 'one', 'side', 'then', 'flip', 'and', 'cook', 'until', 'done', 'on', 'the', 'other', 'side.remove', 'to', 'a', 'plate', 'and', 'repeat', 'with', 'the', 'remaining', 'egg', 'until', 'all', 'is', 'cooked', 'heat', 'the', 'remaining', '2', 'tablespoons', 'of', 'oil', 'over', 'medium.add', 'the', 'onion', 'and', 'sautee', 'for', '2', 'minutes.ad', 'the', 'ginger', 'and', 'garlic', 'and', 'continue', 'sauteeing', 'stirring', 'as', 'necessary', 'to', 'prevent', 'burning', 'for', 'about', '6', 'minutes', 'or', 'until', 'the', 'onions', 'are', 'well', 'browned.add', 'tomatoes', 'and', 'cook', 'another', '6', 'minutes', 'or', 'until', 'the', 'oils', 'begin', 'to', 'seperate', 'adt', 'he', 'ground', 'spices', 'salt', 'to', 'taste', 'and', 'the', 'water.bring', 'to', 'a', 'boil', 'cover', 'and', 'simmer', 'for', '8', 'minutes', 'cut', 'the', 'omelets', 'into', 'strips.add', 'to', 'the', 'curry', 'and', 'cook', 'only', 'until', 'heated', 'through-only', 'about', 'a', 'minute.serve', 'hot', 'with', 'bread', 'or', 'rice']","['prepare', 'ingredients', 'peel', 'onions', 'mince', 'onion', 'finely', 'set', 'aside', 'chop', 'onion', 'set', 'aside.mince', 'chiles', 'leaving', 'seeds', 'de', 'seeding', 'according', 'taste.peel', 'mince', 'garlic', 'grate', 'finely', 'mince', 'ginger.chop', 'tomatoes', 'size', 'chopped', 'onion', 'whisk', 'eggs', 'well', 'mixed', 'frothy.add', 'minced', 'onion', 'serrano', 'chiles', 'heat', 'oil', 'medium', 'heat.pour', 'egg', 'mixture', 'cook', 'browned', 'one', 'side', 'flip', 'cook', 'done', 'side.remove', 'plate', 'repeat', 'remaining', 'egg', 'cooked', 'heat', 'remaining', 'oil', 'medium.add', 'onion', 'sautee', 'minutes.ad', 'ginger', 'garlic', 'continue', 'sauteeing', 'stirring', 'necessary', 'prevent', 'burning', 'onions', 'well', 'browned.add', 'tomatoes', 'cook', 'another', 'oils', 'begin', 'seperate', 'adt', 'ground', 'spices', 'salt', 'taste', 'water.bring', 'boil', 'cover', 'simmer', 'cut', 'omelets', 'strips.add', 'curry', 'cook', 'heated', 'minute.serve', 'hot', 'bread', 'rice']",Indian
11677,"['pre-heat', 'oven', 'to', '400°f', 'wash', 'and', 'dry', 'the', 'potato', 'peel', 'the', 'potato', 'if', 'you', 'like', 'i', 'leave', 'the', 'skin', 'on', 'because', 'i', 'like', 'the', 'texture', 'and', 'nutrients', 'slice', 'the', 'potato', 'into', '1/8th', 'inch', 'thick', 'slices', 'lengthwise', 'using', 'a', 'mandolin', 'or', 'a', 'large', 'sharp', 'knife', 'stack', 'up', 'the', 'slices', 'and', 'cut', 'them', 'lengthwise', 'to', 'form', 'thin', 'sticks', 'place', 'the', 'potato', 'sticks', 'on', 'a', 'kitchen', 'towel', 'and', 'gently', 'pat', 'dry', 'in', 'a', 'bowl', 'whisk', 'together', 'the', 'ghee', 'or', 'melted', 'butter', 'or', 'oil', 'turmeric', 'chili', 'powder', 'curry', 'leaves', 'and', 'salt', 'add', 'the', 'potato', 'sticks', 'to', 'the', 'bowl', 'and', 'toss', 'well', 'place', 'the', 'seasoned', 'potato', 'sticks', 'on', 'a', 'non-stick', 'baking', 'sheet', 'or', 'a', 'regular', 'baking', 'sheet', 'lined', 'with', 'parchment', 'paper', 'or', 'silpat', 'spread', 'them', 'they', 'are', 'in', 'a', 'single', 'layer', 'and', 'don', '’', 't', 'overlap', 'bake', 'for', '10', 'minutes', 'or', 'till', 'the', 'chips', 'are', 'golden', 'and', 'crisp', 'halfway', 'through', 'baking', 'check', 'on', 'the', 'chips', 'and', 'remove', 'any', 'pieces', 'that', 'are', 'already', 'crispy', 'and', 'golden', 'rotate', 'the', 'baking', 'sheet', 'and', 'continue', 'baking', 'until', 'done']","['pre', 'heat', 'oven', '400°f', 'wash', 'dry', 'potato', 'peel', 'potato', 'like', 'leave', 'skin', 'like', 'texture', 'nutrients', 'slice', 'potato', '1/8th', 'thick', 'slices', 'lengthwise', 'using', 'mandolin', 'large', 'sharp', 'knife', 'stack', 'slices', 'cut', 'lengthwise', 'form', 'thin', 'sticks', 'place', 'potato', 'sticks', 'kitchen', 'towel', 'gently', 'pat', 'dry', 'bowl', 'whisk', 'together', 'ghee', 'melted', 'butter', 'oil', 'turmeric', 'chili', 'powder', 'curry', 'leaves', 'salt', 'add', 'potato', 'sticks', 'bowl', 'toss', 'well', 'place', 'seasoned', 'potato', 'sticks', 'non', 'stick', 'baking', 'sheet', 'regular', 'baking', 'sheet', 'lined', 'parchment', 'paper', 'silpat', 'spread', 'single', 'layer', '’', 'overlap', 'bake', 'till', 'chips', 'golden', 'crisp', 'halfway', 'baking', 'check', 'chips', 'remove', 'pieces', 'already', 'crispy', 'golden', 'rotate', 'baking', 'sheet', 'continue', 'baking', 'done']",Indian
5677,"['wash', 'potatoes', 'and', 'cut', 'into', 'slices', 'or', 'cubes', 'in', 'large', 'bowl', 'combine', 'olive', 'oil', 'garlic', 'and', 'oregano', 'add', 'potatoes', 'and', 'bell', 'peppers', 'toss', 'to', 'coat', 'arrange', 'in', 'a', 'single', 'layer', 'on', 'a', '15-1/2', ""''"", 'x', '10-1/2', ""''"", 'pan', 'salt', 'and', 'pepper', 'to', 'taste', 'bake', 'at', '475', 'degrees', 'fahrenheit', 'for', '30', 'to', '35', 'minutes', 'or', 'until', 'potatoes', 'are', 'tender', 'and', 'lightly', 'browned']","['wash', 'potatoes', 'cut', 'slices', 'cubes', 'large', 'bowl', 'combine', 'olive', 'oil', 'garlic', 'oregano', 'add', 'potatoes', 'bell', 'peppers', 'toss', 'coat', 'arrange', 'single', 'layer', ""''"", 'x', ""''"", 'pan', 'salt', 'pepper', 'taste', 'bake', 'fahrenheit', 'potatoes', 'tender', 'lightly', 'browned']",Italian
4391,"['in', 'a', 'large', 'skillet', 'cook', 'bacon', 'until', 'crisp', 'remove', 'bacon', 'with', 'slotted', 'spoon', 'and', 'set', 'aside', 'reserving', 'the', 'drippings', 'saute', 'onions', 'and', 'garlic', 'in', 'drippings', 'for', '3', 'minutes', 'add', 'peppers', 'cook', 'and', 'stir', 'for', '3', 'minutes', 'stir', 'in', 'tomatoes', 'and', 'heat', 'through', 'add', 'bacon', 'and', 'mix', 'well', 'serve', 'over', 'pasta', 'cooking', 'time', 'does', 'not', 'reflect', 'time', 'to', 'cook', 'pasta']","['large', 'skillet', 'cook', 'bacon', 'crisp', 'remove', 'bacon', 'slotted', 'spoon', 'set', 'aside', 'reserving', 'drippings', 'saute', 'onions', 'garlic', 'drippings', 'add', 'peppers', 'cook', 'stir', 'stir', 'tomatoes', 'heat', 'add', 'bacon', 'mix', 'well', 'serve', 'pasta', 'cooking', 'time', 'reflect', 'time', 'cook', 'pasta']",Italian
463,"['saute', 'onion', 'and', 'garlic', 'in', 'olive', 'oil', 'until', 'transparent', 'add', 'tomatoes', 'eggplant', 'and', 'basil', 'cook', 'approximately', '30', 'minutes', 'meanwhile', 'cook', 'pasta', 'according', 'to', 'package', 'directions', 'drain', 'well', 'add', 'tomato/eggplant', 'mixture', 'to', 'pasta', 'add', 'mozzarella', 'cheese', 'and', 'stir', 'well', 'serve', 'immediately']","['saute', 'onion', 'garlic', 'olive', 'oil', 'transparent', 'add', 'tomatoes', 'eggplant', 'basil', 'cook', 'approximately', 'meanwhile', 'cook', 'pasta', 'according', 'package', 'directions', 'drain', 'well', 'add', 'tomato/eggplant', 'mixture', 'pasta', 'add', 'mozzarella', 'cheese', 'stir', 'well', 'serve', 'immediately']",Italian
9735,"['place', 'all', 'in', 'crock-pot', 'and', 'cook', 'high', '4', 'to', '6', 'hours', 'or', 'on', 'high', 'for', 'one', 'hour', 'and', 'then', 'low', 'for', '7', 'to', '9', 'hours', 'it', ""'s"", 'done', 'when', 'vegetables', 'are', 'fully', 'soft', 'sometimes', 'old', 'crock', 'pots', 'do', ""n't"", 'put', 'out', 'enough', 'heat', 'to', 'be', 'finished', 'by', 'stated', 'cooking', 'times', 'when', 'it', ""'s"", 'all', 'done', 'take', 'about', 'two', 'cups', 'of', 'it', 'and', 'put', 'it', 'in', 'a', 'blender', 'and', 'puree', 'use', 'a', 'towel', 'over', 'the', 'blender', 'top', 'and', 'hold', 'down', 'firmly', 'to', 'avoid', 'a', 'hot', 'splatter', 'in', 'a', 'few', 'seconds', 'its', 'about', 'the', 'consistency', 'of', 'baby', 'food', 'stir', 'it', 'back', 'into', 'the', 'soup', 'this', 'really', 'idealizes', 'the', 'broth', 'of', 'the', 'soup', 'without', 'watering', 'it', 'down', 'like', 'a', 'lot', 'of', 'things', 'i', 'think', 'this', 'might', 'be', 'better', 'on', 'the', 'second', 'day', 'note', 'other', 'additions', 'could', 'be', 'chopped', 'coriander', 'frozen', 'thawed', 'green', 'peas', 'cubed', 'white', 'potatoes', 'diced', 'turnips', 'diced', 'zucchini', 'yield', '6', 'to', '8', 'servings']","['place', 'crock', 'pot', 'cook', 'high', 'high', 'one', 'low', 'done', 'vegetables', 'fully', 'soft', 'sometimes', 'old', 'crock', 'pots', 'put', 'enough', 'heat', 'finished', 'stated', 'cooking', 'times', 'done', 'take', 'two', 'put', 'blender', 'puree', 'use', 'towel', 'blender', 'top', 'hold', 'firmly', 'avoid', 'hot', 'splatter', 'seconds', 'consistency', 'baby', 'food', 'stir', 'back', 'soup', 'really', 'idealizes', 'broth', 'soup', 'without', 'watering', 'like', 'lot', 'things', 'think', 'might', 'better', 'second', 'day', 'note', 'additions', 'could', 'chopped', 'coriander', 'frozen', 'thawed', 'green', 'peas', 'cubed', 'white', 'potatoes', 'diced', 'turnips', 'diced', 'zucchini', 'yield', 'servings']",Indian
11674,"['toss', 'lamb', 'in', 'flour', 'shake', 'away', 'excess', 'heat', 'oil', 'in', 'large', 'frying', 'pan', 'cook', 'lamb', 'in', 'batches', 'until', 'browned', 'all', 'over', 'cook', 'onion', 'and', 'garlic', 'in', 'same', 'pan', 'stirring', 'until', 'onion', 'softens', 'add', 'paste', 'cook', 'stirring', 'until', 'fragrant', 'return', 'lamb', 'to', 'pan', 'with', 'the', 'water', 'undrained', 'tomatoes', 'sugar', 'and', 'stock', 'bring', 'to', 'a', 'boil', 'reduce', 'heat', 'simmer', 'covered', '1', '1/2', 'hours', 'preheat', 'oven', 'to', 'hot', 'add', 'cauliflower', 'and', 'pumpkin', 'to', 'curry', 'bring', 'to', 'a', 'boil', 'reduce', 'heat', 'simmer', 'covered', '15', 'minutes', 'stir', 'in', 'lentils', 'simmer', 'covered', 'about', '10', 'minutes', 'or', 'until', 'lentils', 'are', 'tender', 'remove', 'from', 'heat', 'stir', 'in', 'coriander', 'meanwhile', 'wrap', 'naan', 'bread', 'in', 'foil', 'heat', 'in', 'hot', 'oven', '10', 'minutes', 'serve', 'naan', 'with', 'lamb']","['toss', 'lamb', 'flour', 'shake', 'away', 'excess', 'heat', 'oil', 'large', 'frying', 'pan', 'cook', 'lamb', 'batches', 'browned', 'cook', 'onion', 'garlic', 'pan', 'stirring', 'onion', 'softens', 'add', 'paste', 'cook', 'stirring', 'fragrant', 'return', 'lamb', 'pan', 'water', 'undrained', 'tomatoes', 'sugar', 'stock', 'bring', 'boil', 'reduce', 'heat', 'simmer', 'covered', 'preheat', 'oven', 'hot', 'add', 'cauliflower', 'pumpkin', 'curry', 'bring', 'boil', 'reduce', 'heat', 'simmer', 'covered', 'stir', 'lentils', 'simmer', 'covered', 'lentils', 'tender', 'remove', 'heat', 'stir', 'coriander', 'meanwhile', 'wrap', 'naan', 'bread', 'foil', 'heat', 'hot', 'oven', 'serve', 'naan', 'lamb']",Indian
5599,"['heat', 'oven', 'to', '350.', 'put', 'evoo', 'in', 'baking', 'pan', 'place', 'well', 'rinsed', 'chicken', 'breasts', 'in', 'pan', 'place', 'ham', 'slice', 'on', 'top', 'of', 'each', 'breast', 'place', 'cheese', 'slice', 'on', 'top', 'of', 'each', 'ham', 'slice', 'place', '1', 'tbs', 'of', 'pesto/sundried', 'tomato', 'sauce/condiment', 'on', 'top', 'of', 'each', 'cheese', 'slice', 'scatter', 'capers', 'around', 'pan', 'bake', 'for', '40', 'minutes', 'or', 'until', 'chicken', 'is', 'thoroughly', 'cooked', 'toppings', 'of', 'ham', 'cheese', 'and', 'sauce', 'will', 'be', 'a', 'little', 'crispy']","['heat', 'oven', 'put', 'evoo', 'baking', 'pan', 'place', 'well', 'rinsed', 'chicken', 'breasts', 'pan', 'place', 'ham', 'slice', 'top', 'breast', 'place', 'cheese', 'slice', 'top', 'ham', 'slice', 'place', 'tbs', 'pesto/sundried', 'tomato', 'sauce/condiment', 'top', 'cheese', 'slice', 'scatter', 'capers', 'around', 'pan', 'bake', 'chicken', 'thoroughly', 'cooked', 'toppings', 'ham', 'cheese', 'sauce', 'little', 'crispy']",Italian
7435,"['cut', 'acorn', 'squash', 'in', 'half', 'from', 'stem', 'to', 'tip', 'and', 'scrape', 'out', 'seeds', 'set', 'aside', 'in', 'a', 'heavy', 'non-reactive', 'such', 'as', 'enameled', 'skillet', 'melt', 'the', 'butter', 'over', 'medium', 'heat', 'sauté', 'onion', 'for', '2-3', 'minutes', 'quick', 'trick', 'use', 'one', 'of', 'those', 'handy', 'green', 'peeling/coring/slicing', 'units', 'that', 'attach', 'to', 'the', 'counter', 'with', 'suction', 'you', 'can', 'find', 'these', 'at', 'most', 'stores', 'for', 'around', '20\x97if', 'you', 'don\x92t', 'have', 'one', 'i', 'recommend', 'getting', 'one', 'they', 'work', 'really', 'well', 'and', 'save', 'lots', 'of', 'time', 'core', 'and', 'slice', 'the', 'apple', 'with', 'the', 'peeling', 'arm', 'wedged', 'out', 'of', 'action', 'slice', 'the', 'spiral', 'to', 'form', 'small', 'uniform', 'dice', 'add', 'the', 'apple', 'garlic', 'and', 'curry', 'powder', 'to', 'the', 'skillet', 'sauté', 'stirring', 'for', 'about', '3', 'more', 'minutes', 'or', 'until', 'apple', 'is', 'beginning', 'to', 'soften', 'and', 'curry', 'has', 'become', 'quite', 'fragrant', 'add', 'lamb', 'and', 'mix', 'thoroughly', 'breaking', 'up', 'chunks', 'brown', 'lamb', 'and', 'stir', 'in', 'cumin', 'cayenne', 'and', 'salt', 'add', 'cream', 'allow', 'to', 'boil', 'and', 'reduce', 'until', 'thick', 'pack', 'as', 'much', 'of', 'the', 'lamb', 'mixture', 'as', 'possible', 'into', 'the', 'hollowed', 'out', 'squash', 'halves', 'place', 'the', 'squash', 'in', 'a', 'baking', 'dish', 'just', 'large', 'enough', 'to', 'hold', 'them', 'upright', 'pour', '1', 'inch', 'of', 'boiling', 'water', 'in', 'the', 'dish', 'and', 'cover', 'tightly', 'if', 'baking', 'in', 'the', 'oven', 'use', 'foil', 'if', 'microwaving', 'use', 'microwave-safe', 'plastic', 'wrap', 'ventilated', 'with', '2', 'slits', 'bake', 'in', 'preheated', '400', 'f', 'degree', 'oven', 'for', '1', 'hour', 'or', 'at', '70', 'power', 'in', 'microwave', 'for', 'about', '25', 'minutes', 'until', 'the', 'flesh', 'of', 'the', 'squash', 'is', 'tender', 'when', 'pierced', 'with', 'a', 'fork']","['cut', 'acorn', 'squash', 'half', 'stem', 'tip', 'scrape', 'seeds', 'set', 'aside', 'heavy', 'non', 'reactive', 'enameled', 'skillet', 'melt', 'butter', 'medium', 'heat', 'sauté', 'onion', 'quick', 'trick', 'use', 'one', 'handy', 'green', 'peeling/coring/slicing', 'units', 'attach', 'counter', 'suction', 'find', 'stores', 'around', '20\x97if', 'don\x92t', 'one', 'recommend', 'getting', 'one', 'work', 'really', 'well', 'save', 'lots', 'time', 'core', 'slice', 'apple', 'peeling', 'arm', 'wedged', 'action', 'slice', 'spiral', 'form', 'small', 'uniform', 'dice', 'add', 'apple', 'garlic', 'curry', 'powder', 'skillet', 'sauté', 'stirring', 'apple', 'beginning', 'soften', 'curry', 'become', 'quite', 'fragrant', 'add', 'lamb', 'mix', 'thoroughly', 'breaking', 'chunks', 'brown', 'lamb', 'stir', 'cumin', 'cayenne', 'salt', 'add', 'cream', 'allow', 'boil', 'reduce', 'thick', 'pack', 'much', 'lamb', 'mixture', 'possible', 'hollowed', 'squash', 'halves', 'place', 'squash', 'baking', 'dish', 'large', 'enough', 'hold', 'upright', 'pour', 'boiling', 'water', 'dish', 'cover', 'tightly', 'baking', 'oven', 'use', 'foil', 'microwaving', 'use', 'microwave', 'safe', 'plastic', 'wrap', 'ventilated', 'slits', 'bake', 'preheated', 'f', 'oven', 'power', 'microwave', 'flesh', 'squash', 'tender', 'pierced', 'fork']",Indian
7933,"['wash', 'and', 'cut', 'paneer', 'into', 'one', 'and', 'a', 'half', 'inch', 'sized', 'squares', 'of', 'half-inch', 'thickness', 'peel', 'wash', 'and', 'grind', 'ginger', 'and', 'garlic', 'wash', 'remove', 'stalk', 'halve', 'deseed', 'and', 'cut', 'capsicums', 'into', 'one', 'and', 'a', 'half', 'inch', 'sized', 'squares', 'heat', 'oil', 'in', 'a', 'pan', 'add', 'besan', 'and', 'cook', 'until', 'it', 'emits', 'a', 'fragrant', 'aroma', 'remove', 'from', 'heat', 'and', 'add', 'turmeric', 'powder', 'cool', 'flour', 'and', 'transfer', 'into', 'a', 'bowl', 'add', 'ginger-garlic', 'paste', 'white', 'pepper', 'powder', 'salt', 'lemon', 'juice', 'green', 'cardamom', 'powder', 'fennel', 'powder', 'saffron', 'and', 'fresh', 'cream', 'whisk', 'well', 'to', 'make', 'a', 'batter', 'add', 'paneer', 'cubes', 'to', 'the', 'batter', 'and', 'marinate', 'for', 'at', 'least', 'an', 'hour', 'thread', 'paneer', 'cubes', 'and', 'caspicum', 'squares', 'onto', 'skewers', 'roast', 'in', 'a', 'tandoor/charcoal', 'grill', 'for', 'five', 'minutes', 'basting', 'with', 'melted', 'butter', 'occasionally', 'till', 'the', 'tikkas', 'are', 'golden', 'in', 'colour', 'alternatively', 'you', 'can', 'cook', 'the', 'tikkas', 'in', 'a', 'convection', 'oven', 'or', 'on', 'a', 'grill', 'preheat', 'the', 'oven', 'to', '220°c', 'and', 'cook', 'for', 'three', 'minutes', 'on', 'either', 'side', 'basting', 'once', 'with', 'butter', 'in', 'between', 'remove', 'and', 'sprinkle', 'with', 'chaat', 'masala', 'powder', 'and', 'lemon', 'juice', 'serve', 'with', 'chutney', 'of', 'your', 'choice']","['wash', 'cut', 'paneer', 'one', 'half', 'sized', 'squares', 'half', 'inch', 'thickness', 'peel', 'wash', 'grind', 'ginger', 'garlic', 'wash', 'remove', 'stalk', 'halve', 'deseed', 'cut', 'capsicums', 'one', 'half', 'sized', 'squares', 'heat', 'oil', 'pan', 'add', 'besan', 'cook', 'emits', 'fragrant', 'aroma', 'remove', 'heat', 'add', 'turmeric', 'powder', 'cool', 'flour', 'transfer', 'bowl', 'add', 'ginger', 'garlic', 'paste', 'white', 'pepper', 'powder', 'salt', 'lemon', 'juice', 'green', 'cardamom', 'powder', 'fennel', 'powder', 'saffron', 'fresh', 'cream', 'whisk', 'well', 'make', 'batter', 'add', 'paneer', 'cubes', 'batter', 'marinate', 'least', 'thread', 'paneer', 'cubes', 'caspicum', 'squares', 'onto', 'skewers', 'roast', 'tandoor/charcoal', 'grill', 'five', 'basting', 'melted', 'butter', 'occasionally', 'till', 'tikkas', 'golden', 'colour', 'alternatively', 'cook', 'tikkas', 'convection', 'oven', 'grill', 'preheat', 'oven', '220°c', 'cook', 'three', 'either', 'side', 'basting', 'butter', 'remove', 'sprinkle', 'chaat', 'masala', 'powder', 'lemon', 'juice', 'serve', 'chutney', 'choice']",Indian
7315,"['soak', 'rice', 'in', '4-5', 'cups', 'of', 'water', 'for', '10-15', 'minutes', 'put', '3', 'cups', 'of', 'water', 'in', 'a', 'pot', 'bring', 'to', 'a', 'boil', 'once', 'it', 'boils', 'drain', 'water', 'from', 'the', 'rice', 'and', 'transfer', 'the', 'rice', 'to', 'this', 'pot', 'containing', 'the', 'boiling', 'water', 'when', 'it', 'is', 'half', 'cooked', 'drain', 'the', 'excess', 'water', 'and', 'allow', 'to', 'cool', 'pour', 'half', 'a', 'cup', 'of', 'oil', 'into', 'a', 'non-stick', 'skillet', 'add', 'ajinomoto', 'once', 'the', 'oil', 'is', 'hot', 'pour', 'the', 'beaten', 'egg', 'into', 'it', 'stir', 'well', 'to', 'make', 'it', 'into', 'small', 'pieces', 'add', 'chicken', 'pcs', 'and', 'cooked', 'prawns', 'to', 'it', 'stir', 'well', 'add', 'salt', 'add', 'pepper', 'powder', 'to', 'taste', 'cook', 'for', '2', 'minutes', 'add', 'carrots', 'beans', 'and', 'soya', 'sauce', 'cook', 'until', 'it', 'is', 'half', 'cooked', 'add', 'capsicum', 'and', 'spring', 'onion', 'mix', 'well', 'add', 'rice', 'a', 'little', 'at', 'a', 'time', 'and', 'mix', 'in', 'slowly', 'lower', 'flame', 'cover', 'pot', 'with', 'a', 'lid', 'and', 'cook', 'for', '2', 'minutes', 'remove', 'from', 'flame', 'serve', 'hot']","['soak', 'rice', 'water', 'put', 'water', 'pot', 'bring', 'boil', 'boils', 'drain', 'water', 'rice', 'transfer', 'rice', 'pot', 'containing', 'boiling', 'water', 'half', 'cooked', 'drain', 'excess', 'water', 'allow', 'cool', 'pour', 'half', 'oil', 'non', 'stick', 'skillet', 'add', 'ajinomoto', 'oil', 'hot', 'pour', 'beaten', 'egg', 'stir', 'well', 'make', 'small', 'pieces', 'add', 'chicken', 'pcs', 'cooked', 'prawns', 'stir', 'well', 'add', 'salt', 'add', 'pepper', 'powder', 'taste', 'cook', 'add', 'carrots', 'beans', 'soya', 'sauce', 'cook', 'half', 'cooked', 'add', 'capsicum', 'spring', 'onion', 'mix', 'well', 'add', 'rice', 'little', 'time', 'mix', 'slowly', 'lower', 'flame', 'cover', 'pot', 'lid', 'cook', 'remove', 'flame', 'serve', 'hot']",Indian
9715,"['saute', 'onions', 'in', 'oil', 'in', 'a', 'medium', 'saucepan', 'for', '8', 'minutes', 'add', 'garlic', 'turmeric', 'coriander', 'and', 'cardamom', 'stir', 'over', 'heat', 'for', 'a', 'further', '2-3', 'minutes', 'add', 'the', 'cauliflower', 'turning', 'it', 'gently', 'with', 'a', 'spoon', 'to', 'coat', 'with', 'the', 'onion', 'and', 'spice', 'mixture', 'add', 'the', 'water', 'and', 'pepper', 'to', 'taste', 'bring', 'to', 'a', 'boil', 'cover', 'and', 'cook', 'gently', 'for', 'about', '15', 'minutes', 'or', 'until', 'the', 'cauliflower', 'is', 'just', 'tender', 'shake', 'the', 'pan', 'from', 'time', 'to', 'time', 'to', 'prevent', 'sticking', 'and', 'ensure', 'even', 'cooking', 'check', 'for', 'seasoning']","['saute', 'onions', 'oil', 'medium', 'saucepan', 'add', 'garlic', 'turmeric', 'coriander', 'cardamom', 'stir', 'heat', 'add', 'cauliflower', 'turning', 'gently', 'spoon', 'coat', 'onion', 'spice', 'mixture', 'add', 'water', 'pepper', 'taste', 'bring', 'boil', 'cover', 'cook', 'gently', 'cauliflower', 'tender', 'shake', 'pan', 'time', 'time', 'prevent', 'sticking', 'ensure', 'even', 'cooking', 'check', 'seasoning']",Indian
3101,"['in', 'a', '3-quart', 'pot', 'heat', 'chicken', 'broth', 'over', 'high', 'heat', 'peel', 'and', 'chop', 'carrot', 'chop', 'celery', 'add', 'both', 'to', 'broth', 'while', 'waiting', 'for', 'broth', 'to', 'come', 'to', 'a', 'boil', 'place', 'ground', 'pork', 'in', 'a', 'medium', 'bowl', 'add', 'hidden', 'valley', 'original', 'ranch', 'harvest', 'dill', 'dips', 'mix', 'packet', 'and', 'bread', 'crumbs', 'mix', 'with', 'hands', 'until', 'blended', 'when', 'broth', 'comes', 'to', 'a', 'boil', 'add', 'macaroni', 'and', 'keep', 'at', 'a', 'simmer', 'add', 'chopped', 'fennel', 'seeds', 'and', 'stir', 'to', 'ensure', 'macaroni', 'is', 'not', 'sticking', 'to', 'pot', 'use', 'hands', 'to', 'roll', 'pork', 'mixture', 'into', '1', '”', '-meatballs', 'and', 'drop', 'one', 'at', 'a', 'time', 'into', 'boiling', 'broth', 'keep', 'broth', 'at', 'a', 'low', 'boil', 'the', 'pork', 'mixture', 'should', 'make', '16-18', 'meatballs', 'allow', 'soup', 'to', 'simmer', 'for', '10-12', 'minutes', 'to', 'cook', 'meatballs', 'through', 'add', '6', 'oz', 'fresh', 'spinach', 'leaves', 'open', '1', 'can', 'of', 'cannelloni', 'beans', 'and', 'drain', 'but', 'do', 'not', 'rinse', 'add', 'beans', 'to', 'soup', 'and', 'stir', 'cover', 'soup', 'pot', 'with', 'lid', 'and', 'turn', 'off', 'heat', 'let', 'soup', 'rest', 'for', 'as', 'long', 'as', '20', 'minutes', 'the', 'soup', 'is', 'even', 'better', 'the', 'following', 'day', 're-heat', 'if', 'necessary', 'ladle', 'soup', 'into', 'four', 'bowls', 'and', 'sprinkle', 'with', 'parmesan', 'to', 'taste']","['3', 'quart', 'pot', 'heat', 'chicken', 'broth', 'high', 'heat', 'peel', 'chop', 'carrot', 'chop', 'celery', 'add', 'broth', 'waiting', 'broth', 'come', 'boil', 'place', 'ground', 'pork', 'medium', 'bowl', 'add', 'hidden', 'valley', 'original', 'ranch', 'harvest', 'dill', 'dips', 'mix', 'packet', 'bread', 'crumbs', 'mix', 'hands', 'blended', 'broth', 'comes', 'boil', 'add', 'macaroni', 'keep', 'simmer', 'add', 'chopped', 'fennel', 'seeds', 'stir', 'ensure', 'macaroni', 'sticking', 'pot', 'use', 'hands', 'roll', 'pork', 'mixture', '”', 'meatballs', 'drop', 'one', 'time', 'boiling', 'broth', 'keep', 'broth', 'low', 'boil', 'pork', 'mixture', 'make', 'meatballs', 'allow', 'soup', 'simmer', 'cook', 'meatballs', 'add', 'fresh', 'spinach', 'leaves', 'open', 'cannelloni', 'beans', 'drain', 'rinse', 'add', 'beans', 'soup', 'stir', 'cover', 'soup', 'pot', 'lid', 'turn', 'heat', 'let', 'soup', 'rest', 'long', 'soup', 'even', 'better', 'following', 'day', 'heat', 'necessary', 'ladle', 'soup', 'four', 'bowls', 'sprinkle', 'parmesan', 'taste']",Italian
9444,"['peel', 'and', 'seed', 'mango', 'then', 'chop', 'into', '1/2', 'inch', 'pieces', 'place', 'mango', 'and', 'all', 'other', 'ingredients', 'in', 'a', 'blender', 'puree', 'until', 'very', 'smooth', 'adjust', 'sugar', 'and', 'salt', 'as', 'needed', 'spoon', 'into', 'a', 'small', 'serving', 'bowl', 'then', 'cover', 'and', 'chill', 'use', 'within', 'a', 'few', 'hours', 'as', 'the', 'flavors', 'will', 'turn', 'quickly']","['peel', 'seed', 'mango', 'chop', 'pieces', 'place', 'mango', 'ingredients', 'blender', 'puree', 'smooth', 'adjust', 'sugar', 'salt', 'needed', 'spoon', 'small', 'serving', 'bowl', 'cover', 'chill', 'use', 'within', 'flavors', 'turn', 'quickly']",Indian
11667,"['mix', 'the', 'yogurt', 'garlic', 'ginger', 'lemon', 'juice', 'curry', 'cayenne', 'and', 'salt', 'in', 'a', 'large', 'ziplock', 'bag', 'until', 'well', 'combined', 'add', 'the', 'chicken', 'and', 'turn', 'to', 'coat', 'marinate', 'the', 'chicken', 'at', 'least', '1', 'hour', 'or', 'up', 'to', '24', 'hours', 'remove', 'the', 'chicken', 'from', 'the', 'marinade', 'discard', 'the', 'marinade', 'and', 'grill', 'over', 'medium-high', 'heat', 'about', '12', 'minutes', 'per', 'side', 'until', 'cooked', 'thoroughly', 'serve', 'immediately']","['mix', 'yogurt', 'garlic', 'ginger', 'lemon', 'juice', 'curry', 'cayenne', 'salt', 'large', 'ziplock', 'bag', 'well', 'combined', 'add', 'chicken', 'turn', 'coat', 'marinate', 'chicken', 'least', 'remove', 'chicken', 'marinade', 'discard', 'marinade', 'grill', 'medium', 'high', 'heat', 'per', 'side', 'cooked', 'thoroughly', 'serve', 'immediately']",Indian
3839,"['brown', 'beef', 'onions', 'peppers', 'sausage', 'and', 'italian', 'seasoning', 'drain', 'well', 'put', 'in', 'stock', 'pot', 'add', 'mushrooms', 'sauce', 'tomatoes', 'tomato', 'paste', 'and', 'remaining', 'seasoning', 'simmer', 'for', 'a', 'long', 'long', 'time', 'freeze', 'in', 'freezer', 'bags', 'put', '3', '4', 'or', '5', 'cups', 'sauce', 'per', 'bag', 'i', '’', 'vefound', 'that', 'hunt', '’', 's', 'works', 'great', 'it', 'is', 'cheaper', 'than', 'some', 'of', 'the', 'others', 'and', 'it', 'made', 'the', 'best', 'sauce', 'ever', 'i', 'used', 'the', 'roasted', 'garlic', 'variety', 'mostly', 'and', 'one', 'of', 'the', 'others', 'but', 'i', 'can', '’', 't', 'remember', 'which', 'one', 'i', 'think', 'that', 'any', 'of', 'them', 'would', 'give', 'similar', 'results', 'i', '’', 've', 'also', 'used', 'plain', 'tomato', 'sauce', 'and', 'increased', 'my', 'seasoning', '–', 'but', 'the', 'hunt', '’', 's', 'turned', 'out', 'the', 'tastiest', 'you', 'can', 'substitute', 'pan', 'sausage', 'for', 'the', 'italian', 'sausage', 'and', 'increase', 'the', 'italian', 'seasoning', 'with', 'little', 'change', 'in', 'taste', 'when', 'i', 'do', 'this', 'i', 'usually', 'use', 'jimmy', 'dean', '’', 's']","['brown', 'beef', 'onions', 'peppers', 'sausage', 'italian', 'seasoning', 'drain', 'well', 'put', 'stock', 'pot', 'add', 'mushrooms', 'sauce', 'tomatoes', 'tomato', 'paste', 'remaining', 'seasoning', 'simmer', 'long', 'long', 'time', 'freeze', 'freezer', 'bags', 'put', 'sauce', 'per', 'bag', '’', 'vefound', 'hunt', '’', 'works', 'great', 'cheaper', 'others', 'made', 'best', 'sauce', 'ever', 'used', 'roasted', 'garlic', 'variety', 'mostly', 'one', 'others', '’', 'remember', 'one', 'think', 'would', 'give', 'similar', 'results', '’', 'also', 'used', 'plain', 'tomato', 'sauce', 'increased', 'seasoning', '–', 'hunt', '’', 'turned', 'tastiest', 'substitute', 'pan', 'sausage', 'italian', 'sausage', 'increase', 'italian', 'seasoning', 'little', 'change', 'taste', 'usually', 'use', 'jimmy', 'dean', '’']",Italian
6763,"['take', 'the', 'flour', 'in', 'a', 'bowl', 'add', 'water', 'a', 'little', 'at', 'a', 'time', 'stirring', 'continuously', 'to', 'make', 'a', 'paste', 'cut', 'the', 'bananas', 'into', 'half', 'lengthwise', 'dip', 'the', 'bananas', 'into', 'the', 'flour', 'batter', 'heat', 'oil', 'in', 'a', 'wok', 'or', 'deep', 'frying', 'pan', 'when', 'the', 'oil', 'is', 'hot', 'take', 'each', 'slice', 'of', 'banana', 'well', 'coated', 'with', 'the', 'batter', 'and', 'put', 'gently', 'into', 'the', 'oil', 'fry', 'them', 'until', 'golden', 'serve', 'them', 'hot', 'with', 'tea']","['take', 'flour', 'bowl', 'add', 'water', 'little', 'time', 'stirring', 'continuously', 'make', 'paste', 'cut', 'bananas', 'half', 'lengthwise', 'dip', 'bananas', 'flour', 'batter', 'heat', 'oil', 'wok', 'deep', 'frying', 'pan', 'oil', 'hot', 'take', 'slice', 'banana', 'well', 'coated', 'batter', 'put', 'gently', 'oil', 'fry', 'golden', 'serve', 'hot', 'tea']",Indian
10791,"['combine', 'all', 'ingredients', 'using', 'a', 'whisk/spoon/coffee', 'grinder', 'store', 'it', 'in', 'an', 'airtight', 'container']","['combine', 'ingredients', 'using', 'whisk/spoon/coffee', 'grinder', 'store', 'airtight', 'container']",Indian
11836,"['wash', 'lentils', 'till', 'the', 'water', 'runs', 'clear', 'drain', 'the', 'lentils', 'place', 'lentils', 'in', 'pan', 'with', 'the', 'water', 'salt', 'turmeric', 'onion', 'garlic', 'and', 'chillis', 'cook', 'till', 'the', 'lentils', 'are', 'soft', 'and', 'sloppy', 'heat', 'the', 'oil', 'in', 'a', 'separate', 'pan', 'fry', 'the', 'cumin', 'seeds', 'till', 'they', 'start', 'to', 'pop', 'add', 'the', 'garlic', 'and', 'cook', '30', 'seconds', 'serve', 'the', 'lentils', 'with', 'the', 'fried', 'garlic', 'and', 'cumin', 'seeds', 'poured', 'over', 'them']","['wash', 'lentils', 'till', 'water', 'runs', 'clear', 'drain', 'lentils', 'place', 'lentils', 'pan', 'water', 'salt', 'turmeric', 'onion', 'garlic', 'chillis', 'cook', 'till', 'lentils', 'soft', 'sloppy', 'heat', 'oil', 'separate', 'pan', 'fry', 'cumin', 'seeds', 'till', 'start', 'pop', 'add', 'garlic', 'cook', 'seconds', 'serve', 'lentils', 'fried', 'garlic', 'cumin', 'seeds', 'poured']",Indian
3680,"['put', 'olive', 'oil', 'and', 'butter', 'in', 'skillet', 'on', 'low', 'heat', 'add', 'the', 'green', 'onions', 'and', 'minced', 'garlic', 'and', 'saute', 'add', 'italian', 'seasoning', 'salt', 'and', 'pepper', 'put', 'chicken', 'that', 'has', 'been', 'cut', 'into', 'pieces', 'in', 'the', 'skillet', 'with', 'the', 'garlic', 'onion', 'and', 'seasonings', 'heat', 'until', 'chicken', 'is', 'no', 'longer', 'pink', 'i', 'usually', 'let', 'the', 'chicken', 'sit', 'with', 'the', 'other', 'ingredients', 'in', 'the', 'skillet', 'for', 'a', 'few', 'moments', 'on', 'low', 'just', 'to', 'get', 'the', 'seasoning', 'set', 'in', 'really', 'well', 'i', 'then', 'put', 'the', 'tomatoes', 'in', 'to', 'just', 'heat', 'through', 'i', 'serve', 'with', 'the', 'rice', 'or', 'noodles']","['put', 'olive', 'oil', 'butter', 'skillet', 'low', 'heat', 'add', 'green', 'onions', 'minced', 'garlic', 'saute', 'add', 'italian', 'seasoning', 'salt', 'pepper', 'put', 'chicken', 'cut', 'pieces', 'skillet', 'garlic', 'onion', 'seasonings', 'heat', 'chicken', 'longer', 'pink', 'usually', 'let', 'chicken', 'sit', 'ingredients', 'skillet', 'moments', 'low', 'get', 'seasoning', 'set', 'really', 'well', 'put', 'tomatoes', 'heat', 'serve', 'rice', 'noodles']",Italian
11580,"['boil', 'milk', 'in', 'a', 'wide', 'pan', 'add', 'sweetened', 'condensed', 'milk', 'and', 'cornflour', 'diluted', 'in', 'a', 'little', 'milk', 'cool', 'till', 'just', 'warm', 'gradually', 'add', 'the', 'mixture', 'to', 'the', 'paneer', 'stir', 'well', 'cook', 'stirring', 'continuously', 'till', 'the', 'mixture', 'is', 'thick', 'add', 'strawberries', 'mix', 'well', 'pour', 'into', 'individual', 'serving', 'bowls', 'chill', 'garnish', 'with', 'nuts', 'strawberries', 'and', 'mint', 'leaves', 'serve', 'in', 'style']","['boil', 'milk', 'wide', 'pan', 'add', 'sweetened', 'condensed', 'milk', 'cornflour', 'diluted', 'little', 'milk', 'cool', 'till', 'warm', 'gradually', 'add', 'mixture', 'paneer', 'stir', 'well', 'cook', 'stirring', 'continuously', 'till', 'mixture', 'thick', 'add', 'strawberries', 'mix', 'well', 'pour', 'individual', 'serving', 'bowls', 'chill', 'garnish', 'nuts', 'strawberries', 'mint', 'leaves', 'serve', 'style']",Indian
6075,"['in', 'a', 'dutch', 'oven', 'fry', 'your', 'sausage', 'until', 'no', 'longer', 'pink', 'add', 'italian', 'tomatoes', 'tomato', 'sauce', 'beef', 'broth', 'mushrooms', 'pepper', 'onion', 'and', 'garlic', 'simmer', 'on', 'low', 'for', 'approx', '2', 'hours', 'add', 'cheese', 'tortellini', 'and', 'chopped', 'dill', 'pickle', 'simmer', 'on', 'low', 'an', 'additional', 'hour', 'and', 'a', 'half', 'or', 'longer', 'the', 'longer', 'the', 'better']","['dutch', 'oven', 'fry', 'sausage', 'longer', 'pink', 'add', 'italian', 'tomatoes', 'tomato', 'sauce', 'beef', 'broth', 'mushrooms', 'pepper', 'onion', 'garlic', 'simmer', 'low', 'approx', 'add', 'cheese', 'tortellini', 'chopped', 'dill', 'pickle', 'simmer', 'low', 'additional', 'half', 'longer', 'longer', 'better']",Italian
4880,"['preheat', 'oven', 'to', '350', 'degrees', 'spray', 'a', 'baking', 'dish', 'i', 'like', 'to', 'use', 'a', 'lasagna', 'pan', 'once', 'oven', 'is', 'at', 'temperature', 'place', 'baking', 'dish', 'in', 'oven', 'to', 'heat', 'bring', 'broth', 'to', 'a', 'boil', 'and', 'hold', 'at', 'a', 'gentle', 'simmer', 'heat', 'oil', 'in', 'a', 'medium', 'pot', 'over', 'medium', 'heat', 'sauté', 'the', 'onion', 'for', '2-3', 'minutes', 'then', 'add', 'the', 'garlic', 'and', 'other', 'vegetables', 'if', 'making', 'one', 'of', 'the', 'vegetarian', 'versions', 'continue', 'cooking', 'until', 'the', 'onion', 'is', 'translucent', 'add', 'the', 'rice', 'and', 'stir', 'with', 'a', 'wooden', 'spoon', 'until', 'it', 'is', 'evenly', 'coated', 'with', 'the', 'oil', 'and', 'is', 'toasty', 'a', 'minute', 'or', 'two', 'transfer', 'rice', 'to', 'baking', 'dish', 'add', 'simmering', 'broth', 'pepper', 'to', 'taste', 'optional', 'ingredients', 'and', 'stir', 'use', 'your', 'judgment', 'on', 'what', 'ingredients', 'would', 'be', 'better', 'to', 'add', 'after', 'it', 'is', 'cooked', 'like', 'herbs', 'the', 'lox', 'spinach', 'tomatoes', 'or', 'sautéed', 'mushrooms', 'cover', 'tightly', 'with', 'foil', 'and', 'return', 'pan', 'to', 'the', 'oven', 'bake', 'about', '17', 'minutes', 'uncover', 'and', 'stir', 'in', 'the', 'heated', 'wine', 'cover', 'again', 'and', 'bake', 'for', 'an', 'additional', '10-15', 'minutes', 'you', 'are', 'checking', 'to', 'see', 'that', 'most', 'of', 'the', 'liquid', 'has', 'been', 'absorbed', 'remove', 'and', 'stir', 'in', 'optional', 'ingredients', 'top', 'with', 'parmesan', 'cheese', 'and', 'serve', 'immediately']","['preheat', 'oven', 'spray', 'baking', 'dish', 'like', 'use', 'lasagna', 'pan', 'oven', 'temperature', 'place', 'baking', 'dish', 'oven', 'heat', 'bring', 'broth', 'boil', 'hold', 'gentle', 'simmer', 'heat', 'oil', 'medium', 'pot', 'medium', 'heat', 'sauté', 'onion', 'add', 'garlic', 'vegetables', 'making', 'one', 'vegetarian', 'versions', 'continue', 'cooking', 'onion', 'translucent', 'add', 'rice', 'stir', 'wooden', 'spoon', 'evenly', 'coated', 'oil', 'toasty', 'two', 'transfer', 'rice', 'baking', 'dish', 'add', 'simmering', 'broth', 'pepper', 'taste', 'optional', 'ingredients', 'stir', 'use', 'judgment', 'ingredients', 'would', 'better', 'add', 'cooked', 'like', 'herbs', 'lox', 'spinach', 'tomatoes', 'sautéed', 'mushrooms', 'cover', 'tightly', 'foil', 'return', 'pan', 'oven', 'bake', 'uncover', 'stir', 'heated', 'wine', 'cover', 'bake', 'additional', 'checking', 'see', 'liquid', 'absorbed', 'remove', 'stir', 'optional', 'ingredients', 'top', 'parmesan', 'cheese', 'serve', 'immediately']",Italian
9545,"['put', 'a', 'little', 'bit', 'of', 'oil', 'in', 'a', 'deep', 'heavy', 'bottomed', 'frying', 'pan', 'and', 'brown', 'the', 'cheese', 'turning', 'frequently', 'so', 'no', 'sides', 'burn', 'when', 'it', 'is', 'browned', 'set', 'aside', 'on', 'a', 'plate', 'add', 'more', 'oil', 'if', 'needed', 'to', 'the', 'pan', 'and', 'throw', 'in', 'the', 'onions', 'let', 'them', 'fry', 'until', 'golden', 'then', 'add', 'the', 'garlic', 'and', 'spices', 'fry', 'some', 'more', 'for', 'a', 'couple', 'minutes', 'then', 'add', 'the', 'tin', 'of', 'tomatoes', 'and', 'about', '1/2', 'cup', 'of', 'water', 'let', 'simmer', 'for', 'about', 'five', 'minutes', 'then', 'put', 'in', 'the', 'fried', 'cheese', 'and', 'peas', 'and', 'simmer', 'covered', 'over', 'a', 'low', 'heat', 'for', 'about', '20', 'minutes', 'check', 'the', 'consistency', 'and', 'simmer', 'some', 'more', 'if', 'needed', 'to', 'bring', 'it', 'down', 'to', 'a', 'thickness', 'you', 'like', 'serve', 'with', 'rice', 'and', 'other', 'indian', 'curries', 'of', 'your', 'choice']","['put', 'little', 'bit', 'oil', 'deep', 'heavy', 'bottomed', 'frying', 'pan', 'brown', 'cheese', 'turning', 'frequently', 'sides', 'burn', 'browned', 'set', 'aside', 'plate', 'add', 'oil', 'needed', 'pan', 'throw', 'onions', 'let', 'fry', 'golden', 'add', 'garlic', 'spices', 'fry', 'couple', 'add', 'tin', 'tomatoes', 'water', 'let', 'simmer', 'five', 'put', 'fried', 'cheese', 'peas', 'simmer', 'covered', 'low', 'heat', 'check', 'consistency', 'simmer', 'needed', 'bring', 'thickness', 'like', 'serve', 'rice', 'indian', 'curries', 'choice']",Indian
10265,"['peel', 'and', 'remove', 'all', 'the', 'seeds', 'from', 'the', 'melon', 'cut', 'into', 'even', 'chunks', 'and', 'place', 'in', 'a', 'pretty', 'serving', 'bowl', 'wash', 'remove', 'the', 'tops', 'and', 'halve', 'the', 'strawberries', 'add', 'to', 'the', 'bowl', 'sprinkle', 'the', 'rosewater', 'over', 'and', 'gently', 'stir', 'to', 'combine', 'cover', 'and', 'chill', 'upto', '1', 'hour', 'sprinkle', 'with', 'icing', 'sugar', 'just', 'before', 'serving']","['peel', 'remove', 'seeds', 'melon', 'cut', 'even', 'chunks', 'place', 'pretty', 'serving', 'bowl', 'wash', 'remove', 'tops', 'halve', 'strawberries', 'add', 'bowl', 'sprinkle', 'rosewater', 'gently', 'stir', 'combine', 'cover', 'chill', 'upto', 'sprinkle', 'icing', 'sugar', 'serving']",Indian
7558,"['heat', 'oven', 'to', '400', 'degrees', 'fahrenheit', 'slice', 'the', 'top', 'off', 'each', 'bell', 'pepper', 'remove', 'the', 'seeds', 'and', 'ribs', 'and', 'set', 'aside', 'peel', 'and', 'boil', 'potatoes', 'then', 'mash', 'and', 'set', 'aside', 'heat', 'oil', 'in', 'a', 'heavy', 'saucepan', 'and', 'add', 'mustard', 'seeds', 'cumin', 'seeds', 'split', 'urad', 'dal', 'channa', 'dal', 'chopped', 'chili', 'asafoetida', 'powder', 'and', 'curry', 'leaves', 'stir-fry', 'until', 'the', 'mustard', 'seeds', 'splutter', 'then', 'add', 'the', 'chopped', 'green', 'chiles', 'and', 'ginger', 'and', 'saute', 'for', 'a', 'few', 'seconds', 'longer', 'now', 'add', 'the', 'mashed', 'potato', 'salt', 'to', 'taste', 'tumeric', 'and', 'grated', 'coconut', 'and', 'mix', 'thoroughly', 'cook', '1', 'minute', 'stirring', 'until', 'thoroughly', 'blended', 'remove', 'from', 'heat', 'add', 'the', 'lemon', 'juice', 'and', 'mix', 'cut', 'a', 'thin', 'slice', 'off', 'the', 'bottom', 'of', 'each', 'bell', 'pepper', 'so', 'that', 'it', 'stands', 'upright', 'spoon', 'the', 'potato', 'mixture', 'into', 'the', 'red', 'peppers', 'and', 'top', 'each', 'with', 'a', 'teaspoon', 'of', 'butter', 'or', 'ghee', 'if', 'desired', 'rub', 'the', 'outside', 'of', 'the', 'red', 'peppers', 'with', 'vegetable', 'oil', 'place', 'peppers', 'on', 'a', 'baking', 'tray', 'and', 'bake', 'in', 'the', 'oven', 'for', '20', 'to', '25', 'minutes', 'or', 'until', 'just', 'tender', 'and', 'golden-tinged', 'serve', 'hot', 'garnished', 'with', 'cilantro']","['heat', 'oven', 'fahrenheit', 'slice', 'top', 'bell', 'pepper', 'remove', 'seeds', 'ribs', 'set', 'aside', 'peel', 'boil', 'potatoes', 'mash', 'set', 'aside', 'heat', 'oil', 'heavy', 'saucepan', 'add', 'mustard', 'seeds', 'cumin', 'seeds', 'split', 'urad', 'dal', 'channa', 'dal', 'chopped', 'chili', 'asafoetida', 'powder', 'curry', 'leaves', 'stir', 'fry', 'mustard', 'seeds', 'splutter', 'add', 'chopped', 'green', 'chiles', 'ginger', 'saute', 'seconds', 'longer', 'add', 'mashed', 'potato', 'salt', 'taste', 'tumeric', 'grated', 'coconut', 'mix', 'thoroughly', 'cook', 'stirring', 'thoroughly', 'blended', 'remove', 'heat', 'add', 'lemon', 'juice', 'mix', 'cut', 'thin', 'slice', 'bottom', 'bell', 'pepper', 'stands', 'upright', 'spoon', 'potato', 'mixture', 'red', 'peppers', 'top', 'butter', 'ghee', 'desired', 'rub', 'outside', 'red', 'peppers', 'vegetable', 'oil', 'place', 'peppers', 'baking', 'tray', 'bake', 'oven', 'tender', 'golden', 'tinged', 'serve', 'hot', 'garnished', 'cilantro']",Indian
9691,"['prepare', 'all', 'the', 'ingredients', 'first', 'heat', 'oil', 'in', 'a', 'frying', 'pan', 'fry', 'chili', 'and', 'spring', 'onions', 'and', 'for', 'two', 'minutes', 'add', 'tomato', 'puree', 'garlic', 'and', 'ginger', 'stir', 'and', 'cook', 'for', '3-4', 'minutes', 'add', 'prawns', 'and', 'cook', 'for', 'five', 'minutes', 'until', 'they', 'change', 'color', 'and', 'turn', 'pink', 'add', 'lime', 'coriander', '2', 'tablespoon', 'creme', 'fraiche', 'and', 'garam', 'masala', 'let', 'it', 'all', 'bubble', 'for', '2', 'minutes', 'top', 'with', 'the', 'last', 'tablespoon', 'of', 'creme', 'fraiche', 'garnish', 'with', 'cilantro', 'leaves', 'and', 'serve', 'and', 'eat', 'immediately']","['prepare', 'ingredients', 'first', 'heat', 'oil', 'frying', 'pan', 'fry', 'chili', 'spring', 'onions', 'two', 'add', 'tomato', 'puree', 'garlic', 'ginger', 'stir', 'cook', 'add', 'prawns', 'cook', 'five', 'change', 'color', 'turn', 'pink', 'add', 'lime', 'coriander', 'creme', 'fraiche', 'garam', 'masala', 'let', 'bubble', 'top', 'last', 'creme', 'fraiche', 'garnish', 'cilantro', 'leaves', 'serve', 'eat', 'immediately']",Indian
1120,"['in', 'a', 'large', 'tall', 'pot', 'cover', 'the', 'bottom', 'with', 'about', 'an', 'inch', 'of', 'olive', 'oil', 'the', 'more', 'olive', 'oil', 'the', 'more', 'the', 'flavor', 'will', 'be', 'distributed', 'throughout', 'the', 'sauce', 'heat', 'on', 'medium-low', 'until', 'slightly', 'sizzling', 'if', 'temperature', 'is', 'too', 'high', 'the', 'garlic', 'will', 'burn', 'too', 'quickly', 'add', 'the', 'onions', 'and', 'garlic', 'and', 'cook', 'until', 'onions', 'are', 'clear', 'and', 'soft', 'and', 'the', 'garlic', 'is', 'a', 'light', 'brown', 'stir', 'frequently', 'so', 'garlic', 'does', ""n't"", 'burn', 'add', 'the', 'hot', 'and', 'sweet', 'sausage', 'in', 'separate', 'little', '1/4-inch', 'balls', 'and', 'cook', 'until', 'browned', 'adding', 'more', 'olive', 'oil', 'as', 'needed', 'so', 'that', 'it', 'does', ""n't"", 'burn', 'but', 'still', 'becomes', 'brown', 'add', 'hand-crushed', 'tomatoes', 'rind', 'of', 'parmesan', 'cheese', 'emeril', ""'s"", 'essence', 'and', 'tomato', 'paste', 'stir', 'turn', 'down', 'heat', 'to', 'a', 'low', 'simmer', 'cover', 'and', 'let', 'simmer', 'for', '1-4', 'hours', 'stirring', 'occasionally', 'the', 'longer', 'it', 'simmers', 'the', 'better', 'the', 'taste', 'serve', 'over', 'any', 'kind', 'of', 'pasta', 'top', 'with', 'freshly-grated', 'parmesan']","['large', 'tall', 'pot', 'cover', 'bottom', 'olive', 'oil', 'olive', 'oil', 'flavor', 'distributed', 'throughout', 'sauce', 'heat', 'medium', 'low', 'slightly', 'sizzling', 'temperature', 'high', 'garlic', 'burn', 'quickly', 'add', 'onions', 'garlic', 'cook', 'onions', 'clear', 'soft', 'garlic', 'light', 'brown', 'stir', 'frequently', 'garlic', 'burn', 'add', 'hot', 'sweet', 'sausage', 'separate', 'little', '1/4', 'inch', 'balls', 'cook', 'browned', 'adding', 'olive', 'oil', 'needed', 'burn', 'still', 'becomes', 'brown', 'add', 'hand', 'crushed', 'tomatoes', 'rind', 'parmesan', 'cheese', 'emeril', 'essence', 'tomato', 'paste', 'stir', 'turn', 'heat', 'low', 'simmer', 'cover', 'let', 'simmer', 'stirring', 'occasionally', 'longer', 'simmers', 'better', 'taste', 'serve', 'kind', 'pasta', 'top', 'freshly', 'grated', 'parmesan']",Italian
4807,"['first', 'cook', 'the', 'pasta', 'and', 'then', 'lightly', 'coat', 'with', 'olive', 'oil', 'to', 'keep', 'from', 'sticking', 'and', 'then', 'set', 'aside', 'cook', 'the', 'sausage', 'and', 'then', 'set', 'aside', 'in', 'a', 'large', 'frying', 'pan', 'large', 'enough', 'for', 'all', 'ingredients', 'saute', 'the', 'garlic', 'in', 'the', 'olive', 'oil', 'until', 'starting', 'to', 'turn', 'brown', 'add', 'the', 'sun-dried', 'tomatoes', 'and', 'saute', 'for', 'about', '5-10', 'minutes', 'depending', 'on', 'heat', 'but', 'until', 'they', 'start', 'to', 'brown', 'add', 'the', 'sausage', 'back', 'into', 'the', 'frying', 'pan', 'with', 'the', 'tomatoes', 'and', 'garlic', 'and', 'toss', 'until', 'all', 'of', 'the', 'sausage', 'is', 'coated', 'you', 'may', 'need', 'to', 'add', 'more', 'olive', 'oil', 'depending', 'on', 'preferance', 'add', 'the', 'pasta', 'to', 'the', 'mix', 'and', 'toss']","['first', 'cook', 'pasta', 'lightly', 'coat', 'olive', 'oil', 'keep', 'sticking', 'set', 'aside', 'cook', 'sausage', 'set', 'aside', 'large', 'frying', 'pan', 'large', 'enough', 'ingredients', 'saute', 'garlic', 'olive', 'oil', 'starting', 'turn', 'brown', 'add', 'sun', 'dried', 'tomatoes', 'saute', 'depending', 'heat', 'start', 'brown', 'add', 'sausage', 'back', 'frying', 'pan', 'tomatoes', 'garlic', 'toss', 'sausage', 'coated', 'may', 'need', 'add', 'olive', 'oil', 'depending', 'preferance', 'add', 'pasta', 'mix', 'toss']",Italian
7094,"['in', 'small', 'bowl', 'combine', 'cumin', 'coriander', 'garlic', 'salt', 'and', 'pepper', 'rub', 'on', 'both', 'sides', 'of', 'fish', 'heat', '3', 'tablespoon', 'oil', 'in', 'large', 'nonstick', 'skillet', 'add', 'fillets', 'and', 'panfry', 'until', 'each', 'side', 'to', 'brown', 'keep', 'them', 'a', 'side', 'heat', '2', 'tablespoon', 'oil', 'and', 'add', 'onion', 'cook', 'untill', 'golden.then', 'add', 'salt', 'and', 'red', 'chillies', 'now', 'add', 'cabbage', 'and', 'fry', 'when', 'cabbage', 'cook', 'then', 'add', 'fish', 'and', 'oil', 'in', 'which', 'fish', 'fryed', 'add', 'green', 'chillies', 'and', 'cover', 'for', '10', 'to', '15', 'mins', 'on', 'low', 'flame', 'serve', 'with', 'rice']","['small', 'bowl', 'combine', 'cumin', 'coriander', 'garlic', 'salt', 'pepper', 'rub', 'sides', 'fish', 'heat', 'oil', 'large', 'nonstick', 'skillet', 'add', 'fillets', 'panfry', 'side', 'brown', 'keep', 'side', 'heat', 'oil', 'add', 'onion', 'cook', 'untill', 'golden.then', 'add', 'salt', 'red', 'chillies', 'add', 'cabbage', 'fry', 'cabbage', 'cook', 'add', 'fish', 'oil', 'fish', 'fryed', 'add', 'green', 'chillies', 'cover', 'mins', 'low', 'flame', 'serve', 'rice']",Indian
1784,"['in', 'large', 'skillet', 'heat', '3t', 'butter', 'add', 'jalapeno', 'onion', 'and', 'garlic', 'saute', 'for', '3', 'minutes', 'add', 'shrimp', 'cook', 'and', 'stir', '2', 'minutes', 'add', 'chicken', 'broth', 'cumin', 'oregano', 'and', 'salt', 'stir', 'well', 'slowly', 'add', 'cream', 'stirring', 'until', 'mixed', 'well', 'cook', 'for', '2', 'minutes', 'on', 'med-hi', 'stir', 'in', 'the', 'remaining', 'butter', 'and', 'parsley', 'mix', 'well']","['large', 'skillet', 'heat', '3t', 'butter', 'add', 'jalapeno', 'onion', 'garlic', 'saute', 'add', 'shrimp', 'cook', 'stir', 'add', 'chicken', 'broth', 'cumin', 'oregano', 'salt', 'stir', 'well', 'slowly', 'add', 'cream', 'stirring', 'mixed', 'well', 'cook', 'med', 'hi', 'stir', 'remaining', 'butter', 'parsley', 'mix', 'well']",Italian
5033,"['drizzle', 'the', 'olive', 'oil', 'on', 'top', 'of', 'each', 'steak', 'rub', 'it', 'in', 'a', 'little', 'with', 'your', 'fingers', 'put', 'the', 'crushed', 'garlic', 'here', 'and', 'there', 'on', 'top', 'of', 'the', 'steaks', 'rub', 'the', 'garlic', 'in', 'lightly', 'sprinkle', 'the', 'parsley', 'and', 'parmesan', 'on', 'top', 'of', 'the', 'steaks', 'lay', '1', 'boiled', 'egg', 'half', 'in', 'the', 'middle', 'on', 'top', 'of', 'each', 'steak', 'roll', 'up', 'each', 'steak', 'wrap', 'kite', 'string', 'around', 'each', 'steak', 'to', 'keep', 'it', 'closed', 'drop', 'the', 'braciole', 'into', 'your', 'already', 'cooking', '``', 'tomato', 'gravy', ""''"", 'i', 'just', 'let', 'it', 'cook', 'until', 'my', 'tomato', 'gravy', 'is', 'done', 'about', '1', '1/2', 'hours', 'on', 'low', 'see', 'recipe', 'for', 'tomato', 'gravy']","['drizzle', 'olive', 'oil', 'top', 'steak', 'rub', 'little', 'fingers', 'put', 'crushed', 'garlic', 'top', 'steaks', 'rub', 'garlic', 'lightly', 'sprinkle', 'parsley', 'parmesan', 'top', 'steaks', 'lay', 'boiled', 'egg', 'half', 'middle', 'top', 'steak', 'roll', 'steak', 'wrap', 'kite', 'string', 'around', 'steak', 'keep', 'closed', 'drop', 'braciole', 'already', 'cooking', '``', 'tomato', 'gravy', ""''"", 'let', 'cook', 'tomato', 'gravy', 'done', 'low', 'see', 'recipe', 'tomato', 'gravy']",Italian
5059,"['use', 'an', 'orange', 'vodka', 'i', 'use', 'stoli', 'orange', 'shake', 'ingredients', 'in', 'iced', 'filled', 'shaker.shake', 'until', 'tin', 'turns', 'cold', 'pour', 'into', 'a', 'frozen', 'martini', 'glass', 'make', 'an', 'orange', 'and', 'lemon', 'twist', 'over', 'drink', 'drop', 'twists', 'in', 'drink', 'and', 'serve']","['use', 'orange', 'vodka', 'use', 'stoli', 'orange', 'shake', 'ingredients', 'iced', 'filled', 'shaker.shake', 'tin', 'turns', 'cold', 'pour', 'frozen', 'martini', 'glass', 'make', 'orange', 'lemon', 'twist', 'drink', 'drop', 'twists', 'drink', 'serve']",Italian
4674,"['cook', 'ground', 'beef', 'sausage', 'together', 'in', 'large', 'pot', 'use', 'a', 'potato', 'masher', 'to', 'break', 'up', 'the', 'meat', 'into', 'fine', 'pieces', 'drain', 'the', 'fat', 'into', 'a', 'skillet', 'cook', 'onions', 'in', 'fat', 'drain', 'fat', 'and', 'return', 'onions', 'to', 'meat', 'mixture', 'add', 'tomato', 'paste', 'crushed', 'tomatoes', 'basil', 'oregano', 'crushed', 'red', 'pepper', 'black', 'pepper', 'and', 'water', 'simmer', 'on', 'stove', 'for', 'two', 'hours', 'or', 'till', 'the', 'sauce', 'reduces', 'serve', 'with', 'pasta', 'ravioli', 'etc']","['cook', 'ground', 'beef', 'sausage', 'together', 'large', 'pot', 'use', 'potato', 'masher', 'break', 'meat', 'fine', 'pieces', 'drain', 'fat', 'skillet', 'cook', 'onions', 'fat', 'drain', 'fat', 'return', 'onions', 'meat', 'mixture', 'add', 'tomato', 'paste', 'crushed', 'tomatoes', 'basil', 'oregano', 'crushed', 'red', 'pepper', 'black', 'pepper', 'water', 'simmer', 'stove', 'two', 'till', 'sauce', 'reduces', 'serve', 'pasta', 'ravioli', 'etc']",Italian
13083,"['place', 'the', 'meat', 'in', 'a', 'bowl', 'mix', 'together', 'the', 'soured', 'cream', 'garam', 'masala', 'and', 'curry', 'powder', 'mix', 'into', 'the', 'meat', 'and', 'leave', 'to', 'stand', 'for', 'a', 'couple', 'of', 'hours', 'heat', 'the', 'ghee', 'in', 'a', 'pan', 'and', 'fry', 'the', 'almonds', 'till', 'golden', 'remove', 'from', 'the', 'pan', 'do', 'the', 'same', 'with', 'the', 'apricots', 'and', 'sultanas', 'remove', 'from', 'the', 'pan', 'fry', 'the', 'onion', 'ginger', 'and', 'garlic', 'till', 'golden', 'add', 'the', 'meat', 'to', 'the', 'pan', 'with', 'the', 'marinade', 'cook', 'for', '5', 'minutes', 'add', 'the', 'apricots', 'and', 'sultanas', 'simmer', 'till', 'meat', 'is', 'tender', 'add', 'a', 'little', 'water', 'if', 'the', 'curry', 'dried', 'out', 'while', 'cooking', 'season', 'with', 'saltand', 'lemon', 'juice', 'garnish', 'with', 'the', 'almonds']","['place', 'meat', 'bowl', 'mix', 'together', 'soured', 'cream', 'garam', 'masala', 'curry', 'powder', 'mix', 'meat', 'leave', 'stand', 'couple', 'heat', 'ghee', 'pan', 'fry', 'almonds', 'till', 'golden', 'remove', 'pan', 'apricots', 'sultanas', 'remove', 'pan', 'fry', 'onion', 'ginger', 'garlic', 'till', 'golden', 'add', 'meat', 'pan', 'marinade', 'cook', 'add', 'apricots', 'sultanas', 'simmer', 'till', 'meat', 'tender', 'add', 'little', 'water', 'curry', 'dried', 'cooking', 'season', 'saltand', 'lemon', 'juice', 'garnish', 'almonds']",Indian
10264,"['in', 'a', 'large', 'shallow', 'dish', 'stir', 'together', 'the', 'yoghurt', 'garlic', 'cumin', 'chilli', 'turmeric', 'food', 'colouring', 'and', 'some', 'salt', 'and', 'pepper', 'you', 'can', 'leave', 'the', 'colouring', 'out', 'if', 'you', 'prefer', 'though', 'it', 'does', 'provide', 'that', 'authentic', 'tandoor', 'look', 'remove', 'the', 'skin', 'from', 'the', 'chicken', 'breasts', 'trim', 'off', 'any', 'visible', 'fat', 'and', 'deeply', 'score', 'each', 'breast', 'add', 'the', 'chicken', 'to', 'the', 'marinade', 'and', 'set', 'aside', 'for', '30-60', 'minutes', 'turning', 'from', 'time', 'to', 'time', 'to', 'make', 'the', 'drizzle', 'place', 'the', 'mint', 'garlic', 'and', 'cucumber', 'in', 'a', 'mini-chopper', 'or', 'food', 'processor', 'and', 'whiz', 'until', 'finely', 'blended', 'add', 'the', 'yoghurt', 'and', 'whiz', 'again', 'then', 'season', 'with', 'lemon', 'juice', 'salt', 'and', 'pepper', 'chill', 'until', 'ready', 'to', 'serve', 'preheat', 'the', 'oven', 'to', '400°f', 'place', 'the', 'chicken', 'on', 'a', 'non-stick', 'baking', 'sheet', 'and', 'roast', 'for', '30', 'minutes', 'until', 'cooked', 'right', 'through', 'serve', 'at', 'once', 'with', 'the', 'mint', 'drizzle', 'and', 'a', 'large', 'salad']","['large', 'shallow', 'dish', 'stir', 'together', 'yoghurt', 'garlic', 'cumin', 'chilli', 'turmeric', 'food', 'colouring', 'salt', 'pepper', 'leave', 'colouring', 'prefer', 'though', 'provide', 'authentic', 'tandoor', 'look', 'remove', 'skin', 'chicken', 'breasts', 'trim', 'visible', 'fat', 'deeply', 'score', 'breast', 'add', 'chicken', 'marinade', 'set', 'aside', 'turning', 'time', 'time', 'make', 'drizzle', 'place', 'mint', 'garlic', 'cucumber', 'mini', 'chopper', 'food', 'processor', 'whiz', 'finely', 'blended', 'add', 'yoghurt', 'whiz', 'season', 'lemon', 'juice', 'salt', 'pepper', 'chill', 'ready', 'serve', 'preheat', 'oven', '400°f', 'place', 'chicken', 'non', 'stick', 'baking', 'sheet', 'roast', 'cooked', 'right', 'serve', 'mint', 'drizzle', 'large', 'salad']",Indian
6224,"['preheat', 'sauté', 'pan', 'large', 'enough', 'to', 'accommodate', 'all', '6', 'medallions', 'without', 'overlap', 'over', 'medium', 'high', 'heat', 'dredge', 'each', 'medallion', 'in', 'flour', 'and', 'shake', 'off', 'excess', 'add', 'butter', 'to', 'pan', 'when', 'the', 'butter', 'is', 'melted', 'and', 'begins', 'to', 'foam', 'add', 'the', 'medallions', 'and', 'sear', 'on', 'both', 'sides', 'remove', 'to', 'drain', 'on', 'paper', 'toweling', 'drain', 'the', 'butter', 'from', 'pan', 'and', 'add', 'shallots', 'cooking', 'until', 'translucent', 'add', 'the', 'shiitake', 'mushrooms', 'stirring', 'to', 'incorporate', 'with', 'shallots', 'cook', 'about', '2', 'minutes', 'remove', 'pan', 'from', 'heat', 'and', 'add', 'cognac', 'return', 'to', 'the', 'heat', 'carefully', 'to', 'avoid', 'flare-up', 'reduce', 'cognac', 'until', 'almost', 'dry', 'add', 'veal', 'stock', 'and', 'reduce', 'by', 'half', 'season', 'with', 'salt', 'and', 'pepper', 'add', 'cream', 'and', 'reduce', 'by', 'half', 'stirring', 'occasionally', 'to', 'blend', 'flavors', 'return', 'medallions', 'to', 'pan', 'and', 'coat', 'well', 'with', 'sauce', 'place', 'on', 'plates', 'and', 'spoon', 'sauce', 'on', 'top', 'garnish', 'with', 'sprigs', 'of', 'fresh', 'parsley', 'suggested', 'wine', '2000', 'mondavi/frescobaldi', 'lucente', 'or', 'a', 'favorite', 'medium-', 'to', 'full-bodied', 'red', 'of', 'your', 'choice']","['preheat', 'sauté', 'pan', 'large', 'enough', 'accommodate', 'medallions', 'without', 'overlap', 'medium', 'high', 'heat', 'dredge', 'medallion', 'flour', 'shake', 'excess', 'add', 'butter', 'pan', 'butter', 'melted', 'begins', 'foam', 'add', 'medallions', 'sear', 'sides', 'remove', 'drain', 'paper', 'toweling', 'drain', 'butter', 'pan', 'add', 'shallots', 'cooking', 'translucent', 'add', 'shiitake', 'mushrooms', 'stirring', 'incorporate', 'shallots', 'cook', 'remove', 'pan', 'heat', 'add', 'cognac', 'return', 'heat', 'carefully', 'avoid', 'flare', 'reduce', 'cognac', 'almost', 'dry', 'add', 'veal', 'stock', 'reduce', 'half', 'season', 'salt', 'pepper', 'add', 'cream', 'reduce', 'half', 'stirring', 'occasionally', 'blend', 'flavors', 'return', 'medallions', 'pan', 'coat', 'well', 'sauce', 'place', 'plates', 'spoon', 'sauce', 'top', 'garnish', 'sprigs', 'fresh', 'parsley', 'suggested', 'wine', 'mondavi/frescobaldi', 'lucente', 'favorite', 'medium', 'full', 'bodied', 'red', 'choice']",Italian
12071,"['boil', 'the', 'water', 'in', 'a', 'saucepan', 'and', 'add', 'the', 'mint', 'and', 'tea', 'bags', 'remove', 'from', 'the', 'heat', 'cover', 'and', 'steep', 'for', '3-5', 'minutes', 'strain', 'into', 'mugs']","['boil', 'water', 'saucepan', 'add', 'mint', 'tea', 'bags', 'remove', 'heat', 'cover', 'steep', 'strain', 'mugs']",Indian
12379,"['heat', 'oil', 'on', 'medium', 'flame', 'add', 'ginger', 'and', 'stir', 'add', 'vegetable', 'stock', 'shrimp', 'garlic', 'powder', 'chili', 'powder', 'and', 'salt', 'stir', 'fry', 'on', 'medium', 'heat', 'add', 'spring', 'onions', 'when', 'only', 'a', 'little', 'juice', 'remains', 'in', 'the', 'pan', 'place', 'lid', 'on', 'pan', 'for', '30', 'seconds', 'serve', 'over', 'rice']","['heat', 'oil', 'medium', 'flame', 'add', 'ginger', 'stir', 'add', 'vegetable', 'stock', 'shrimp', 'garlic', 'powder', 'chili', 'powder', 'salt', 'stir', 'fry', 'medium', 'heat', 'add', 'spring', 'onions', 'little', 'juice', 'remains', 'pan', 'place', 'lid', 'pan', 'seconds', 'serve', 'rice']",Indian
3233,"['heat', 'a', 'medium', 'sized', 'heavy', 'based', 'pan', 'add', 'the', 'canola', 'spread', 'onion', 'and', 'garlic', 'cooking', 'for', '3', 'to', '5', 'mins', 'or', 'until', 'lightly', 'coloured', 'stir', 'in', 'the', 'rice', 'then', 'pour', 'in', 'the', 'white', 'wine', 'and', 'cook', 'until', 'liquid', 'is', 'reduced', 'by', 'half', 'add', 'the', 'stock', '1', 'cup', 'at', 'a', 'time', 'stirring', 'continuously', 'to', 'avoid', 'sticking', 'add', 'the', 'prawns', 'and', 'snow', 'peas', 'with', 'the', 'last', 'cup', 'of', 'stock', 'then', 'cook', '2', 'to', '3', 'mins', 'or', 'until', 'prawns', 'are', 'pink', 'and', 'just', 'cooked', 'stir', 'in', 'the', 'parmesan', 'and', 'parsley', 'season', 'to', 'taste', 'and', 'serve']","['heat', 'medium', 'sized', 'heavy', 'based', 'pan', 'add', 'canola', 'spread', 'onion', 'garlic', 'cooking', 'mins', 'lightly', 'coloured', 'stir', 'rice', 'pour', 'white', 'wine', 'cook', 'liquid', 'reduced', 'half', 'add', 'stock', 'time', 'stirring', 'continuously', 'avoid', 'sticking', 'add', 'prawns', 'snow', 'peas', 'last', 'stock', 'cook', 'mins', 'prawns', 'pink', 'cooked', 'stir', 'parmesan', 'parsley', 'season', 'taste', 'serve']",Italian
6812,"['blanch', 'carrots', 'cauliflower', 'broccoli', 'potatoes', 'boiling', 'water', 'drain', 'and', 'keep', 'aside', 'heat', 'oil', 'and', 'butter', 'in', 'a', 'pan', 'add', 'bay', 'leaf', 'cinnamon', 'cloves', 'cardamom', 'fennel', 'seeds', 'ginger', 'paste', 'and', 'a', 'little', 'water', 'sauté', 'for', 'two', 'minutes', 'then', 'add', 'green', 'chillies', 'red', 'chilli', 'powder', 'coriander', 'powder', 'and', 'cumin', 'powder', 'sauté', 'well', 'add', 'the', 'blanched', 'vegetables', 'and', 'stir', 'add', 'cashewnut', 'paste', 'sufficient', 'water', 'and', 'salt', 'to', 'taste', 'mix', 'and', 'bring', 'it', 'to', 'boil', 'add', 'tomato', 'puree', 'stir', 'and', 'cook', 'for', 'additional', 'two', 'to', 'three', 'minutes', 'add', 'honey', 'and', 'stir', 'add', 'frozen', 'peas', 'and', 'fresh', 'cream', 'and', 'stir', 'again', 'heat', 'until', 'peas', 'are', 'warmed', 'add', 'garam', 'masala', 'powder', 'and', 'if', 'adding', 'paneer', 'cubes', 'fold', 'it', 'into', 'the', 'mixture', 'so', 'paneer', 'cubes', 'do', ""n't"", 'crumble', 'if', 'adding', 'add', 'roasted', 'and', 'crushed', 'kasoori', 'methi', 'and', 'stir', 'gently']","['blanch', 'carrots', 'cauliflower', 'broccoli', 'potatoes', 'boiling', 'water', 'drain', 'keep', 'aside', 'heat', 'oil', 'butter', 'pan', 'add', 'bay', 'leaf', 'cinnamon', 'cloves', 'cardamom', 'fennel', 'seeds', 'ginger', 'paste', 'little', 'water', 'sauté', 'two', 'add', 'green', 'chillies', 'red', 'chilli', 'powder', 'coriander', 'powder', 'cumin', 'powder', 'sauté', 'well', 'add', 'blanched', 'vegetables', 'stir', 'add', 'cashewnut', 'paste', 'sufficient', 'water', 'salt', 'taste', 'mix', 'bring', 'boil', 'add', 'tomato', 'puree', 'stir', 'cook', 'additional', 'two', 'three', 'add', 'honey', 'stir', 'add', 'frozen', 'peas', 'fresh', 'cream', 'stir', 'heat', 'peas', 'warmed', 'add', 'garam', 'masala', 'powder', 'adding', 'paneer', 'cubes', 'fold', 'mixture', 'paneer', 'cubes', 'crumble', 'adding', 'add', 'roasted', 'crushed', 'kasoori', 'methi', 'stir', 'gently']",Indian
12094,"['place', 'the', 'rice', 'in', 'a', 'bowl', 'add', 'yogurt', 'and', 'mix', 'well', 'add', 'milk', 'as', 'desired', 'to', 'your', 'liking', 'depends', 'on', 'how', 'thick', 'the', 'yogurt', 'was', 'add', 'salt', 'to', 'taste', 'mix', 'and', 'set', 'aside', 'in', 'a', 'small', 'pan', 'heat', 'oil', 'and', 'ghee', 'add', 'mustard', 'seeds', 'to', 'the', 'hot', 'oil', 'and', 'when', 'it', 'splutters', 'add', 'red', 'chilli', 'slit', 'green', 'chilli', 'if', 'using', 'curry', 'leaves', 'fry', 'for', 'a', 'few', 'seconds', 'then', 'add', 'cashew', 'and', 'raisins', 'fry', 'until', 'cashew', 'pieces', 'are', 'golden', 'brown', 'pour', 'contents', 'of', 'the', 'pan', 'into', 'rice-yogurt', 'mixture', 'also', 'add', 'chopped', 'cilantro', 'and', 'mix', 'well', 'note', 'most', 'people', 'enjoy', 'the', 'taste', 'of', 'sweet', 'raisins', 'in', 'an', 'otherwise', 'salty', 'dish', 'but', 'if', 'you', ""'re"", 'unsure', 'just', 'add', '2-3', 'raisins', 'and', 'try', 'it', 'out', 'if', 'you', 'like', 'it', 'you', 'can', 'just', 'saute', 'more', 'raisins', 'in', 'a', 'dab', 'of', 'ghee', 'and', 'add', 'it', 'to', 'your', 'dish']","['place', 'rice', 'bowl', 'add', 'yogurt', 'mix', 'well', 'add', 'milk', 'desired', 'liking', 'depends', 'thick', 'yogurt', 'add', 'salt', 'taste', 'mix', 'set', 'aside', 'small', 'pan', 'heat', 'oil', 'ghee', 'add', 'mustard', 'seeds', 'hot', 'oil', 'splutters', 'add', 'red', 'chilli', 'slit', 'green', 'chilli', 'using', 'curry', 'leaves', 'fry', 'seconds', 'add', 'cashew', 'raisins', 'fry', 'cashew', 'pieces', 'golden', 'brown', 'pour', 'contents', 'pan', 'rice', 'yogurt', 'mixture', 'also', 'add', 'chopped', 'cilantro', 'mix', 'well', 'note', 'people', 'enjoy', 'taste', 'sweet', 'raisins', 'otherwise', 'salty', 'dish', 'unsure', 'add', 'raisins', 'try', 'like', 'saute', 'raisins', 'dab', 'ghee', 'add', 'dish']",Indian
10817,"['put', 'the', 'first', '7', 'ingredients', 'in', 'a', 'pan', 'bring', 'to', 'a', 'simmer', 'cover', 'and', 'cook', 'for', '20', 'minutes', 'until', 'the', 'lentils', 'are', 'tender', 'stir', 'in', 'the', 'coriander', 'rub', 'the', 'salmon', 'with', 'vegetable', 'oil', 'salt', 'pepper', 'and', 'a', 'little', 'garam', 'masala', 'grill', 'for', '6', 'to', '7', 'minutes', 'until', 'just', 'cooked', 'break', 'into', 'large', 'chunks', 'and', 'gently', 'stir', 'through', 'the', 'dahl', 'serve', 'with', 'basmati', 'rice', 'and', 'warm', 'naan', 'bread']","['put', 'first', 'ingredients', 'pan', 'bring', 'simmer', 'cover', 'cook', 'lentils', 'tender', 'stir', 'coriander', 'rub', 'salmon', 'vegetable', 'oil', 'salt', 'pepper', 'little', 'garam', 'masala', 'grill', 'cooked', 'break', 'large', 'chunks', 'gently', 'stir', 'dahl', 'serve', 'basmati', 'rice', 'warm', 'naan', 'bread']",Indian
9124,"['heat', 'half', 'the', 'amount', 'of', 'ghee', 'in', 'a', 'non-stick', 'frying', 'pan', 'saute', 'chicken', 'until', 'nearly', 'cooked', 'with', 'salt', 'and', 'turmeric', 'remove', 'from', 'heat', 'add', 'onions', 'and', 'brown', 'well', 'add', 'chopped', 'garlic', 'ginger', 'and', 'green', 'chillies', 'cook', 'till', 'oil', 'separates', 'add', 'khada', 'masala', 'now', 'add', 'the', 'chicken', 'and', 'garam', 'masala', 'garnish', 'with', 'cilantro', 'and', 'serve', 'hot', 'with', 'rotis']","['heat', 'half', 'amount', 'ghee', 'non', 'stick', 'frying', 'pan', 'saute', 'chicken', 'nearly', 'cooked', 'salt', 'turmeric', 'remove', 'heat', 'add', 'onions', 'brown', 'well', 'add', 'chopped', 'garlic', 'ginger', 'green', 'chillies', 'cook', 'till', 'oil', 'separates', 'add', 'khada', 'masala', 'add', 'chicken', 'garam', 'masala', 'garnish', 'cilantro', 'serve', 'hot', 'rotis']",Indian
8849,"['heat', 'the', 'oil', 'in', 'a', 'large', 'saucepan', 'over', 'a', 'low', 'heat', 'then', 'add', 'the', 'onion', 'and', 'garlic', 'and', 'cook', 'stirring', 'for', 'five', 'minutes', 'add', 'the', 'ginger', 'chillies', 'cumin', 'coriander', 'and', 'garam', 'masala', 'cook', 'for', 'a', 'further', 'two', 'minutes', 'add', 'the', 'tomatoes', 'tamarind', 'and', 'spinach', 'increase', 'the', 'heat', 'to', 'medium', 'and', 'cook', 'until', 'the', 'spinach', 'has', 'thawed', 'and', 'any', 'liquid', 'has', 'been', 'absorbed', 'about', 'five', 'minutes', 'stir', 'in', 'the', 'chickpeas', 'salt', 'and', 'paprika', 'and', 'cook', 'for', 'three', 'minutes', 'then', 'serve']","['heat', 'oil', 'large', 'saucepan', 'low', 'heat', 'add', 'onion', 'garlic', 'cook', 'stirring', 'five', 'add', 'ginger', 'chillies', 'cumin', 'coriander', 'garam', 'masala', 'cook', 'two', 'add', 'tomatoes', 'tamarind', 'spinach', 'increase', 'heat', 'medium', 'cook', 'spinach', 'thawed', 'liquid', 'absorbed', 'five', 'stir', 'chickpeas', 'salt', 'paprika', 'cook', 'three', 'serve']",Indian
2079,"['heat', 'the', 'olive', 'oil', 'in', 'a', 'large', 'skillet', 'saute', 'celery', 'and', 'onion', 'until', 'soft', 'about', '5-7', 'minutes', 'add', 'sausage', 'to', 'skillet', 'and', 'continue', 'cooking', 'until', 'sausage', 'is', 'cooked', 'through', 'add', 'cream', 'of', 'mushroom', 'soup', 'and', 'stir', 'and', 'cook', 'for', 'another', '3', 'to', '5', 'minutes', 'place', 'the', 'chicken', 'in', 'a', 'casserole', 'dish', 'evenly', 'next', 'layer', 'the', 'sausage', 'mixture', 'over', 'it', 'then', 'top', 'with', 'the', 'wild', 'rice', 'bake', 'in', 'a', '375', 'degree', 'oven', 'for', '15', 'minutes', 'sprinkle', 'the', 'parmesan', 'on', 'top', 'and', 'continue', 'baking', 'for', 'the', 'final', '5', 'minutes', 'enjoy']","['heat', 'olive', 'oil', 'large', 'skillet', 'saute', 'celery', 'onion', 'soft', 'add', 'sausage', 'skillet', 'continue', 'cooking', 'sausage', 'cooked', 'add', 'cream', 'mushroom', 'soup', 'stir', 'cook', 'another', 'place', 'chicken', 'casserole', 'dish', 'evenly', 'next', 'layer', 'sausage', 'mixture', 'top', 'wild', 'rice', 'bake', 'oven', 'sprinkle', 'parmesan', 'top', 'continue', 'baking', 'final', 'enjoy']",Italian
2944,"['bring', 'broth', 'to', 'a', 'simmer', 'in', 'sauce', 'pan', 'heat', 'butter', 'in', 'large', 'heavy', 'skillet', 'over', 'low', 'heat', 'add', 'onions', 'and', 'saute', 'until', 'tender', 'add', 'rice', 'and', 'saute', 'for', '1', 'minute', 'add', 'white', 'wine', 'and', 'stir', 'until', 'absorbed', 'begin', 'to', 'add', 'broth', '1', 'cup', 'at', 'a', 'time', 'stirring', 'occasionally', 'with', 'a', 'wooden', 'spoon', 'wait', 'until', 'each', 'broth', 'addition', 'is', 'absorbed', 'before', 'adding', 'the', 'next', 'when', 'all', 'the', 'broth', 'has', 'been', 'added', 'and', 'absorbed', 'add', 'the', 'cheeses', 'and', 'the', 'walnuts', 'and', 'stir', 'gently', 'until', 'cheese', 'starts', 'to', 'melt', 'salt', 'and', 'pepper', 'to', 'taste', 'serve', 'immediately']","['bring', 'broth', 'simmer', 'sauce', 'pan', 'heat', 'butter', 'large', 'heavy', 'skillet', 'low', 'heat', 'add', 'onions', 'saute', 'tender', 'add', 'rice', 'saute', 'add', 'white', 'wine', 'stir', 'absorbed', 'begin', 'add', 'broth', 'time', 'stirring', 'occasionally', 'wooden', 'spoon', 'wait', 'broth', 'addition', 'absorbed', 'adding', 'next', 'broth', 'added', 'absorbed', 'add', 'cheeses', 'walnuts', 'stir', 'gently', 'cheese', 'starts', 'melt', 'salt', 'pepper', 'taste', 'serve', 'immediately']",Italian
1296,"['flatten', 'each', 'chicken', 'breast', 'to', 'about', '1/4', 'inch', 'thickness', 'add', 'the', 'flour', 'parmesan', 'and', 'italian', 'seasoning', 'to', 'a', 'gallon', 'sized', 'zip', 'top', 'baggie', 'dip', 'the', 'chicken', 'into', 'the', 'vinegar', 'then', 'toss', 'in', 'the', 'baggie', 'to', 'cover', 'with', 'the', 'flour', 'mixture', 'heat', 'the', 'oil', 'in', 'a', '12', 'inch', 'skillet', 'over', 'medium', 'heat', 'cook', 'for', '5', 'minutes', 'then', 'turn', 'until', 'the', 'chicken', 'is', 'cooked', 'through', 'fill', 'the', 'hoagie', 'buns', 'with', 'the', 'chicken', 'lettuce', 'mozzarella', 'and', 'spaghetti', 'sauce']","['flatten', 'chicken', 'breast', 'thickness', 'add', 'flour', 'parmesan', 'italian', 'seasoning', 'gallon', 'sized', 'zip', 'top', 'baggie', 'dip', 'chicken', 'vinegar', 'toss', 'baggie', 'cover', 'flour', 'mixture', 'heat', 'oil', 'skillet', 'medium', 'heat', 'cook', 'turn', 'chicken', 'cooked', 'fill', 'hoagie', 'buns', 'chicken', 'lettuce', 'mozzarella', 'spaghetti', 'sauce']",Italian
5432,"['in', 'medium', 'size', 'bowl', 'dissolve', 'the', 'yeast', 'and', 'sugar', 'in', '3/4', 'c', 'warm', 'water', '110', 'degrees', 'set', 'aside', 'for', '15', 'minutes', 'untl', 'very', 'foamy', 'stir', '1', 'cup', 'flour', 'into', 'the', 'yeast', 'cover', 'with', 'plastic', 'wrap', 'and', 'let', 'this', 'sponge', 'proof', 'in', 'a', 'warm', 'place', 'until', 'tripled', 'in', 'volume', 'and', 'very', 'bubbly', 'about', '2', 'hours', 'put', 'sponge', 'in', 'bowl', 'of', 'kitchenaid', 'mixer', 'add', 'remaining', '1/2', 'c', 'warm', 'water', '2', 'tbl', 'olive', 'oil', '1/2', 'teaspoons', 'regular', 'salt', 'parmesan', 'cheese', 'and', 'rosemary', 'add', 'remaining', 'flour', 'mix', 'on', 'speed', '2', 'of', 'mixer', 'for', '7', 'minutes', 'oil', 'a', 'large', 'bowl', 'place', 'the', 'dough', 'in', 'the', 'bowl', 'covered', 'loosely', 'with', 'oiled', 'plastic', 'wrap', 'and', 'let', 'rise', 'in', 'a', 'warm', 'place', 'until', 'doubled', 'in', 'size', 'about', '1', '1/2', 'hours', 'sprinkle', 'a', 'half', 'sheet', 'pan', 'with', 'cornmeal', 'roll', 'out', 'dough', 'on', 'lightly', 'floured', 'surface', 'until', 'about', '1', 'inch', 'thick', 'place', 'on', 'sheet', 'pan', 'press', 'out', 'dough', 'until', 'about', '3/4', 'inch', 'thick', 'cover', 'with', 'oiled', 'plastic', 'wrap', 'and', 'let', 'rise', 'about', '30', 'minute', 'use', 'the', 'tips', 'of', 'your', 'fingers', 'to', 'make', 'dimples', 'in', 'the', 'dough', 'pour', 'remaining', '4', 'tbl', 'olive', 'oil', 'evenly', 'over', 'dough', 'sprinkle', 'kosher', 'salt', 'and', 'pepper', 'over', 'dough', 'bake', 'in', 'a', 'preheated', '475', 'degree', 'oven', 'for', '20', 'minute', 'or', 'until', 'golden', 'brown']","['medium', 'size', 'bowl', 'dissolve', 'yeast', 'sugar', 'c', 'warm', 'water', 'set', 'aside', 'untl', 'foamy', 'stir', 'flour', 'yeast', 'cover', 'plastic', 'wrap', 'let', 'sponge', 'proof', 'warm', 'place', 'tripled', 'volume', 'bubbly', 'put', 'sponge', 'bowl', 'kitchenaid', 'mixer', 'add', 'remaining', 'c', 'warm', 'water', 'tbl', 'olive', 'oil', 'regular', 'salt', 'parmesan', 'cheese', 'rosemary', 'add', 'remaining', 'flour', 'mix', 'speed', 'mixer', 'oil', 'large', 'bowl', 'place', 'dough', 'bowl', 'covered', 'loosely', 'oiled', 'plastic', 'wrap', 'let', 'rise', 'warm', 'place', 'doubled', 'size', 'sprinkle', 'half', 'sheet', 'pan', 'cornmeal', 'roll', 'dough', 'lightly', 'floured', 'surface', 'thick', 'place', 'sheet', 'pan', 'press', 'dough', 'thick', 'cover', 'oiled', 'plastic', 'wrap', 'let', 'rise', 'use', 'tips', 'fingers', 'make', 'dimples', 'dough', 'pour', 'remaining', 'tbl', 'olive', 'oil', 'evenly', 'dough', 'sprinkle', 'kosher', 'salt', 'pepper', 'dough', 'bake', 'preheated', 'oven', 'golden', 'brown']",Italian
6332,"['to', 'make', 'the', 'sauce', 'melt', 'the', 'butter', 'over', 'medium-low', 'heat', 'and', 'then', 'add', 'the', 'flour', 'and', 'whisk', 'for', '3', 'minutes', 'increase', 'the', 'heat', 'to', 'medium-high', 'and', 'whisk', 'the', 'sauce', 'until', 'it', 'comes', 'to', 'a', 'simmer', 'and', 'is', 'thick', 'and', 'smooth', 'about', '3', 'minutes', 'whisk', 'the', 'salt', 'pepper', 'and', 'nutmeg', 'into', 'the', 'bechamel', 'sauce', 'preheat', 'the', 'oven', 'to', '450°f', 'whisk', 'the', 'ricotta', 'spinach', '1', 'cup', 'of', 'the', 'parmesan', 'prosciutto', 'egg', 'salt', 'and', 'pepper', 'in', 'a', 'medium', 'bowl', 'to', 'blend', 'cook', 'the', 'noodles', 'in', 'a', 'large', 'pot', 'of', 'boiling', 'salted', 'water', 'until', 'the', 'noodles', 'are', 'al', 'dente', 'drain', 'and', 'then', 'arrange', 'noodles', 'in', 'a', 'single', 'layer', 'on', 'a', 'baking', 'sheet', 'to', 'prevent', 'them', 'from', 'sticking', 'butter', 'a', '13x9x2', 'inch', 'glass', 'baking', 'dish', 'pour', 'the', 'bechamel', 'sauce', 'into', 'the', 'bottom', 'of', 'the', 'baking', 'dish', 'lay', 'out', '4', 'lasagna', 'noodles', 'on', 'a', 'work', 'surface', 'and', 'spread', 'about', '3', 'tablespoons', 'of', 'ricotta', 'mixture', 'evenly', 'over', 'each', 'noodle', 'starting', 'at', 'one', 'end', 'roll', 'each', 'noodle', 'like', 'a', 'jelly', 'roll', 'lay', 'the', 'lasagna', 'rolls', 'seam', 'side', 'down', 'without', 'touching', 'atop', 'the', 'bechamel', 'sauce', 'in', 'the', 'dish', 'repeat', 'with', 'the', 'remaining', 'noodles', 'and', 'ricotta', 'mixture', 'spoon', 'the', 'marinara', 'sauce', 'over', 'the', 'lasagna', 'rolls', 'and', 'then', 'sprinkle', 'them', 'with', 'the', 'mozzarella', 'and', 'the', 'remaining', '2', 'tablespoons', 'of', 'parmesan', 'cheese', 'cover', 'tightly', 'with', 'foil', 'and', 'bake', 'until', 'heated', 'through', 'and', 'the', 'sauce', 'and', 'bubbles', 'about', '20', 'minutes', 'uncover', 'and', 'bake', 'until', 'the', 'cheese', 'on', 'top', 'becomes', 'golden', 'about', '15', 'minutes', 'longer', 'let', 'stand', 'for', '10', 'minutes']","['make', 'sauce', 'melt', 'butter', 'medium', 'low', 'heat', 'add', 'flour', 'whisk', 'increase', 'heat', 'medium', 'high', 'whisk', 'sauce', 'comes', 'simmer', 'thick', 'smooth', 'whisk', 'salt', 'pepper', 'nutmeg', 'bechamel', 'sauce', 'preheat', 'oven', '450°f', 'whisk', 'ricotta', 'spinach', 'parmesan', 'prosciutto', 'egg', 'salt', 'pepper', 'medium', 'bowl', 'blend', 'cook', 'noodles', 'large', 'pot', 'boiling', 'salted', 'water', 'noodles', 'al', 'dente', 'drain', 'arrange', 'noodles', 'single', 'layer', 'baking', 'sheet', 'prevent', 'sticking', 'butter', '13x9x2', 'glass', 'baking', 'dish', 'pour', 'bechamel', 'sauce', 'bottom', 'baking', 'dish', 'lay', 'lasagna', 'noodles', 'work', 'surface', 'spread', 'ricotta', 'mixture', 'evenly', 'noodle', 'starting', 'one', 'end', 'roll', 'noodle', 'like', 'jelly', 'roll', 'lay', 'lasagna', 'rolls', 'seam', 'side', 'without', 'touching', 'atop', 'bechamel', 'sauce', 'dish', 'repeat', 'remaining', 'noodles', 'ricotta', 'mixture', 'spoon', 'marinara', 'sauce', 'lasagna', 'rolls', 'sprinkle', 'mozzarella', 'remaining', 'parmesan', 'cheese', 'cover', 'tightly', 'foil', 'bake', 'heated', 'sauce', 'bubbles', 'uncover', 'bake', 'cheese', 'top', 'becomes', 'golden', 'longer', 'let', 'stand']",Italian
1422,"['in', 'a', 'large', 'soup', 'pot', 'melt', 'the', 'butter', 'with', 'the', 'olive', 'oil', 'over', 'medium', 'heat', 'stir', 'in', 'the', 'sage', 'and', 'rosemary', 'add', 'in', 'carrots', 'celery', 'potatoes', 'and', 'onions', 'cook', 'stirring', 'often', 'until', 'softened', 'about', '10', 'minutes', 'stir', 'in', 'the', 'tomatoes', 'and', 'beans', 'add', 'the', 'broth', 'salt', 'and', 'pepper', 'to', 'taste', 'bring', 'the', 'mixture', 'to', 'a', 'simmer', 'cook', 'over', 'low', 'heat', 'until', 'all', 'the', 'ingredients', 'are', 'very', 'tender', 'about', '1', 'hour', 'remove', 'half', 'of', 'the', 'soup', 'from', 'the', 'pot', 'and', 'pass', 'it', 'through', 'a', 'food', 'mill', 'or', 'puree', 'it', 'in', 'a', 'blender', 'pour', 'the', 'puree', 'back', 'into', 'the', 'pot', 'stir', 'well', 'and', 'add', 'the', 'pasta', 'bring', 'the', 'soup', 'to', 'a', 'simmer', 'then', 'turn', 'off', 'the', 'heat', 'let', 'the', 'soup', 'cool', 'slightly', 'before', 'serving', 'serve', 'hot', 'with', 'a', 'drizzle', 'of', 'extra-virgin', 'olive', 'oil', 'and', 'a', 'generous', 'grinding', 'of', 'pepper']","['large', 'soup', 'pot', 'melt', 'butter', 'olive', 'oil', 'medium', 'heat', 'stir', 'sage', 'rosemary', 'add', 'carrots', 'celery', 'potatoes', 'onions', 'cook', 'stirring', 'often', 'softened', 'stir', 'tomatoes', 'beans', 'add', 'broth', 'salt', 'pepper', 'taste', 'bring', 'mixture', 'simmer', 'cook', 'low', 'heat', 'ingredients', 'tender', 'remove', 'half', 'soup', 'pot', 'pass', 'food', 'mill', 'puree', 'blender', 'pour', 'puree', 'back', 'pot', 'stir', 'well', 'add', 'pasta', 'bring', 'soup', 'simmer', 'turn', 'heat', 'let', 'soup', 'cool', 'slightly', 'serving', 'serve', 'hot', 'drizzle', 'extra', 'virgin', 'olive', 'oil', 'generous', 'grinding', 'pepper']",Italian
1661,"['cook', 'the', 'eggs', 'in', 'a', 'pan', 'of', 'boiling', 'water', 'for', '8', 'minutes', 'drain', 'then', 'cover', 'with', 'cold', 'water', 'and', 'allow', 'to', 'cool', 'while', 'the', 'eggs', 'are', 'cooking', 'finely', 'chop', 'the', 'olives', 'peel', 'and', 'crush', '3', 'of', 'the', 'cloves', 'of', 'garlic', 'and', 'set', 'aside', 'the', 'other', 'clove', 'of', 'garlic', 'peel', 'the', 'eggs', 'and', 'cut', 'them', 'into', 'quarters', 'and', 'set', 'aside', 'put', 'the', 'well-drained', 'beans', 'crushed', 'garlic', 'rosemary', 'thyme', 'basil', 'and', 'lemon', 'juice', 'in', 'a', 'food', 'processor', 'season', 'with', 'salt', 'and', 'pepper', 'and', 'blend', 'until', 'smooth', 'with', 'the', 'food', 'processor', 'still', 'running', 'gradually', 'add', 'the', 'oil', 'and', 'continue', 'to', 'process', 'until', 'the', 'oil', 'has', 'been', 'blended', 'into', 'the', 'rest', 'of', 'the', 'ingredients', 'if', 'serving', 'as', 'an', 'appetiser', 'or', 'entrée', 'transfer', 'the', 'paté', 'into', '4', 'ramekins', 'and', 'distributing', 'them', 'between', 'the', 'four', 'ramekins', 'stir', 'just', 'over', 'a', 'quarter', 'of', 'the', 'olives', 'into', 'the', 'paté', 'then', 'sprinkle', 'the', 'rest', 'of', 'the', 'olives', 'on', 'top', 'if', 'serving', 'as', 'a', 'paté', 'to', 'accompany', 'dips', 'do', 'the', 'same', 'but', 'simply', 'use', 'one', 'serving', 'bowl', 'toast', 'the', 'bread', 'and', 'rub', 'the', 'whole', 'garlic', 'over', 'one', 'side', 'of', 'the', 'toast', 'slices', 'drizzle', 'with', 'a', 'little', 'olive', 'oil', 'and', 'season', 'with', 'pepper', 'serve', 'the', 'paté', 'garnished', 'with', 'parsley', 'with', 'the', 'eggs', 'and', 'toast']","['cook', 'eggs', 'pan', 'boiling', 'water', 'drain', 'cover', 'cold', 'water', 'allow', 'cool', 'eggs', 'cooking', 'finely', 'chop', 'olives', 'peel', 'crush', 'cloves', 'garlic', 'set', 'aside', 'clove', 'garlic', 'peel', 'eggs', 'cut', 'quarters', 'set', 'aside', 'put', 'well', 'drained', 'beans', 'crushed', 'garlic', 'rosemary', 'thyme', 'basil', 'lemon', 'juice', 'food', 'processor', 'season', 'salt', 'pepper', 'blend', 'smooth', 'food', 'processor', 'still', 'running', 'gradually', 'add', 'oil', 'continue', 'process', 'oil', 'blended', 'rest', 'ingredients', 'serving', 'appetiser', 'entrée', 'transfer', 'paté', 'ramekins', 'distributing', 'four', 'ramekins', 'stir', 'quarter', 'olives', 'paté', 'sprinkle', 'rest', 'olives', 'top', 'serving', 'paté', 'accompany', 'dips', 'simply', 'use', 'one', 'serving', 'bowl', 'toast', 'bread', 'rub', 'whole', 'garlic', 'one', 'side', 'toast', 'slices', 'drizzle', 'little', 'olive', 'oil', 'season', 'pepper', 'serve', 'paté', 'garnished', 'parsley', 'eggs', 'toast']",Italian
10262,"['cut', 'the', 'chicken', 'into', '1', 'inch', 'pieces', 'put', '3', 'tbsp', 'of', 'the', 'tikka', 'paste', 'and', 'all', 'of', 'the', 'yogurt', 'into', 'a', 'bowl', 'add', 'the', 'chicken', 'coat', 'thoroughly', 'and', 'leave', 'to', 'marinate', 'for', '30', 'minutes', 'heat', 'the', 'oil', 'in', 'a', 'pot', 'and', 'fry', 'the', 'onion', 'garlic', 'chilli', 'pepper', 'and', 'ginger', 'for', '5', 'minutes', 'add', 'the', 'remaining', 'tikka', 'paste', 'and', 'fry', 'for', 'another', '2', 'minutes', 'stir', 'in', 'the', 'tomato', 'paste', 'almonds', 'and', 'water', 'add', 'marinated', 'chicken', 'and', 'sauce', 'and', 'simmer', 'gently', 'for', '15', 'minutes', 'or', 'until', 'chicken', 'is', 'done', 'add', 'cream', 'and', 'lemon', 'juice', 'and', 'simmer', 'gently', 'for', '5', 'minutes', 'garnish', 'with', 'coriander', 'and', 'serve', 'on', 'rice', 'with', 'naan', 'bread']","['cut', 'chicken', 'pieces', 'put', 'tikka', 'paste', 'yogurt', 'bowl', 'add', 'chicken', 'coat', 'thoroughly', 'leave', 'marinate', 'heat', 'oil', 'pot', 'fry', 'onion', 'garlic', 'chilli', 'pepper', 'ginger', 'add', 'remaining', 'tikka', 'paste', 'fry', 'another', 'stir', 'tomato', 'paste', 'almonds', 'water', 'add', 'marinated', 'chicken', 'sauce', 'simmer', 'gently', 'chicken', 'done', 'add', 'cream', 'lemon', 'juice', 'simmer', 'gently', 'garnish', 'coriander', 'serve', 'rice', 'naan', 'bread']",Indian
5479,"['place', 'uncooked', 'chicken', 'breasts', 'in', 'bowl', 'pour', 'italian', 'dressing', 'over', 'chicken', 'breasts', 'place', 'in', 'microwave', 'cook', 'until', 'done']","['place', 'uncooked', 'chicken', 'breasts', 'bowl', 'pour', 'italian', 'dressing', 'chicken', 'breasts', 'place', 'microwave', 'cook', 'done']",Italian
931,"['butter', 'a', '10', 'inch', 'bundt', 'or', 'tube', 'pan', 'sprinkle', 'yeast', 'over', '1/4', 'cup', 'warm', 'water', 'in', 'a', 'small', 'bowl', 'and', 'let', 'stand', '1', 'minute', 'or', 'until', 'creamy', 'then', 'stir', 'until', 'dissolved', 'in', 'a', 'large', 'mixing', 'bowl', 'beat', 'the', 'eggs', 'and', 'zest', 'until', 'blended', 'beat', 'in', 'flour', '3', 'tablespoons', 'sugar', 'and', 'salt', 'add', 'yeast', 'and', 'butter', 'and', 'beat', 'until', 'well', 'blended', 'scrape', 'dough', 'into', 'the', 'buttered', 'pan', 'and', 'cover', 'with', 'plastic', 'wrap', 'let', 'stand', 'in', 'a', 'warm', 'place', 'for', '1', 'hour', 'dough', 'should', 'double', 'in', 'size', 'preheat', 'oven', 'to', '400', 'degrees', 'f.', 'bake', 'cake', 'for', '30', 'minutes', 'or', 'until', 'golden', 'a', 'cake', 'tester', 'whatever', 'that', 'is', 'should', 'come', 'out', 'clean', 'when', 'inserted', 'in', 'the', 'center', 'so', 'like', 'i', 'said', 'until', 'golden', 'invert', 'cake', 'on', 'a', 'wire', 'rack', 'and', 'let', 'cool', '10', 'minutes', 'set', 'the', 'pan', 'aside', 'for', 'the', 'syrup', 'combine', '2', 'cups', 'sugar', 'and', '2', 'cups', 'water', 'in', 'a', 'medium', 'saucepan', 'and', 'bring', 'to', 'a', 'boil', 'stirring', 'until', 'sugar', 'is', 'dissolved', 'stir', 'in', 'the', 'rum', 'remove', 'from', 'heat', 'and', 'set', 'aside', '1/4', 'cup', 'of', 'the', 'syrup', 'return', 'the', 'cake', 'should', 'still', 'be', 'hot', 'to', 'pan', 'and', 'poke', 'holes', 'all', 'over', 'the', 'surface', 'with', 'a', 'skewer', 'spoon', 'the', 'hot', 'syrup', 'over', 'the', 'cake', 'before', 'serving', 'invert', 'cake', 'onto', 'a', 'serving', 'plate', 'drizzle', 'with', 'reserved', 'syrup', 'and', 'serve', 'with', 'whipped', 'cream']","['butter', 'bundt', 'tube', 'pan', 'sprinkle', 'yeast', 'warm', 'water', 'small', 'bowl', 'let', 'stand', 'creamy', 'stir', 'dissolved', 'large', 'mixing', 'bowl', 'beat', 'eggs', 'zest', 'blended', 'beat', 'flour', 'sugar', 'salt', 'add', 'yeast', 'butter', 'beat', 'well', 'blended', 'scrape', 'dough', 'buttered', 'pan', 'cover', 'plastic', 'wrap', 'let', 'stand', 'warm', 'place', 'dough', 'double', 'size', 'preheat', 'oven', 'f.', 'bake', 'cake', 'golden', 'cake', 'tester', 'whatever', 'come', 'clean', 'inserted', 'center', 'like', 'said', 'golden', 'invert', 'cake', 'wire', 'rack', 'let', 'cool', 'set', 'pan', 'aside', 'syrup', 'combine', 'sugar', 'water', 'medium', 'saucepan', 'bring', 'boil', 'stirring', 'sugar', 'dissolved', 'stir', 'rum', 'remove', 'heat', 'set', 'aside', 'syrup', 'return', 'cake', 'still', 'hot', 'pan', 'poke', 'holes', 'surface', 'skewer', 'spoon', 'hot', 'syrup', 'cake', 'serving', 'invert', 'cake', 'onto', 'serving', 'plate', 'drizzle', 'reserved', 'syrup', 'serve', 'whipped', 'cream']",Italian
6805,"['mix', 'together', 'flour', 'salt', 'and', 'cayenne', 'pepper', 'in', 'a', 'plastic', 'bag', 'add', 'chicken', 'in', 'small', 'batches', 'shaking', 'to', 'coat', 'heat', 'oil', 'in', 'a', 'large', 'skillet', 'over', 'medium-high', 'heat', 'add', 'chicken', 'and', 'cook', 'until', 'lightly', 'browned', 'then', 'add', 'curry', 'powder', 'and', 'toss', 'to', 'coat', 'remove', 'from', 'pan', 'add', 'onion', 'and', 'garlic', 'to', 'pan', 'adding', 'a', 'little', 'more', 'oil', 'if', 'necessary', 'and', 'cook', 'for', '2', 'minutes', 'then', 'add', 'broth', 'raisins', 'and', 'tomato', 'paste', 'return', 'chicken', 'to', 'pan', 'and', 'simmer', 'uncovered', 'for', '8', 'minutes', 'or', 'until', 'chicken', 'is', 'cooked', 'through', 'and', 'sauce', 'has', 'thickened', 'garnish', 'with', 'cilantro', 'and', 'a', 'dollop', 'of', 'yogurt', 'serve', 'with', 'quick', 'cooking', 'minute', 'rice', 'if', 'desired']","['mix', 'together', 'flour', 'salt', 'cayenne', 'pepper', 'plastic', 'bag', 'add', 'chicken', 'small', 'batches', 'shaking', 'coat', 'heat', 'oil', 'large', 'skillet', 'medium', 'high', 'heat', 'add', 'chicken', 'cook', 'lightly', 'browned', 'add', 'curry', 'powder', 'toss', 'coat', 'remove', 'pan', 'add', 'onion', 'garlic', 'pan', 'adding', 'little', 'oil', 'necessary', 'cook', 'add', 'broth', 'raisins', 'tomato', 'paste', 'return', 'chicken', 'pan', 'simmer', 'uncovered', 'chicken', 'cooked', 'sauce', 'thickened', 'garnish', 'cilantro', 'dollop', 'yogurt', 'serve', 'quick', 'cooking', 'rice', 'desired']",Indian
3799,"['mix', 'together', 'the', 'veal', 'breadcrumbs', 'and', 'cheese', 'and', 'season', 'to', 'taste', 'with', 'salt', 'and', 'pepper', 'chop', 'half', 'the', 'sage', 'leaves', 'and', 'add', 'them', 'to', 'the', 'meat', 'mixture', 'form', 'into', 'walnut', 'sized', 'balls', 'and', 'fry', 'them', 'in', 'the', 'butter', 'until', 'golden', 'add', 'the', 'marsala', 'and', 'let', 'it', 'cook', 'down', 'until', 'it', 'begins', 'to', 'thicken', 'chop', 'remaining', 'sage', 'and', 'add', 'to', 'the', 'sauce', 'season', 'to', 'taste', 'add', 'cream', 'and', 'stir', 'to', 'combine', 'cooking', 'for', 'a', 'few', 'minutes', 'longer', 'until', 'the', 'meatballs', 'are', 'cooked', 'through', 'and', 'the', 'sauce', 'has', 'thickened', 'they', 'can', 'cook', 'gently', 'for', 'hours', 'if', 'need', 'be']","['mix', 'together', 'veal', 'breadcrumbs', 'cheese', 'season', 'taste', 'salt', 'pepper', 'chop', 'half', 'sage', 'leaves', 'add', 'meat', 'mixture', 'form', 'walnut', 'sized', 'balls', 'fry', 'butter', 'golden', 'add', 'marsala', 'let', 'cook', 'begins', 'thicken', 'chop', 'remaining', 'sage', 'add', 'sauce', 'season', 'taste', 'add', 'cream', 'stir', 'combine', 'cooking', 'longer', 'meatballs', 'cooked', 'sauce', 'thickened', 'cook', 'gently', 'need']",Italian
4284,"['place', 'all', 'in', 'a', 'rice', 'cooker', 'cover', 'rice', 'with', 'water', 'submerged', '1', 'inch', 'press', 'start', 'and', 'relax', 'till', 'done', 'alternate', 'method', 'of', 'cooking', 'or', 'cook', 'stove', 'top', 'adding', '2', 'cups', 'water', 'to', 'all', 'ingredients', 'bring', 'to', 'boil', 'and', 'lower', 'to', 'simmer', 'cover', 'and', 'cook', 'for', '20', 'minutes', 'fluff', 'with', 'fork', 'and', 'enjoy', 'garnish', 'with', 'pine', 'nuts', 'and', 'basil']","['place', 'rice', 'cooker', 'cover', 'rice', 'water', 'submerged', 'press', 'start', 'relax', 'till', 'done', 'alternate', 'method', 'cooking', 'cook', 'stove', 'top', 'adding', 'water', 'ingredients', 'bring', 'boil', 'lower', 'simmer', 'cover', 'cook', 'fluff', 'fork', 'enjoy', 'garnish', 'pine', 'nuts', 'basil']",Italian
1668,"['combine', 'and', 'seal', 'all', 'ingredients', 'in', 'a', 'large', 'heavy', 'plastic', 'bag', 'except', 'for', 'the', 'parmesan', 'cheese', 'seal', 'the', 'bag', 'and', 'refrigerate', 'for', '24', 'hours', 'turning', 'bag', 'occasionally', 'turn', 'out', 'into', 'a', 'large', 'serving', 'bowl', 'top', 'with', 'the', 'parmesan', 'cheese', 'if', 'desired']","['combine', 'seal', 'ingredients', 'large', 'heavy', 'plastic', 'bag', 'except', 'parmesan', 'cheese', 'seal', 'bag', 'refrigerate', 'turning', 'bag', 'occasionally', 'turn', 'large', 'serving', 'bowl', 'top', 'parmesan', 'cheese', 'desired']",Italian
2686,"['blanch', 'the', 'broccoli', 'and', 'set', 'aside', 'mix', 'eggs', 'yogurt', 'milk', 'cheeses', 'and', 'all', 'herbs', 'and', 'spices', 'in', 'a', 'bowl', 'reserve', '1/4', 'cup', 'mozzarella', 'for', 'top', 'of', 'frittata', 'reserve', '1/3', 'cup', 'parmigiano-reggiano', 'and', '2', 'tablespoons', 'of', 'parsley', 'for', 'garnish', 'saute', 'the', 'prosciutto', 'until', 'lightly', 'browned', 'reserve', '1/4', 'pound', 'for', 'garnish', 'add', 'oil', 'and', 'saute', 'onion', 'with', 'potatoes', 'until', 'potatoes', 'are', 'soft', 'and', 'lightly', 'browned', 'set', 'aside', 'saute', 'broccoli', 'mushrooms', 'and', 'zucchini', 'in', 'white', 'wine', 'return', 'potato', 'mixture', 'to', 'pan', 'and', 'incorporate', 'pour', 'egg', 'mixture', 'over', 'vegetables', 'in', 'the', 'pan', 'and', 'cook', 'on', 'medium', 'heat', 'until', 'set', 'cover', 'and', 'cook', 'about', '20', 'minutes', 'on', 'low', 'until', 'top', 'is', 'set', 'during', 'last', 'five', 'minutes', 'sprinkle', '1/4', 'cup', 'mozzarella', 'on', 'top', 'to', 'melt', 'remove', 'from', 'heat', 'and', 'cut', 'into', 'wedges', 'drizzle', 'cornbread', 'slices', 'with', 'olive', 'oil', 'and', 'grill', 'till', 'heated', 'and', 'slather', 'with', 'bruschetta', 'spread', 'garnish', 'each', 'frittata', 'wedge', 'with', 'dollop', 'of', 'yogurt', 'proscuitto', 'parsley', 'add', 'to', 'each', 'plate', 'cornbread', 'grapes', 'strawberries', 'and', 'kiwi', 'put', 'the', 'remainder', 'of', 'the', 'fruit', 'into', 'a', 'bowl', 'as', 'a', 'centerpiece', 'serve', 'with', 'small', 'bowls', 'of', 'shaved', 'parmigiano-reggiano', 'and', 'bruschetta', 'on', 'the', 'table']","['blanch', 'broccoli', 'set', 'aside', 'mix', 'eggs', 'yogurt', 'milk', 'cheeses', 'herbs', 'spices', 'bowl', 'reserve', 'mozzarella', 'top', 'frittata', 'reserve', 'parmigiano', 'reggiano', 'parsley', 'garnish', 'saute', 'prosciutto', 'lightly', 'browned', 'reserve', 'garnish', 'add', 'oil', 'saute', 'onion', 'potatoes', 'potatoes', 'soft', 'lightly', 'browned', 'set', 'aside', 'saute', 'broccoli', 'mushrooms', 'zucchini', 'white', 'wine', 'return', 'potato', 'mixture', 'pan', 'incorporate', 'pour', 'egg', 'mixture', 'vegetables', 'pan', 'cook', 'medium', 'heat', 'set', 'cover', 'cook', 'low', 'top', 'set', 'last', 'five', 'sprinkle', 'mozzarella', 'top', 'melt', 'remove', 'heat', 'cut', 'wedges', 'drizzle', 'cornbread', 'slices', 'olive', 'oil', 'grill', 'till', 'heated', 'slather', 'bruschetta', 'spread', 'garnish', 'frittata', 'wedge', 'dollop', 'yogurt', 'proscuitto', 'parsley', 'add', 'plate', 'cornbread', 'grapes', 'strawberries', 'kiwi', 'put', 'remainder', 'fruit', 'bowl', 'centerpiece', 'serve', 'small', 'bowls', 'shaved', 'parmigiano', 'reggiano', 'bruschetta', 'table']",Italian
9893,"['heat', 'ghee', 'add', 'all', 'ingredients', 'except', 'salt', 'and', 'spinach', 'when', 'mustard', 'seeds', 'stop', 'splattering', 'add', 'turmeric', 'and', 'asafetida', 'and', 'stir', 'for', '10', 'seconds', 'toss', 'in', 'spinach', 'cook', 'covered', 'on', 'medium', 'heat', 'till', 'all', 'water', 'is', 'evaporated', 'spinach', 'must', 'begin', 'to', ""'fry"", 'a', 'bit', 'but', 'not', 'burn', 'add', 'salt', 'serve', 'hot', 'with', 'roti']","['heat', 'ghee', 'add', 'ingredients', 'except', 'salt', 'spinach', 'mustard', 'seeds', 'stop', 'splattering', 'add', 'turmeric', 'asafetida', 'stir', 'seconds', 'toss', 'spinach', 'cook', 'covered', 'medium', 'heat', 'till', 'water', 'evaporated', 'spinach', 'must', 'begin', ""'fry"", 'bit', 'burn', 'add', 'salt', 'serve', 'hot', 'roti']",Indian
8826,"['place', 'first', '3', 'ingredients', 'in', 'a', 'bowl', 'that', 'will', 'be', 'big', 'enough', 'to', 'hold', 'all', 'of', 'the', 'meat', 'with', 'some', 'room', 'still', 'at', 'the', 'top', 'place', 'the', 'next', '4', 'ingredients', 'in', 'a', 'mortar', 'and', 'pestle', 'and', 'grind', 'to', 'break', 'down', 'the', 'red', 'pepper', 'flakes', 'and', 'incorporate', 'together', 'or', 'lightly', 'grind', 'in', 'a', 'spice', 'mill', 'add', 'this', 'to', 'the', 'bowl', 'with', 'your', 'first', '3', 'ingredients', 'and', 'mix', 'well', 'add', 'whichever', 'meat', 'you', 'are', 'using', 'to', 'the', 'bowl', 'and', 'mix', 'well', 'to', 'ensure', 'all', 'surfaces', 'of', 'the', 'meat', 'are', 'coated', 'cover', 'and', 'refrigerate', 'for', '24', 'hours', 'in', 'a', 'large', 'covered', 'fry', 'pan', 'or', 'large', 'dutch', 'oven', 'melt', 'coconut', 'oil', 'on', 'medium', 'heat', 'until', 'hot', 'add', 'meat', 'and', 'any', 'remaining', 'marinade', 'brown', 'meat', 'for', 'about', '10-15', 'minutes', 'add', 'coconut', 'milk', 'and', 'once', 'it', 'comes', 'to', 'a', 'boil', 'cover', 'reduce', 'heat', 'and', 'simmer', 'for', '2', 'hours', 'after', '2', 'hours', 'add', 'remaining', 'ingredients', 'stir', 'cover', 'and', 'simmer', 'for', '1', 'hour', 'serve', 'over', 'rice', 'orzo', 'potatoes', 'pasta', 'whatever', 'you', 'like']","['place', 'first', 'ingredients', 'bowl', 'big', 'enough', 'hold', 'meat', 'room', 'still', 'top', 'place', 'next', 'ingredients', 'mortar', 'pestle', 'grind', 'break', 'red', 'pepper', 'flakes', 'incorporate', 'together', 'lightly', 'grind', 'spice', 'mill', 'add', 'bowl', 'first', 'ingredients', 'mix', 'well', 'add', 'whichever', 'meat', 'using', 'bowl', 'mix', 'well', 'ensure', 'surfaces', 'meat', 'coated', 'cover', 'refrigerate', 'large', 'covered', 'fry', 'pan', 'large', 'dutch', 'oven', 'melt', 'coconut', 'oil', 'medium', 'heat', 'hot', 'add', 'meat', 'remaining', 'marinade', 'brown', 'meat', 'add', 'coconut', 'milk', 'comes', 'boil', 'cover', 'reduce', 'heat', 'simmer', 'add', 'remaining', 'ingredients', 'stir', 'cover', 'simmer', 'serve', 'rice', 'orzo', 'potatoes', 'pasta', 'whatever', 'like']",Indian
2412,"['beat', 'heavy', 'cream', 'with', 'sugar', 'and', 'vanilla', 'extract', 'until', 'stiff', 'set', 'aside', 'soften', 'the', 'mascarpone', 'cheese', 'gently', 'fold', 'cream', 'and', 'cheese', 'together', 'add', 'the', 'pudding', 'mix', 'add', 'kaluha', 'and', 'brandy', 'line', 'an', '8', 'x', 'l3', 'inch', 'baking', 'dish', 'with', 'lady', 'fingers', 'that', 'have', 'been', 'soaked', 'with', 'the', 'coffee', 'and', 'some', 'liquor', 'if', 'you', 'desire', 'use', 'the', 'ladyfingers', 'which', 'are', 'soft', 'and', 'pliable', 'the', 'stiff', 'ladyfingers', 'fall', 'apart', 'when', 'you', 'try', 'to', 'soak', 'them', 'pour', '1/3', 'cream', 'mix', 'over', 'the', 'cake', 'then', '1/2', 'of', 'chocolate', 'repeat', 'with', '1/3', 'of', 'cream', 'mix', '1/2', 'of', 'chocolate', 'and', 'finally', '1/3', 'of', 'cream', 'refrigerate', 'at', 'least', '4', 'hours', 'or', 'overnight', 'when', 'set', 'top', 'with', 'unsweetened', 'cocoa']","['beat', 'heavy', 'cream', 'sugar', 'vanilla', 'extract', 'stiff', 'set', 'aside', 'soften', 'mascarpone', 'cheese', 'gently', 'fold', 'cream', 'cheese', 'together', 'add', 'pudding', 'mix', 'add', 'kaluha', 'brandy', 'line', 'x', 'l3', 'baking', 'dish', 'lady', 'fingers', 'soaked', 'coffee', 'liquor', 'desire', 'use', 'ladyfingers', 'soft', 'pliable', 'stiff', 'ladyfingers', 'fall', 'apart', 'try', 'soak', 'pour', 'cream', 'mix', 'cake', 'chocolate', 'repeat', 'cream', 'mix', 'chocolate', 'finally', 'cream', 'refrigerate', 'least', 'overnight', 'set', 'top', 'unsweetened', 'cocoa']",Italian
10282,"['in', 'a', 'small', 'bowl', 'mix', 'together', 'coconut', 'milk', 'and', 'curry', 'in', 'a', 'saucepan', 'heat', 'oil', 'over', 'medium', 'add', 'onion', 'cinnamon', 'and', 'cumin', 'sauté', 'until', 'onions', 'are', 'soft', 'stir', 'in', 'tomatoes', 'peas', 'and', 'coconut', 'milk', 'reduce', 'heat', 'and', 'simmer', 'until', 'peas', 'are', 'tender', 'serve', 'over', 'rice', 'and', 'pass', 'naan', 'bread']","['small', 'bowl', 'mix', 'together', 'coconut', 'milk', 'curry', 'saucepan', 'heat', 'oil', 'medium', 'add', 'onion', 'cinnamon', 'cumin', 'sauté', 'onions', 'soft', 'stir', 'tomatoes', 'peas', 'coconut', 'milk', 'reduce', 'heat', 'simmer', 'peas', 'tender', 'serve', 'rice', 'pass', 'naan', 'bread']",Indian
12670,"['slice', 'the', 'cucumber', 'coat', 'the', 'slices', 'of', 'bread', 'with', 'mayonnaise', 'or', 'sandwich', 'spread', 'place', 'a', 'few', 'slices', 'of', 'cucumber', 'on', 'one', 'slice', 'add', 'a', 'slice', 'of', 'cheese', 'sprinkle', 'pepper', 'for', 'special', 'flavour', 'try', 'sprinkling', 'roasted', 'cumin', 'seeds', 'powder', 'cover', 'with', 'the', 'other', 'slice', 'munch-', 'munch-', 'munch']","['slice', 'cucumber', 'coat', 'slices', 'bread', 'mayonnaise', 'sandwich', 'spread', 'place', 'slices', 'cucumber', 'one', 'slice', 'add', 'slice', 'cheese', 'sprinkle', 'pepper', 'special', 'flavour', 'try', 'sprinkling', 'roasted', 'cumin', 'seeds', 'powder', 'cover', 'slice', 'munch', 'munch', 'munch']",Indian
6720,"['wash', 'rice', 'heat', 'oil', 'add', 'the', 'raisins', 'and', 'cashwents', 'fry', 'add', 'sliced', 'onions', 'and', 'fry', 'till', 'they', 'turn', 'golden', 'brown', 'add', 'cloves', 'cinnamon', 'and', 'cardamoms', 'fry', 'add', 'sugar', 'and', 'when', 'it', 'turns', 'dark', 'brown', 'in', 'colour', 'add', 'rice', 'add', 'green', 'chillies', 'ginger', 'corriander', 'and', 'chilly', 'powder', 'fry', 'for', 'a', 'while', 'add', 'curds', 'and', 'stir', 'for', 'a', 'few', 'minutes', 'add', '4', 'cups', 'of', 'boiling', 'water', 'and', 'salt', 'cook', 'on', 'low', 'heat', 'garnish', 'with', 'nuts', 'raisins', 'and', 'fried', 'onions', 'serve', 'hot']","['wash', 'rice', 'heat', 'oil', 'add', 'raisins', 'cashwents', 'fry', 'add', 'sliced', 'onions', 'fry', 'till', 'turn', 'golden', 'brown', 'add', 'cloves', 'cinnamon', 'cardamoms', 'fry', 'add', 'sugar', 'turns', 'dark', 'brown', 'colour', 'add', 'rice', 'add', 'green', 'chillies', 'ginger', 'corriander', 'chilly', 'powder', 'fry', 'add', 'curds', 'stir', 'add', 'boiling', 'water', 'salt', 'cook', 'low', 'heat', 'garnish', 'nuts', 'raisins', 'fried', 'onions', 'serve', 'hot']",Indian
9491,"['heat', 'oil', 'in', 'a', 'pan', 'add', 'mustard', 'seeds', 'allow', 'to', 'crackle', 'add', 'curry', 'leaves', 'green', 'chilli', 'paste', 'and', 'ginger', 'paste', 'add', 'this', 'seasoning', 'to', 'the', 'yogurt', 'add', 'roasted', 'semolina', 'to', 'the', 'yogurt', 'mixture', 'add', 'the', 'chopped', 'vegetables', 'and', 'greenpeas', 'add', 'a', 'little', 'water', 'and', 'mix', 'well', 'to', 'form', 'a', 'batter', 'of', 'pouring', 'consistency', 'keep', 'aside', 'for', '20', 'minutes', 'pour', 'a', 'little', 'batter', 'into', 'each', 'mould', 'of', 'an', 'idli', 'stand', 'steam', 'for', '15-20', 'minutes', 'serve', 'hot']","['heat', 'oil', 'pan', 'add', 'mustard', 'seeds', 'allow', 'crackle', 'add', 'curry', 'leaves', 'green', 'chilli', 'paste', 'ginger', 'paste', 'add', 'seasoning', 'yogurt', 'add', 'roasted', 'semolina', 'yogurt', 'mixture', 'add', 'chopped', 'vegetables', 'greenpeas', 'add', 'little', 'water', 'mix', 'well', 'form', 'batter', 'pouring', 'consistency', 'keep', 'aside', 'pour', 'little', 'batter', 'mould', 'idli', 'stand', 'steam', 'serve', 'hot']",Indian
1851,"['brown', 'minced', 'garlic', 'in', 'the', 'butter', 'and', 'simmer', '2-3', 'minutes', 'add', 'vodka', 'and', 'simmer', 'for', '5', 'minutes', 'or', 'until', 'liquid', 'is', 'reduced', 'by', 'half', 'add', 'crushed', 'tomatoes', 'red', 'pepper', 'flakes', 'and', 'chopped', 'basil', 'this', 'can', 'be', 'made', 'ahead', 'up', 'to', 'this', 'point', 'a', 'half', 'hour', 'before', 'serving', 'add', 'prosciutto', 'and', 'heavy', 'cream', 'cook', 'pasta', 'to', 'al', 'dente', 'drain', 'and', 'coate', 'with', 'parmesan', 'cheese', 'pour', 'vodka', 'sauce', 'over', 'pasta', 'mix', 'and', 'serve']","['brown', 'minced', 'garlic', 'butter', 'simmer', 'add', 'vodka', 'simmer', 'liquid', 'reduced', 'half', 'add', 'crushed', 'tomatoes', 'red', 'pepper', 'flakes', 'chopped', 'basil', 'made', 'ahead', 'point', 'half', 'serving', 'add', 'prosciutto', 'heavy', 'cream', 'cook', 'pasta', 'al', 'dente', 'drain', 'coate', 'parmesan', 'cheese', 'pour', 'vodka', 'sauce', 'pasta', 'mix', 'serve']",Italian
1483,"['in', 'a', 'large', 'mixing', 'bowl', 'beat', 'the', 'eggs', 'and', 'sugar', 'add', 'cooled', 'margarine', 'vanilla', 'and', 'anise', 'sift', 'flour', 'and', 'baking', 'powder', 'together', 'and', 'add', 'to', 'egg', 'mixture', 'batter', 'should', 'be', 'stiff', 'enough', 'to', 'be', 'dropped', 'by', 'a', 'spoon', 'preheat', 'pizzelles', 'iron', 'and', 'drop', 'one', 'teaspoon', 'of', 'batter', 'on', 'each', 'grid', 'close', 'iron', 'and', 'bake', '30-40', 'seconds', 'the', 'time', 'could', 'vary', 'depending', 'on', 'your', 'preference', 'of', 'browning', 'or', 'consistency', 'of', 'the', 'batter', 'so', 'experiment', 'with', 'the', 'first', 'couple', 'of', 'batches', 'pizzelles', 'store', 'well', 'in', 'a', 'covered', 'coffee', 'can', 'a', 'pezzelles', 'iron', 'can', 'be', 'purchased', 'in', 'most', 'department', 'store', 'or', 'on-line']","['large', 'mixing', 'bowl', 'beat', 'eggs', 'sugar', 'add', 'cooled', 'margarine', 'vanilla', 'anise', 'sift', 'flour', 'baking', 'powder', 'together', 'add', 'egg', 'mixture', 'batter', 'stiff', 'enough', 'dropped', 'spoon', 'preheat', 'pizzelles', 'iron', 'drop', 'one', 'batter', 'grid', 'close', 'iron', 'bake', 'seconds', 'time', 'could', 'vary', 'depending', 'preference', 'browning', 'consistency', 'batter', 'experiment', 'first', 'couple', 'batches', 'pizzelles', 'store', 'well', 'covered', 'coffee', 'pezzelles', 'iron', 'purchased', 'department', 'store', 'line']",Italian
7430,"['cut', 'acorn', 'squash', 'in', 'half', 'from', 'stem', 'to', 'tip', 'and', 'scrape', 'out', 'seeds', 'set', 'aside', 'in', 'a', 'heavy', 'non-reactive', 'such', 'as', 'enameled', 'skillet', 'melt', 'the', 'butter', 'over', 'medium', 'heat', 'sauté', 'onion', 'for', '2-3', 'minutes', 'quick', 'trick', 'use', 'one', 'of', 'those', 'handy', 'green', 'peeling/coring/slicing', 'units', 'that', 'attach', 'to', 'the', 'counter', 'with', 'suction', 'you', 'can', 'find', 'these', 'at', 'most', 'stores', 'for', 'around', '20—if', 'you', 'don', '’', 't', 'have', 'one', 'i', 'recommend', 'getting', 'one', 'they', 'work', 'really', 'well', 'and', 'save', 'lots', 'of', 'time', 'core', 'and', 'slice', 'the', 'apple', 'with', 'the', 'peeling', 'arm', 'wedged', 'out', 'of', 'action', 'slice', 'the', 'spiral', 'to', 'form', 'small', 'uniform', 'dice', 'add', 'the', 'apple', 'garlic', 'and', 'curry', 'powder', 'to', 'the', 'skillet', 'sauté', 'stirring', 'for', 'about', '3', 'more', 'minutes', 'or', 'until', 'apple', 'is', 'beginning', 'to', 'soften', 'and', 'curry', 'has', 'become', 'quite', 'fragrant', 'add', 'lamb', 'and', 'mix', 'thoroughly', 'breaking', 'up', 'chunks', 'brown', 'lamb', 'and', 'stir', 'in', 'cumin', 'cayenne', 'and', 'salt', 'add', 'cream', 'allow', 'to', 'boil', 'and', 'reduce', 'until', 'thick', 'pack', 'as', 'much', 'of', 'the', 'lamb', 'mixture', 'as', 'possible', 'into', 'the', 'hollowed-out', 'squash', 'halves', 'place', 'the', 'squash', 'in', 'a', 'baking', 'dish', 'just', 'large', 'enough', 'to', 'hold', 'them', 'upright', 'pour', '1', 'inch', 'of', 'boiling', 'water', 'in', 'the', 'dish', 'and', 'cover', 'tightly', 'if', 'baking', 'in', 'the', 'oven', 'use', 'foil', 'if', 'microwaving', 'use', 'microwave-safe', 'plastic', 'wrap', 'ventilated', 'with', '2', 'slits', 'bake', 'in', 'preheated', '400', 'f', 'degree', 'oven', 'for', '1', 'hour', 'or', 'at', '70', 'power', 'in', 'microwave', 'for', 'about', '25', 'minutes', 'until', 'the', 'flesh', 'of', 'the', 'squash', 'is', 'tender', 'when', 'pierced', 'with', 'a', 'fork']","['cut', 'acorn', 'squash', 'half', 'stem', 'tip', 'scrape', 'seeds', 'set', 'aside', 'heavy', 'non', 'reactive', 'enameled', 'skillet', 'melt', 'butter', 'medium', 'heat', 'sauté', 'onion', 'quick', 'trick', 'use', 'one', 'handy', 'green', 'peeling/coring/slicing', 'units', 'attach', 'counter', 'suction', 'find', 'stores', 'around', '20—if', '’', 'one', 'recommend', 'getting', 'one', 'work', 'really', 'well', 'save', 'lots', 'time', 'core', 'slice', 'apple', 'peeling', 'arm', 'wedged', 'action', 'slice', 'spiral', 'form', 'small', 'uniform', 'dice', 'add', 'apple', 'garlic', 'curry', 'powder', 'skillet', 'sauté', 'stirring', 'apple', 'beginning', 'soften', 'curry', 'become', 'quite', 'fragrant', 'add', 'lamb', 'mix', 'thoroughly', 'breaking', 'chunks', 'brown', 'lamb', 'stir', 'cumin', 'cayenne', 'salt', 'add', 'cream', 'allow', 'boil', 'reduce', 'thick', 'pack', 'much', 'lamb', 'mixture', 'possible', 'hollowed', 'squash', 'halves', 'place', 'squash', 'baking', 'dish', 'large', 'enough', 'hold', 'upright', 'pour', 'boiling', 'water', 'dish', 'cover', 'tightly', 'baking', 'oven', 'use', 'foil', 'microwaving', 'use', 'microwave', 'safe', 'plastic', 'wrap', 'ventilated', 'slits', 'bake', 'preheated', 'f', 'oven', 'power', 'microwave', 'flesh', 'squash', 'tender', 'pierced', 'fork']",Indian
6544,"['prepare', 'the', 'aioli', 'mix', 'all', 'of', 'the', 'ingredients', 'together', 'until', 'homogenous', 'set', 'aside', 'in', 'the', 'refrigerator', 'until', 'ready', 'to', 'use', 'prepare', 'the', 'crabs', 'pat', 'the', 'crabs', 'dry', 'and', 'dredge', 'in', 'the', 'flour', 'mixture', 'heat', '1/2', 'of', 'the', 'olive', 'oil', 'in', 'a', 'skillet', 'over', 'high', 'heat', 'add', 'two', 'of', 'the', 'crabs', 'and', 'cook', 'for', 'about', '3', 'minutes', 'per', 'side', 'or', 'until', 'browned', 'remove', 'from', 'the', 'skillet', 'and', 'keep', 'warm', 'add', 'the', 'rest', 'of', 'the', 'oil', 'and', 'cook', 'the', 'other', '2', 'crabs', 'serve', 'at', 'once', 'on', 'crusty', 'bread', 'that', 'has', 'been', 'spread', 'with', 'the', 'aioli']","['prepare', 'aioli', 'mix', 'ingredients', 'together', 'homogenous', 'set', 'aside', 'refrigerator', 'ready', 'use', 'prepare', 'crabs', 'pat', 'crabs', 'dry', 'dredge', 'flour', 'mixture', 'heat', 'olive', 'oil', 'skillet', 'high', 'heat', 'add', 'two', 'crabs', 'cook', 'per', 'side', 'browned', 'remove', 'skillet', 'keep', 'warm', 'add', 'rest', 'oil', 'cook', 'crabs', 'serve', 'crusty', 'bread', 'spread', 'aioli']",Italian
8835,"['in', 'a', 'large', 'frying', 'pan', 'heat', 'oil', 'or', 'ghee', 'over', 'medium', 'heat', 'and', 'add', 'cumin', 'mustard', 'seeds', 'cardamom', 'if', 'using', 'stirring', 'constantly', 'heat', 'until', 'fragrant', '~2', 'minute', 'add', 'potatoes', 'onions', 'and', 'saute', 'until', 'onions', 'are', 'golden', 'brown', '5', 'minutes', 'add', 'tomatoes', 'garlic', 'ginger', 'remaining', 'spices', 'stir', 'and', 'cook', '5', 'minutes', 'add', 'greens', '1/2', 'cup', 'water', 'if', 'needed', 'bring', 'to', 'a', 'boil', 'then', 'lower', 'to', 'a', 'simmer', 'cover', 'and', 'cook', 'until', 'your', 'greens', 'are', 'done', '~10', 'minutes', 'stirring', 'occasionally', 'add', 'chickpeas', 'at', 'the', 'same', 'time', 'as', 'the', 'greens', 'if', 'using', 'serve', 'with', 'a', 'dollop', 'of', 'yogurt', 'on', 'naan', 'or', 'over', 'rice']","['large', 'frying', 'pan', 'heat', 'oil', 'ghee', 'medium', 'heat', 'add', 'cumin', 'mustard', 'seeds', 'cardamom', 'using', 'stirring', 'constantly', 'heat', 'fragrant', '~2', 'add', 'potatoes', 'onions', 'saute', 'onions', 'golden', 'brown', 'add', 'tomatoes', 'garlic', 'ginger', 'remaining', 'spices', 'stir', 'cook', 'add', 'greens', 'water', 'needed', 'bring', 'boil', 'lower', 'simmer', 'cover', 'cook', 'greens', 'done', '~10', 'stirring', 'occasionally', 'add', 'chickpeas', 'time', 'greens', 'using', 'serve', 'dollop', 'yogurt', 'naan', 'rice']",Indian
63,"['preheat', 'oven', 'to', '400°f', 'arrange', 'pancetta', 'slices', 'on', 'rimmed', 'baking', 'sheet', 'spacing', 'apart', 'bake', 'until', 'golden', 'brown', 'and', 'crisp', 'about', '20', 'minutes', 'watching', 'carefully', 'do', 'not', 'turn', 'drain', 'on', 'paper', 'towels', 'cool', 'coarsely', 'chop', 'pancetta', 'meanwhile', 'whisk', 'lemon', 'juice', 'rosemary', 'lemon', 'peel', 'and', 'garlic', 'in', 'small', 'bowl', 'gradually', 'whisk', 'in', 'oil', 'season', 'dressing', 'to', 'taste', 'with', 'salt', 'and', 'pepper', 'place', 'potatoes', 'in', 'large', 'pot', 'add', 'enough', 'cold', 'salted', 'water', 'to', 'cover', 'by', '1', 'inch', 'bring', 'to', 'boil', 'reduce', 'heat', 'to', 'medium', 'simmer', 'with', 'lid', 'ajar', 'until', 'tender', '18', 'to', '25', 'minutes', 'depending', 'on', 'size', 'of', 'potatoes', 'drain', 'let', 'stand', 'until', 'cool', 'enough', 'to', 'handle', 'about', '20', 'minutes', 'cut', 'potatoes', 'into', '1/4-inch-thick', 'slices', 'remove', 'skin', 'if', 'desired', 'place', 'in', 'large', 'bowl', 'add', 'celery', 'drizzle', 'dressing', 'over', 'toss', 'gently', 'to', 'coat', 'season', 'with', 'salt', 'and', 'pepper', 'cover', 'and', 'chill', 'until', 'cold', 'at', 'least', '2', 'hours', 'do', 'ahead', 'pancetta', 'and', 'potato', 'salad', 'can', 'be', 'made', '1', 'day', 'ahead', 'cover', 'pancetta', 'chill', 'keep', 'potato', 'salad', 'chilled', 'bring', 'pancetta', 'to', 'room', 'temperature', 'before', 'continuing', 'sprinkle', 'pancetta', 'and', 'chopped', 'parsley', 'over', 'potato', 'salad']","['preheat', 'oven', '400°f', 'arrange', 'pancetta', 'slices', 'rimmed', 'baking', 'sheet', 'spacing', 'apart', 'bake', 'golden', 'brown', 'crisp', 'watching', 'carefully', 'turn', 'drain', 'paper', 'towels', 'cool', 'coarsely', 'chop', 'pancetta', 'meanwhile', 'whisk', 'lemon', 'juice', 'rosemary', 'lemon', 'peel', 'garlic', 'small', 'bowl', 'gradually', 'whisk', 'oil', 'season', 'dressing', 'taste', 'salt', 'pepper', 'place', 'potatoes', 'large', 'pot', 'add', 'enough', 'cold', 'salted', 'water', 'cover', 'bring', 'boil', 'reduce', 'heat', 'medium', 'simmer', 'lid', 'ajar', 'tender', 'depending', 'size', 'potatoes', 'drain', 'let', 'stand', 'cool', 'enough', 'handle', 'cut', 'potatoes', '1/4', 'inch', 'thick', 'slices', 'remove', 'skin', 'desired', 'place', 'large', 'bowl', 'add', 'celery', 'drizzle', 'dressing', 'toss', 'gently', 'coat', 'season', 'salt', 'pepper', 'cover', 'chill', 'cold', 'least', 'ahead', 'pancetta', 'potato', 'salad', 'made', 'day', 'ahead', 'cover', 'pancetta', 'chill', 'keep', 'potato', 'salad', 'chilled', 'bring', 'pancetta', 'room', 'temperature', 'continuing', 'sprinkle', 'pancetta', 'chopped', 'parsley', 'potato', 'salad']",Italian
12642,"['in', 'a', 'heavy', '3', 'quart', 'saucepan', 'combine', 'the', 'milk', 'or', 'light', 'cream', 'rice', 'and', 'cardamom', 'bring', 'to', 'boiling', 'reduce', 'heat', 'cook', 'uncovered', 'over', 'low', 'heat', 'stirring', 'occasionally', 'about', '1', 'hour', 'or', 'until', 'the', 'milk', 'mixture', 'is', 'reduced', 'to', 'about', '2', 'cups', 'remove', 'from', 'heat', 'stir', 'in', 'the', 'sugar', 'and', 'chopped', 'almonds', 'or', 'pistachio', 'nuts', 'continue', 'stirring', 'till', 'the', 'sugar', 'has', 'dissolved', 'cool', 'for', '30', 'minutes', 'stir', 'pudding', 'stir', 'in', 'the', 'rose', 'water', 'if', 'desired', 'spoon', 'the', 'mixture', 'into', '4', 'to', '6', 'sherbet', 'or', 'dessert', 'dishes', 'chill', 'in', 'the', 'refrigerator', 'to', 'serve', 'sprinkle', 'with', 'ground', 'nutmeg', 'and', 'garnish', 'each', 'serving', 'with', '2', 'whole', 'strawberries']","['heavy', 'saucepan', 'combine', 'milk', 'light', 'cream', 'rice', 'cardamom', 'bring', 'boiling', 'reduce', 'heat', 'cook', 'uncovered', 'low', 'heat', 'stirring', 'occasionally', 'milk', 'mixture', 'reduced', 'remove', 'heat', 'stir', 'sugar', 'chopped', 'almonds', 'pistachio', 'nuts', 'continue', 'stirring', 'till', 'sugar', 'dissolved', 'cool', 'stir', 'pudding', 'stir', 'rose', 'water', 'desired', 'spoon', 'mixture', 'sherbet', 'dessert', 'dishes', 'chill', 'refrigerator', 'serve', 'sprinkle', 'ground', 'nutmeg', 'garnish', 'serving', 'whole', 'strawberries']",Indian
10415,"['chop', 'apple', 'and', 'tomatoes', 'using', 'food', 'chopper', 'drain', 'juice', 'of', 'tomatoes', 'and', 'replace', 'with', 'equal', 'amount', 'of', 'water', 'put', 'all', 'in', 'large', 'pot', 'and', 'cook', 'over', 'low', 'heat', 'stir', 'often', 'until', 'thick', 'this', 'will', 'take', 'a', 'few', 'hours', 'can', 'in', 'jars']","['chop', 'apple', 'tomatoes', 'using', 'food', 'chopper', 'drain', 'juice', 'tomatoes', 'replace', 'equal', 'amount', 'water', 'put', 'large', 'pot', 'cook', 'low', 'heat', 'stir', 'often', 'thick', 'take', 'jars']",Indian
4578,"['preheat', 'oven', 'to', '350°f', 'place', 'each', 'chicken', 'breast', 'between', '2', 'pieces', 'of', 'heavy-duty', 'plastic', 'wrap', 'pound', 'to', '1/4', 'inch', 'thickness', 'using', 'a', 'meat', 'mallet', 'or', 'rolling', 'pin', 'combine', 'basil', 'salt', 'and', 'pepper', 'sprinkle', 'half', 'of', 'mixture', 'evely', 'over', 'both', 'sides', 'of', 'chicken', 'place', '1', 'string', 'cheese', 'stick', 'across', 'the', 'center', 'of', 'each', 'flattened', 'chicken', 'breast', 'roll', 'up', 'chicken', 'jelly', 'roll', 'fashion', 'starting', 'with', 'short', 'end', 'place', 'chicken', 'roll-up', 'seam', 'side', 'down', 'in', 'an', '11', 'x', '7', 'inch', 'baking', 'dish', 'sprinkle', 'with', 'remaining', 'half', 'of', 'spice', 'mixture', 'and', 'coat', 'with', 'cooking', 'spray', 'cover', 'and', 'refrigerate', 'up', 'to', '8', 'hours', 'pour', 'tomato', 'sauce', 'over', 'chicken', 'bake', 'uncovered', 'at', '350f', 'for', '35', 'minutes', 'or', 'until', 'chicken', 'is', 'done', 'and', 'tomato', 'sauce', 'heated']","['preheat', 'oven', '350°f', 'place', 'chicken', 'breast', 'pieces', 'heavy', 'duty', 'plastic', 'wrap', 'thickness', 'using', 'meat', 'mallet', 'rolling', 'pin', 'combine', 'basil', 'salt', 'pepper', 'sprinkle', 'half', 'mixture', 'evely', 'sides', 'chicken', 'place', 'string', 'cheese', 'stick', 'across', 'center', 'flattened', 'chicken', 'breast', 'roll', 'chicken', 'jelly', 'roll', 'fashion', 'starting', 'short', 'end', 'place', 'chicken', 'roll', 'seam', 'side', 'x', 'baking', 'dish', 'sprinkle', 'remaining', 'half', 'spice', 'mixture', 'coat', 'cooking', 'spray', 'cover', 'refrigerate', 'pour', 'tomato', 'sauce', 'chicken', 'bake', 'uncovered', '350f', 'chicken', 'done', 'tomato', 'sauce', 'heated']",Italian
5877,"['arrange', 'potatoes', 'and', 'peppers', 'in', 'bottom', 'of', 'greased', '13', 'x', '9', 'x', '2', 'inch', 'casserole', 'dish', 'combine', 'the', 'seasonings', 'sprinkle', 'one-third', 'of', 'seasoning', 'mixture', 'over', 'the', 'vegetables', 'layer', 'chicken', 'pieces', 'and', 'sausage', 'over', 'vegetables', 'sprinkle', 'remaining', 'seasoning', 'mixture', 'on', 'top', 'cover', 'tightly', 'with', 'foil', 'bake', 'at', '425', 'degrees', 'for', '30', 'minutes', 'reduce', 'oven', 'temperature', 'to', '375', 'degrees', 'bake', '30', '40', 'minutes', 'longer']","['arrange', 'potatoes', 'peppers', 'bottom', 'greased', 'x', 'x', 'casserole', 'dish', 'combine', 'seasonings', 'sprinkle', 'one', 'third', 'seasoning', 'mixture', 'vegetables', 'layer', 'chicken', 'pieces', 'sausage', 'vegetables', 'sprinkle', 'remaining', 'seasoning', 'mixture', 'top', 'cover', 'tightly', 'foil', 'bake', 'reduce', 'oven', 'temperature', 'bake', 'longer']",Italian
6198,"['lightly', 'grease', 'a', '5-cup', 'deep', 'casserole', 'with', 'the', 'butter', 'arrange', 'the', 'apple', 'rings', 'in', 'the', 'bottom', 'of', 'the', 'dish', 'sprinkle', 'half', 'of', 'the', 'sugar', 'over', 'the', 'apples', 'pour', 'the', 'wine', 'over', 'the', 'apples', 'add', 'the', 'bread', 'slices', 'pushing', 'them', 'down', 'with', 'your', 'hands', 'to', 'flatten', 'them', 'slightly', 'mix', 'the', 'cream', 'with', 'the', 'eggs', 'the', 'remaining', 'sugar', 'and', 'the', 'orange', 'rind', 'and', 'pour', 'the', 'mixture', 'over', 'the', 'bread', 'set', 'aside', 'to', 'soak', 'for', '30', 'minutes', 'transfer', 'the', 'dessert', 'to', 'an', 'oven', 'preheated', 'to', '350', 'and', 'bake', 'for', '25', 'minutes', 'until', 'golden', 'and', 'set', 'remove', 'from', 'the', 'oven', 'set', 'aside', 'to', 'cool', 'slightly', 'and', 'serve', 'warm', 'enjoy']","['lightly', 'grease', '5', 'cup', 'deep', 'casserole', 'butter', 'arrange', 'apple', 'rings', 'bottom', 'dish', 'sprinkle', 'half', 'sugar', 'apples', 'pour', 'wine', 'apples', 'add', 'bread', 'slices', 'pushing', 'hands', 'flatten', 'slightly', 'mix', 'cream', 'eggs', 'remaining', 'sugar', 'orange', 'rind', 'pour', 'mixture', 'bread', 'set', 'aside', 'soak', 'transfer', 'dessert', 'oven', 'preheated', 'bake', 'golden', 'set', 'remove', 'oven', 'set', 'aside', 'cool', 'slightly', 'serve', 'warm', 'enjoy']",Italian
12929,"['slice', 'the', 'tomato', 'half', 'in', 'half', 'again', 'and', 'remove', 'the', 'seeds', 'and', 'the', 'goop', 'surrounding', 'them', 'dice', 'tomato', 'melt', 'butter', 'in', 'a', 'large', 'frying', 'pan', 'over', 'medium', 'heat', 'add', 'onions', 'and', 'ginger', 'garlic', 'paste', 'after', '10', 'seconds', 'add', 'tomato', 'and', 'turmeric', 'after', '30', 'seconds', 'add', 'eggs', 'cook', 'until', 'half', 'the', 'eggs', 'are', 'cooked', 'should', 'resemble', 'a', 'soup', 'stirring', 'constantly', 'add', 'remaining', 'ingredients', 'if', 'you', 'do', ""n't"", 'have', 'amul', 'cheese', 'do', 'not', 'try', 'to', 'substitute', 'it', 'it', ""'s"", 'flavor', 'is', 'very', 'unique', 'cook', 'until', 'eggs', 'reach', 'desired', 'consistency']","['slice', 'tomato', 'half', 'half', 'remove', 'seeds', 'goop', 'surrounding', 'dice', 'tomato', 'melt', 'butter', 'large', 'frying', 'pan', 'medium', 'heat', 'add', 'onions', 'ginger', 'garlic', 'paste', 'seconds', 'add', 'tomato', 'turmeric', 'seconds', 'add', 'eggs', 'cook', 'half', 'eggs', 'cooked', 'resemble', 'soup', 'stirring', 'constantly', 'add', 'remaining', 'ingredients', 'amul', 'cheese', 'try', 'substitute', 'flavor', 'unique', 'cook', 'eggs', 'reach', 'desired', 'consistency']",Indian
4675,"['put', 'the', 'oven', 'on', 'broil', 'clean', 'and', 'slice', 'the', 'bell', 'pepper', 'into', 'four', 'quarters', 'remove', 'the', 'seeds', 'and', 'white', 'part', 'brush', 'with', 'olive', 'oil', 'top', 'each', 'slice', 'with', '1/2', 'ounce', 'of', 'mozzarella', 'cheese', 'cook', 'for', '10-15', 'minutes', 'or', 'until', 'cheese', 'is', 'browned', 'and', 'bubbly']","['put', 'oven', 'broil', 'clean', 'slice', 'bell', 'pepper', 'four', 'quarters', 'remove', 'seeds', 'white', 'part', 'brush', 'olive', 'oil', 'top', 'slice', 'mozzarella', 'cheese', 'cook', 'cheese', 'browned', 'bubbly']",Italian
9609,"['heat', 'oil', 'over', 'medium', 'heat', 'add', 'onions', 'saute', 'until', 'they', 'begin', 'to', 'brown', 'add', 'garlic', 'saute', '1-2', 'minutes', 'add', 'remaining', 'ingredients', 'except', 'for', 'rice', 'and', 'tortillas', 'lower', 'heat', 'simmer', 'for', '30-45', 'minutes', 'or', 'until', 'lentils', 'are', 'tender', 'add', 'more', 'water', 'if', 'necessary', 'but', 'should', 'be', 'stew-like', 'consistency', 'divide', 'lentil', 'and', 'spinach', 'mixture', 'between', '4', 'warmed', 'tortillas', 'add', '1/4', 'cup', 'rice', 'roll', 'and', 'serve', 'note', 'alternatively', 'you', 'may', 'use', 'pitas', 'or', 'any', 'other', 'flatbread', 'you', 'may', 'also', 'wrap', 'in', 'plastic', 'wrap', 'and', 'refrigerate', 'microwave', 'until', 'heated', 'through']","['heat', 'oil', 'medium', 'heat', 'add', 'onions', 'saute', 'begin', 'brown', 'add', 'garlic', 'saute', 'add', 'remaining', 'ingredients', 'except', 'rice', 'tortillas', 'lower', 'heat', 'simmer', 'lentils', 'tender', 'add', 'water', 'necessary', 'stew', 'like', 'consistency', 'divide', 'lentil', 'spinach', 'mixture', 'warmed', 'tortillas', 'add', 'rice', 'roll', 'serve', 'note', 'alternatively', 'may', 'use', 'pitas', 'flatbread', 'may', 'also', 'wrap', 'plastic', 'wrap', 'refrigerate', 'microwave', 'heated']",Indian
10322,"['fry', 'the', 'potatoes', 'till', 'tender', 'remove', 'from', 'the', 'pan', 'fry', 'the', 'onion', 'till', 'golden', 'add', 'the', 'ginger', 'garlic', 'paste', 'add', 'the', 'tumeric', 'the', 'water', 'lemon', 'juice', 'then', 'add', 'the', 'chilli', 'powder', 'salt', 'and', 'sugar', 'let', 'it', 'cook', 'for', 'a', 'couple', 'seconds', 'then', 'add', 'the', 'potatoes', 'let', 'the', 'potatoes', 'absorb', 'the', 'water', 'and', 'get', 'a', 'little', 'dryish', 'remove', 'from', 'the', 'fire', 'in', 'a', 'seperate', 'pan', 'heat', 'the', 'oil', 'add', 'the', 'mustard', 'seeds', 'cumin', 'seeds', 'and', 'nigella', 'seeds', 'add', 'the', 'red', 'chillies', 'unbroken', 'when', 'the', 'mustard', 'seeds', 'sputter', 'add', 'the', 'hing', 'and', 'immediately', 'pour', 'over', 'the', 'potatoes', 'mix', 'together', 'and', 'serve']","['fry', 'potatoes', 'till', 'tender', 'remove', 'pan', 'fry', 'onion', 'till', 'golden', 'add', 'ginger', 'garlic', 'paste', 'add', 'tumeric', 'water', 'lemon', 'juice', 'add', 'chilli', 'powder', 'salt', 'sugar', 'let', 'cook', 'couple', 'seconds', 'add', 'potatoes', 'let', 'potatoes', 'absorb', 'water', 'get', 'little', 'dryish', 'remove', 'fire', 'seperate', 'pan', 'heat', 'oil', 'add', 'mustard', 'seeds', 'cumin', 'seeds', 'nigella', 'seeds', 'add', 'red', 'chillies', 'unbroken', 'mustard', 'seeds', 'sputter', 'add', 'hing', 'immediately', 'pour', 'potatoes', 'mix', 'together', 'serve']",Indian
806,"['combine', 'eggplant', 'and', 'salt', 'in', 'a', 'large', 'bowl', 'transfer', 'to', 'a', 'colander', 'place', 'a', 'plate', 'on', 'the', 'eggplant', 'and', 'weigh', 'down', 'the', 'plate', 'with', 'cans', 'set', 'the', 'colander', 'in', 'the', 'sink', 'to', 'drain', 'for', '1', 'hour', 'meanwhile', 'heat', '1/4', 'cup', 'oil', 'in', 'a', 'large', 'skillet', 'over', 'medium', 'heat', 'add', 'bay', 'leaves', 'and', 'let', 'sizzle', 'for', 'about', '1', 'minute', 'to', 'flavor', 'the', 'oil', 'stir', 'in', 'onions', 'and', 'celery', 'reduce', 'heat', 'to', 'medium-low', 'and', 'cook', 'stirring', 'occasionally', 'until', 'the', 'vegetables', 'are', 'soft', 'about', '30', 'minutes', 'do', 'not', 'let', 'them', 'brown', 'add', 'tomatoes', 'and', 'capers', 'increase', 'heat', 'to', 'medium', 'and', 'cook', 'stirring', 'occasionally', 'just', 'until', 'the', 'tomatoes', 'start', 'to', 'break', 'down', 'about', '5', 'minutes', 'stir', 'in', 'olives', 'transfer', 'everything', 'to', 'a', 'large', 'bowl', 'when', 'the', 'eggplant', 'is', 'ready', 'rinse', 'under', 'running', 'water', 'to', 'get', 'rid', 'of', 'as', 'much', 'salt', 'as', 'possible', 'dry', 'thorougly', 'on', 'paper', 'towels', 'heat', 'the', 'remaining', '1/4', 'cup', 'oil', 'in', 'the', 'same', 'skillet', 'over', 'medium', 'heat', 'until', 'very', 'hot', 'add', 'the', 'eggplant', 'and', 'cook', 'tossing', 'and', 'stirring', 'until', 'softened', '10-15', 'minutes', 'add', 'chiles', 'and', 'cook', 'stirring', 'until', 'they', 'are', 'softened', '5-10', 'minutes', 'transfer', 'the', 'eggplant', 'and', 'peppers', 'to', 'the', 'bowl', 'with', 'the', 'tomato', 'mixture', 'and', 'gently', 'stir', 'to', 'combine', 'whisk', 'vinegar', 'and', 'honey', 'in', 'a', 'small', 'saucepan', 'bring', 'to', 'a', 'boil', 'over', 'medium', 'heat', 'simmer', 'until', 'thickened', 'and', 'reduced', 'to', 'about', '1/4', 'cup', 'about', '5', 'minutes', 'stir', 'into', 'the', 'vegetables', 'along', 'with', 'parsley', 'and', 'basil', 'serve', 'at', 'room', 'temperature']","['combine', 'eggplant', 'salt', 'large', 'bowl', 'transfer', 'colander', 'place', 'plate', 'eggplant', 'weigh', 'plate', 'cans', 'set', 'colander', 'sink', 'drain', 'meanwhile', 'heat', 'oil', 'large', 'skillet', 'medium', 'heat', 'add', 'bay', 'leaves', 'let', 'sizzle', 'flavor', 'oil', 'stir', 'onions', 'celery', 'reduce', 'heat', 'medium', 'low', 'cook', 'stirring', 'occasionally', 'vegetables', 'soft', 'let', 'brown', 'add', 'tomatoes', 'capers', 'increase', 'heat', 'medium', 'cook', 'stirring', 'occasionally', 'tomatoes', 'start', 'break', 'stir', 'olives', 'transfer', 'everything', 'large', 'bowl', 'eggplant', 'ready', 'rinse', 'running', 'water', 'get', 'rid', 'much', 'salt', 'possible', 'dry', 'thorougly', 'paper', 'towels', 'heat', 'remaining', 'oil', 'skillet', 'medium', 'heat', 'hot', 'add', 'eggplant', 'cook', 'tossing', 'stirring', 'softened', 'add', 'chiles', 'cook', 'stirring', 'softened', 'transfer', 'eggplant', 'peppers', 'bowl', 'tomato', 'mixture', 'gently', 'stir', 'combine', 'whisk', 'vinegar', 'honey', 'small', 'saucepan', 'bring', 'boil', 'medium', 'heat', 'simmer', 'thickened', 'reduced', 'stir', 'vegetables', 'along', 'parsley', 'basil', 'serve', 'room', 'temperature']",Italian
11593,"['cook', 'rice', 'and', 'keep', 'aside', 'beat', 'curd', 'and', 'milk', 'together', 'add', 'salt', 'and', 'sugar', 'and', 'keep', 'aside', 'now', 'heat', 'oil', 'in', 'a', 'pan', 'add', 'mustard', 'seeds', 'cumin', 'seeds', 'and', 'chana', 'dal', 'and', 'wait', 'till', 'the', 'dal', 'turns', 'light', 'brown', 'now', 'add', 'chilli', 'hing', 'cashews', 'and', 'curry', 'leaves', 'and', 'allow', 'these', 'to', 'sizzle', 'add', 'to', 'the', 'curd', 'add', 'in', 'the', 'cooked', 'rice', 'mix', 'well', 'garnish', 'with', 'corriander', 'leaves', 'and', 'serve', 'with', 'my', 'favourite', 'sindhi', 'papad']","['cook', 'rice', 'keep', 'aside', 'beat', 'curd', 'milk', 'together', 'add', 'salt', 'sugar', 'keep', 'aside', 'heat', 'oil', 'pan', 'add', 'mustard', 'seeds', 'cumin', 'seeds', 'chana', 'dal', 'wait', 'till', 'dal', 'turns', 'light', 'brown', 'add', 'chilli', 'hing', 'cashews', 'curry', 'leaves', 'allow', 'sizzle', 'add', 'curd', 'add', 'cooked', 'rice', 'mix', 'well', 'garnish', 'corriander', 'leaves', 'serve', 'favourite', 'sindhi', 'papad']",Indian
4279,"['while', 'ziti', 'is', 'cooking', 'combine', 'oil', 'basil', 'oregano', 'garlic', 'red', 'pepper', 'flakes', 'and', 'cook', 'over', 'moderately-low', 'heat', 'for', '30', 'seconds', 'add', 'spinach', 'peppers', 'olives', 'and', 'artichokes', 'and', 'cook', 'stirring', '2', 'minutes', 'add', 'wine', 'and', 'boil', '2-3', 'minutes', 'or', 'until', 'liquid', 'is', 'reduced', 'by', 'half', 'add', 'cream', 'and', 'cook', 'for', '2', 'minute', 'add', 'cheese', 'stirring', 'until', 'cheese', 'is', 'melted', 'drain', 'ziti', 'and', 'put', 'into', 'a', 'large', 'bowl', 'pour', 'sauce', 'over', 'and', 'toss', 'to', 'coat', 'sprinkle', 'with', 'parmesan', 'serve', 'immediately']","['ziti', 'cooking', 'combine', 'oil', 'basil', 'oregano', 'garlic', 'red', 'pepper', 'flakes', 'cook', 'moderately', 'low', 'heat', 'seconds', 'add', 'spinach', 'peppers', 'olives', 'artichokes', 'cook', 'stirring', 'add', 'wine', 'boil', 'liquid', 'reduced', 'half', 'add', 'cream', 'cook', 'add', 'cheese', 'stirring', 'cheese', 'melted', 'drain', 'ziti', 'put', 'large', 'bowl', 'pour', 'sauce', 'toss', 'coat', 'sprinkle', 'parmesan', 'serve', 'immediately']",Italian
4204,"['sift', 'flour', 'with', 'salt', 'and', 'granulated', 'sugar', 'make', 'a', 'well', 'in', 'the', 'center', 'in', 'it', 'place', 'egg', 'and', 'butter', 'stir', 'with', 'a', 'fork', 'working', 'from', 'the', 'center', 'out', 'to', 'moisten', 'flour', 'mixture', 'add', 'wine', 'tablespoon', 'at', 'a', 'time', 'until', 'dough', 'begins', 'to', 'cling', 'together', 'use', 'your', 'hands', 'to', 'form', 'dough', 'into', 'a', 'ball', 'cover', 'and', 'let', 'stand', 'for', '15', 'minutes', 'roll', 'dough', 'out', 'onto', 'floured', 'board', 'about', '1/4', 'inch', 'cut', 'into', '3', '1/2', 'inch', 'circles', 'roll', 'with', 'rolling', 'pin', 'into', 'ovals', 'wrap', 'around', 'cannoli', 'forms', 'or', 'dowels', 'seal', 'edge', 'with', 'egg', 'white', 'turn', 'out', 'ends', 'of', 'dough', 'to', 'flair', 'slightly', 'fry', 'two', 'to', 'three', 'at', 'a', 'time', 'in', 'deep', 'hot', 'fat', 'for', 'about', '1', 'minute', 'or', 'until', 'lightly', 'golden', 'remove', 'with', 'tongs', 'to', 'paper', 'towels', 'to', 'drain', 'let', 'cool', 'about', '5', 'seconds', 'then', 'slip', 'out', 'cannoli', 'form', 'holding', 'shell', 'carefully', 'cool', 'shells', 'before', 'filling']","['sift', 'flour', 'salt', 'granulated', 'sugar', 'make', 'well', 'center', 'place', 'egg', 'butter', 'stir', 'fork', 'working', 'center', 'moisten', 'flour', 'mixture', 'add', 'wine', 'time', 'dough', 'begins', 'cling', 'together', 'use', 'hands', 'form', 'dough', 'ball', 'cover', 'let', 'stand', 'roll', 'dough', 'onto', 'floured', 'board', 'cut', 'circles', 'roll', 'rolling', 'pin', 'ovals', 'wrap', 'around', 'cannoli', 'forms', 'dowels', 'seal', 'edge', 'egg', 'white', 'turn', 'ends', 'dough', 'flair', 'slightly', 'fry', 'two', 'three', 'time', 'deep', 'hot', 'fat', 'lightly', 'golden', 'remove', 'tongs', 'paper', 'towels', 'drain', 'let', 'cool', 'seconds', 'slip', 'cannoli', 'form', 'holding', 'shell', 'carefully', 'cool', 'shells', 'filling']",Italian
12945,"['pressure', 'cook', 'the', 'mutton', 'in', '2', 'cups', 'of', 'water', 'to', 'which', 'salt', 'a', 'little', 'turmeric', 'powder', 'cloves', 'and', 'a', 'piece', 'of', 'cinnamon', 'is', 'added', 'heat', 'another', 'skillet', 'add', 'oil', 'once', 'its', 'hot', 'add', 'the', 'onions', 'stir-fry', 'until', 'fragrant', 'and', 'golden', 'brown', 'add', 'tomatoes', 'and', 'fry', 'until', 'soft', 'add', 'ginger', 'and', 'garlic', 'pastes', 'fry', 'for', 'a', 'minute', 'until', 'the', 'raw', 'smell', 'is', 'gone', 'add', 'the', 'cooked', 'mutton', 'pieces', 'and', 'yoghurt', 'cook', 'for', '3', 'minutes', 'add', 'the', 'fried', 'potatoes', 'add', 'the', 'powdered', 'spices', 'and', 'salt', 'roast', 'cook', 'for', '2', 'minutes', 'add', 'water', 'to', 'cook', 'the', 'rice', 'bring', 'to', 'a', 'boil', 'add', 'the', 'drained', 'rice', 'cook', 'on', 'low', 'flame', 'for', '20', 'minutes', 'until', 'all', 'the', 'water', 'has', 'been', 'absorbed', 'by', 'the', 'rice', 'serve', 'hot', 'with', 'a', 'salad', 'and', 'a', 'vegetable', 'dish', 'on', 'the', 'side']","['pressure', 'cook', 'mutton', 'water', 'salt', 'little', 'turmeric', 'powder', 'cloves', 'piece', 'cinnamon', 'added', 'heat', 'another', 'skillet', 'add', 'oil', 'hot', 'add', 'onions', 'stir', 'fry', 'fragrant', 'golden', 'brown', 'add', 'tomatoes', 'fry', 'soft', 'add', 'ginger', 'garlic', 'pastes', 'fry', 'raw', 'smell', 'gone', 'add', 'cooked', 'mutton', 'pieces', 'yoghurt', 'cook', 'add', 'fried', 'potatoes', 'add', 'powdered', 'spices', 'salt', 'roast', 'cook', 'add', 'water', 'cook', 'rice', 'bring', 'boil', 'add', 'drained', 'rice', 'cook', 'low', 'flame', 'water', 'absorbed', 'rice', 'serve', 'hot', 'salad', 'vegetable', 'dish', 'side']",Indian
740,"['combine', 'all', 'ingredients', 'into', 'large', 'stock', 'pot', 'cook', 'at', 'a', 'simmer', 'for', '12', 'hrs', 'stiring', 'frequently', 'serve', 'over', 'spaghetti', 'or', 'other', 'pasta', 'great', 'with', 'garlic', 'bread/toast']","['combine', 'ingredients', 'large', 'stock', 'pot', 'cook', 'simmer', 'hrs', 'stiring', 'frequently', 'serve', 'spaghetti', 'pasta', 'great', 'garlic', 'bread/toast']",Italian
2716,"['spray', 'roasting', 'pan', 'with', 'pam', 'arrange', 'chicken', 'pieces', 'in', 'pan', 'and', 'place', 'potatoes', 'around', 'and', 'between', 'chicken', 'pieces', 'add', 'minced', 'garlic', 'over', 'chicken', 'potatoes', 'add', 'salt', 'pepper', 'and', 'parsley', 'to', 'taste', 'over', 'all', 'sprinkle', 'with', 'grated', 'cheese', 'bake', 'for', 'about', '1-1/2', 'hours', 'at', '325', 'covered', 'uncover', 'and', 'continue', 'baking', 'until', 'potatoes', 'are', 'cooked', 'about', '45', 'minutes']","['spray', 'roasting', 'pan', 'pam', 'arrange', 'chicken', 'pieces', 'pan', 'place', 'potatoes', 'around', 'chicken', 'pieces', 'add', 'minced', 'garlic', 'chicken', 'potatoes', 'add', 'salt', 'pepper', 'parsley', 'taste', 'sprinkle', 'grated', 'cheese', 'bake', 'covered', 'uncover', 'continue', 'baking', 'potatoes', 'cooked']",Italian
10616,"['heat', 'oil', 'in', 'a', 'large', 'saucepan', 'over', 'medium-high', 'heat', 'add', 'onion', 'cook', 'stirring', 'for', '3', 'to', '4', 'minutes', 'or', 'until', 'softened', 'add', 'curry', 'paste', 'stir', 'to', 'combine', 'stir', 'in', 'stock', 'tomato', 'lentils', 'and', 'barley', 'cover', 'bring', 'to', 'the', 'boil', 'reduce', 'heat', 'to', 'low', 'simmer', 'for', '20', 'to', '25', 'minutes', 'or', 'until', 'barley', 'is', 'tender', 'divide', 'between', 'bowls', 'top', 'with', 'coriander', 'serve', 'with', 'bread']","['heat', 'oil', 'large', 'saucepan', 'medium', 'high', 'heat', 'add', 'onion', 'cook', 'stirring', 'softened', 'add', 'curry', 'paste', 'stir', 'combine', 'stir', 'stock', 'tomato', 'lentils', 'barley', 'cover', 'bring', 'boil', 'reduce', 'heat', 'low', 'simmer', 'barley', 'tender', 'divide', 'bowls', 'top', 'coriander', 'serve', 'bread']",Indian
6196,"['for', 'marinara', 'saute', 'onions', 'and', 'garlic', 'in', 'oil', 'in', 'large', 'saucepan', 'until', 'tender', 'about', '5', 'minutes', 'stir', 'in', 'tomatoes', 'wine', 'and', 'tomato', 'paste', 'heat', 'to', 'boiling', 'reduce', 'heat', 'and', 'simmer', 'uncovered', 'until', 'mixture', 'is', 'medium', 'sauce', 'consistency', 'about', '20', 'minutes', 'stir', 'in', 'lemon', 'juice', 'salt', 'and', 'pepper', 'for', 'rotolo', 'coat', 'large', 'skillet', 'with', 'cooking', 'spray', 'heat', 'over', 'medium', 'heat', 'until', 'hot', 'cook', 'mushrooms', 'over', 'medium', 'heat', 'covered', 'until', 'they', 'release', 'juices', '3', 'to', '5', 'minutes', 'add', 'spinach', 'garlic', 'and', 'herbs', 'to', 'skillet', 'cook', 'until', 'spinach', 'is', 'wilted', '2', 'to', '3', 'minutes', 'cook', 'uncovered', 'over', 'medium', 'heat', 'until', 'liquid', 'is', 'gone', 'about', '10', 'minutes', 'cool', 'combine', 'cheeses', 'salt', 'and', 'pepper', 'in', 'bowl', 'stir', 'in', 'mushroom', 'mixture', 'spread', '3', 'to', '4', 'tbsp', 'cheese', 'mixture', 'on', 'each', 'noodle', 'roll', 'up', 'and', 'place', 'in', 'baking', 'dish', 'spoon', 'marinara', 'sauce', 'over', 'rotolo', 'bake', 'at', '350', 'degrees', 'loosely', 'coverd', 'with', 'aluminum', 'foil', 'until', 'rotolo', 'are', 'hot', 'through', 'and', 'sauce', 'is', 'bubbly', '25', 'to', '30', 'minutes']","['marinara', 'saute', 'onions', 'garlic', 'oil', 'large', 'saucepan', 'tender', 'stir', 'tomatoes', 'wine', 'tomato', 'paste', 'heat', 'boiling', 'reduce', 'heat', 'simmer', 'uncovered', 'mixture', 'medium', 'sauce', 'consistency', 'stir', 'lemon', 'juice', 'salt', 'pepper', 'rotolo', 'coat', 'large', 'skillet', 'cooking', 'spray', 'heat', 'medium', 'heat', 'hot', 'cook', 'mushrooms', 'medium', 'heat', 'covered', 'release', 'juices', 'add', 'spinach', 'garlic', 'herbs', 'skillet', 'cook', 'spinach', 'wilted', 'cook', 'uncovered', 'medium', 'heat', 'liquid', 'gone', 'cool', 'combine', 'cheeses', 'salt', 'pepper', 'bowl', 'stir', 'mushroom', 'mixture', 'spread', 'cheese', 'mixture', 'noodle', 'roll', 'place', 'baking', 'dish', 'spoon', 'marinara', 'sauce', 'rotolo', 'bake', 'loosely', 'coverd', 'aluminum', 'foil', 'rotolo', 'hot', 'sauce', 'bubbly']",Italian
8940,"['pour', 'one', 'gallon', 'of', 'milk', 'into', 'a', 'large', 'pot', 'and', 'bring', 'to', 'a', 'boil', 'over', 'medium', 'heat', 'watch', 'carefully', 'as', 'it', 'will', 'boil', 'over', 'almost', 'as', 'soon', 'as', 'it', 'starts', 'to', 'boil', 'once', 'the', 'milk', 'begins', 'to', 'boil', 'pour', 'the', 'buttermilk', 'into', 'the', 'pot', 'in', 'a', 'steady', 'stream', 'while', 'stirring', 'constantly', 'the', 'mixture', 'will', 'separate', 'into', 'curds', 'and', 'water', 'place', 'a', 'cheesecloth', 'into', 'a', 'colander', 'and', 'pour', 'the', 'milk', 'mixture', 'through', 'it', 'reserving', 'some', 'of', 'the', 'liquid', 'for', 'later', 'let', 'the', 'curds', 'sit', 'in', 'the', 'colander', 'for', 'two', 'or', 'three', 'hours', 'or', 'until', 'it', 'has', 'drained', 'completely', 'transfer', 'the', 'dry', 'curds', 'to', 'a', 'food', 'processor', 'and', 'process', 'until', 'smooth', 'it', 'should', 'be', 'able', 'to', 'form', 'a', 'ball', 'if', 'it', 'is', 'the', 'right', 'consistency', 'if', 'it', 'is', 'too', 'dry', 'add', 'a', 'little', 'of', 'the', 'reserved', 'liquid', 'and', 'process', 'again', 'the', 'consistency', 'should', 'be', 'like', 'a', 'firm', 'ricotta', 'cheese', 'turn', 'the', 'cheese', 'out', 'onto', 'a', 'clean', 'surface', 'and', 'knead', 'until', 'smooth', 'form', 'into', 'a', 'ball', 'and', 'wrap', 'in', 'plastic', 'and', 'refrigerate', 'until', 'needed', 'to', 'cook', 'the', 'paneer', 'heat', 'the', 'oil', 'in', 'a', 'large', 'heavy', 'skillet', 'over', 'medium-high', 'heat', 'cut', 'the', 'paneer', 'into', 'bite', 'size', 'pieces', 'and', 'fry', 'for', 'about', '1', 'minute', 'or', 'until', 'a', 'very', 'pale', 'golden', 'brown', 'drain', 'on', 'paper', 'towels', 'and', 'add', 'to', 'your', 'favorite', 'curry', 'or', 'dish']","['pour', 'one', 'gallon', 'milk', 'large', 'pot', 'bring', 'boil', 'medium', 'heat', 'watch', 'carefully', 'boil', 'almost', 'soon', 'starts', 'boil', 'milk', 'begins', 'boil', 'pour', 'buttermilk', 'pot', 'steady', 'stream', 'stirring', 'constantly', 'mixture', 'separate', 'curds', 'water', 'place', 'cheesecloth', 'colander', 'pour', 'milk', 'mixture', 'reserving', 'liquid', 'later', 'let', 'curds', 'sit', 'colander', 'two', 'three', 'drained', 'completely', 'transfer', 'dry', 'curds', 'food', 'processor', 'process', 'smooth', 'able', 'form', 'ball', 'right', 'consistency', 'dry', 'add', 'little', 'reserved', 'liquid', 'process', 'consistency', 'like', 'firm', 'ricotta', 'cheese', 'turn', 'cheese', 'onto', 'clean', 'surface', 'knead', 'smooth', 'form', 'ball', 'wrap', 'plastic', 'refrigerate', 'needed', 'cook', 'paneer', 'heat', 'oil', 'large', 'heavy', 'skillet', 'medium', 'high', 'heat', 'cut', 'paneer', 'bite', 'size', 'pieces', 'fry', 'pale', 'golden', 'brown', 'drain', 'paper', 'towels', 'add', 'favorite', 'curry', 'dish']",Indian
8612,"['in', 'a', '5-', 'to', '6-quart', 'pan', 'combine', 'onion', 'ginger', 'chili', 'and', 'oil', 'stir', 'often', 'over', 'high', 'heat', 'until', 'onion', 'is', 'lightly', 'browned', '3', 'to', '5', 'minutes', 'stir', 'in', 'garam', 'masala', 'scrape', 'mixture', 'into', 'a', 'blender', 'add', 'tomato', 'paste', 'and', 'chicken', 'broth', 'whirl', 'until', 'very', 'smooth', 'pour', 'mixture', 'back', 'into', 'pan', 'add', 'cream', 'and', 'bring', 'to', 'a', 'gentle', 'boil', 'over', 'high', 'heat', 'mixture', 'is', 'inclined', 'to', 'spatter', 'reduce', 'heat', 'and', 'simmer', 'stirring', 'often', 'until', 'reduced', 'to', '3', 'cups', 'about', '5', 'minutes', 'pour', 'sauce', 'into', 'a', 'bowl', 'rinse', 'and', 'dry', 'pan', 'mix', 'chicken', 'with', 'pepper', 'and', 'sprinkle', 'lightly', 'with', 'salt', 'set', 'pan', 'over', 'high', 'heat', 'add', '1', 'tablespoon', 'butter', 'and', 'the', 'chicken', 'stir', 'until', 'chicken', 'is', 'no', 'longer', 'pink', 'on', 'the', 'surface', '2', 'to', '3', 'minutes', 'add', 'the', 'sauce', 'and', 'simmer', 'over', 'medium', 'heat', 'stirring', 'often', 'until', 'chicken', 'is', 'no', 'longer', 'pink', 'in', 'the', 'center', 'cut', 'to', 'test', '3', 'to', '4', 'minutes', 'cut', 'remaining', '3', 'tablespoons', 'butter', 'into', 'chunks', 'and', 'stir', 'into', 'sauce', 'until', 'melted', 'spoon', 'chicken', 'and', 'sauce', 'onto', 'rice', 'add', 'salt', 'to', 'taste', 'squeeze', 'lime', 'juice', 'over', 'portions', 'sprinkle', 'with', 'chopped', 'cilantro', 'if', 'desired']","['6', 'quart', 'pan', 'combine', 'onion', 'ginger', 'chili', 'oil', 'stir', 'often', 'high', 'heat', 'onion', 'lightly', 'browned', 'stir', 'garam', 'masala', 'scrape', 'mixture', 'blender', 'add', 'tomato', 'paste', 'chicken', 'broth', 'whirl', 'smooth', 'pour', 'mixture', 'back', 'pan', 'add', 'cream', 'bring', 'gentle', 'boil', 'high', 'heat', 'mixture', 'inclined', 'spatter', 'reduce', 'heat', 'simmer', 'stirring', 'often', 'reduced', 'pour', 'sauce', 'bowl', 'rinse', 'dry', 'pan', 'mix', 'chicken', 'pepper', 'sprinkle', 'lightly', 'salt', 'set', 'pan', 'high', 'heat', 'add', 'butter', 'chicken', 'stir', 'chicken', 'longer', 'pink', 'surface', 'add', 'sauce', 'simmer', 'medium', 'heat', 'stirring', 'often', 'chicken', 'longer', 'pink', 'center', 'cut', 'test', 'cut', 'remaining', 'butter', 'chunks', 'stir', 'sauce', 'melted', 'spoon', 'chicken', 'sauce', 'onto', 'rice', 'add', 'salt', 'taste', 'squeeze', 'lime', 'juice', 'portions', 'sprinkle', 'chopped', 'cilantro', 'desired']",Indian
11745,"['for', '1', 'kilo', 'meat', 'use', '4tblsp', 'of', 'the', 'spice', 'mix', 'mix', 'all', 'together', 'and', 'store', 'in', 'air', 'tight', 'jars']","['kilo', 'meat', 'use', '4tblsp', 'spice', 'mix', 'mix', 'together', 'store', 'air', 'tight', 'jars']",Indian
11137,"['heat', 'oil', 'add', 'sambar', 'onions', 'and', 'fry', 'add', 'tomatoes', 'and', 'fry', 'keep', 'this', 'seperate', 'add', 'roasted', 'gram', 'dal', 'and', 'red', 'chillies', 'dry', 'roast', 'it', 'cool', 'and', 'grind', 'to', 'powder', 'grind', 'tomato', 'mixture', 'dalia', 'powder', 'and', 'rest', 'of', 'ingredients', 'in', 'mixer']","['heat', 'oil', 'add', 'sambar', 'onions', 'fry', 'add', 'tomatoes', 'fry', 'keep', 'seperate', 'add', 'roasted', 'gram', 'dal', 'red', 'chillies', 'dry', 'roast', 'cool', 'grind', 'powder', 'grind', 'tomato', 'mixture', 'dalia', 'powder', 'rest', 'ingredients', 'mixer']",Indian
581,"['combine', 'salmon', 'capsicum', 'olives', 'basil', 'and', 'vinegar', 'in', 'a', 'medium', 'bowl', 'preheat', 'a', 'char-grill', 'to', 'moderate', 'spray', 'both', 'sides', 'of', 'bread', 'with', 'oil', 'grill', '1', 'minute', 'each', 'side', 'or', 'until', 'toasted', 'rub', 'bread', 'with', 'garlic', 'spread', 'bread', 'with', 'ricotta', 'transfer', 'to', 'a', 'serving', 'plate', 'top', 'bread', 'with', 'salmon', 'mixture', 'serve', 'at', 'once']","['combine', 'salmon', 'capsicum', 'olives', 'basil', 'vinegar', 'medium', 'bowl', 'preheat', 'char', 'grill', 'moderate', 'spray', 'sides', 'bread', 'oil', 'grill', 'side', 'toasted', 'rub', 'bread', 'garlic', 'spread', 'bread', 'ricotta', 'transfer', 'serving', 'plate', 'top', 'bread', 'salmon', 'mixture', 'serve']",Italian
2817,"['preheat', 'oven', 'to', '425.', 'in', 'an', '8-inch', 'square', 'baking', 'dish', 'toss', 'cherry', 'tomatoes', 'with', '3', 'tablespoons', 'oil', 'season', 'with', 'salt', 'and', 'pepper', 'roast', 'until', 'bursting', 'and', 'charred', 'in', 'spots', '20-30', 'minutes', 'meanwhile', 'on', 'a', 'rimmed', 'baking', 'sheet', 'toss', 'bread', 'with', '2', 'tablespoons', 'of', 'oil', 'and', 'pecorino', 'romano', 'season', 'with', 'salt', 'and', 'pepper', 'roast', 'tossing', 'halfway', 'through', 'until', 'golden', 'brown', 'and', 'crisp', 'about', '12', 'minutes', 'toss', 'diced', 'tomatoes', 'basil', 'and', 'mint', 'with', 'remaining', '2', 'tablespoons', 'of', 'oil', 'season', 'with', 'salt', 'and', 'pepper', 'bring', 'a', 'large', 'pot', 'of', 'salted', 'water', 'to', 'a', 'boil', 'add', 'pasta', 'cook', 'according', 'to', 'package', 'directions', 'until', 'al', 'dente', 'reserve', '1', 'cup', 'liquid', 'drain', 'return', 'pasta', 'to', 'pot', 'toss', 'with', 'roasted', 'tomatoes', 'their', 'oil', 'and', '1/2', 'cup', 'of', 'reserved', 'water', 'season', 'with', 'salt', 'and', 'pepper', 'divide', 'among', 'plates', 'then', 'give', 'each', 'a', 'dollop', 'of', 'ricotta', 'a', 'spoonful', 'of', 'fresh-tomato', 'mixture', 'and', 'a', 'sprinkle', 'of', 'croutons', 'serve', 'garnished', 'with', 'a', 'sprig', 'or', 'two', 'of', 'herbs', 'a', 'generous', 'drizzle', 'of', 'oil', 'and', 'some', 'cheese', 'and', 'pepper']","['preheat', 'oven', '8', 'inch', 'square', 'baking', 'dish', 'toss', 'cherry', 'tomatoes', 'oil', 'season', 'salt', 'pepper', 'roast', 'bursting', 'charred', 'spots', 'meanwhile', 'rimmed', 'baking', 'sheet', 'toss', 'bread', 'oil', 'pecorino', 'romano', 'season', 'salt', 'pepper', 'roast', 'tossing', 'halfway', 'golden', 'brown', 'crisp', 'toss', 'diced', 'tomatoes', 'basil', 'mint', 'remaining', 'oil', 'season', 'salt', 'pepper', 'bring', 'large', 'pot', 'salted', 'water', 'boil', 'add', 'pasta', 'cook', 'according', 'package', 'directions', 'al', 'dente', 'reserve', 'liquid', 'drain', 'return', 'pasta', 'pot', 'toss', 'roasted', 'tomatoes', 'oil', 'reserved', 'water', 'season', 'salt', 'pepper', 'divide', 'among', 'plates', 'give', 'dollop', 'ricotta', 'spoonful', 'fresh', 'tomato', 'mixture', 'sprinkle', 'croutons', 'serve', 'garnished', 'sprig', 'two', 'herbs', 'generous', 'drizzle', 'oil', 'cheese', 'pepper']",Italian
10510,"['heat', 'olive', 'oil', 'over', 'medium-low', 'heat', 'in', 'a', 'large', 'saute', 'pan', 'add', 'onions', 'garlic', 'and', 'ginger', 'and', 'saute', 'until', 'the', 'onions', 'are', 'translucent', 'add', 'broccoli', 'florets', 'and', 'continue', 'cooking', 'for', '8-10', 'minutes', 'until', 'the', 'broccoli', 'is', 'cooked', 'through', 'but', 'still', 'has', 'a', 'crunch', 'to', 'it', 'add', 'chickpeas', 'curry', 'powder', 'and', 'vegetable', 'bouillon', 'cube', 'dissolved', 'in', '1/4', 'cup', 'of', 'boiling', 'water', 'cook', 'for', '3', 'minutes', 'stir', 'in', 'the', 'can', 'of', 'coconut', 'milk', 'cook', 'the', 'curry', 'stirring', 'occasionally', 'for', 'about', '10', 'more', 'minutes', 'the', 'coconut', 'milk', 'is', 'thick', 'and', 'will', 'thicken', 'some', 'more', 'as', 'it', 'cooks', 'if', 'you', 'want', 'you', 'can', 'thin', 'it', 'out', 'with', '1/4', 'cup', 'of', 'water', 'or', 'more', 'if', 'necessary', 'season', 'with', 'salt', 'and', 'pepper', 'to', 'taste', 'and', 'serve', 'immediately', 'over', 'cooked', 'rice']","['heat', 'olive', 'oil', 'medium', 'low', 'heat', 'large', 'saute', 'pan', 'add', 'onions', 'garlic', 'ginger', 'saute', 'onions', 'translucent', 'add', 'broccoli', 'florets', 'continue', 'cooking', 'broccoli', 'cooked', 'still', 'crunch', 'add', 'chickpeas', 'curry', 'powder', 'vegetable', 'bouillon', 'cube', 'dissolved', 'boiling', 'water', 'cook', 'stir', 'coconut', 'milk', 'cook', 'curry', 'stirring', 'occasionally', 'coconut', 'milk', 'thick', 'thicken', 'cooks', 'want', 'thin', 'water', 'necessary', 'season', 'salt', 'pepper', 'taste', 'serve', 'immediately', 'cooked', 'rice']",Indian
9471,"['mix', '1', 'cup', 'yogurt', '2', 'cloves', 'garlic', 'salt', 'through', 'red', 'pepper', 'in', 'a', 'large', 're-sealable', 'food', 'storage', 'bag', 'to', 'blend', 'add', 'chicken', 'marinate', 'in', 'refrigerator', '4', 'to', '24', 'hours', 'preheat', 'broiler', 'cover', 'baking', 'sheet', 'with', 'foil', 'place', 'chicken', 'on', 'prepared', 'baking', 'sheet', 'broil', '6', 'inches', 'from', 'heat', 'about', '30', 'minutes', 'or', 'until', 'cooked', 'through', 'turning', 'once', 'meanwhile', 'make', 'raita', 'mix', 'cucumbers', '1/3', 'cup', 'yogurt', 'cilantro', 'garlic', 'salt', 'and', 'pepper', 'in', 'a', 'small', 'bowl', 'serve', 'alongside', 'chicken']","['mix', 'yogurt', 'cloves', 'garlic', 'salt', 'red', 'pepper', 'large', 'sealable', 'food', 'storage', 'bag', 'blend', 'add', 'chicken', 'marinate', 'refrigerator', 'preheat', 'broiler', 'cover', 'baking', 'sheet', 'foil', 'place', 'chicken', 'prepared', 'baking', 'sheet', 'broil', 'heat', 'cooked', 'turning', 'meanwhile', 'make', 'raita', 'mix', 'cucumbers', 'yogurt', 'cilantro', 'garlic', 'salt', 'pepper', 'small', 'bowl', 'serve', 'alongside', 'chicken']",Indian
3012,"['in', 'a', '3-1/2', 'or', '4-quart', 'crock', 'pot', 'combine', 'the', 'meatballs', 'pizza', 'sauce', 'tomatoes', 'broth', 'onion', 'tomato', 'paste', 'mushrooms', 'cayenne', 'and', 'garlic', 'cover', 'and', 'cook', 'on', 'low', 'for', '8', 'to', '10', 'hours', 'or', 'on', 'hi', 'for', '4', 'to', '5', 'hours', 'stir', 'in', 'pepperoni', 'serve', 'over', 'hot', 'cooked', 'pasta', 'servings', 'may', 'be', 'sprinkled', 'with', 'mozzarella', 'cheese', 'if', 'desired']","['4', 'quart', 'crock', 'pot', 'combine', 'meatballs', 'pizza', 'sauce', 'tomatoes', 'broth', 'onion', 'tomato', 'paste', 'mushrooms', 'cayenne', 'garlic', 'cover', 'cook', 'low', 'hi', 'stir', 'pepperoni', 'serve', 'hot', 'cooked', 'pasta', 'servings', 'may', 'sprinkled', 'mozzarella', 'cheese', 'desired']",Italian
6834,"['to', 'marinate', 'place', 'the', 'chicken', 'in', 'a', 'non-porous', 'glass', 'dish', 'or', 'bowl', 'with', 'lemon', 'juice', '1', 'tbsp', 'chilli', 'powder', 'and', 'salt', 'toss', 'to', 'coat', 'cover', 'the', 'dish', 'and', 'refrigerate', 'to', 'marinate', 'for', 'an', 'hour', 'drain', 'yoghurt', 'in', 'a', 'cloth', 'for', '15-20', 'minutes', 'place', 'yoghurt', 'in', 'a', 'medium', 'bowl', 'add', 'salt', 'garlic', 'paste', 'garam', 'masala', 'butter', 'chilli', 'powder', 'ginger', 'paste', 'lemon', 'juice', 'and', 'oil', 'pour', 'yoghurt', 'mixture', 'over', 'chicken', 'replace', 'cover', 'refrigerate', 'to', 'marinate', 'for', 'another', '3-4', 'hours', 'preheat', 'oven', 'to', '400', 'degrees', 'fahrenhit', 'place', 'chicken', 'on', 'skewers', 'place', 'skewers', 'in', 'a', '9', '13', 'inch', 'baking', 'dish', 'and', 'bake', 'in', 'a', 'preheated', 'oven', 'for', '20', 'minutes', 'to', 'make', 'sauce', 'melt', 'butter', 'in', 'a', 'saucepan', 'over', 'medium', 'heat', 'add', 'in', 'garam', 'masala', 'once', 'it', 'starts', 'crackling', 'add', 'in', 'ginger', 'and', 'garlic', 'pastes', 'and', 'green', 'chilli', 'peppers', 'saute', 'till', 'tender', 'add', 'in', 'tomato', 'puree', 'chilli', 'powder', 'salt', 'garam', 'masala', 'and', 'water', 'boil', 'reduce', 'heat', 'to', 'low', 'simmer', 'stir', 'in', 'honey', 'and', 'fenugreek', 'place', 'chicken', 'in', 'the', 'sauce', 'mixture', 'continue', 'cooking', 'for', 'another', '5', 'minutes', 'or', 'until', 'chicken', 'is', 'no', 'longer', 'pink', 'inside', 'stir', 'in', 'fresh', 'cream']","['marinate', 'place', 'chicken', 'non', 'porous', 'glass', 'dish', 'bowl', 'lemon', 'juice', 'chilli', 'powder', 'salt', 'toss', 'coat', 'cover', 'dish', 'refrigerate', 'marinate', 'drain', 'yoghurt', 'cloth', 'place', 'yoghurt', 'medium', 'bowl', 'add', 'salt', 'garlic', 'paste', 'garam', 'masala', 'butter', 'chilli', 'powder', 'ginger', 'paste', 'lemon', 'juice', 'oil', 'pour', 'yoghurt', 'mixture', 'chicken', 'replace', 'cover', 'refrigerate', 'marinate', 'another', 'preheat', 'oven', 'fahrenhit', 'place', 'chicken', 'skewers', 'place', 'skewers', 'baking', 'dish', 'bake', 'preheated', 'oven', 'make', 'sauce', 'melt', 'butter', 'saucepan', 'medium', 'heat', 'add', 'garam', 'masala', 'starts', 'crackling', 'add', 'ginger', 'garlic', 'pastes', 'green', 'chilli', 'peppers', 'saute', 'till', 'tender', 'add', 'tomato', 'puree', 'chilli', 'powder', 'salt', 'garam', 'masala', 'water', 'boil', 'reduce', 'heat', 'low', 'simmer', 'stir', 'honey', 'fenugreek', 'place', 'chicken', 'sauce', 'mixture', 'continue', 'cooking', 'another', 'chicken', 'longer', 'pink', 'inside', 'stir', 'fresh', 'cream']",Indian
8186,"['heat', 'the', 'oil', 'and', 'sauté', 'the', 'onion', 'and', 'garlic', 'until', 'soft', 'add', 'spices', 'and', 'sauté', 'one', 'minute', 'to', 'release', 'flavours', 'add', 'tomato', 'paste', 'pureed', 'tomatoes', 'and', '1', 'cup', 'of', 'water', 'stir', 'well', 'add', 'the', 'chickpeas', 'and', 'pumpkin', 'and', 'bring', 'to', 'the', 'boil', 'reduce', 'the', 'heat', 'and', 'simmer', 'for', 'around', '15', 'minutes', 'or', 'until', 'the', 'pumpkin', 'is', 'tender', 'add', 'the', 'coriander', 'and', 'baby', 'spinach', 'leaves', 'and', 'simmer', 'for', 'a', 'few', 'minutes', 'until', 'leaves', 'just', 'start', 'to', 'wilt', 'serve', 'with', 'basmati', 'rice', 'pappadums', 'and', 'yoghurt', 'or', 'raita']","['heat', 'oil', 'sauté', 'onion', 'garlic', 'soft', 'add', 'spices', 'sauté', 'one', 'release', 'flavours', 'add', 'tomato', 'paste', 'pureed', 'tomatoes', 'water', 'stir', 'well', 'add', 'chickpeas', 'pumpkin', 'bring', 'boil', 'reduce', 'heat', 'simmer', 'around', 'pumpkin', 'tender', 'add', 'coriander', 'baby', 'spinach', 'leaves', 'simmer', 'leaves', 'start', 'wilt', 'serve', 'basmati', 'rice', 'pappadums', 'yoghurt', 'raita']",Indian
12394,"['in', 'a', '4-quart', 'heavy-bottomed', 'pot', 'combine', 'the', 'lentils', '6', 'cups', 'water', 'cinnamon', 'stick', 'bay', 'leaf', 'garlic', 'cloves', 'giner', 'slices', 'and', 'turmeric', 'bring', 'to', 'a', 'boil', 'cover', 'lower', 'heat', 'and', 'simmer', 'gently', '40-45', 'minutes', 'until', 'the', 'lentils', 'are', 'tender', 'add', 'the', 'lemon', 'salt', 'black', 'pepper', 'and', 'cayenne', 'stir', 'and', 'cook', 'for', 'another', '5', 'minutes', 'just', 'before', 'serving', 'heat', '1', 'tablespoonful', 'of', 'canola', 'oil', 'in', 'a', 'small', 'skillet', 'over', 'high', 'heat', 'when', 'it', 'is', 'very', 'hot', 'put', 'in', 'the', 'asafetida', 'and', 'the', 'cumin', 'seeds', 'and', 'fry', 'them', 'until', 'the', 'asafetida', 'expands', 'and', 'the', 'cumin', 'seeds', 'darken', 'pour', 'the', 'contents', 'of', 'the', 'skillet', 'into', 'the', 'pot', 'and', 'stir', 'if', 'you', 'use', 'no', 'oil', 'leave', 'out', 'the', 'asafetida']","['4', 'quart', 'heavy', 'bottomed', 'pot', 'combine', 'lentils', 'water', 'cinnamon', 'stick', 'bay', 'leaf', 'garlic', 'cloves', 'giner', 'slices', 'turmeric', 'bring', 'boil', 'cover', 'lower', 'heat', 'simmer', 'gently', 'lentils', 'tender', 'add', 'lemon', 'salt', 'black', 'pepper', 'cayenne', 'stir', 'cook', 'another', 'serving', 'heat', 'tablespoonful', 'canola', 'oil', 'small', 'skillet', 'high', 'heat', 'hot', 'put', 'asafetida', 'cumin', 'seeds', 'fry', 'asafetida', 'expands', 'cumin', 'seeds', 'darken', 'pour', 'contents', 'skillet', 'pot', 'stir', 'use', 'oil', 'leave', 'asafetida']",Indian
11100,"['take', 'a', 'non', 'stick', 'heavy', 'bottom', 'pan', 'and', 'heat', 'the', 'oil', 'put', 'bay', 'leaves', 'cloves', 'cinnamon', 'first', 'and', 'then', 'add', 'onion', 'garlic', 'salt', 'and', 'black', 'pepper', 'powder', 'saute', 'for', '2', 'minutes', 'and', 'add', 'chopped', 'tomatoes', 'salt', 'and', 'sugar', 'keep', 'covered', 'and', 'stirring', 'for', '10', 'minutes', 'or', 'until', 'tomatoes', 'are', 'soft', 'allow', 'to', 'cool', 'to', 'the', 'room', 'temperature', 'add', 'nutmeg', 'now', 'put', 'the', 'mixture', 'in', 'the', 'blender', 'and', 'blend', 'till', 'smooth', 'remove', 'bay', 'leaves', 'before', 'blending', 'fill', 'in', 'a', 'sterilised', 'jar', 'and', 'keep', 'refrigerated']","['take', 'non', 'stick', 'heavy', 'bottom', 'pan', 'heat', 'oil', 'put', 'bay', 'leaves', 'cloves', 'cinnamon', 'first', 'add', 'onion', 'garlic', 'salt', 'black', 'pepper', 'powder', 'saute', 'add', 'chopped', 'tomatoes', 'salt', 'sugar', 'keep', 'covered', 'stirring', 'tomatoes', 'soft', 'allow', 'cool', 'room', 'temperature', 'add', 'nutmeg', 'put', 'mixture', 'blender', 'blend', 'till', 'smooth', 'remove', 'bay', 'leaves', 'blending', 'fill', 'sterilised', 'jar', 'keep', 'refrigerated']",Indian
2257,"['shell', 'the', 'prawns', 'do', 'keep', 'the', 'head', 'and', 'shell', 'of', 'the', 'prawns', 'melt', 'butter', 'in', 'the', 'saucepan', 'sauté', 'garlic', 'and', 'onion', 'till', 'it', 'is', 'nice', 'and', 'fragrant', 'slightly', 'browned', 'add', 'oregano', 'the', 'tomatoes', 'and', 'basil', 'continue', 'to', 'sauté', 'add', 'the', 'prawn', 'heads', 'and', 'shell', 'into', 'saucepan', 'sauté', 'till', 'the', 'shell', 'turns', 'pink', 'add', 'the', 'hot', 'water', 'jack', 'daniels', 'and', 'chicken', 'powder', 'stock', 'in', 'that', 'order', 'cover', 'the', 'saucepan', 'and', 'let', 'this', 'simmer', 'for', '20', 'minutes', 'after', '20', 'minutes', 'add', 'the', 'shelled', 'prawns', 'into', 'the', 'broth', 'and', 'let', 'it', 'simmer', 'till', 'the', 'prawns', 'turn', 'pink', 'add', 'garlic', 'salt', 'to', 'taste', 'turn', 'off', 'heat', 'and', 'add', 'the', 'chopped', 'cilantro', 'into', 'the', 'broth/sauce', 'divide', 'the', 'cooked', 'angel', 'hair', 'pasta', 'into', 'three', 'plates', 'pour', 'the', 'sauce', 'equally', 'into', 'the', 'three', 'plates', 'of', 'pasta', 'and', 'toss', 'place', '3', 'prawns', 'at', 'the', 'top', 'of', 'each', 'plate', 'serve', 'immediately']","['shell', 'prawns', 'keep', 'head', 'shell', 'prawns', 'melt', 'butter', 'saucepan', 'sauté', 'garlic', 'onion', 'till', 'nice', 'fragrant', 'slightly', 'browned', 'add', 'oregano', 'tomatoes', 'basil', 'continue', 'sauté', 'add', 'prawn', 'heads', 'shell', 'saucepan', 'sauté', 'till', 'shell', 'turns', 'pink', 'add', 'hot', 'water', 'jack', 'daniels', 'chicken', 'powder', 'stock', 'order', 'cover', 'saucepan', 'let', 'simmer', 'add', 'shelled', 'prawns', 'broth', 'let', 'simmer', 'till', 'prawns', 'turn', 'pink', 'add', 'garlic', 'salt', 'taste', 'turn', 'heat', 'add', 'chopped', 'cilantro', 'broth/sauce', 'divide', 'cooked', 'angel', 'hair', 'pasta', 'three', 'plates', 'pour', 'sauce', 'equally', 'three', 'plates', 'pasta', 'toss', 'place', 'prawns', 'top', 'plate', 'serve', 'immediately']",Italian
542,"['place', 'all', 'ingredients', 'in', 'large', 'duch', 'oven', 'and', 'cover', 'simmer', 'on', 'the', 'stove', 'for', '1', '1/2-', '2', 'hours', 'serve', 'on', 'sturdy', 'french', 'rolls', 'with', 'sauce', 'peppers', 'and', 'onions', 'over', 'top', 'we', 'like', 'to', 'also', 'top', 'with', 'hot', 'gardinera']","['place', 'ingredients', 'large', 'duch', 'oven', 'cover', 'simmer', 'stove', 'serve', 'sturdy', 'french', 'rolls', 'sauce', 'peppers', 'onions', 'top', 'like', 'also', 'top', 'hot', 'gardinera']",Italian
9164,"['add', 'water', 'oil', 'and', 'spices', 'to', 'pan', 'bring', 'to', 'a', 'boil', 'slowly', 'stir', 'in', 'tomato', 'soup', 'slowly', 'stir', 'in', 'pureed', 'squash', 'soup', 'reduce', 'heat', 'to', 'medium', 'and', 'bring', 'to', 'a', 'slow', 'boil', 'reduce', 'heat', 'and', 'simmer', '10', 'minutes', 'correct', 'seasoning', 'with', 'salt', 'and', 'pepper', 'as', 'needed']","['add', 'water', 'oil', 'spices', 'pan', 'bring', 'boil', 'slowly', 'stir', 'tomato', 'soup', 'slowly', 'stir', 'pureed', 'squash', 'soup', 'reduce', 'heat', 'medium', 'bring', 'slow', 'boil', 'reduce', 'heat', 'simmer', 'correct', 'seasoning', 'salt', 'pepper', 'needed']",Indian
9456,"['grind', 'the', 'garlic', 'ginder', 'and', 'chilies', 'into', 'fine', 'paste', 'add', '4', 'tablespoon', 'oil', 'into', 'the', 'wok', 'and', 'set', 'the', 'fire', 'at', 'high', 'add', 'the', 'ground', 'paste', 'once', 'garlic', 'starts', 'to', 'brown', 'cut', 'the', 'onion', 'into', 'small', 'pieces', 'and', 'add', 'to', 'the', 'mixture', 'once', 'onions', 'go', 'soft', 'add', 'the', 'spices', 'and', 'the', 'chickpea', 'flour', 'onto', 'the', 'wok', 'reduce', 'the', 'gas', 'to', 'medium', 'and', 'add', 'the', 'balance', '2', 'tablespoons', 'of', 'oil', 'stir', 'well', 'until', 'the', 'spices', 'and', 'the', 'chickpea', 'flour', 'start', 'browning', 'cut', 'the', 'tomatoes', 'into', 'small', 'pieces', 'and', 'add', 'to', 'the', 'wok', 'add', 'a', 'glass', 'of', 'water', 'and', 'deglaze', 'the', 'wok', 'when', 'the', 'water', 'starts', 'boiling', 'cover', 'the', 'wok', 'and', 'turn', 'the', 'gas', 'to', 'low', 'soon', 'the', 'oil', 'starts', 'separating', 'and', 'the', 'tomatoes', 'starts', 'to', 'disintegrate', 'once', 'the', 'oil', 'has', 'seperated', 'remove', 'the', 'lid', 'turn', 'the', 'fire', 'to', 'medium', 'and', 'add', '2', 'more', 'glasses', 'of', 'water', 'once', 'the', 'mixture', 'starts', 'to', 'thicken', 'add', 'the', 'chicken', 'breast', 'cut', 'into', 'small', 'cubes', 'of', '1', 'cm', 'each', 'mix', 'well', 'and', 'increase', 'the', 'fire', 'to', 'high', 'again', 'the', 'mixture', 'will', 'start', 'to', 'thicken', 'and', 'when', 'that', 'happens', 'add', 'another', 'glass', 'of', 'water', 'cover', 'the', 'wok', 'and', 'set', 'the', 'fire', 'to', 'low', 'let', 'the', 'chicken', 'simmer', 'and', 'cook', 'slowly', 'for', '30mts', 'remove', 'the', 'lid', 'set', 'the', 'fire', 'to', 'medium', 'add', 'the', 'curry', 'leaves', 'and', 'let', 'it', 'simmer', 'for', 'another', '15mts', 'serve', 'with', 'hot', 'chappatis', 'or', 'rice']","['grind', 'garlic', 'ginder', 'chilies', 'fine', 'paste', 'add', 'oil', 'wok', 'set', 'fire', 'high', 'add', 'ground', 'paste', 'garlic', 'starts', 'brown', 'cut', 'onion', 'small', 'pieces', 'add', 'mixture', 'onions', 'go', 'soft', 'add', 'spices', 'chickpea', 'flour', 'onto', 'wok', 'reduce', 'gas', 'medium', 'add', 'balance', 'oil', 'stir', 'well', 'spices', 'chickpea', 'flour', 'start', 'browning', 'cut', 'tomatoes', 'small', 'pieces', 'add', 'wok', 'add', 'glass', 'water', 'deglaze', 'wok', 'water', 'starts', 'boiling', 'cover', 'wok', 'turn', 'gas', 'low', 'soon', 'oil', 'starts', 'separating', 'tomatoes', 'starts', 'disintegrate', 'oil', 'seperated', 'remove', 'lid', 'turn', 'fire', 'medium', 'add', 'glasses', 'water', 'mixture', 'starts', 'thicken', 'add', 'chicken', 'breast', 'cut', 'small', 'cubes', 'cm', 'mix', 'well', 'increase', 'fire', 'high', 'mixture', 'start', 'thicken', 'happens', 'add', 'another', 'glass', 'water', 'cover', 'wok', 'set', 'fire', 'low', 'let', 'chicken', 'simmer', 'cook', 'slowly', '30mts', 'remove', 'lid', 'set', 'fire', 'medium', 'add', 'curry', 'leaves', 'let', 'simmer', 'another', '15mts', 'serve', 'hot', 'chappatis', 'rice']",Indian
5064,"['in', 'large', 'pot', 'bring', '6', 'quarts', 'of', 'water', 'to', 'boil', 'over', 'high', 'heat', 'rinse', 'the', 'chard', 'cut', 'off', 'and', 'discard', 'the', 'stems', 'at', 'the', 'base', 'of', 'the', 'leaves', 'slice', 'the', 'leaves', 'crosswise', 'into', '1', 'inch', 'wide', 'strips', 'drop', 'the', 'chard', 'into', 'the', 'boiling', 'water', 'cover', 'and', 'when', 'it', 'comes', 'back', 'to', 'boil', 'reduce', 'to', 'simmer', 'for', '15', 'minutes', 'or', 'until', 'tender', 'drain', 'in', 'a', 'large', 'skillet', 'heat', '1', 't', 'of', 'the', 'olive', 'oil', 'with', 'the', 'garlic', 'and', 'red', 'pepper', 'over', 'medium', 'heat', 'stirring', 'constantly', 'for', '2', 'minutes', 'or', 'until', 'garlic', 'just', 'begins', 'to', 'turn', 'golden', 'immediately', 'stir', 'in', 'tomato', 'paste', 'continue', 'cooking', 'and', 'stirring', 'for', '1', 'more', 'minute', 'add', 'plum', 'tomatoes', 'turn', 'heat', 'to', 'high', 'and', 'stir', 'constantly', 'for', '1', '2', 'minutes', 'to', 'soften', 'the', 'tomatoes', 'add', 'the', 'beans', 'and', 'the', 'chard', 'continue', 'cooking', 'over', 'high', 'heat', 'stirring', 'constantly', 'for', '3', 'more', 'minutes', 'lower', 'the', 'heat', 'to', 'medium', 'and', 'stir', 'in', '2', 't', 'olive', 'oil', 'add', 'salt', 'and', 'pepper', 'to', 'taste', 'simmer', 'stirring', 'often', 'for', '2', 'more', 'minutes', 'sprinkle', 'with', 'olive', 'oil', 'before', 'serving']","['large', 'pot', 'bring', 'water', 'boil', 'high', 'heat', 'rinse', 'chard', 'cut', 'discard', 'stems', 'base', 'leaves', 'slice', 'leaves', 'crosswise', 'wide', 'strips', 'drop', 'chard', 'boiling', 'water', 'cover', 'comes', 'back', 'boil', 'reduce', 'simmer', 'tender', 'drain', 'large', 'skillet', 'heat', 'olive', 'oil', 'garlic', 'red', 'pepper', 'medium', 'heat', 'stirring', 'constantly', 'garlic', 'begins', 'turn', 'golden', 'immediately', 'stir', 'tomato', 'paste', 'continue', 'cooking', 'stirring', 'add', 'plum', 'tomatoes', 'turn', 'heat', 'high', 'stir', 'constantly', 'soften', 'tomatoes', 'add', 'beans', 'chard', 'continue', 'cooking', 'high', 'heat', 'stirring', 'constantly', 'lower', 'heat', 'medium', 'stir', 'olive', 'oil', 'add', 'salt', 'pepper', 'taste', 'simmer', 'stirring', 'often', 'sprinkle', 'olive', 'oil', 'serving']",Italian
3930,"['fold', 'together', 'anchovy', 'paste', 'bread', 'crumbs', 'parsley', 'capers', 'and', '2', 'tbsp', 'olive', 'oil-', 'this', 'is', 'your', 'stuffing', 'salt', 'and', 'pepper', 'the', 'veal', 'roll', 'up', 'some', 'stuffing', 'in', 'each', 'scaloppine', 'securing', 'the', 'rolls', 'with', 'toothpicks', 'as', 'you', 'go', 'heat', 'butter', 'and', 'remaining', 'oil', 'in', 'a', 'large', 'pan', 'over', 'med-high', 'heat', 'brown', 'veal', 'rolls', 'and', 'remove', 'reduce', 'the', 'stove', 'to', 'med-', 'low', 'heat', 'add', 'garlic', 'to', 'your', 'pan', 'and', 'saute', 'for', '30', 'sec', 'add', 'wine', 'and', 'deglaze', 'pan', 'stir', 'in', 'the', 'tomato', 'salt', 'pepper', 'and', 'red', 'pepper', 'flakes', 'bring', 'mixture', 'to', 'a', 'simmer', 'return', 'veal', 'rolls', 'to', 'the', 'pan', 'and', 'cover', 'cook', '20', 'minutes', 'turning', 'veal', 'rolls', 'once', 'meanwhile', 'salt', 'your', 'water', 'and', 'cook', 'your', 'spaghetti', 'place', 'veal', 'in', 'serving', 'dish', 'add', 'spinach', 'to', 'tomato', 'mixture', 'and', 'stir', 'until', 'spinach', 'wilts', 'pour', 'sauce', 'over', 'veal', 'and', 'serve', 'with', 'side', 'of', 'pasta']","['fold', 'together', 'anchovy', 'paste', 'bread', 'crumbs', 'parsley', 'capers', 'olive', 'oil', 'stuffing', 'salt', 'pepper', 'veal', 'roll', 'stuffing', 'scaloppine', 'securing', 'rolls', 'toothpicks', 'go', 'heat', 'butter', 'remaining', 'oil', 'large', 'pan', 'med', 'high', 'heat', 'brown', 'veal', 'rolls', 'remove', 'reduce', 'stove', 'med', 'low', 'heat', 'add', 'garlic', 'pan', 'saute', 'sec', 'add', 'wine', 'deglaze', 'pan', 'stir', 'tomato', 'salt', 'pepper', 'red', 'pepper', 'flakes', 'bring', 'mixture', 'simmer', 'return', 'veal', 'rolls', 'pan', 'cover', 'cook', 'turning', 'veal', 'rolls', 'meanwhile', 'salt', 'water', 'cook', 'spaghetti', 'place', 'veal', 'serving', 'dish', 'add', 'spinach', 'tomato', 'mixture', 'stir', 'spinach', 'wilts', 'pour', 'sauce', 'veal', 'serve', 'side', 'pasta']",Italian
10412,"['boil', 'the', 'chicken', 'with', 'onion', 'tomato', 'ginger-garlic', 'paste', 'and', 'salt', 'till', 'tender', 'once', 'cool', 'de-bone', 'remove', 'the', 'bones', 'the', 'chicken', 'grind', 'it', 'put', 'the', 'ground', 'chicken', 'in', 'a', 'bowl', 'add', 'the', 'mashed', 'peas', 'potato', 'cheese', 'garam', 'masala', 'red', 'chilli', 'powder', 'hot', 'sauce', 'and', 'salt', 'mix', 'well', 'heat', 'ghee/oil', 'in', 'a', 'pan', 'add', 'spring', 'onions', 'stir-fry', 'till', 'soft', 'add', 'the', 'chicken', 'mixture', 'stir-fry', 'for', '4-5', 'minutes', 'remove', 'into', 'a', 'bowl', 'keep', 'for', '3', 'minutes', 'now', 'take', 'a', 'slice', 'of', 'bread', 'and', 'thinly', 'spread', 'the', 'mixture', 'on', 'it', 'cut', 'the', 'brown', 'edges', 'of', 'the', 'bread', 'cut', 'the', 'bread', 'into', 'triangular', 'shape', 'put', 'sesame', 'seeds', 'on', 'top', 'of', 'the', 'bread', 'heat', 'oil/ghee', 'in', 'a', 'wok', 'dip', 'the', 'bread', 'slices', 'in', 'egg', 'white', 'deep', 'fry', 'drain', 'excess', 'oil', 'on', 'clean', 'paper', 'kitchen', 'napkins', 'serve', 'with', 'salad', 'lots', 'of', 'cucumber', '/tomato', 'ketchup', 'enjoy']","['boil', 'chicken', 'onion', 'tomato', 'ginger', 'garlic', 'paste', 'salt', 'till', 'tender', 'cool', 'de', 'bone', 'remove', 'bones', 'chicken', 'grind', 'put', 'ground', 'chicken', 'bowl', 'add', 'mashed', 'peas', 'potato', 'cheese', 'garam', 'masala', 'red', 'chilli', 'powder', 'hot', 'sauce', 'salt', 'mix', 'well', 'heat', 'ghee/oil', 'pan', 'add', 'spring', 'onions', 'stir', 'fry', 'till', 'soft', 'add', 'chicken', 'mixture', 'stir', 'fry', 'remove', 'bowl', 'keep', 'take', 'slice', 'bread', 'thinly', 'spread', 'mixture', 'cut', 'brown', 'edges', 'bread', 'cut', 'bread', 'triangular', 'shape', 'put', 'sesame', 'seeds', 'top', 'bread', 'heat', 'oil/ghee', 'wok', 'dip', 'bread', 'slices', 'egg', 'white', 'deep', 'fry', 'drain', 'excess', 'oil', 'clean', 'paper', 'kitchen', 'napkins', 'serve', 'salad', 'lots', 'cucumber', '/tomato', 'ketchup', 'enjoy']",Indian
687,"['preheat', 'grill', 'place', 'mushroom', 'gill', 'side', 'up', 'on', 'a', 'plate', 'spray', 'lightly', 'with', 'olive', 'oil', 'cooking', 'spray', 'sprinkle', 'with', 'salt', 'and', 'pepper', 'place', 'garlic', 'in', 'the', 'stem', 'indentation', 'of', 'the', 'mushroom', 'cap', 'drizzle', 'balsamic', 'vinegar', 'over', 'mushroom', 'grill', '4-6', 'inches', 'over', 'medium', 'coals', 'gill', 'side', 'up', 'until', 'the', 'edges', 'of', 'the', 'cap', 'down', 'and', 'mushroom', 'is', 'very', 'dark', 'in', 'color', 'the', 'cap', 'should', 'be', 'tender', 'yet', 'firm', 'and', 'slightly', 'pliable', 'when', 'picked', 'up', 'remove', 'from', 'heat', 'allow', 'cap', 'to', 'cool', 'slightly']","['preheat', 'grill', 'place', 'mushroom', 'gill', 'side', 'plate', 'spray', 'lightly', 'olive', 'oil', 'cooking', 'spray', 'sprinkle', 'salt', 'pepper', 'place', 'garlic', 'stem', 'indentation', 'mushroom', 'cap', 'drizzle', 'balsamic', 'vinegar', 'mushroom', 'grill', 'medium', 'coals', 'gill', 'side', 'edges', 'cap', 'mushroom', 'dark', 'color', 'cap', 'tender', 'yet', 'firm', 'slightly', 'pliable', 'picked', 'remove', 'heat', 'allow', 'cap', 'cool', 'slightly']",Italian
12212,"['cut', 'eggplant', 'in', 'half', 'longitudinally', 'place', 'cut', 'side', 'up', 'in', 'microwave', 'and', 'cook', 'on', 'high', '5mins', 'or', 'just', 'until', 'soft', 'enough', 'that', 'you', 'can', 'scoop', 'out', 'the', 'pulp', 'leaving', 'a', 'firm', 'shell', 'reserve', 'these', 'shells', 'heat', 'one', 'tablespoon', 'oil', 'and', 'add', 'cumin', 'seeds', 'just', 'as', 'they', 'crackle', 'add', 'ginger', 'chilis', 'cumin', 'and', 'coriander', 'powders', 'stir', 'in', 'the', 'potatoes', 'tomato', 'and', 'salt', 'cover', 'and', 'cook', 'about', '5mins', 'over', 'medium', 'heat', 'mix', 'in', 'the', 'mashed', 'eggplant', 'reduce', 'heat', 'and', 'let', 'cook', 'until', 'the', 'potatoes', 'are', 'completely', 'soft', 'take', 'the', 'eggplant', 'shells', 'and', 'fill', 'each', 'half', 'with', 'this', 'potato-pulp', 'mixture', 'in', 'a', 'small', 'bowl', 'make', 'a', 'paste', 'of', 'the', 'flour', 'and', 'water', 'spread', 'this', 'paste', 'in', 'a', 'layer', 'over', 'the', 'potatoes', 'ensuring', 'the', 'top', 'and', 'sides', 'of', 'the', 'stuffing', 'are', 'completely', 'covered', 'sprinkle', 'the', 'chopped', 'cilanto', 'over', 'the', 'paste', 'heat', 'remaining', 'oil', 'in', 'a', 'large', 'skillet', 'and', 'pan-fry', 'the', 'eggplant', 'in', 'it', 'stuffing', 'side', 'down', 'the', 'flour', 'paste', 'will', 'form', 'a', 'shell', 'on', 'it', 'as', 'it', 'fries', 'turn', 'over', 'and', 'fry', 'the', 'skin', 'side', 'too', 'until', 'it', 'crisps', 'up']","['cut', 'eggplant', 'half', 'longitudinally', 'place', 'cut', 'side', 'microwave', 'cook', 'high', '5mins', 'soft', 'enough', 'scoop', 'pulp', 'leaving', 'firm', 'shell', 'reserve', 'shells', 'heat', 'one', 'oil', 'add', 'cumin', 'seeds', 'crackle', 'add', 'ginger', 'chilis', 'cumin', 'coriander', 'powders', 'stir', 'potatoes', 'tomato', 'salt', 'cover', 'cook', '5mins', 'medium', 'heat', 'mix', 'mashed', 'eggplant', 'reduce', 'heat', 'let', 'cook', 'potatoes', 'completely', 'soft', 'take', 'eggplant', 'shells', 'fill', 'half', 'potato', 'pulp', 'mixture', 'small', 'bowl', 'make', 'paste', 'flour', 'water', 'spread', 'paste', 'layer', 'potatoes', 'ensuring', 'top', 'sides', 'stuffing', 'completely', 'covered', 'sprinkle', 'chopped', 'cilanto', 'paste', 'heat', 'remaining', 'oil', 'large', 'skillet', 'pan', 'fry', 'eggplant', 'stuffing', 'side', 'flour', 'paste', 'form', 'shell', 'fries', 'turn', 'fry', 'skin', 'side', 'crisps']",Indian
8963,"['cut', 'potatoes', 'in', '1-inch', 'cubes', 'boil', 'potatoes', 'in', 'salted', 'water', 'until', 'half-done', '8-10', 'minutes', 'drain', 'make', 'a', 'paste', 'of', 'spices', 'except', 'bay', 'leaves', 'and', 'red', 'pepper', 'and', 'yogurt', 'toss', 'potatoes', 'in', 'it', 'to', 'coat', 'melt', 'butter', 'in', 'a', 'medium-sized', 'heavy', 'dutch', 'over', 'or', 'casserole', 'add', 'bay', 'leaves', 'and', 'red', 'pepper', 'stir', 'over', 'low', 'heat', 'for', 'a', 'few', 'minutes', 'add', 'sugar', 'stir', 'until', 'sugar', 'just', 'begins', 'to', 'caramelize', 'and', 'turn', 'golden', 'add', 'potatoes', 'stir', 'and', 'toss', 'gently', 'cover', 'and', 'bake', 'at', '350', 'degrees', 'for', '30', 'minutes']","['cut', 'potatoes', '1', 'inch', 'cubes', 'boil', 'potatoes', 'salted', 'water', 'half', 'done', 'drain', 'make', 'paste', 'spices', 'except', 'bay', 'leaves', 'red', 'pepper', 'yogurt', 'toss', 'potatoes', 'coat', 'melt', 'butter', 'medium', 'sized', 'heavy', 'dutch', 'casserole', 'add', 'bay', 'leaves', 'red', 'pepper', 'stir', 'low', 'heat', 'add', 'sugar', 'stir', 'sugar', 'begins', 'caramelize', 'turn', 'golden', 'add', 'potatoes', 'stir', 'toss', 'gently', 'cover', 'bake']",Indian
8680,"['tomato', 'chutney', 'in', 'a', 'skillet', 'add', '1', 'teaspoon', 'peanut', 'oil', 'and', 'saute', 'onions', 'on', 'medium', 'low', 'heat', 'for', '8', 'minutes', 'allowing', 'them', 'to', 'lightly', 'brown', 'add', 'garlic', 'minced', 'ginger', 'fennel', 'seeds', 'paprika', 'and', 'turmeric', 'and', 'saute', 'for', 'an', 'additional', '2-3', 'minutes', 'stirring', 'them', 'constantly', 'do', 'not', 'let', 'burn', 'add', 'tomatoes', 'chili', 'and', 'vegetable', 'stock', 'and', 'simmer', 'for', '20-30', 'minutes', 'remove', 'from', 'heat', 'shallow', 'fried', 'eggplant', 'peel', 'and', 'slice', 'eggplant', 'and', 'place', 'on', 'a', 'paper', 'towel', 'or', 'parchment', 'paper', 'and', 'sprinkle', 'each', 'slice', 'with', 'salt', 'allow', 'to', 'sit', 'for', '15', '20', 'minutes', 'use', 'paper', 'towel', 'to', 'blot', 'our', 'extra', 'moisture', 'from', 'each', 'slice', 'use', 'two', 'shallow', 'bowls', 'and', 'place', 'egg', 'and', 'milk', 'in', 'one', 'and', 'mix', 'thoroughly', 'in', 'the', 'second', 'bowl', 'add', 'bread', 'crumbs', '3', 'teaspoons', 'of', 'turmeric', 'powder', 'chili', 'powder', 'paprika', 'ground', 'ginger', 'and', 'mix', 'together', 'thoroughly', 'in', 'deep', 'sturdy', 'skillet', 'add', 'about', 'an', 'half', 'inch', 'deep', 'of', 'peanut', 'oil', 'for', 'frying', 'dip', 'each', 'slice', 'of', 'eggplant', 'into', 'the', 'egg', 'mixture', 'and', 'then', 'into', 'the', 'bread', 'crumb', 'mixture', 'and', 'then', 'fry', 'until', 'golden', 'brown', 'drain', 'excess', 'oil', 'off', 'each', 'slice', 'by', 'placing', 'on', 'a', 'paper', 'towel', 'warm', 'up', 'tomato', 'chutney', 'and', 'serve', 'with', 'the', 'eggplant', 'enjoy']","['tomato', 'chutney', 'skillet', 'add', 'peanut', 'oil', 'saute', 'onions', 'medium', 'low', 'heat', 'allowing', 'lightly', 'brown', 'add', 'garlic', 'minced', 'ginger', 'fennel', 'seeds', 'paprika', 'turmeric', 'saute', 'additional', 'stirring', 'constantly', 'let', 'burn', 'add', 'tomatoes', 'chili', 'vegetable', 'stock', 'simmer', 'remove', 'heat', 'shallow', 'fried', 'eggplant', 'peel', 'slice', 'eggplant', 'place', 'paper', 'towel', 'parchment', 'paper', 'sprinkle', 'slice', 'salt', 'allow', 'sit', 'use', 'paper', 'towel', 'blot', 'extra', 'moisture', 'slice', 'use', 'two', 'shallow', 'bowls', 'place', 'egg', 'milk', 'one', 'mix', 'thoroughly', 'second', 'bowl', 'add', 'bread', 'crumbs', 'turmeric', 'powder', 'chili', 'powder', 'paprika', 'ground', 'ginger', 'mix', 'together', 'thoroughly', 'deep', 'sturdy', 'skillet', 'add', 'half', 'deep', 'peanut', 'oil', 'frying', 'dip', 'slice', 'eggplant', 'egg', 'mixture', 'bread', 'crumb', 'mixture', 'fry', 'golden', 'brown', 'drain', 'excess', 'oil', 'slice', 'placing', 'paper', 'towel', 'warm', 'tomato', 'chutney', 'serve', 'eggplant', 'enjoy']",Indian
11350,"['slowly', 'bring', 'milk', 'rice', '3/4', 'of', 'your', 'cinnamon', 'stick', 'and', 'a', 'split', 'vanilla', 'bean', 'if', 'you', 'have', 'it', 'to', 'a', 'boil', 'and', 'simmer', 'for', 'about', '45', 'or', '50', 'minutes', 'this', 'will', 'burn', 'easily', 'so', 'use', 'a', 'heavy', 'pot', 'while', 'you', 'are', 'waiting', 'grind', 'the', 'remaining', '1/4', 'of', 'cinnamon', 'stick', 'allspice', 'cloves', 'and', 'the', 'seeds', 'from', 'the', 'cardimum', 'pods', 'this', 'is', 'your', 'spice', 'mixture', 'when', 'rice', 'becomes', 'very', 'soft', 'remove', 'the', 'cinimon', 'stick', 'and', 'vanilla', 'bean', 'if', 'you', 'had', 'one', 'combine', 'together', 'cream', 'egg', 'yolks', 'vanilla', 'if', 'you', 'did', 'not', 'have', 'a', 'whole', 'bean', 'spice', 'mixture', 'and', 'sugar', 'temper', 'it', 'with', 'the', 'hot', 'milk', 'and', 'rice', 'then', 'add', 'to', 'rice', 'mixture', 'cook', 'until', 'it', 'thickens', 'pour', 'it', 'into', 'your', 'favorite', 'seving', 'dish', 'chill', 'and', 'enjoy']","['slowly', 'bring', 'milk', 'rice', 'cinnamon', 'stick', 'split', 'vanilla', 'bean', 'boil', 'simmer', 'burn', 'easily', 'use', 'heavy', 'pot', 'waiting', 'grind', 'remaining', 'cinnamon', 'stick', 'allspice', 'cloves', 'seeds', 'cardimum', 'pods', 'spice', 'mixture', 'rice', 'becomes', 'soft', 'remove', 'cinimon', 'stick', 'vanilla', 'bean', 'one', 'combine', 'together', 'cream', 'egg', 'yolks', 'vanilla', 'whole', 'bean', 'spice', 'mixture', 'sugar', 'temper', 'hot', 'milk', 'rice', 'add', 'rice', 'mixture', 'cook', 'thickens', 'pour', 'favorite', 'seving', 'dish', 'chill', 'enjoy']",Indian
4036,"['heat', 'the', 'olive', 'oil', 'in', 'a', 'stew', 'pot', 'over', 'medium', 'heat', 'add', 'the', 'lamb', 'the', 'whole', 'cloves', 'of', 'garlic', 'and', 'rosemary', 'and', 'toss', 'to', 'coat', 'with', 'the', 'oil', 'sauté', 'for', '1', 'minute', 'and', 'season', 'with', 'salt', 'and', 'pepper', 'add', 'the', 'wine', 'and', 'cook', 'covered', 'over', 'low', 'heat', 'for', 'up', 'to', '2', 'hours', 'add', 'more', 'wine', 'or', 'water', 'if', 'the', 'liquid', 'evaporates', 'too', 'much', 'serve', 'over', 'soft', 'polenta']","['heat', 'olive', 'oil', 'stew', 'pot', 'medium', 'heat', 'add', 'lamb', 'whole', 'cloves', 'garlic', 'rosemary', 'toss', 'coat', 'oil', 'sauté', 'season', 'salt', 'pepper', 'add', 'wine', 'cook', 'covered', 'low', 'heat', 'add', 'wine', 'water', 'liquid', 'evaporates', 'much', 'serve', 'soft', 'polenta']",Italian
12039,"['for', 'the', 'soup', 'heat', 'oil', 'with', 'butter', 'in', 'a', 'large', 'heavy', 'pot', 'over', 'medium', 'heat', 'until', 'foam', 'subsides', 'then', 'cook', 'squash', 'onion', 'carrot', 'celery', 'garlic', 'ginger', 'and', '1', 'teaspoon', 'salt', 'stirring', 'occasionally', 'until', 'vegetables', 'are', 'beginning', 'to', 'brown', '15', 'to', '20', 'minutes', 'add', 'curry', 'powder', 'cumin', 'and', 'pepper', 'and', 'cook', 'stirring', 'frequently', '1', 'minute', 'add', 'lentils', 'and', 'broth', 'and', 'simmer', 'covered', 'until', 'lentils', 'are', 'tender', 'about', '30', 'minutes', 'remove', 'from', 'heat', 'and', 'stir', 'in', 'lemon', 'juice', 'season', 'to', 'taste', 'with', 'salt', 'and', 'pepper', 'for', 'cilantro', 'oil', 'purée', 'cilantro', 'oil', 'and', '1/2', 'teaspoon', 'salt', 'in', 'a', 'blender', 'to', 'serve', 'drizzle', 'soup', 'with', 'cilantro', 'oil', 'accompany', 'with', 'cucumber', 'raita', 'and', 'naan', 'for', 'an', 'excellent', 'meal']","['soup', 'heat', 'oil', 'butter', 'large', 'heavy', 'pot', 'medium', 'heat', 'foam', 'subsides', 'cook', 'squash', 'onion', 'carrot', 'celery', 'garlic', 'ginger', 'salt', 'stirring', 'occasionally', 'vegetables', 'beginning', 'brown', 'add', 'curry', 'powder', 'cumin', 'pepper', 'cook', 'stirring', 'frequently', 'add', 'lentils', 'broth', 'simmer', 'covered', 'lentils', 'tender', 'remove', 'heat', 'stir', 'lemon', 'juice', 'season', 'taste', 'salt', 'pepper', 'cilantro', 'oil', 'purée', 'cilantro', 'oil', 'salt', 'blender', 'serve', 'drizzle', 'soup', 'cilantro', 'oil', 'accompany', 'cucumber', 'raita', 'naan', 'excellent', 'meal']",Indian
11149,"['take', 'your', 'water', 'and', 'cook', 'the', 'yellow', 'split', 'peas', 'split', 'white', 'gram', 'yellow', 'moong', 'dal', 'and', 'red', 'lentils', 'along', 'with', 'the', 'ginger', 'and', 'salt', 'until', 'they', 'are', 'soft', 'approximately', '30', 'minutes', 'in', 'a', 'separate', 'saucepan', 'heat', 'your', 'oil', 'and', 'add', 'the', 'cumin', 'seeds-as', 'the', 'seeds', 'begin', 'to', 'splutter', 'add', 'the', 'minced', 'garlic', 'and', 'tomatoes', 'and', 'sauté', 'for', 'a', 'few', 'minutes', 'just', 'they', 'begin', 'to', 'cook', 'next', 'add', 'the', 'salt', 'and', 'other', 'spices', 'and', 'thoroughly', 'combine', 'then', 'take', 'the', 'beans', 'including', 'the', 'water', 'you', 'cooked', 'them', 'in', 'and', 'add', 'them', 'to', 'the', 'saucepan', 'cook', 'for', '3', 'minutes', 'and', 'serve', 'sprinkle', 'with', 'chopped', 'cilantro', 'and', 'a', 'spoonful', 'of', 'yogurt', 'if', 'you', 'choose', 'to', 'can', 'also', 'serve', 'with', 'your', 'choice', 'of', 'breads', 'as', 'well']","['take', 'water', 'cook', 'yellow', 'split', 'peas', 'split', 'white', 'gram', 'yellow', 'moong', 'dal', 'red', 'lentils', 'along', 'ginger', 'salt', 'soft', 'approximately', 'separate', 'saucepan', 'heat', 'oil', 'add', 'cumin', 'seeds', 'seeds', 'begin', 'splutter', 'add', 'minced', 'garlic', 'tomatoes', 'sauté', 'begin', 'cook', 'next', 'add', 'salt', 'spices', 'thoroughly', 'combine', 'take', 'beans', 'including', 'water', 'cooked', 'add', 'saucepan', 'cook', 'serve', 'sprinkle', 'chopped', 'cilantro', 'spoonful', 'yogurt', 'choose', 'also', 'serve', 'choice', 'breads', 'well']",Indian
12807,"['mix', 'everything', 'together', 'line', 'a', 'small', 'square/rectangular', 'dish', 'with', 'clingfilm', 'spoon', 'the', 'butter', 'onto', 'it', 'freeze', 'when', 'the', 'butter', 'has', 'frozen', 'remove', 'it', 'from', 'the', 'dish', 'alongwith', 'the', 'clingfilm', 'refrigerate', 'store', 'refrigerated', 'for', '1', 'week', 'or', 'frozen', 'for', 'upto', '2', 'months']","['mix', 'everything', 'together', 'line', 'small', 'square/rectangular', 'dish', 'clingfilm', 'spoon', 'butter', 'onto', 'freeze', 'butter', 'frozen', 'remove', 'dish', 'alongwith', 'clingfilm', 'refrigerate', 'store', 'refrigerated', 'week', 'frozen', 'upto', 'months']",Indian
3422,"['preheat', 'the', 'oven', 'to', '425°f', 'bake', 'the', 'potatoes', 'for', 'an', 'hour', 'until', 'they', 'are', 'crispy', 'on', 'the', 'outside', 'and', 'fluffy', 'on', 'the', 'inside', 'cool', 'for', 'a', 'couple', 'hours', 'remove', 'insides', 'with', 'a', 'spoon', 'and', 'mash', 'them', 'using', 'a', 'potato', 'ricer', 'or', 'a', 'fork', 'until', 'they', 'are', 'very', 'smooth', 'place', 'the', 'potatoes', 'in', 'a', 'bowl', 'and', 'add', 'the', 'nutmeg', 'salt', 'a', 'pinch', 'of', 'pepper', 'the', 'egg', 'yolk', 'and', 'the', 'ricotta', 'mix', 'together', 'to', 'combine', 'and', 'let', 'rest', 'overnight', 'in', 'the', 'refrigerator', 'uncovered', 'the', 'next', 'day', 'spread', 'the', 'semolina', 'flour', 'in', 'an', 'even', 'layer', 'on', 'a', 'baking', 'sheet', 'or', 'tray', 'then', 'place', 'the', 'potato', 'mixture', 'in', 'the', 'bowl', 'of', 'a', 'stand', 'mixer', 'and', 'using', 'the', 'paddle', 'attachment', 'add', 'the', 'flour', 'on', 'low-medium', 'speed', 'once', 'the', 'mixture', 'has', 'come', 'together', 'remove', 'it', 'from', 'the', 'bowl', 'and', 'cut', 'into', 'fist-size', 'balls', 'roll', 'each', 'ball', 'in', 'the', 'palms', 'of', 'your', 'hands', 'and', 'then', 'form', 'it', 'into', 'a', 'cigar', 'shape', 'cut', 'each', 'of', 'these', 'tubes', 'into', '1-inch', 'pieces', 'place', 'them', 'on', 'the', 'bed', 'of', 'semolina', 'flour', 'and', 'put', 'the', 'tray', 'into', 'the', 'refrigerator', 'for', '10-20', 'minutes', 'to', 'set', 'to', 'cook', 'drop', 'the', 'gnocchi', 'into', 'salted', 'boiling', 'water', 'when', 'the', 'first', 'few', 'rise', 'to', 'the', 'top', 'of', 'the', 'pot', 'remove', 'all', 'the', 'gnocchi', 'with', 'a', 'slotted', 'spoon']","['preheat', 'oven', '425°f', 'bake', 'potatoes', 'crispy', 'outside', 'fluffy', 'inside', 'cool', 'couple', 'remove', 'insides', 'spoon', 'mash', 'using', 'potato', 'ricer', 'fork', 'smooth', 'place', 'potatoes', 'bowl', 'add', 'nutmeg', 'salt', 'pinch', 'pepper', 'egg', 'yolk', 'ricotta', 'mix', 'together', 'combine', 'let', 'rest', 'overnight', 'refrigerator', 'uncovered', 'next', 'day', 'spread', 'semolina', 'flour', 'even', 'layer', 'baking', 'sheet', 'tray', 'place', 'potato', 'mixture', 'bowl', 'stand', 'mixer', 'using', 'paddle', 'attachment', 'add', 'flour', 'low', 'medium', 'speed', 'mixture', 'come', 'together', 'remove', 'bowl', 'cut', 'fist', 'size', 'balls', 'roll', 'ball', 'palms', 'hands', 'form', 'cigar', 'shape', 'cut', 'tubes', '1', 'inch', 'pieces', 'place', 'bed', 'semolina', 'flour', 'put', 'tray', 'refrigerator', 'set', 'cook', 'drop', 'gnocchi', 'salted', 'boiling', 'water', 'first', 'rise', 'top', 'pot', 'remove', 'gnocchi', 'slotted', 'spoon']",Italian
1171,"['combine', 'beans', 'chickpeas', 'lentils', 'parsley', 'and', 'chives', 'in', 'a', 'bowl', 'make', 'the', 'dressing', '-place', 'lemon', 'rind', 'lemon', 'juice', 'oil', 'and', 'garlic', 'in', 'a', 'screw-top', 'jar', 'season', 'with', 'salt', 'and', 'pepper', 'secure', 'lid', 'shake', 'to', 'combine', 'toss', 'dressing', 'through', 'salad', 'serve']","['combine', 'beans', 'chickpeas', 'lentils', 'parsley', 'chives', 'bowl', 'make', 'dressing', 'place', 'lemon', 'rind', 'lemon', 'juice', 'oil', 'garlic', 'screw', 'top', 'jar', 'season', 'salt', 'pepper', 'secure', 'lid', 'shake', 'combine', 'toss', 'dressing', 'salad', 'serve']",Italian
624,"['prepare', 'commeal', 'crust', 'combine', 'white', 'wine', 'lemon', 'juice', '1', 'tablespoon', 'olive', 'oil', 'garlic', 'oregano', 'basil', 'and', 'pepper', 'in', 'medium', 'bowl', 'transfer', 'wine', 'mixture', 'to', 'large', 'resealable', 'plastic', 'food', 'storage', 'bag', 'add', 'chicken', 'to', 'bag', 'seal', 'bag', 'and', 'knead', 'to', 'coat', 'chicken', 'with', 'marinade', 'place', 'in', 'refrigerator', 'and', 'marinate', 'at', 'least', '2', 'hours', 'or', 'overnight', 'remove', 'chicken', 'from', 'marinade', 'discard', 'remaining', 'marinade', 'spray', 'large', 'nonstick', 'skillet', 'with', 'cooking', 'spray', 'heat', 'over', 'medium', 'heat', 'until', 'hot', 'add', 'chicken', 'cook', 'and', 'stir', '12', 'to', '15', 'minutes', 'or', 'until', 'chicken', 'is', 'golden', 'brown', 'and', 'no', 'longer', 'pink', 'in', 'center', 'remove', 'chicken', 'to', 'cutting', 'board', 'when', 'chicken', 'is', 'cool', 'enough', 'to', 'handle', 'cut', 'into', '1/2-inch', 'pieces', 'preheat', 'oven', 'to', '450°f', 'degrees', 'brush', 'dough', 'with', 'remaining', '1', 'tablespoon', 'olive', 'oil', 'top', 'with', 'chicken', 'boursin', 'cheese', 'basil', 'an', 'chives', 'bake', '18', 'to', '20', 'minutes', 'or', 'until', 'crust', 'is', 'golden', 'brown', 'and', 'cheese', 'is', 'melted']","['prepare', 'commeal', 'crust', 'combine', 'white', 'wine', 'lemon', 'juice', 'olive', 'oil', 'garlic', 'oregano', 'basil', 'pepper', 'medium', 'bowl', 'transfer', 'wine', 'mixture', 'large', 'resealable', 'plastic', 'food', 'storage', 'bag', 'add', 'chicken', 'bag', 'seal', 'bag', 'knead', 'coat', 'chicken', 'marinade', 'place', 'refrigerator', 'marinate', 'least', 'overnight', 'remove', 'chicken', 'marinade', 'discard', 'remaining', 'marinade', 'spray', 'large', 'nonstick', 'skillet', 'cooking', 'spray', 'heat', 'medium', 'heat', 'hot', 'add', 'chicken', 'cook', 'stir', 'chicken', 'golden', 'brown', 'longer', 'pink', 'center', 'remove', 'chicken', 'cutting', 'board', 'chicken', 'cool', 'enough', 'handle', 'cut', '1/2', 'inch', 'pieces', 'preheat', 'oven', '450°f', 'brush', 'dough', 'remaining', 'olive', 'oil', 'top', 'chicken', 'boursin', 'cheese', 'basil', 'chives', 'bake', 'crust', 'golden', 'brown', 'cheese', 'melted']",Italian
4059,"['season', 'oxtails', 'with', 'salt', 'and', 'pepper', 'heat', 'a', '6', 'quart', 'stove', 'top', 'covered', 'casserole', 'and', 'add', 'the', 'oil', 'and', 'garlic', 'saute', 'for', 'just', 'a', 'moment', 'and', 'add', 'one', 'third', 'of', 'the', 'meat', 'brown', 'well', 'on', 'both', 'sides', 'and', 'remove', 'brown', 'next', 'third', 'and', 'then', 'last', 'third', 'drain', 'fat', 'from', 'the', 'pot', 'and', 'return', 'all', 'the', 'meat', 'along', 'with', 'all', 'the', 'other', 'ingredients', 'cover', 'and', 'simmer', 'until', 'very', 'tender', 'about', '2', '1/2', 'hours', 'you', 'may', 'need', 'to', 'add', 'a', 'bit', 'of', 'water', 'now', 'and', 'then', 'if', 'the', 'mixture', 'dries', 'out', 'i', 'add', 'a', 'can', 'of', 'chopped', 'tomatoes', 'at', 'the', 'end']","['season', 'oxtails', 'salt', 'pepper', 'heat', 'stove', 'top', 'covered', 'casserole', 'add', 'oil', 'garlic', 'saute', 'moment', 'add', 'one', 'third', 'meat', 'brown', 'well', 'sides', 'remove', 'brown', 'next', 'third', 'last', 'third', 'drain', 'fat', 'pot', 'return', 'meat', 'along', 'ingredients', 'cover', 'simmer', 'tender', 'may', 'need', 'add', 'bit', 'water', 'mixture', 'dries', 'add', 'chopped', 'tomatoes', 'end']",Italian
9015,"['mix', 'semolina', 'sugar', 'and', 'curd', 'stir', 'well', 'add', 'raisins', 'nuts', 'powdered', 'cardamom', 'and', 'vanilla', 'essence', 'pre-heat', 'oven', 'to', '300', 'degrees', 'fahrenhit', 'grease', 'a', 'medium', 'size', 'pan', 'with', 'butter', 'pour', 'in', 'the', 'mixture', 'and', 'bake', 'for', '30-45', 'minutes']","['mix', 'semolina', 'sugar', 'curd', 'stir', 'well', 'add', 'raisins', 'nuts', 'powdered', 'cardamom', 'vanilla', 'essence', 'pre', 'heat', 'oven', 'fahrenhit', 'grease', 'medium', 'size', 'pan', 'butter', 'pour', 'mixture', 'bake']",Indian
10402,"['puree', 'the', 'onions', 'garlic', 'ginger', 'and', 'water', 'in', 'a', 'blender', 'in', 'seperate', 'bowl', 'mix', 'together', 'the', 'tumeric', 'cayenne', 'pepper', 'cumin', 'coriander', 'cardamon', 'cinnamon', 'bayleaves', 'salt', 'and', 'nutmeg', 'in', 'a', '8', 'quart', 'saucepan', 'heat', 'the', 'ghee', 'on', 'medium', 'high', 'heat', 'when', 'the', 'ghee', 'is', 'hot', 'add', 'the', 'whole', 'cumin', 'stirring', 'until', 'the', 'seeds', 'sizzle', 'add', 'the', 'puree', 'and', 'stir', 'if', 'it', 'starts', 'sticking', 'turn', 'down', 'the', 'heat', 'stir', 'until', 'puree', 'is', 'golden', 'and', 'most', 'of', 'the', 'moisture', 'has', 'evaperated', 'add', 'the', 'chicken', 'stir', 'fry', 'until', 'chicken', 'turns', 'golden', 'brown', 'add', 'the', 'spice', 'mixture', 'and', 'stir', 'until', 'they', 'start', 'to', 'give', 'a', 'fagrance', 'add', 'sour', 'cream', 'stirring', 'constantly', 'bring', 'to', 'a', 'boil', 'and', 'reduce', 'heat', 'to', 'the', 'lowest', 'setting', 'possible', 'cover', 'tightly', 'and', 'cook', 'for', '30', 'minutes', 'until', 'the', 'chicken', 'is', 'tender', 'before', 'serving', 'sprinkle', 'almonds', 'and', 'then', 'fresh', 'cilantro', 'on', 'the', 'curry', 'serve', 'hot', 'over', 'basmati', 'rice']","['puree', 'onions', 'garlic', 'ginger', 'water', 'blender', 'seperate', 'bowl', 'mix', 'together', 'tumeric', 'cayenne', 'pepper', 'cumin', 'coriander', 'cardamon', 'cinnamon', 'bayleaves', 'salt', 'nutmeg', 'saucepan', 'heat', 'ghee', 'medium', 'high', 'heat', 'ghee', 'hot', 'add', 'whole', 'cumin', 'stirring', 'seeds', 'sizzle', 'add', 'puree', 'stir', 'starts', 'sticking', 'turn', 'heat', 'stir', 'puree', 'golden', 'moisture', 'evaperated', 'add', 'chicken', 'stir', 'fry', 'chicken', 'turns', 'golden', 'brown', 'add', 'spice', 'mixture', 'stir', 'start', 'give', 'fagrance', 'add', 'sour', 'cream', 'stirring', 'constantly', 'bring', 'boil', 'reduce', 'heat', 'lowest', 'setting', 'possible', 'cover', 'tightly', 'cook', 'chicken', 'tender', 'serving', 'sprinkle', 'almonds', 'fresh', 'cilantro', 'curry', 'serve', 'hot', 'basmati', 'rice']",Indian
3481,"['cook', 'pasta', 'as', 'directed', 'and', 'drain', 'meanwhile', 'in', 'a', 'heave', 'pan', 'heat', 'butter', 'add', 'mushrooms', 'and', 'saute', 'until', 'tender', 'add', 'cream', 'and', 'parsley', 'to', 'pan', 'and', 'bring', 'to', 'a', 'boil', 'let', 'boil', '1', 'minute', 'until', 'thickened', 'add', 'proscuitto', 'and', 'stir', 'well', 'remove', 'from', 'heat', 'and', 'add', 'parmsean', 'nutmeg', 'salt', 'and', 'pepper', 'to', 'taste', 'in', 'large', 'bowl', 'combine', 'sauce', 'with', 'pasta', 'and', 'toss', 'let', 'set', 'for', '1', 'minutes', 'so', 'liquid', 'absorbs', 'garnish', 'with', 'extra', 'parsley', 'and', 'cheese', 'serve']","['cook', 'pasta', 'directed', 'drain', 'meanwhile', 'heave', 'pan', 'heat', 'butter', 'add', 'mushrooms', 'saute', 'tender', 'add', 'cream', 'parsley', 'pan', 'bring', 'boil', 'let', 'boil', 'thickened', 'add', 'proscuitto', 'stir', 'well', 'remove', 'heat', 'add', 'parmsean', 'nutmeg', 'salt', 'pepper', 'taste', 'large', 'bowl', 'combine', 'sauce', 'pasta', 'toss', 'let', 'set', 'liquid', 'absorbs', 'garnish', 'extra', 'parsley', 'cheese', 'serve']",Italian
10560,"['put', 'all', 'the', 'ingredients', 'in', 'a', 'blender', 'bowl', 'cover', 'process', 'for', '2', 'minutes', 'pour', 'over', 'ice', 'cubes', 'in', 'a', 'tall', 'glass', 'serve']","['put', 'ingredients', 'blender', 'bowl', 'cover', 'process', 'pour', 'ice', 'cubes', 'tall', 'glass', 'serve']",Indian
259,"['bring', 'a', 'medium', 'pot', 'of', 'salted', 'water', 'to', 'boil', 'add', 'the', 'onions', 'and', 'cook', 'until', 'almost', 'tender', 'but', 'not', 'falling', 'apart', 'about', '8-10', 'minutes', 'drain', 'and', 'set', 'aside', 'reserving', '1', 'cup', 'of', 'the', 'onion-cooking', 'broth', 'cut', 'each', 'pork', 'tenderloin', 'into', '6', 'chunks', 'with', 'a', 'meat', 'mallet', 'pound', 'each', 'to', 'a', 'thickness', 'of', 'about', '1/2', 'inch', 'in', 'a', 'large', 'skillet', 'over', 'medium', 'heat', 'melt', '2', 'tbsp', 'of', 'the', 'butter', 'in', 'the', 'olive', 'oil', 'spread', 'flour', 'on', 'a', 'plate', 'for', 'dredging', 'season', 'the', 'pork', 'with', '1/2', 'tsp', 'of', 'salt', 'and', 'lightly', 'dredge', 'it', 'in', 'the', 'flour', 'brown', 'the', 'pork', 'on', 'both', 'sides', 'about', '2', 'minutes', 'per', 'side', 'and', 'remove', 'to', 'a', 'plate', 'add', 'the', 'onions', 'to', 'the', 'skillet', 'and', 'let', 'them', 'cook', 'a', 'few', 'minutes', 'until', 'lightly', 'carmelized', 'add', 'the', 'white', 'wine', 'and', 'bring', 'to', 'a', 'boil', 'once', 'the', 'wine', 'is', 'almost', 'reduced', 'add', 'the', 'sage', 'the', 'reserved', 'onion-cooking', 'broth', 'and', 'the', 'remaining', '1/2', 'tsp', 'of', 'salt', 'let', 'the', 'sauce', 'simmer', 'for', 'a', 'few', 'minutes', 'until', 'it', 'is', 'reduced', 'by', 'almost', 'half', 'whisk', 'in', 'the', 'vinegar', 'and', 'the', 'remaining', '2', 'tbsp', 'of', 'butter', 'add', 'the', 'pork', 'back', 'to', 'the', 'skillet', 'with', 'the', 'grapes', 'and', 'simmer', 'until', 'the', 'sauce', 'is', 'thickened', 'and', 'grapes', 'just', 'begin', 'to', 'soften', 'about', '3-4', 'minutes']","['bring', 'medium', 'pot', 'salted', 'water', 'boil', 'add', 'onions', 'cook', 'almost', 'tender', 'falling', 'apart', 'drain', 'set', 'aside', 'reserving', 'onion', 'cooking', 'broth', 'cut', 'pork', 'tenderloin', 'chunks', 'meat', 'mallet', 'thickness', 'large', 'skillet', 'medium', 'heat', 'melt', 'butter', 'olive', 'oil', 'spread', 'flour', 'plate', 'dredging', 'season', 'pork', 'salt', 'lightly', 'dredge', 'flour', 'brown', 'pork', 'sides', 'per', 'side', 'remove', 'plate', 'add', 'onions', 'skillet', 'let', 'cook', 'lightly', 'carmelized', 'add', 'white', 'wine', 'bring', 'boil', 'wine', 'almost', 'reduced', 'add', 'sage', 'reserved', 'onion', 'cooking', 'broth', 'remaining', 'salt', 'let', 'sauce', 'simmer', 'reduced', 'almost', 'half', 'whisk', 'vinegar', 'remaining', 'butter', 'add', 'pork', 'back', 'skillet', 'grapes', 'simmer', 'sauce', 'thickened', 'grapes', 'begin', 'soften']",Italian
4563,"['bring', 'a', 'large', 'stockpot', 'filled', 'with', 'salted', 'water', 'to', 'a', 'boil', 'over', 'high', 'heat', 'prepare', 'an', 'ice-water', 'bath', 'and', 'set', 'aside', 'add', 'the', 'asparagus', 'to', 'boiling', 'water', 'and', 'cook', 'until', 'just', 'tender', 'about', '5', 'minutes', 'depending', 'on', 'thickness', 'drain', 'and', 'transfer', 'to', 'ice-water', 'bath', 'for', '5', 'minutes', 'drain', 'well', 'and', 'transfer', 'to', 'shallow', 'serving', 'platter', 'or', 'long', 'serving', 'dish', 'meanwhile', 'in', 'a', 'small', 'bowl', 'whisk', 'together', 'the', 'oil', 'and', 'vinegar', 'stir', 'in', 'the', 'tomatoes', 'scallions', 'parsley', 'salt', 'and', 'pepper', 'add', 'the', 'sauce', 'to', 'the', 'asparagus', 'tossing', 'gently', 'to', 'combine', 'serve', 'at', 'room', 'temperature']","['bring', 'large', 'stockpot', 'filled', 'salted', 'water', 'boil', 'high', 'heat', 'prepare', 'ice', 'water', 'bath', 'set', 'aside', 'add', 'asparagus', 'boiling', 'water', 'cook', 'tender', 'depending', 'thickness', 'drain', 'transfer', 'ice', 'water', 'bath', 'drain', 'well', 'transfer', 'shallow', 'serving', 'platter', 'long', 'serving', 'dish', 'meanwhile', 'small', 'bowl', 'whisk', 'together', 'oil', 'vinegar', 'stir', 'tomatoes', 'scallions', 'parsley', 'salt', 'pepper', 'add', 'sauce', 'asparagus', 'tossing', 'gently', 'combine', 'serve', 'room', 'temperature']",Italian
7603,"['in', 'a', 'heatproof', 'bowl', 'combine', 'the', 'tamarind', 'pulp', 'and', '1', 'cup', 'of', 'boiling', 'water', 'and', 'let', 'stand', 'for', '30', 'minutes', 'at', 'the', 'end', 'of', 'this', 'time', 'squeeze', 'and', 'press', 'the', 'tamarind', 'with', 'your', 'fingers', 'to', 'release', 'as', 'much', 'pulp', 'in', 'the', 'water', 'as', 'possible', 'then', 'strain', 'discard', 'the', 'fibrous', 'residue', 'and', 'seeds', 'and', 'reserve', 'the', 'tamarind', 'water', 'meanwhile', 'place', 'the', 'lentils', 'in', 'a', 'deep', 'saucepan', 'add', 'the', '3', 'cups', 'of', 'water', 'and', 'the', 'turmeric', 'and', 'bring', 'to', 'the', 'boil', 'over', 'high', 'heat', 'reduce', 'heat', 'to', 'a', 'simmer', 'and', 'gently', 'cook', 'uncovered', 'until', 'the', 'lentils', 'are', 'just', 'tender', '20', 'to', '30', 'minutes', 'if', 'the', 'water', 'evaporates', 'too', 'quickly', 'add', 'another', '1/2', 'to', '1', 'cup', 'in', 'total', 'while', 'the', 'lentils', 'are', 'cooking', 'heat', '2', 'tablespoons', 'vegetable', 'oil', 'in', 'a', 'small', 'skillet', 'and', 'saute', 'the', 'mustard', 'seeds', 'cumin', 'seeds', 'sambhar', 'masala', 'dried', 'red', 'chillies', 'asafoetida', 'curry', 'leaves', 'garlic', 'and', 'coconut', 'until', 'the', 'coconut', 'becomes', 'a', 'golden', 'brown', 'take', 'care', 'not', 'to', 'burn', 'remove', 'from', 'heat', 'and', 'set', 'aside', 'when', 'the', 'lentils', 'are', 'tender', 'add', 'the', 'sauteed', 'spice', 'mix', 'along', 'with', 'the', 'prepared', 'vegetables', 'tomatoes', 'and', 'the', 'tamarind', 'water', 'mix', 'well', 'cover', 'and', 'simmer', 'until', 'the', 'vegetables', 'are', 'just', 'tender', 'this', 'should', 'take', '10', 'to', '20', 'minutes', 'depending', 'on', 'how', 'small', 'or', 'large', 'you', 'have', 'diced', 'the', 'vegetables', 'as', 'the', 'tomatoes', 'cook', 'down', 'they', 'should', 'provide', 'enough', 'fluid', 'to', 'simmer', 'the', 'other', 'vegetables', 'in', 'but', 'you', 'can', 'add', 'another', '1/2', 'cup', 'water', 'at', 'your', 'discretion', 'just', 'before', 'serving', 'heat', 'the', 'extra', 'oil', 'in', 'a', 'small', 'skillet', 'and', 'saute', 'the', 'sliced', 'garlic', 'and', 'fresh', 'cilantro', 'for', '30', 'seconds', 'pour', 'this', 'mixture', 'over', 'the', 'sambhar', 'and', 'mix', 'through', 'gently', 'serve', 'immediately']","['heatproof', 'bowl', 'combine', 'tamarind', 'pulp', 'boiling', 'water', 'let', 'stand', 'end', 'time', 'squeeze', 'press', 'tamarind', 'fingers', 'release', 'much', 'pulp', 'water', 'possible', 'strain', 'discard', 'fibrous', 'residue', 'seeds', 'reserve', 'tamarind', 'water', 'meanwhile', 'place', 'lentils', 'deep', 'saucepan', 'add', 'water', 'turmeric', 'bring', 'boil', 'high', 'heat', 'reduce', 'heat', 'simmer', 'gently', 'cook', 'uncovered', 'lentils', 'tender', 'water', 'evaporates', 'quickly', 'add', 'another', 'total', 'lentils', 'cooking', 'heat', 'vegetable', 'oil', 'small', 'skillet', 'saute', 'mustard', 'seeds', 'cumin', 'seeds', 'sambhar', 'masala', 'dried', 'red', 'chillies', 'asafoetida', 'curry', 'leaves', 'garlic', 'coconut', 'coconut', 'becomes', 'golden', 'brown', 'take', 'care', 'burn', 'remove', 'heat', 'set', 'aside', 'lentils', 'tender', 'add', 'sauteed', 'spice', 'mix', 'along', 'prepared', 'vegetables', 'tomatoes', 'tamarind', 'water', 'mix', 'well', 'cover', 'simmer', 'vegetables', 'tender', 'take', 'depending', 'small', 'large', 'diced', 'vegetables', 'tomatoes', 'cook', 'provide', 'enough', 'fluid', 'simmer', 'vegetables', 'add', 'another', 'water', 'discretion', 'serving', 'heat', 'extra', 'oil', 'small', 'skillet', 'saute', 'sliced', 'garlic', 'fresh', 'cilantro', 'seconds', 'pour', 'mixture', 'sambhar', 'mix', 'gently', 'serve', 'immediately']",Indian
9818,"['remove', 'the', 'spinach', 'from', 'the', 'freezer', 'in', 'a', 'medium', 'saucepan', 'combine', 'the', 'split', 'peas', '3', 'cups', 'of', 'water', 'the', 'unchopped', 'piece', 'of', 'ginger', 'and', '1/2', 'teaspoon', 'of', 'the', 'salt', 'bring', 'to', 'a', 'boil', 'reduce', 'the', 'heat', 'and', 'simmer', 'covered', 'stirring', 'frequently', 'until', 'the', 'split', 'peas', 'are', 'tender', 'about', '30', 'minutes', 'add', 'more', 'water', 'if', 'necessary', 'to', 'keep', 'the', 'peas', 'from', 'sticking', 'to', 'the', 'pan', 'meanwhile', 'in', 'a', 'large', 'pot', 'melt', 'the', 'butter', 'over', 'moderately', 'low', 'heat', 'stir', 'in', 'the', 'chopped', 'ginger', 'jalapeno', 'turmeric', 'coriander', 'cumin', 'carrots', 'potatoes', 'and', 'the', 'remaining', '1', '1/4', 'teaspoons', 'salt', 'add', 'the', 'remaining', '6', 'cups', 'of', 'water', 'bring', 'to', 'a', 'boil', 'reduce', 'the', 'heat', 'and', 'simmer', 'stirring', 'occasionally', 'until', 'the', 'vegetables', 'are', 'almost', 'tender', 'about', '10', 'minutes', 'stir', 'in', 'the', 'spinach', 'and', 'simmer', '5', 'minutes', 'longer', 'remove', 'the', 'whole', 'piece', 'of', 'ginger', 'from', 'the', 'cooked', 'split', 'peas', 'and', 'then', 'stir', 'the', 'split', 'peas', 'into', 'the', 'soup', 'simmer', 'soup', 'for', '5', 'minutes', 'stirring', 'occasionally']","['remove', 'spinach', 'freezer', 'medium', 'saucepan', 'combine', 'split', 'peas', 'water', 'unchopped', 'piece', 'ginger', 'salt', 'bring', 'boil', 'reduce', 'heat', 'simmer', 'covered', 'stirring', 'frequently', 'split', 'peas', 'tender', 'add', 'water', 'necessary', 'keep', 'peas', 'sticking', 'pan', 'meanwhile', 'large', 'pot', 'melt', 'butter', 'moderately', 'low', 'heat', 'stir', 'chopped', 'ginger', 'jalapeno', 'turmeric', 'coriander', 'cumin', 'carrots', 'potatoes', 'remaining', 'salt', 'add', 'remaining', 'water', 'bring', 'boil', 'reduce', 'heat', 'simmer', 'stirring', 'occasionally', 'vegetables', 'almost', 'tender', 'stir', 'spinach', 'simmer', 'longer', 'remove', 'whole', 'piece', 'ginger', 'cooked', 'split', 'peas', 'stir', 'split', 'peas', 'soup', 'simmer', 'soup', 'stirring', 'occasionally']",Indian
3111,"['in', 'a', 'small', 'saucepan', 'over', 'low', 'heat', 'combine', 'the', 'olive', 'oil', 'garlic', 'and', 'anchovies', 'cook', 'mashing', 'the', 'anchovies', 'with', 'the', 'back', 'of', 'a', 'wooden', 'spoon', 'until', 'smooth', 'about', '5', 'minutes', 'remove', 'from', 'the', 'heat', 'and', 'stir', 'in', 'the', 'butter', 'pour', 'the', 'mixture', 'into', 'a', 'warmed', 'chafing', 'dish', 'or', 'fondue', 'pot', 'set', 'over', 'a', 'warming', 'candle', 'candle', 'or', 'spirit', 'lamp', 'serve', 'immediately', 'with', 'vegetables', 'for', 'dipping', 'pass', 'the', 'bread', 'slices', 'at', 'the', 'table']","['small', 'saucepan', 'low', 'heat', 'combine', 'olive', 'oil', 'garlic', 'anchovies', 'cook', 'mashing', 'anchovies', 'back', 'wooden', 'spoon', 'smooth', 'remove', 'heat', 'stir', 'butter', 'pour', 'mixture', 'warmed', 'chafing', 'dish', 'fondue', 'pot', 'set', 'warming', 'candle', 'candle', 'spirit', 'lamp', 'serve', 'immediately', 'vegetables', 'dipping', 'pass', 'bread', 'slices', 'table']",Italian
1055,"['scrub', 'the', 'potatoes', 'and', 'place', 'them', 'unpeeled', 'in', 'a', 'large', 'pot', 'of', 'boiling', 'water', 'lightly', 'salted', 'and', 'cook', 'for', '45', 'minutes', 'until', 'tender', 'but', 'not', 'overcooked', 'when', 'cool', 'peel', 'potatoes', 'and', 'mash-', 'then', 'add', 'flour', 'eggs', 'salt', 'and', 'pepper', 'roll', 'dough', 'into', 'long', 'thin', 'rods', 'and', 'cut', 'into', 'small', 'pieces', 'about', '1-inch', 'in', 'length', 'to', 'form', 'the', 'dumplings', 'bring', 'a', 'large', 'pot', 'of', 'lightly', 'salted', 'water', 'to', 'a', 'boil', 'add', 'a', 'touch', 'of', 'olive', 'oil', 'drop', 'gnocchi', 'in', 'and', 'cook', 'for', 'approximately', '1', 'minute', 'until', 'they', 'float', 'to', 'the', 'top', 'sauté', 'garlic', 'in', 'olive', 'oil', 'over', 'medium', 'heat', 'until', 'golden', 'brown', 'add', 'tomatoes', 'and', 'cook', 'for', '3', 'minutes', 'then', 'add', 'gnocchi', 'and', 'top', 'with', 'basil', 'butter', 'parmesan', 'cheese', 'salt', 'and', 'pepper']","['scrub', 'potatoes', 'place', 'unpeeled', 'large', 'pot', 'boiling', 'water', 'lightly', 'salted', 'cook', 'tender', 'overcooked', 'cool', 'peel', 'potatoes', 'mash', 'add', 'flour', 'eggs', 'salt', 'pepper', 'roll', 'dough', 'long', 'thin', 'rods', 'cut', 'small', 'pieces', '1', 'inch', 'length', 'form', 'dumplings', 'bring', 'large', 'pot', 'lightly', 'salted', 'water', 'boil', 'add', 'touch', 'olive', 'oil', 'drop', 'gnocchi', 'cook', 'approximately', 'float', 'top', 'sauté', 'garlic', 'olive', 'oil', 'medium', 'heat', 'golden', 'brown', 'add', 'tomatoes', 'cook', 'add', 'gnocchi', 'top', 'basil', 'butter', 'parmesan', 'cheese', 'salt', 'pepper']",Italian
569,"['use', 'a', 'sharp', 'knife', 'to', 'mark', 'an', '``', 'x', ""''"", 'on', 'the', 'top', 'of', 'each', 'fig', 'being', 'careful', 'not', 'to', 'cut', 'more', 'than', '3/4', 'of', 'the', 'way', 'down', 'the', 'fruit', 'spread', 'open', 'each', 'fig', ""'blossom"", 'to', 'expose', 'the', 'pink', 'center', 'arrange', 'the', 'figs', 'on', 'a', 'platter', 'use', 'a', 'small', 'spoon', 'to', 'fill', 'each', 'fig', 'with', 'marmalade', 'greek', 'yogurt', 'and', 'honey', 'dust', 'with', 'cinnamon', 'finish', 'with', 'small', 'chunks', 'of', 'herbed', 'chevre', 'walnut', 'pieces', 'and', 'fresh', 'mint', 'sprigs', 'serve', 'immediately', 'good', 'with', 'carr', ""'s"", 'whole', 'wheat', 'crackers', 'or', 'baguette', 'slices', 'for', 'a', 'more', 'substantial', 'snack', 'variation', 'substitute', 'creme', 'fraiche', 'for', 'the', 'yogurt', 'mascarpone', 'cheese', 'with', 'lemon', 'zest', 'for', 'the', 'herbed', 'chevre', 'and', 'green', 'pistachios', 'instead', 'of', 'walnuts', 'drizzle', 'with', 'honey', 'and', 'dust', 'with', 'cinnamon', 'yum']","['use', 'sharp', 'knife', 'mark', '``', 'x', ""''"", 'top', 'fig', 'careful', 'cut', 'way', 'fruit', 'spread', 'open', 'fig', ""'blossom"", 'expose', 'pink', 'center', 'arrange', 'figs', 'platter', 'use', 'small', 'spoon', 'fill', 'fig', 'marmalade', 'greek', 'yogurt', 'honey', 'dust', 'cinnamon', 'finish', 'small', 'chunks', 'herbed', 'chevre', 'walnut', 'pieces', 'fresh', 'mint', 'sprigs', 'serve', 'immediately', 'good', 'carr', 'whole', 'wheat', 'crackers', 'baguette', 'slices', 'substantial', 'snack', 'variation', 'substitute', 'creme', 'fraiche', 'yogurt', 'mascarpone', 'cheese', 'lemon', 'zest', 'herbed', 'chevre', 'green', 'pistachios', 'instead', 'walnuts', 'drizzle', 'honey', 'dust', 'cinnamon', 'yum']",Italian
9999,"['coat', 'slow', 'cooker', 'bowl', 'with', 'nonstick', 'cooking', 'spray', 'place', 'turkey', 'in', 'bottom', 'and', 'pour', 'broth', 'over', 'top', 'mix', 'together', 'curry', 'powder', 'cayenne', 'pepper', 'and', 'salt', 'sprinkle', 'over', 'turkey', 'scatter', 'onion', 'ginger', 'and', 'cilantro', 'leaves', 'over', 'turkey', 'cover', 'and', 'cook', 'on', 'low', 'for', '6', 'hours', 'add', 'chickpeas', 'during', 'last', '30', 'minutes', 'of', 'cooking', 'remove', 'turkey', 'to', 'a', 'cutting', 'board', 'and', 'cover', 'gradually', 'whisk', 'yogurt', 'into', 'slow', 'cooker', 'bowl', 'stir', 'in', 'chopped', 'cilantro', 'allow', 'sauce', 'to', 'heat', 'through', 'slice', 'turkey', 'and', 'serve', 'with', 'cooked', 'rice', 'and', 'the', 'yogurt', 'and', 'chickpea', 'sauce']","['coat', 'slow', 'cooker', 'bowl', 'nonstick', 'cooking', 'spray', 'place', 'turkey', 'bottom', 'pour', 'broth', 'top', 'mix', 'together', 'curry', 'powder', 'cayenne', 'pepper', 'salt', 'sprinkle', 'turkey', 'scatter', 'onion', 'ginger', 'cilantro', 'leaves', 'turkey', 'cover', 'cook', 'low', 'add', 'chickpeas', 'last', 'cooking', 'remove', 'turkey', 'cutting', 'board', 'cover', 'gradually', 'whisk', 'yogurt', 'slow', 'cooker', 'bowl', 'stir', 'chopped', 'cilantro', 'allow', 'sauce', 'heat', 'slice', 'turkey', 'serve', 'cooked', 'rice', 'yogurt', 'chickpea', 'sauce']",Indian
4307,"['preheat', 'oven', 'to', '400', 'degrees', 'squeeze', 'the', 'sausage', 'meat', 'out', 'of', 'the', 'casings', 'and', 'into', 'a', 'mixing', 'bowl', 'add', 'the', 'cheese', 'and', 'pepper', 'and', 'mix', 'very', 'thoroughly', 'with', 'a', 'fork', 'spread', 'each', 'toast', 'with', 'a', 'generous', 'helping', 'of', 'the', 'sausage', 'and', 'cheese', 'mixture', 'place', 'on', 'a', 'cookie', 'sheet', 'bake', 'for', '5', 'minutes', 'or', 'until', 'the', 'cheese', 'has', 'melted', 'and', 'the', 'topping', 'is', 'bubbling', 'serve', 'piping', 'hot', 'straight', 'from', 'the', 'oven']","['preheat', 'oven', 'squeeze', 'sausage', 'meat', 'casings', 'mixing', 'bowl', 'add', 'cheese', 'pepper', 'mix', 'thoroughly', 'fork', 'spread', 'toast', 'generous', 'helping', 'sausage', 'cheese', 'mixture', 'place', 'cookie', 'sheet', 'bake', 'cheese', 'melted', 'topping', 'bubbling', 'serve', 'piping', 'hot', 'straight', 'oven']",Italian
10379,"['for', 'each', 'egg', 'roll', 'wrapper', 'heat', '1/2', 'tbsp', 'oil', 'in', 'frying', 'pan', 'over', 'med-high', 'heat', 'place', 'an', 'egg', 'roll', 'wrapper', 'in', 'the', 'pan', 'and', 'let', 'it', 'brown', 'lightly', 'flip', 'and', 'brown', 'lightly', 'on', 'the', 'other', 'side', 'remove', 'from', 'pan', 'and', 'set', 'aside', 'lightly', 'beat', 'the', 'eggs', 'and', 'mix', 'in', 'the', 'onion', 'milk', 'and', 'spices', 'for', 'each', 'egg', 'roll', 'wrapper', 'pour', 'about', '1/3', 'cup', 'of', 'egg', 'mixture', 'into', 'the', 'frying', 'pan', 'when', 'the', 'egg', 'mixture', 'starts', 'to', 'cook', 'place', 'a', 'wrapper', 'on', 'top', 'of', 'it', 'when', 'the', 'egg', 'is', 'nearly', 'cooked', 'flip', 'the', 'wrapper/egg', 'over', 'and', 'cook', 'for', 'a', 'few', 'seconds', 'repeat', 'a', 'couple', 'of', 'times', 'remove', 'the', 'wrapper/egg', 'and', 'roll', 'it', 'up', 'with', 'the', 'wrapper', 'on', 'the', 'outside', 'of', 'the', 'roll']","['egg', 'roll', 'wrapper', 'heat', 'oil', 'frying', 'pan', 'med', 'high', 'heat', 'place', 'egg', 'roll', 'wrapper', 'pan', 'let', 'brown', 'lightly', 'flip', 'brown', 'lightly', 'side', 'remove', 'pan', 'set', 'aside', 'lightly', 'beat', 'eggs', 'mix', 'onion', 'milk', 'spices', 'egg', 'roll', 'wrapper', 'pour', 'egg', 'mixture', 'frying', 'pan', 'egg', 'mixture', 'starts', 'cook', 'place', 'wrapper', 'top', 'egg', 'nearly', 'cooked', 'flip', 'wrapper/egg', 'cook', 'seconds', 'repeat', 'couple', 'times', 'remove', 'wrapper/egg', 'roll', 'wrapper', 'outside', 'roll']",Indian
10489,"['rinse', 'beans', 'put', 'beans', 'and', '4', 'cups', 'of', 'water', 'into', 'large', 'pot', 'heat', 'to', 'boiling', 'reduce', 'heat', 'cover', 'and', 'simmer', 'for', '30', 'minutes', 'stir', 'in', 'remaining', 'water', 'mush', 'beans', 'and', 'simmer', 'for', 'another', '30', 'minutes', 'while', 'beans', 'are', 'simmering', 'add', 'cooking', 'spray', 'to', 'pan', 'and', 'stir-fry', 'garlic', 'and', 'ginger', 'till', 'golden', 'brown', 'stir', 'in', 'tomato', 'sauce', 'and', 'all', 'spices', 'except', 'garam', 'masaala', 'and', 'cilantro', 'and', 'simmer', 'for', '5', 'minutes', 'add', 'tomato', 'mixture', 'to', 'beans', 'mush', 'beans', 'and', 'cook', 'for', 'another', '20', 'minutes', 'add', 'garam', 'masaala', 'and', 'whipping', 'cream', 'and', 'boil', 'down', 'till', 'consistency', 'is', 'to', 'your', 'liking', 'add', 'cilantro', 'and', 'serve']","['rinse', 'beans', 'put', 'beans', 'water', 'large', 'pot', 'heat', 'boiling', 'reduce', 'heat', 'cover', 'simmer', 'stir', 'remaining', 'water', 'mush', 'beans', 'simmer', 'another', 'beans', 'simmering', 'add', 'cooking', 'spray', 'pan', 'stir', 'fry', 'garlic', 'ginger', 'till', 'golden', 'brown', 'stir', 'tomato', 'sauce', 'spices', 'except', 'garam', 'masaala', 'cilantro', 'simmer', 'add', 'tomato', 'mixture', 'beans', 'mush', 'beans', 'cook', 'another', 'add', 'garam', 'masaala', 'whipping', 'cream', 'boil', 'till', 'consistency', 'liking', 'add', 'cilantro', 'serve']",Indian
10180,"['in', 'an', 'electric', 'spice', 'mill', 'or', 'mortar', 'and', 'pestle', 'grind', 'the', 'cumin', 'seeds', 'and', 'cloves', 'to', 'a', 'fine', 'powder', 'add', 'the', 'ginger', 'and', 'garlic', 'and', 'continue', 'to', 'grind', 'until', 'a', 'powdery', 'paste', 'forms', 'place', 'the', 'eggplant', 'slices', 'in', 'the', 'slow', 'cooker', 'insert', 'in', 'a', 'bowl', 'combine', 'the', 'ground', 'spice-ginger', 'mixture', 'garam', 'masala', 'turmeric', 'paprika', 'cayenne', 'if', 'using', 'and', 'crushed', 'tomatoes', 'mix', 'thoroughly', 'and', 'then', 'pour', 'the', 'spiced', 'sauce', 'over', 'the', 'eggplant', 'slices', 'spreading', 'it', 'evenly', 'over', 'them', 'cover', 'and', 'cook', 'on', 'low', 'for', 'about', '4', 'hours', 'or', 'until', 'the', 'eggplant', 'is', 'tender', 'and', 'cuts', 'easily', 'when', 'the', 'eggplant', 'is', 'done', 'turn', 'off', 'the', 'heat', 'remove', 'the', 'lid', 'and', 'allow', 'the', 'dish', 'to', 'sit', 'for', '10', 'minutes', 'carefully', 'mix', 'in', 'the', 'yogurt', 'and', 'add', 'salt', 'to', 'taste', 'serve', 'hot', 'sprinkling', 'the', 'fresh', 'cilantro', 'and', 'chiles', 'over', 'the', 'top', 'of', 'the', 'eggplant', 'serve', 'with', 'or', 'over', 'rice']","['electric', 'spice', 'mill', 'mortar', 'pestle', 'grind', 'cumin', 'seeds', 'cloves', 'fine', 'powder', 'add', 'ginger', 'garlic', 'continue', 'grind', 'powdery', 'paste', 'forms', 'place', 'eggplant', 'slices', 'slow', 'cooker', 'insert', 'bowl', 'combine', 'ground', 'spice', 'ginger', 'mixture', 'garam', 'masala', 'turmeric', 'paprika', 'cayenne', 'using', 'crushed', 'tomatoes', 'mix', 'thoroughly', 'pour', 'spiced', 'sauce', 'eggplant', 'slices', 'spreading', 'evenly', 'cover', 'cook', 'low', 'eggplant', 'tender', 'cuts', 'easily', 'eggplant', 'done', 'turn', 'heat', 'remove', 'lid', 'allow', 'dish', 'sit', 'carefully', 'mix', 'yogurt', 'add', 'salt', 'taste', 'serve', 'hot', 'sprinkling', 'fresh', 'cilantro', 'chiles', 'top', 'eggplant', 'serve', 'rice']",Indian
8183,"['wash', 'a', 'saucepan', 'with', 'cold', 'water', 'and', 'shake', 'out', 'the', 'excess', 'place', 'pan', 'over', 'medium', 'flame', 'and', 'heat', 'the', 'milk', 'stirring', 'often', 'until', 'it', 'is', 'near', 'boiling', 'should', 'take', '10', 'minutes', 'scrape', 'the', 'walls', 'and', 'base', 'of', 'the', 'pan', 'while', 'heating', 'to', 'prevent', 'the', 'milk', 'sticking', 'lower', 'heat', 'to', 'med-low', 'and', 'cook', 'uncovered', 'stirring', 'every', '5-10', 'minutes', 'until', 'the', 'milk', 'is', 'reduced', 'by', 'about', '1/3', 'this', 'should', 'take', 'about', '1', 'hour', 'add', 'the', 'roasted', 'vermicelli', 'into', 'the', 'reduced', 'hot', 'milk', 'the', 'vermicelli', 'can', 'be', 'broken', 'into', 'smaller', 'pieces', 'first', 'to', 'make', 'it', 'easier', 'to', 'handle', 'roasted', 'vermicelli', 'should', 'be', 'available', 'in', 'packets', 'from', 'indian', 'or', 'pakistani', 'grocery', 'stores', 'the', 'vermicelli', 'will', 'soften', 'after', '2-3', 'minutes', 'add', 'the', 'ghee', 'optional', 'and', 'mix', 'it', 'through', 'continue', 'to', 'cook', 'seviyaan', 'over', 'med-low', 'a', 'further', '5', 'minutes', 'add', 'the', 'sugar', 'and', 'stir', 'to', 'dissolve', 'you', 'may', 'want', 'to', 'add', '1', 'cup', 'first', 'and', 'taste', 'the', 'seviyaan', 'after', 'the', 'sugar', 'dissolves', 'fully', 'to', 'see', 'if', 'you', 'want', 'the', 'dessert', 'to', 'be', 'any', 'sweeter', 'stir', 'through', 'the', 'cardamom', 'powder', 'then', 'let', 'the', 'seviyaan', 'thicken', 'over', 'med-low', 'heat', 'for', 'another', '10-15', 'minutes', 'stirring', 'occasionally', 'to', 'prevent', 'the', 'mixture', 'sticking', 'serve', 'warm', 'in', 'individual', 'bowls', 'garnished', 'with', 'pistachio', 'nuts', 'if', 'chilling', 'cover', 'with', 'plastic', 'wrap', 'that', 'is', 'in', 'contact', 'with', 'the', 'surface', 'of', 'the', 'pudding', 'let', 'cool', 'almost', 'to', 'room', 'temperature', 'and', 'then', 'chill', 'several', 'hours', 'in', 'the', 'fridge']","['wash', 'saucepan', 'cold', 'water', 'shake', 'excess', 'place', 'pan', 'medium', 'flame', 'heat', 'milk', 'stirring', 'often', 'near', 'boiling', 'take', 'scrape', 'walls', 'base', 'pan', 'heating', 'prevent', 'milk', 'sticking', 'lower', 'heat', 'med', 'low', 'cook', 'uncovered', 'stirring', 'every', 'milk', 'reduced', 'take', 'add', 'roasted', 'vermicelli', 'reduced', 'hot', 'milk', 'vermicelli', 'broken', 'smaller', 'pieces', 'first', 'make', 'easier', 'handle', 'roasted', 'vermicelli', 'available', 'packets', 'indian', 'pakistani', 'grocery', 'stores', 'vermicelli', 'soften', 'add', 'ghee', 'optional', 'mix', 'continue', 'cook', 'seviyaan', 'med', 'low', 'add', 'sugar', 'stir', 'dissolve', 'may', 'want', 'add', 'first', 'taste', 'seviyaan', 'sugar', 'dissolves', 'fully', 'see', 'want', 'dessert', 'sweeter', 'stir', 'cardamom', 'powder', 'let', 'seviyaan', 'thicken', 'med', 'low', 'heat', 'another', 'stirring', 'occasionally', 'prevent', 'mixture', 'sticking', 'serve', 'warm', 'individual', 'bowls', 'garnished', 'pistachio', 'nuts', 'chilling', 'cover', 'plastic', 'wrap', 'contact', 'surface', 'pudding', 'let', 'cool', 'almost', 'room', 'temperature', 'chill', 'several', 'fridge']",Indian
9227,"['blend', 'the', 'yogurt', 'sugar', 'and', 'cold', 'water', 'together', 'in', 'a', 'blender', 'add', 'the', 'limejuice', 'and', 'apple', 'to', 'the', 'lassi', 'blend', 'again', 'put', 'crushed', 'ice', 'in', 'glasses', 'pour', 'lassi', 'over', 'it', 'and', 'serve']","['blend', 'yogurt', 'sugar', 'cold', 'water', 'together', 'blender', 'add', 'limejuice', 'apple', 'lassi', 'blend', 'put', 'crushed', 'ice', 'glasses', 'pour', 'lassi', 'serve']",Indian
12308,"['wash', 'tamarind', 'and', 'soak', 'in', 'water', 'make', 'it', 'into', 'small', 'pcs', 'heat', '1/2', 'tbsp', 'of', 'oil', 'in', 'a', 'pan', 'fry', 'the', 'grated', 'coconut', 'before', 'it', 'turns', 'brown', 'add', 'the', 'corriander', 'powder', 'pepper', 'powder', 'chilli', 'powder', 'and', 'turmeric', 'powder', 'make', 'a', 'fine', 'paste', 'of', 'the', 'above', 'fried', 'ingredients', 'in', 'another', 'pan', 'heat', 'the', '1/2', 'tbsp', 'of', 'oil', 'saute', 'half', 'of', 'the', 'baby', 'onions', 'ginger', 'and', 'green', 'chillies', 'in', 'it', 'add', 'the', 'fine', 'paste', 'also', 'add', 'water', 'containing', 'the', 'tamarind', 'pieces', 'the', 'fish', 'pieces', 'and', 'little', 'salt', 'add', 'water', 'upto', 'the', 'level', 'of', 'the', 'mixture', 'in', 'the', 'pan', 'in', 'a', 'pan', 'heat', 'the', 'mustard', 'seeds', 'in', 'oil', 'once', 'they', 'splutter', 'add', 'them', 'to', 'the', 'gravy', 'add', 'a', 'few', 'curry', 'leaves', 'and', 'half', 'the', 'fried', 'onion', 'cook', 'till', 'you', 'get', 'a', 'thick', 'gravy', 'and', 'the', 'oil', 'floats', 'on', 'top', 'of', 'the', 'gravy', 'serve', 'hot']","['wash', 'tamarind', 'soak', 'water', 'make', 'small', 'pcs', 'heat', 'oil', 'pan', 'fry', 'grated', 'coconut', 'turns', 'brown', 'add', 'corriander', 'powder', 'pepper', 'powder', 'chilli', 'powder', 'turmeric', 'powder', 'make', 'fine', 'paste', 'fried', 'ingredients', 'another', 'pan', 'heat', 'oil', 'saute', 'half', 'baby', 'onions', 'ginger', 'green', 'chillies', 'add', 'fine', 'paste', 'also', 'add', 'water', 'containing', 'tamarind', 'pieces', 'fish', 'pieces', 'little', 'salt', 'add', 'water', 'upto', 'level', 'mixture', 'pan', 'pan', 'heat', 'mustard', 'seeds', 'oil', 'splutter', 'add', 'gravy', 'add', 'curry', 'leaves', 'half', 'fried', 'onion', 'cook', 'till', 'get', 'thick', 'gravy', 'oil', 'floats', 'top', 'gravy', 'serve', 'hot']",Indian
4141,"['heat', 'the', 'oil', 'in', 'a', 'pot', 'and', 'fry', 'the', 'onions', 'till', 'just', 'coloured', 'add', 'the', 'beef', 'and', 'spices', 'and', 'cook', 'for', '5', 'minutes', 'add', 'the', 'tomato', 'puree', 'and', 'fill', 'the', 'empty', 'tin', 'with', 'tomato', 'juice', 'add', 'to', 'the', 'pot', 'now', 'half', 'fill', 'the', 'tin', 'with', 'water', 'and', 'top', 'it', 'up', 'with', 'red', 'wine', 'and', 'add', 'to', 'the', 'pot', 'stir', 'in', 'the', 'herbs', 'and', 'chicken', 'stock', 'cube', 'bring', 'to', 'the', 'boil', 'turn', 'heat', 'to', 'low', 'and', 'cook', 'for', 'at', 'least', 'one', 'hour', 'the', 'longer', 'you', 'cook', 'it', 'the', 'more', 'intense', 'the', 'flavour', 'will', 'be', 'remove', 'from', 'the', 'heat', 'and', 'tear', 'the', 'basil', 'leaves', 'and', 'stir', 'them', 'into', 'the', 'sauce', 'boil', 'pasta', 'in', 'boiling', 'salted', 'water', 'drain', 'the', 'pasta', 'add', 'a', 'knob', 'of', 'butter', 'and', 'serve', 'with', 'the', 'sauce']","['heat', 'oil', 'pot', 'fry', 'onions', 'till', 'coloured', 'add', 'beef', 'spices', 'cook', 'add', 'tomato', 'puree', 'fill', 'empty', 'tin', 'tomato', 'juice', 'add', 'pot', 'half', 'fill', 'tin', 'water', 'top', 'red', 'wine', 'add', 'pot', 'stir', 'herbs', 'chicken', 'stock', 'cube', 'bring', 'boil', 'turn', 'heat', 'low', 'cook', 'least', 'one', 'longer', 'cook', 'intense', 'flavour', 'remove', 'heat', 'tear', 'basil', 'leaves', 'stir', 'sauce', 'boil', 'pasta', 'boiling', 'salted', 'water', 'drain', 'pasta', 'add', 'knob', 'butter', 'serve', 'sauce']",Italian
2862,"['put', 'all', 'vegetables', 'into', 'a', 'large', 'bowl', 'set', 'aside', 'in', 'a', 'large', '9qt', 'stock', 'pan', 'add', 'but', 'dont', 'burn', 'olive', 'oil', 'add', 'all', 'the', 'vegetables', 'to', 'that', 'add', 'mc', 'cormick', 'italian', 'seasoning', 'red', 'pepper', 'flakes', 'garlic', 'powder', 'and', 'black', 'pepper', 'blend', 'all', 'this', 'into', 'the', 'vegetables', 'keep', 'stirring', 'all', 'the', 'seasonings', 'at', 'a', 'medium', 'plus', 'heat', 'for', 'about', 'two', 'minutes', 'now', 'add', 'clams', 'and', 'chicken', 'broth', 'turn', 'heat', 'up', 'to', 'high', 'bring', 'to', 'a', 'quick', 'boil', 'shut', 'it', 'off', 'do', 'not', 'overcook', 'in', 'a', 'large', 'mixing', 'bowl', 'put', 'the', 'pepperage', 'mix', 'with', 'a', 'large', 'ladle', 'with', 'holes', 'in', 'it', 'take', 'out', 'all', 'the', 'vegetables', 'clams', 'and', 'add', 'it', 'to', 'the', 'pepperage', 'mix-', 'mix', 'this', 'together', 'do', 'not', 'use', 'any', 'broth', 'yet', 'now', 'start', 'adding', 'the', 'broth', 'mix', 'and', 'add', 'not', 'to', 'much', 'at', 'one', 'time', 'you', 'can', 'always', 'add', 'but', 'it', ""'s"", 'hard', 'to', 'take', 'it', 'out', 'till', 'it', ""'s"", 'firm', 'but', 'not', 'stiff', 'they', 'still', 'have', 'to', 'bake', 'on', 'a', 'cookie', 'sheet', '12x17', 'or', 'near', 'spray', 'with', 'pam', 'use', 'a', 'ice', 'cream', 'scoop', 'about', '2inches', 'put', 'them', 'on', 'the', 'tray', 'approx', '35', 'on', 'the', 'tray', 'this', 'will', 'make', '2', 'trays', 'on', 'top', 'of', 'each', 'put', 'a', '1', ""''"", 'square', 'of', 'bacon', 'sprinkle', 'with', 'paprika', 'bake', 'until', 'the', 'baccn', 'is', 'crisp', 'total', 'time', 'incl', 'baking-', '1', '1/2hour', 'but', 'worth', 'every', 'minutes', 'of', 'it', 'eat', 'enjoy', 'p.', 's.', 'if', 'you', 'have', 'clam', 'shells', 'use', 'them', 'i', 'make', 'these', 'so', 'often', 'i', 'found', 'it', 'to', 'be', 'the', 'best', 'way']","['put', 'vegetables', 'large', 'bowl', 'set', 'aside', 'large', '9qt', 'stock', 'pan', 'add', 'dont', 'burn', 'olive', 'oil', 'add', 'vegetables', 'add', 'mc', 'cormick', 'italian', 'seasoning', 'red', 'pepper', 'flakes', 'garlic', 'powder', 'black', 'pepper', 'blend', 'vegetables', 'keep', 'stirring', 'seasonings', 'medium', 'plus', 'heat', 'two', 'add', 'clams', 'chicken', 'broth', 'turn', 'heat', 'high', 'bring', 'quick', 'boil', 'shut', 'overcook', 'large', 'mixing', 'bowl', 'put', 'pepperage', 'mix', 'large', 'ladle', 'holes', 'take', 'vegetables', 'clams', 'add', 'pepperage', 'mix', 'mix', 'together', 'use', 'broth', 'yet', 'start', 'adding', 'broth', 'mix', 'add', 'much', 'one', 'time', 'always', 'add', 'hard', 'take', 'till', 'firm', 'stiff', 'still', 'bake', 'cookie', 'sheet', '12x17', 'near', 'spray', 'pam', 'use', 'ice', 'cream', 'scoop', '2inches', 'put', 'tray', 'approx', 'tray', 'make', 'trays', 'top', 'put', ""''"", 'square', 'bacon', 'sprinkle', 'paprika', 'bake', 'baccn', 'crisp', 'total', 'time', 'incl', 'baking', '1/2hour', 'worth', 'every', 'eat', 'enjoy', 'p.', 's.', 'clam', 'shells', 'use', 'make', 'often', 'found', 'best', 'way']",Italian
6958,"['grind', 'the', 'roasted', 'poppy', 'seeds', 'along', 'with', 'the', 'green', 'chilli', 'es', 'and', 'a', 'few', 'tablespoons', 'of', 'water', 'to', 'a', 'very', 'fine', 'paste', 'keep', 'aside', 'heat', 'half', 'of', 'the', 'oil', 'in', 'a', 'pan', 'for', '2', 'minute', 's', 'till', 'very', 'hot', 'shallow', 'fry', 'the', 'cubed', 'potatoes', 'in', 'batches', 'on', 'medium', 'heat', 'till', 'they', 'are', 'lightly', 'browned', 'drain', 'on', 'a', 'paper', 'towel', 'and', 'keep', 'aside', 'now', 'heat', 'the', 'remaining', 'oil', 'in', 'the', 'same', 'pan', 'add', 'the', 'whole', 'dry', 'red', 'chilli', 'es', 'and', 'turmeric', 'powder', 'fry', 'briefly', 'to', 'this', 'add', 'the', 'poppy', 'seed', 'paste', 'and', 'fry', 'again', 'on', 'medium/', 'low', 'heat', 'for', '5', 'minutes', 'till', 'the', 'oil', 'has', 'left', 'the', 'sides', 'of', 'the', 'pan', 'add', 'now', 'the', 'fried', 'potato', 'cubes', 'and', 'mix', 'well', 'add', 'water', 'and', 'salt', 'stir', 'cover', 'and', 'keep', 'on', 'low', 'heat', 'for', '15', 'minutes', 'till', 'the', 'potatoes', 'are', 'soft', 'garnish', 'with', 'chopped', 'fresh', 'coriander']","['grind', 'roasted', 'poppy', 'seeds', 'along', 'green', 'chilli', 'es', 'water', 'fine', 'paste', 'keep', 'aside', 'heat', 'half', 'oil', 'pan', 'till', 'hot', 'shallow', 'fry', 'cubed', 'potatoes', 'batches', 'medium', 'heat', 'till', 'lightly', 'browned', 'drain', 'paper', 'towel', 'keep', 'aside', 'heat', 'remaining', 'oil', 'pan', 'add', 'whole', 'dry', 'red', 'chilli', 'es', 'turmeric', 'powder', 'fry', 'briefly', 'add', 'poppy', 'seed', 'paste', 'fry', 'medium/', 'low', 'heat', 'till', 'oil', 'left', 'sides', 'pan', 'add', 'fried', 'potato', 'cubes', 'mix', 'well', 'add', 'water', 'salt', 'stir', 'cover', 'keep', 'low', 'heat', 'till', 'potatoes', 'soft', 'garnish', 'chopped', 'fresh', 'coriander']",Indian
11402,"['boil', 'potatoes', 'with', 'skins', 'on', 'boil', 'as', 'you', 'would', 'for', 'mashed', 'potatoes', 'just', 'until', 'soft', 'remove', 'skins', 'mash', 'potatoes', 'lightly', 'but', 'not', 'as', 'you', 'would', 'for', 'mashed', 'potatoes', 'there', 'should', 'be', 'nice', 'small', 'chunks', 'in', 'the', 'potatoes', 'but', 'partially', 'mashed', 'heat', 'oil', 'on', 'medium', 'heat', 'in', 'a', 'nice', 'sized', 'vessel', 'add', 'mustard', 'seed', 'let', 'mustard', 'seed', 'splutter', 'add', 'chopped', 'onion', 'and', 'fry', 'lightly', 'add', 'diced', 'tomatoes', 'and', 'fry', 'until', 'soft', 'add', 'the', 'chopped', 'coriander', 'leaves', 'or', 'parsley', 'curry', 'powder', 'stir', 'and', 'fry', 'lightly', 'reduce', 'heat', 'to', 'low', 'and', 'add', 'the', 'potato', 'stir', 'well', 'and', 'just', 'heat', 'through', 'until', 'forms', 'a', 'nice', 'consistancy', 'and', 'spices', 'have', 'mixed', 'in', 'well', 'approximately', '5', 'mins', 'wont', 'take', 'too', 'long', 'if', 'the', 'consistancy', 'of', 'the', 'potatoes', 'seems', 'a', 'little', 'too', 'dry', 'you', 'may', 'add', 'a', 'little', 'water-', 'less', 'than', '1/4c-', 'should', 'not', 'be', 'watery', 'but', 'nice', 'and', 'thick', 'only', 'a', 'little', 'moist', 'serve']","['boil', 'potatoes', 'skins', 'boil', 'would', 'mashed', 'potatoes', 'soft', 'remove', 'skins', 'mash', 'potatoes', 'lightly', 'would', 'mashed', 'potatoes', 'nice', 'small', 'chunks', 'potatoes', 'partially', 'mashed', 'heat', 'oil', 'medium', 'heat', 'nice', 'sized', 'vessel', 'add', 'mustard', 'seed', 'let', 'mustard', 'seed', 'splutter', 'add', 'chopped', 'onion', 'fry', 'lightly', 'add', 'diced', 'tomatoes', 'fry', 'soft', 'add', 'chopped', 'coriander', 'leaves', 'parsley', 'curry', 'powder', 'stir', 'fry', 'lightly', 'reduce', 'heat', 'low', 'add', 'potato', 'stir', 'well', 'heat', 'forms', 'nice', 'consistancy', 'spices', 'mixed', 'well', 'approximately', 'mins', 'wont', 'take', 'long', 'consistancy', 'potatoes', 'seems', 'little', 'dry', 'may', 'add', 'little', 'water', 'less', '1/4c', 'watery', 'nice', 'thick', 'little', 'moist', 'serve']",Indian
2245,"['mix', 'water', 'and', 'yeast', 'and', 'let', 'stand', 'for', '10', 'minutes', 'add', '2', 'cups', 'of', 'flour', 'and', 'mix', 'well', 'let', 'stand', 'for', '1', 'to', '2', 'hours', 'in', 'a', 'warm', 'place', 'it', 'should', 'get', 'bubbly', 'add', 'salt', 'and', 'olive', 'oil', 'and', 'mix', 'add', 'remaining', 'flour', '1/2', 'cup', 'at', 'a', 'time', 'to', 'form', 'a', 'dough', 'dump', 'onto', 'floured', 'board', 'and', 'knead', 'for', '10', 'minutes', 'adding', 'flour', 'to', 'board', 'as', 'needed', 'to', 'prevent', 'sticking', 'if', 'you', 'have', 'a', 'kitchenaid', 'stand', 'mixer', 'you', 'can', 'do', 'this', 'step', 'with', 'the', 'dough', 'hook.', 'place', 'dough', 'in', 'oiled', 'bowl', 'and', 'turn', 'to', 'coat', 'cover', 'with', 'towel', 'and', 'let', 'rise', 'in', 'warm', 'place', 'until', 'doubled', 'about', '1', 'hour', 'punch', 'down', 'and', 'divide', 'into', 'two', 'roll', 'each', 'out', 'on', 'floured', 'board', 'to', '12', 'inches', 'in', 'diameter', 'transfer', 'to', 'a', 'pizza', 'peel', 'coated', 'with', 'cornmeal', 'bake', 'at', '450', 'degrees', 'for', '12-13', 'minutes']","['mix', 'water', 'yeast', 'let', 'stand', 'add', 'flour', 'mix', 'well', 'let', 'stand', 'warm', 'place', 'get', 'bubbly', 'add', 'salt', 'olive', 'oil', 'mix', 'add', 'remaining', 'flour', 'time', 'form', 'dough', 'dump', 'onto', 'floured', 'board', 'knead', 'adding', 'flour', 'board', 'needed', 'prevent', 'sticking', 'kitchenaid', 'stand', 'mixer', 'step', 'dough', 'hook.', 'place', 'dough', 'oiled', 'bowl', 'turn', 'coat', 'cover', 'towel', 'let', 'rise', 'warm', 'place', 'doubled', 'punch', 'divide', 'two', 'roll', 'floured', 'board', 'diameter', 'transfer', 'pizza', 'peel', 'coated', 'cornmeal', 'bake']",Italian
9223,"['cover', 'eight', 'bamboo', 'skewers', 'with', 'cold', 'water', 'and', 'leave', 'them', 'to', 'soak', 'put', 'the', 'minced', 'chicken', 'into', 'a', 'bowl', 'with', 'the', 'onions', 'garlic', 'chilli', 'flakes', 'parsley', 'one', 'teaspoon', 'of', 'salt', 'and', 'some', 'freshly', 'ground', 'black', 'pepper', 'mix', 'together', 'with', 'your', 'hands', 'until', 'bound', 'together', 'divide', 'the', 'mixture', 'into', 'eight', 'and', 'mould', 'it', 'into', 'long', 'sausage', 'shapes', 'around', 'the', 'drained', 'bamboo', 'skewers', 'heat', 'the', 'grilled', 'pan', 'and', 'brush', 'the', 'kofta', 'with', 'oil', '.and', 'cook', 'on', 'medium', 'heat', 'turning', 'occasionally', 'until', 'browned', 'all', 'over', 'and', 'cooked', 'through', 'serve', 'with', 'pitta', 'and', 'yogurt']","['cover', 'eight', 'bamboo', 'skewers', 'cold', 'water', 'leave', 'soak', 'put', 'minced', 'chicken', 'bowl', 'onions', 'garlic', 'chilli', 'flakes', 'parsley', 'one', 'salt', 'freshly', 'ground', 'black', 'pepper', 'mix', 'together', 'hands', 'bound', 'together', 'divide', 'mixture', 'eight', 'mould', 'long', 'sausage', 'shapes', 'around', 'drained', 'bamboo', 'skewers', 'heat', 'grilled', 'pan', 'brush', 'kofta', 'oil', '.and', 'cook', 'medium', 'heat', 'turning', 'occasionally', 'browned', 'cooked', 'serve', 'pitta', 'yogurt']",Indian
3452,"['white', 'sauce', 'heat', 'the', 'butter', 'add', 'the', 'flour', 'and', 'cook', 'for', '10', 'mins', 'until', 'it', 'has', 'formed', 'a', '``', 'honeycomb', 'consistency', ""''"", 'or', 'roux', 'slowly', 'add', 'the', 'warm', 'milk', 'in', 'stages', 'stirring', 'continually', 'until', 'it', 'has', 'a', '``', 'sauce-like', ""''"", 'consistency', 'bolognese', 'sweat', 'the', 'chopped', 'vegetables', 'in', 'olive', 'oil', 'add', 'the', 'mince', 'and', 'a', 'pinch', 'of', 'salt', 'when', 'all', 'the', 'liquid', 'from', 'the', 'mince', 'has', 'evaporated', 'add', 'the', 'red', 'wine', 'and', 'when', 'evaporated', 'add', 'the', 'tinned', 'plum', 'tomatoes', 'cook', 'gently', 'for', '2', 'hours', 'on', 'a', 'very', 'low', 'heat', 'mix', 'the', 'bolognese', 'with', 'the', 'bechamel', 'check', 'the', 'seasoning', 'in', 'a', 'baking', 'dish', 'add', 'a', 'couple', 'of', 'ladles', 'of', 'bechamel', 'and', 'sauce', 'lay', 'a', 'sheet', 'of', 'pasta', 'on', 'top', 'add', 'more', 'sauce', 'on', 'the', 'top', 'and', 'spread', 'with', 'parmesan', 'continue', 'until', 'the', 'dish', 'is', 'full', 'cook', 'in', 'the', 'oven', 'for', '25-40', 'minutes', 'at', '180°c']","['white', 'sauce', 'heat', 'butter', 'add', 'flour', 'cook', 'mins', 'formed', '``', 'honeycomb', 'consistency', ""''"", 'roux', 'slowly', 'add', 'warm', 'milk', 'stages', 'stirring', 'continually', '``', 'sauce', 'like', ""''"", 'consistency', 'bolognese', 'sweat', 'chopped', 'vegetables', 'olive', 'oil', 'add', 'mince', 'pinch', 'salt', 'liquid', 'mince', 'evaporated', 'add', 'red', 'wine', 'evaporated', 'add', 'tinned', 'plum', 'tomatoes', 'cook', 'gently', 'low', 'heat', 'mix', 'bolognese', 'bechamel', 'check', 'seasoning', 'baking', 'dish', 'add', 'couple', 'ladles', 'bechamel', 'sauce', 'lay', 'sheet', 'pasta', 'top', 'add', 'sauce', 'top', 'spread', 'parmesan', 'continue', 'dish', 'full', 'cook', 'oven', '180°c']",Italian
5179,"['using', 'mixing', 'bowl', 'combine', 'ricotta', 'egg', 'and', 'parmesean', 'cheese', 'add', '2', 'tbsp', 'dry', 'garlic', '1', 'tsp', 'oregano', '1', 'tsp', 'basil', 'and', 'minute', 'quantities', 'of', 'rosemary', 'this', 'can', 'overpower', 'the', 'dish', 'easily', 'mix', 'meat', 'with', '2', 'tbsp', 'garlic', 'brown', 'the', 'meat', 'and', 'drain', 'then', 'add', 'stewed', 'tomatoes', 'white', 'wine', 'and', 'olive', 'oil', 'puree', 'crushed', 'tomatoes', 'with', 'the', 'garlic', 'cloves', 'and', 'add', 'you', 'may', 'add', 'variable', 'amounts', 'of', 'sugar', 'to', 'balance', 'out', 'the', 'acidity', 'once', 'a', 'sauce', 'is', 'formed', 'add', 'remaining', 'oregano', 'basil', 'rosemary', 'thyme', 'and', 'cook', 'until', 'the', 'tomatoes', 'have', 'broken', 'down', 'allow', 'to', 'cool', 'once', 'the', 'sauce', 'has', 'cooled', 'add', 'dry', 'shells', 'and', 'add', 'layers', 'of', 'meat/sauce', 'mixture', 'cheese', 'mixture', 'then', 'add', 'sauce', 'completely', 'covering', 'the', 'top', 'layer', 'make', 'a', 'small', 'bowl', 'of', 'watery', 'sauce', 'to', 'add', 'to', 'the', 'top', 'to', 'keep', 'the', 'shells', 'from', 'drying', 'out', 'in', 'case', 'the', 'mixture', 'becomes', 'dry', 'and', 'bake', 'at', '350', 'for', '20', 'minutes', 'at', 'the', 'very', 'end', 'of', 'the', 'baking', 'take', 'a', 'small', 'amount', 'of', 'olive', 'oil', 'and', 'rub', 'it', 'over', 'the', 'cheese', 'and', 'add', 'to', 'the', 'lasagna', 'the', 'oil', 'will', 'help', 'melt', 'and', 'toast', 'the', 'cheese', 'to', 'give', 'the', 'browning', 'you', 'see', 'in', 'a', 'pizzeria', 'and', 'serve']","['using', 'mixing', 'bowl', 'combine', 'ricotta', 'egg', 'parmesean', 'cheese', 'add', 'dry', 'garlic', 'oregano', 'basil', 'quantities', 'rosemary', 'overpower', 'dish', 'easily', 'mix', 'meat', 'garlic', 'brown', 'meat', 'drain', 'add', 'stewed', 'tomatoes', 'white', 'wine', 'olive', 'oil', 'puree', 'crushed', 'tomatoes', 'garlic', 'cloves', 'add', 'may', 'add', 'variable', 'amounts', 'sugar', 'balance', 'acidity', 'sauce', 'formed', 'add', 'remaining', 'oregano', 'basil', 'rosemary', 'thyme', 'cook', 'tomatoes', 'broken', 'allow', 'cool', 'sauce', 'cooled', 'add', 'dry', 'shells', 'add', 'layers', 'meat/sauce', 'mixture', 'cheese', 'mixture', 'add', 'sauce', 'completely', 'covering', 'top', 'layer', 'make', 'small', 'bowl', 'watery', 'sauce', 'add', 'top', 'keep', 'shells', 'drying', 'case', 'mixture', 'becomes', 'dry', 'bake', 'end', 'baking', 'take', 'small', 'amount', 'olive', 'oil', 'rub', 'cheese', 'add', 'lasagna', 'oil', 'help', 'melt', 'toast', 'cheese', 'give', 'browning', 'see', 'pizzeria', 'serve']",Italian
8859,"['place', 'meat', 'into', 'mixing', 'bowl', 'small', 'enough', 'for', 'refridgerator', 'add', 'lemon', 'juice', 'and', 'olive', 'oil', 'mix', 'chop', 'and', 'add', 'onion', 'chillis', 'and', 'garlic', 'all', 'chopped', 'medium', 'fine', 'add', 'all', 'dry', 'spices', 'mix', 'into', 'meat', 'chop', 'mint', 'leaves', 'coarsely', 'and', 'add', 'to', 'mix', 'stir', 'well', 'cover', 'with', 'tin', 'foil', 'and', 'marinade', 'meat', 'for', '1-12', 'hours', 'preferably', '2-4.', 'remove', 'from', 'fridge', 'and', 'stir', 'well', 'grill', 'under', 'high', 'heat', 'until', 'meat', 'is', 'cooked', 'through', 'serve', 'with', 'pitta', 'bread', 'or', 'wraps', 'garlic', 'and', 'chilli', 'sauce', 'coleslaw', 'salad', 'or', 'whatever', 'takes', 'your', 'fancy', 'enjoy', 'ps', 'photo', 'will', 'follow', 'when', 'i', 'convince', 'win', '10', 'to', 'do', 'what', 'it', ""'s"", 'told']","['place', 'meat', 'mixing', 'bowl', 'small', 'enough', 'refridgerator', 'add', 'lemon', 'juice', 'olive', 'oil', 'mix', 'chop', 'add', 'onion', 'chillis', 'garlic', 'chopped', 'medium', 'fine', 'add', 'dry', 'spices', 'mix', 'meat', 'chop', 'mint', 'leaves', 'coarsely', 'add', 'mix', 'stir', 'well', 'cover', 'tin', 'foil', 'marinade', 'meat', 'preferably', 'remove', 'fridge', 'stir', 'well', 'grill', 'high', 'heat', 'meat', 'cooked', 'serve', 'pitta', 'bread', 'wraps', 'garlic', 'chilli', 'sauce', 'coleslaw', 'salad', 'whatever', 'takes', 'fancy', 'enjoy', 'ps', 'photo', 'follow', 'convince', 'win', 'told']",Indian
11971,"['in', 'a', 'heavy', 'pan', 'dry', 'roast', 'the', 'first', 'seven', 'spices', 'stirring', 'from', 'time', 'to', 'time', 'to', 'prevent', 'burning', 'allow', 'to', 'cool', 'grind', 'the', 'spices', 'with', 'the', 'curry', 'leaves', 'and', 'chilli', 'powder', 'store', 'in', 'air', 'tight', 'jars', 'it', 'will', 'keep', 'for', 'up', 'to', '6', 'months']","['heavy', 'pan', 'dry', 'roast', 'first', 'seven', 'spices', 'stirring', 'time', 'time', 'prevent', 'burning', 'allow', 'cool', 'grind', 'spices', 'curry', 'leaves', 'chilli', 'powder', 'store', 'air', 'tight', 'jars', 'keep', 'months']",Indian
11436,"['in', 'a', 'non-stick', 'pan', 'melt', 'the', 'butter', 'and', 'fry', 'the', 'onion', 'till', 'golden', 'add', 'the', 'coconut', 'to', 'the', 'pan', 'and', 'fry', 'till', 'brown', 'do', 'not', 'allow', 'the', 'coconut', 'to', 'stick', 'to', 'the', 'pan', 'stir', 'in', 'the', 'spices', 'and', 'the', 'yogurt', 'followed', 'by', 'the', 'tomato', 'puree', 'stir', 'again', 'if', 'the', 'liquid', 'is', 'too', 'thick', 'add', 'a', 'few', 'spoons', 'of', 'water', 'bring', 'to', 'the', 'boil', 'and', 'add', 'the', 'prawns', 'lower', 'the', 'heat', 'and', 'cook', 'for', '5', 'minutes', 'serve', 'with', 'boiled', 'rice', 'and', 'a', 'vegetable', 'curry', 'of', 'your', 'choice']","['non', 'stick', 'pan', 'melt', 'butter', 'fry', 'onion', 'till', 'golden', 'add', 'coconut', 'pan', 'fry', 'till', 'brown', 'allow', 'coconut', 'stick', 'pan', 'stir', 'spices', 'yogurt', 'followed', 'tomato', 'puree', 'stir', 'liquid', 'thick', 'add', 'spoons', 'water', 'bring', 'boil', 'add', 'prawns', 'lower', 'heat', 'cook', 'serve', 'boiled', 'rice', 'vegetable', 'curry', 'choice']",Indian
12221,"['wash', 'the', 'dhal', 'in', 'a', 'large', 'saucepan', 'add', 'dhal', '2', 'cups', 'of', 'water', 'spinach', 'tomatoes', 'onion', 'chillies', 'and', 'cook', 'over', 'med-high', 'heat', 'until', 'lentils', 'are', 'very', 'tender', 'approx', '30', 'mins', 'in', 'another', 'pan', 'add', '1', 'tsp', 'oiland', 'add', 'mustard', 'cumin', 'seeds', 'after', 'the', 'mustard', 'starts', 'popping', 'add', 'dry', 'red', 'chillies', 'and', 'curry', 'leaves', 'saute', 'for', '35', 'seconds', 'and', 'then', 'pour', 'the', 'cooked', 'dal', 'over', 'this', 'add', 'red', 'chilli', 'powder', 'garam', 'masala', 'turmeric', 'sugar', 'salt', 'to', 'taste', 'mix', 'well', 'cover', 'bring', 'to', 'boil', 'simmer', 'for', '2-3', 'minute', 'stir', 'in', 'lemon', 'juice', 'turn', 'off', 'stove', 'serve', 'hot', 'with', 'rice']","['wash', 'dhal', 'large', 'saucepan', 'add', 'dhal', 'water', 'spinach', 'tomatoes', 'onion', 'chillies', 'cook', 'med', 'high', 'heat', 'lentils', 'tender', 'approx', 'mins', 'another', 'pan', 'add', 'oiland', 'add', 'mustard', 'cumin', 'seeds', 'mustard', 'starts', 'popping', 'add', 'dry', 'red', 'chillies', 'curry', 'leaves', 'saute', 'seconds', 'pour', 'cooked', 'dal', 'add', 'red', 'chilli', 'powder', 'garam', 'masala', 'turmeric', 'sugar', 'salt', 'taste', 'mix', 'well', 'cover', 'bring', 'boil', 'simmer', 'stir', 'lemon', 'juice', 'turn', 'stove', 'serve', 'hot', 'rice']",Indian
9364,"['beat', 'the', 'eggs', 'well', 'grate', 'the', 'jaggery', 'and', 'mix', 'with', 'the', 'egg', 'batter', 'add', 'all', 'the', 'other', 'ingredients', 'and', 'mix', 'well', 'pour', 'the', 'mix', 'into', 'a', 'greased', 'bowl', 'cover', 'with', 'oil', 'paper', 'steam', 'for', '1', '1/4', 'hours', 'let', 'it', 'cool', 'in', 'the', 'container', 'before', 'serving', 'sprinkle', 'some', 'chopped', 'cashews', 'for', 'added', 'taste', 'and', 'decoration']","['beat', 'eggs', 'well', 'grate', 'jaggery', 'mix', 'egg', 'batter', 'add', 'ingredients', 'mix', 'well', 'pour', 'mix', 'greased', 'bowl', 'cover', 'oil', 'paper', 'steam', 'let', 'cool', 'container', 'serving', 'sprinkle', 'chopped', 'cashews', 'added', 'taste', 'decoration']",Indian
12591,"['pour', 'condensed', 'milk', 'and', 'spices', 'into', 'the', 'blender', 'and', 'blend', 'on', 'high', 'speed', 'for', 'a', 'few', 'seconds', 'until', 'the', 'milk', 'looks', 'evenly', '``', 'flecked', ""''"", 'with', 'spices', 'pour', 'mixture', 'into', 'a', 'clean', 'jar', 'or', 'container', 'with', 'a', 'lid', 'refrigerate', 'at', 'least', '24', 'hours', 'alternatively', 'pour', 'mix', 'into', 'ice', 'cube', 'trays', 'and', 'freeze', 'to', 'use', 'concentrate', 'brew', 'a', 'strong', 'black', 'tea', 'or', 'strong', 'herbal', 'tea', 'of', 'your', 'choice', 'stir', 'in', '1', 'frozen', 'concentrate', 'cube', 'or', '1/2', 'to', '2', 'teaspoons', 'of', 'chai', 'concentrate', 'mix', 'per', 'cup', 'of', 'freshly', 'steeped', 'tea', 'frozen', 'cubes', 'will', 'keep', 'up', 'to', 'one', 'year', 'in', 'the', 'freezer', 'if', 'you', 'pop', 'them', 'out', 'of', 'the', 'trays', 'and', 'store', 'in', 'a', 'freezer', 'bag', 'concentrate', 'will', 'keep', 'in', 'the', 'fridge', 'for', 'up', 'to', '3', 'weeks']","['pour', 'condensed', 'milk', 'spices', 'blender', 'blend', 'high', 'speed', 'seconds', 'milk', 'looks', 'evenly', '``', 'flecked', ""''"", 'spices', 'pour', 'mixture', 'clean', 'jar', 'container', 'lid', 'refrigerate', 'least', 'alternatively', 'pour', 'mix', 'ice', 'cube', 'trays', 'freeze', 'use', 'concentrate', 'brew', 'strong', 'black', 'tea', 'strong', 'herbal', 'tea', 'choice', 'stir', 'frozen', 'concentrate', 'cube', 'chai', 'concentrate', 'mix', 'per', 'freshly', 'steeped', 'tea', 'frozen', 'cubes', 'keep', 'one', 'year', 'freezer', 'pop', 'trays', 'store', 'freezer', 'bag', 'concentrate', 'keep', 'fridge', 'weeks']",Indian
9081,"['marinate', 'the', 'washed', 'fish', 'pcs', 'with', 'the', 'salt', 'and', 'lemon', 'juice', 'for', '30', 'mins', 'combine', 'the', 'rest', 'of', 'the', 'ingredients', 'except', 'the', 'oil/', 'butter', 'and', 'whisk', 'and', 'pour', 'over', 'the', 'fish', 'cubes', 'and', 'mix', 'gently', 'to', 'coat', 'all', 'the', 'fish', 'pcs', 'evenly', 'marinate', 'again', 'for', 'atleast', 'one', 'hour', 'preheat', 'oven', 'to', '175c', 'roast', 'bake', 'or', 'grill', 'till', 'the', 'fish', 'pcs', 'are', 'golden', 'brown', 'in', 'colour', 'around', '30', 'mins', 'baste', 'it', 'just', 'once', 'with', 'the', 'oil/', 'butter', 'serve', 'hot', 'with', 'a', 'yoghurt', 'and', 'mint', 'chutney']","['marinate', 'washed', 'fish', 'pcs', 'salt', 'lemon', 'juice', 'mins', 'combine', 'rest', 'ingredients', 'except', 'oil/', 'butter', 'whisk', 'pour', 'fish', 'cubes', 'mix', 'gently', 'coat', 'fish', 'pcs', 'evenly', 'marinate', 'atleast', 'one', 'preheat', 'oven', '175c', 'roast', 'bake', 'grill', 'till', 'fish', 'pcs', 'golden', 'brown', 'colour', 'around', 'mins', 'baste', 'oil/', 'butter', 'serve', 'hot', 'yoghurt', 'mint', 'chutney']",Indian
484,"['in', 'a', '6', 'quart', 'pot', 'add', 'extra-virgin', 'olive', 'oil', 'when', 'almost', 'smoking', 'add', 'the', 'onion', 'and', 'garlic', 'and', 'saute', 'over', 'medium', 'heat', 'until', 'the', 'onions', 'become', 'very', 'soft', 'about', '8', 'minutes', 'add', 'the', 'celery', 'and', 'carrot', 'and', 'saute', 'for', '5', 'minutes', 'raise', 'heat', 'to', 'high', 'and', 'add', 'the', 'ground', 'beef', 'saute', 'stirring', 'frequently', 'and', 'breaking', 'up', 'any', 'large', 'lumps', 'and', 'cook', 'until', 'meat', 'is', 'no', 'longer', 'pink', 'about', '8', 'minutes', 'add', 'the', 'tomatoes', 'parsley', 'and', 'basil', 'and', 'cook', 'over', 'medium', 'low', 'heat', 'until', 'the', 'sauce', 'thickens', 'about', '1/2', 'hour', 'finish', 'bolognese', 'with', 'pecorino', 'romano', 'check', 'for', 'seasoning', 'serve', 'hot']","['pot', 'add', 'extra', 'virgin', 'olive', 'oil', 'almost', 'smoking', 'add', 'onion', 'garlic', 'saute', 'medium', 'heat', 'onions', 'become', 'soft', 'add', 'celery', 'carrot', 'saute', 'raise', 'heat', 'high', 'add', 'ground', 'beef', 'saute', 'stirring', 'frequently', 'breaking', 'large', 'lumps', 'cook', 'meat', 'longer', 'pink', 'add', 'tomatoes', 'parsley', 'basil', 'cook', 'medium', 'low', 'heat', 'sauce', 'thickens', 'finish', 'bolognese', 'pecorino', 'romano', 'check', 'seasoning', 'serve', 'hot']",Italian
6308,"['soak', 'beans', 'in', 'cold', 'water', 'to', 'cover', 'by', '2', 'inches', 'and', 'refrigerate', 'for', 'at', 'least', '8', 'hours', 'drain', 'and', 'transfer', 'to', '3', 'quart', 'heavy', 'saucepan', 'add', 'cold', 'water', 'to', 'cover', 'by', '2', 'inches', 'and', 'bring', 'to', 'a', 'boil', 'reduce', 'heat', 'and', 'simmer', 'uncovered', 'until', 'tender', 'about', '50', 'minutes', 'add', 'more', 'water', 'if', 'necessary', 'to', 'keep', 'them', 'covered', 'in', 'water', 'add', 'salt', 'and', 'simmer', 'for', '5', 'additional', 'minutes', 'remove', 'from', 'heat', 'and', 'let', 'beans', 'stand', 'uncovered', 'peel', 'potatoes', 'and', 'cut', 'into', '3/4', 'inch', 'cubes', 'place', 'in', 'bowl', 'and', 'cover', 'with', 'cold', 'water', 'heat', 'oil', 'large', 'heavy', 'pot', 'over', 'moderate', 'heat', 'add', 'pancetta', 'and', 'cook', 'stirring', 'until', 'crisp', 'and', 'pale', 'golden', 'brown', '4', 'to', '5', 'minutes', 'add', 'onion', 'and', 'cook', 'stirring', 'until', 'softened', '4', 'to', '5', 'minutes', 'add', 'carrots', 'celery', 'and', 'garlic', 'and', 'cook', 'stirring', 'for', '4', 'minutes', 'drain', 'potatoes', 'well', 'and', 'add', 'to', 'pot', 'along', 'with', 'the', 'zucchini', 'and', 'green', 'beans', 'cook', 'stirring', 'for', '4', 'minutes', 'add', 'cabbage', 'and', 'kale', 'and', 'cook', 'until', 'cabbage', 'is', 'wilted', 'about', '5', 'minutes', 'add', 'drained', 'tomatoes', 'and', 'stock', 'and', 'bring', 'to', 'a', 'simmer', 'cover', 'and', 'reduce', 'heat', 'simmer', 'for', '1', 'hour', 'drain', 'beans', 'reserving', 'liquid', 'in', 'a', 'blender', 'or', 'food', 'processor', 'puree', 'half', 'of', 'beans', 'with', '1', 'cup', 'of', 'the', 'reserved', 'liquid', 'stir', 'pureed', 'beans', 'into', 'the', 'soup', 'add', 'the', 'remaining', 'beans', 'and', 'reserved', 'liquid', 'season', 'with', 'salt', 'and', 'pepper', 'serve', 'with', 'grated', 'cheese', 'note', 'soup', 'can', 'be', 'made', 'up', 'to', '3', 'days', 'in', 'advance']","['soak', 'beans', 'cold', 'water', 'cover', 'refrigerate', 'least', 'drain', 'transfer', 'heavy', 'saucepan', 'add', 'cold', 'water', 'cover', 'bring', 'boil', 'reduce', 'heat', 'simmer', 'uncovered', 'tender', 'add', 'water', 'necessary', 'keep', 'covered', 'water', 'add', 'salt', 'simmer', 'additional', 'remove', 'heat', 'let', 'beans', 'stand', 'uncovered', 'peel', 'potatoes', 'cut', 'cubes', 'place', 'bowl', 'cover', 'cold', 'water', 'heat', 'oil', 'large', 'heavy', 'pot', 'moderate', 'heat', 'add', 'pancetta', 'cook', 'stirring', 'crisp', 'pale', 'golden', 'brown', 'add', 'onion', 'cook', 'stirring', 'softened', 'add', 'carrots', 'celery', 'garlic', 'cook', 'stirring', 'drain', 'potatoes', 'well', 'add', 'pot', 'along', 'zucchini', 'green', 'beans', 'cook', 'stirring', 'add', 'cabbage', 'kale', 'cook', 'cabbage', 'wilted', 'add', 'drained', 'tomatoes', 'stock', 'bring', 'simmer', 'cover', 'reduce', 'heat', 'simmer', 'drain', 'beans', 'reserving', 'liquid', 'blender', 'food', 'processor', 'puree', 'half', 'beans', 'reserved', 'liquid', 'stir', 'pureed', 'beans', 'soup', 'add', 'remaining', 'beans', 'reserved', 'liquid', 'season', 'salt', 'pepper', 'serve', 'grated', 'cheese', 'note', 'soup', 'made', 'days', 'advance']",Italian
2757,"['cook', 'the', 'rice', 'in', 'the', 'hot', 'water', 'simmering', 'over', 'a', 'low', 'heat', 'in', 'a', 'covered', 'pan', 'for', 'around', '20', 'minutes', 'until', 'all', 'the', 'water', 'has', 'been', 'absorbed', 'when', 'the', 'rice', 'is', 'fully', 'cooked', 'remove', 'from', 'the', 'heat', 'add', 'the', 'pesto', 'sauce', 'pine', 'nuts', 'and', 'parmesan', 'cheese', 'stir', 'to', 'mix', 'well', 'if', 'the', 'rice', 'has', 'had', 'a', 'chance', 'to', 'cool', 'at', 'all', 'you', 'may', 'wish', 'to', 'reheat', 'it', 'at', 'this', 'point-', 'the', 'rice', 'should', 'be', 'hot', 'enough', 'for', 'the', 'mozzarella', 'to', 'melt', 'slightly', 'serve', 'onto', 'plates', 'and', 'top', 'with', 'the', 'grated', 'mozzarella', 'if', 'desired', 'enjoy']","['cook', 'rice', 'hot', 'water', 'simmering', 'low', 'heat', 'covered', 'pan', 'around', 'water', 'absorbed', 'rice', 'fully', 'cooked', 'remove', 'heat', 'add', 'pesto', 'sauce', 'pine', 'nuts', 'parmesan', 'cheese', 'stir', 'mix', 'well', 'rice', 'chance', 'cool', 'may', 'wish', 'reheat', 'point', 'rice', 'hot', 'enough', 'mozzarella', 'melt', 'slightly', 'serve', 'onto', 'plates', 'top', 'grated', 'mozzarella', 'desired', 'enjoy']",Italian
6947,"['combine', 'minute', 'rice', 'milk', 'sugar', 'butter', 'salt', 'vanilla', 'and', 'nutmeg', 'in', 'a', 'greased', '1', 'quart', 'baking', 'dish', 'i', 'added', 'my', 'almonds', 'and', 'cardamom', 'pods', 'here', 'bake', 'in', 'a', '350', 'degree', 'oven', 'for', '1', 'hour', 'stir', 'after', '15', 'minutes', 'and', 'again', 'when', 'pudding', 'is', 'done', 'then', 'sprinkle', 'with', 'cinnamon/sugar', 'serve', 'warm', 'or', 'chilled', 'the', 'pudding', 'will', 'thicken', 'as', 'it', 'stands']","['combine', 'rice', 'milk', 'sugar', 'butter', 'salt', 'vanilla', 'nutmeg', 'greased', 'baking', 'dish', 'added', 'almonds', 'cardamom', 'pods', 'bake', 'oven', 'stir', 'pudding', 'done', 'sprinkle', 'cinnamon/sugar', 'serve', 'warm', 'chilled', 'pudding', 'thicken', 'stands']",Indian
7561,"['for', 'the', 'bhallas', 'drain', 'the', 'black', 'gram', 'after', 'it', 'has', 'been', 'soaked', 'for', '2', 'hours', 'in', 'water', 'add', 'cumin', 'ginger', 'garlic', 'and', 'green', 'chillies', 'to', 'the', 'black', 'gram', 'mix', 'well', 'add', 'water', 'very', 'little', 'and', 'grind', 'this', 'to', 'a', 'fine', 'paste', 'transfer', 'to', 'a', 'mixing', 'bowl', 'add', 'salt', 'and', 'mix', 'well', 'shape', 'into', 'even', 'sized', 'balls', 'about', '1', 'inch', 'in', 'diameter', 'each', 'heat', 'oil', 'in', 'a', 'wok', 'once', 'its', 'hot', 'carefully', 'lower', 'the', 'prepared', 'balls', 'in', 'it', 'a', 'few', 'at', 'a', 'time', 'and', 'deep', 'fry', 'until', 'golden', 'brown', 'on', 'either', 'side', 'drain', 'on', 'clean', 'kitchen', 'paper', 'towels', 'soak', 'the', 'prepared', 'bhallas', 'after', 'the', 'excess', 'oil', 'has', 'been', 'drained', 'out', 'in', 'lukewarm', 'water', 'till', 'they', 'are', 'soft', 'now', 'prepare', 'the', 'yogurt', 'mixture', 'to', 'do', 'so', 'add', 'all', 'the', 'ingredients', 'mentioned', 'under', ""''"", 'for', 'the', 'yogurt', 'mixture', ""''"", 'in', 'a', 'bowl', 'mix', 'well', 'now', 'remove', 'the', 'bhallas', 'from', 'water', 'squeeze', 'out', 'the', 'excess', 'water', 'and', 'add', 'the', 'bhallas', 'to', 'the', 'yogurt', 'mixture', 'keep', 'aside', 'for', '30', 'minutes', 'take', '1', 'tablespoons', 'of', 'oil', 'in', 'a', 'pan', 'add', '1/2', 'teaspoons', 'mustard', 'seeds', 'and', 'allow', 'to', 'splutter', 'once', 'they', 'stop', 'spluttering', 'remove', 'from', 'heat', 'add', 'them', 'to', 'the', 'yogurt', 'mixture', 'garnish', 'with', 'corriander', 'leaves', 'red', 'chilli', 'and', 'cumin', 'powders', 'and', 'tamarind', 'chutney', 'cover', 'and', 'refrigerate', 'for', '3', 'hours', 'serve', 'chilled']","['bhallas', 'drain', 'black', 'gram', 'soaked', 'water', 'add', 'cumin', 'ginger', 'garlic', 'green', 'chillies', 'black', 'gram', 'mix', 'well', 'add', 'water', 'little', 'grind', 'fine', 'paste', 'transfer', 'mixing', 'bowl', 'add', 'salt', 'mix', 'well', 'shape', 'even', 'sized', 'balls', 'diameter', 'heat', 'oil', 'wok', 'hot', 'carefully', 'lower', 'prepared', 'balls', 'time', 'deep', 'fry', 'golden', 'brown', 'either', 'side', 'drain', 'clean', 'kitchen', 'paper', 'towels', 'soak', 'prepared', 'bhallas', 'excess', 'oil', 'drained', 'lukewarm', 'water', 'till', 'soft', 'prepare', 'yogurt', 'mixture', 'add', 'ingredients', 'mentioned', ""''"", 'yogurt', 'mixture', ""''"", 'bowl', 'mix', 'well', 'remove', 'bhallas', 'water', 'squeeze', 'excess', 'water', 'add', 'bhallas', 'yogurt', 'mixture', 'keep', 'aside', 'take', 'oil', 'pan', 'add', 'mustard', 'seeds', 'allow', 'splutter', 'stop', 'spluttering', 'remove', 'heat', 'add', 'yogurt', 'mixture', 'garnish', 'corriander', 'leaves', 'red', 'chilli', 'cumin', 'powders', 'tamarind', 'chutney', 'cover', 'refrigerate', 'serve', 'chilled']",Indian
3217,"['in', 'top', 'of', 'double', 'boiler', 'combine', 'all', 'ingredients', 'place', 'over', 'hot', 'water', 'and', 'beat', 'constantly', 'until', 'frothy', 'smooth', 'and', 'slightly', 'thick', 'serve', 'plain', 'or', 'on', 'spong', 'cake', 'delicious', 'hot', 'or', 'cold']","['top', 'double', 'boiler', 'combine', 'ingredients', 'place', 'hot', 'water', 'beat', 'constantly', 'frothy', 'smooth', 'slightly', 'thick', 'serve', 'plain', 'spong', 'cake', 'delicious', 'hot', 'cold']",Italian
11527,"['mix', 'all', 'ingredients', 'except', 'oil', 'for', 'deep', 'frying', 'and', 'water', 'add', 'water', 'little', 'by', 'little', 'kneading', 'to', 'a', 'soft', 'pliable', 'dough', 'cover', 'keep', 'for', '15', 'minutes', 'break', 'into', 'small', 'portions', 'roll', 'into', '1', 'inch', 'rounds', 'keep', 'a', 'little', 'thicker', 'than', 'puris', 'prick', 'with', 'a', 'fork', 'place', 'on', 'a', 'clean', 'spread', 'out', 'cloth', 'do', 'this', 'for', 'all', 'the', 'dough', 'heat', 'oil', 'in', 'a', 'pan', 'add', 'some', 'of', 'the', 'round', 'balls', 'matri', 'at', 'a', 'time', 'fry', 'till', 'slightly', 'golden', 'flip', 'side', 'repeat', 'drain', 'excess', 'oil', 'allow', 'to', 'become', 'crisp', 'store', 'in', 'an', 'airtight', 'container']","['mix', 'ingredients', 'except', 'oil', 'deep', 'frying', 'water', 'add', 'water', 'little', 'little', 'kneading', 'soft', 'pliable', 'dough', 'cover', 'keep', 'break', 'small', 'portions', 'roll', 'rounds', 'keep', 'little', 'thicker', 'puris', 'prick', 'fork', 'place', 'clean', 'spread', 'cloth', 'dough', 'heat', 'oil', 'pan', 'add', 'round', 'balls', 'matri', 'time', 'fry', 'till', 'slightly', 'golden', 'flip', 'side', 'repeat', 'drain', 'excess', 'oil', 'allow', 'become', 'crisp', 'store', 'airtight', 'container']",Indian
9285,"['in', 'a', 'pan', 'cook', 'the', 'spinach', 'with', 'garlic', 'ginger', 'onions', 'and', 'the', 'green', 'chilies', 'for', 'about', '5-10', 'minutes', 'remove', 'from', 'the', 'pan', 'and', 'blend', 'to', 'a', 'fine', 'puree', 'and', 'keep', 'aside', 'in', 'the', 'meantime', 'boil', 'the', 'potatoes', 'with', 'salt', 'and', 'turmeric', 'until', 'done', 'apprximately', '10', 'minutes', 'and', 'set', 'aside', 'when', 'done', 'heat', 'ghee', 'in', 'a', 'pan', 'fry', 'cumin', 'seeds', 'along', 'with', 'spinach-onion', 'paste', 'and', 'simmer', 'for', 'a', 'few', 'minutes', 'add', 'the', 'cooked', 'potatoes', 'garam', 'masala', 'coriander', 'and', 'cumin', 'powder', 'and', 'a', 'little', 'water', 'if', 'needed', 'simmer', 'for', 'few', 'minutes', 'till', 'the', 'potatoes', 'absorb', 'the', 'flavor', 'add', 'fresh', 'cream', 'if', 'desired']","['pan', 'cook', 'spinach', 'garlic', 'ginger', 'onions', 'green', 'chilies', 'remove', 'pan', 'blend', 'fine', 'puree', 'keep', 'aside', 'meantime', 'boil', 'potatoes', 'salt', 'turmeric', 'done', 'apprximately', 'set', 'aside', 'done', 'heat', 'ghee', 'pan', 'fry', 'cumin', 'seeds', 'along', 'spinach', 'onion', 'paste', 'simmer', 'add', 'cooked', 'potatoes', 'garam', 'masala', 'coriander', 'cumin', 'powder', 'little', 'water', 'needed', 'simmer', 'till', 'potatoes', 'absorb', 'flavor', 'add', 'fresh', 'cream', 'desired']",Indian
12780,"['boil', 'babycorn', 'drain', 'and', 'cut', 'into', 'small', 'pieces', 'cut', 'paneer', 'into', 'diamond-shaped', 'pieces', 'peel', 'wash', 'and', 'chop', 'onions', 'wash', 'and', 'chop', 'tomatoes', 'grind', 'together', 'the', 'red', 'chillies', 'ginger', 'garlic', 'cumin', 'cloves', 'mustard', 'seeds', 'cinnamon', 'and', 'salt', 'with', 'a', 'quarter', 'cup', 'of', 'malt', 'vinegar', 'to', 'a', 'fine', 'paste', 'then', 'heat', 'oil', 'in', 'a', 'pan', 'add', 'onions', 'saute', 'till', 'light', 'brown', 'add', 'tomatoes', 'mix', 'well', 'cook', 'for', '5', 'minutes', 'stirring', 'well', 'add', 'baby', 'corn', 'tomato', 'puree', 'and', 'the', 'ground', 'masala', 'saute', 'for', 'a', 'few', 'minutes', 'add', 'salt', 'a', 'little', 'water', 'and', 'sugar', 'cook', 'for', '4', 'minutes', 'stir', 'in', 'panner', 'pieces', 'very', 'carefully', 'add', 'the', 'remaining', 'malt', 'vinegar', 'stir', 'well', 'serve', 'hot', 'with', 'rotis', 'or', 'bread', 'or', 'naan', 'or', 'paratha', 'or', 'kulcha']","['boil', 'babycorn', 'drain', 'cut', 'small', 'pieces', 'cut', 'paneer', 'diamond', 'shaped', 'pieces', 'peel', 'wash', 'chop', 'onions', 'wash', 'chop', 'tomatoes', 'grind', 'together', 'red', 'chillies', 'ginger', 'garlic', 'cumin', 'cloves', 'mustard', 'seeds', 'cinnamon', 'salt', 'quarter', 'malt', 'vinegar', 'fine', 'paste', 'heat', 'oil', 'pan', 'add', 'onions', 'saute', 'till', 'light', 'brown', 'add', 'tomatoes', 'mix', 'well', 'cook', 'stirring', 'well', 'add', 'baby', 'corn', 'tomato', 'puree', 'ground', 'masala', 'saute', 'add', 'salt', 'little', 'water', 'sugar', 'cook', 'stir', 'panner', 'pieces', 'carefully', 'add', 'remaining', 'malt', 'vinegar', 'stir', 'well', 'serve', 'hot', 'rotis', 'bread', 'naan', 'paratha', 'kulcha']",Indian
7379,"['mix', 'together', 'all', 'the', 'ingredients', 'except', 'the', 'chicken', 'in', 'a', 'bowl', 'add', 'the', 'chicken', 'to', 'the', 'bowl', 'mixing', 'it', 'well', 'with', 'the', 'marinade', 'refrigerate', 'for', '4', 'hours', 'minimum', 'remove', 'the', 'chicken', 'and', 'allow', 'the', 'excess', 'marinade', 'to', 'drain', 'pre-heat', 'your', 'oven', 'to', '180c', 'place', 'the', 'chicken', 'on', 'a', 'rack', 'that', 'fits', 'into', 'your', 'oven', 'tray', 'pour', 'hot', 'water', 'into', 'the', 'tray', 'allow', 'the', 'chicken', 'to', 'cook', 'for', '25', 'minutes', 'on', 'each', 'side', 'increase', 'the', 'heat', 'to', '200c', 'and', 'cook', 'for', '20-30', 'minutes', 'more', 'to', 'check', 'if', 'its', 'done', 'poke', 'a', 'skewer', 'between', 'the', 'leg', 'and', 'the', 'body', 'of', 'the', 'chicken', 'if', 'the', 'juice', 'runs', 'clear', 'it', ""'s"", 'done', 'if', 'the', 'coating', 'on', 'the', 'chicken', 'starts', 'to', 'burn', 'cover', 'the', 'chicken', 'with', 'foil', 'for', 'the', 'remaining', 'period', 'of', 'cooking', 'time', 'serve', 'hot', 'with', 'rotis', 'or', 'naan']","['mix', 'together', 'ingredients', 'except', 'chicken', 'bowl', 'add', 'chicken', 'bowl', 'mixing', 'well', 'marinade', 'refrigerate', 'minimum', 'remove', 'chicken', 'allow', 'excess', 'marinade', 'drain', 'pre', 'heat', 'oven', '180c', 'place', 'chicken', 'rack', 'fits', 'oven', 'tray', 'pour', 'hot', 'water', 'tray', 'allow', 'chicken', 'cook', 'side', 'increase', 'heat', '200c', 'cook', 'check', 'done', 'poke', 'skewer', 'leg', 'body', 'chicken', 'juice', 'runs', 'clear', 'done', 'coating', 'chicken', 'starts', 'burn', 'cover', 'chicken', 'foil', 'remaining', 'period', 'cooking', 'time', 'serve', 'hot', 'rotis', 'naan']",Indian
12779,"['in', 'a', 'kadhai', 'or', 'thick', 'bottomed', 'pan', 'heat', 'oil', 'add', 'cumin', 'seeds', 'once', 'they', 'splutter', 'add', 'the', 'chopped', 'onions', 'fry', 'the', 'onions', 'till', 'they', 'become', 'transparent', 'add', 'the', 'ginger-garlic', 'paste', 'fry', 'for', 'a', 'minute', 'or', 'till', 'the', 'raw', 'smell', 'disappears', 'add', 'the', 'tomatoes', 'keep', 'on', 'stirring', 'till', 'the', 'tomatoes', 'become', 'soft', 'and', 'pulp', 'when', 'the', 'mixture', 'becomes', 'smooth', 'and', 'one', 'then', 'add', 'all', 'the', 'spice', 'powders', 'mentioned', 'above', 'now', 'add', 'all', 'the', 'spice', 'powders', 'one', 'by', 'one', 'stir', 'the', 'spice', 'powders', 'with', 'the', 'onion-tomato', 'mixture', 'add', 'the', 'green', 'chili', 'mix', 'in', 'the', 'chopped', 'veggies', 'salt', 'and', 'water', 'cover', 'and', 'let', 'the', 'veggies', 'cook', 'add', 'more', 'water', 'if', 'the', 'water', 'dries', 'up', 'and', 'if', 'the', 'veggies', 'are', 'still', 'to', 'be', 'cooked', 'add', 'paneer', 'once', 'the', 'veggies', 'are', 'cooked', 'simmer', 'without', 'the', 'lid', 'for', '2', 'minutes', 'garnish', 'with', 'fried', 'paneer', 'cubes', 'and', 'chopped', 'coriander', 'leaves', 'serve', 'mix', 'vegetables', 'dish', 'hot', 'with', 'rice', 'roti']","['kadhai', 'thick', 'bottomed', 'pan', 'heat', 'oil', 'add', 'cumin', 'seeds', 'splutter', 'add', 'chopped', 'onions', 'fry', 'onions', 'till', 'become', 'transparent', 'add', 'ginger', 'garlic', 'paste', 'fry', 'till', 'raw', 'smell', 'disappears', 'add', 'tomatoes', 'keep', 'stirring', 'till', 'tomatoes', 'become', 'soft', 'pulp', 'mixture', 'becomes', 'smooth', 'one', 'add', 'spice', 'powders', 'mentioned', 'add', 'spice', 'powders', 'one', 'one', 'stir', 'spice', 'powders', 'onion', 'tomato', 'mixture', 'add', 'green', 'chili', 'mix', 'chopped', 'veggies', 'salt', 'water', 'cover', 'let', 'veggies', 'cook', 'add', 'water', 'water', 'dries', 'veggies', 'still', 'cooked', 'add', 'paneer', 'veggies', 'cooked', 'simmer', 'without', 'lid', 'garnish', 'fried', 'paneer', 'cubes', 'chopped', 'coriander', 'leaves', 'serve', 'mix', 'vegetables', 'dish', 'hot', 'rice', 'roti']",Indian
5237,"['put', 'all', 'the', 'ingredients', 'in', 'crock', 'cook', 'on', 'low', 'for', '6', 'hours', 'or', 'until', 'the', 'meat', 'is', 'tender', 'put', 'in', 'bread', 'and', 'drool']","['put', 'ingredients', 'crock', 'cook', 'low', 'meat', 'tender', 'put', 'bread', 'drool']",Italian
12868,"['1', 'boil', 'eggs', 'peel', 'them', 'keep', 'aside', '2', 'boil', 'potatoes', 'peel', 'them', 'cut', 'into', 'bite', 'size', 'pieces', 'and', 'set', 'aside', '3', 'heat', 'a', 'non', 'stick', 'pan', 'with', 'oil', 'and', 'fry', 'the', 'whole', 'eggs', 'for', '2-3', 'minutes', 'till', 'they', 'turn', 'a', 'little', 'golden', 'not', 'too', 'much', '.take', 'them', 'out', 'and', 'keep', 'them', 'in', 'a', 'separate', 'plate', '4', 'add', 'cumin', 'seeds', 'and', 'let', 'them', 'splutter.in', 'the', 'mean', 'time', 'in', 'a', 'small', 'bowl', 'keep', 'all', 'the', 'dry', 'masala', 'ready', 'coriander', 'powder', 'chili', 'powder', 'cumin', 'powder', 'turmeric', '5', 'once', 'the', 'cumin', 'seeds', 'are', 'brown', 'add', 'all', 'the', 'masala', 'at', 'once', 'and', 'roast', 'them', 'for', '10', 'seconds', 'on', 'very', 'medium', 'flame', 'so', 'that', 'it', 'dosent', 'burn', '6', 'immediately', 'add', 'all', 'the', 'cut', 'potatoes', 'sprinkle', 'salt', 'and', 'mango', 'pickles', 'and', 'stir', 'very', 'well', 'about', '2-3', 'minutes', '7', 'slice', 'eggs', 'into', '2', 'pieces', 'and', 'add', 'them', 'in', 'potaotes', 'stir', 'for', '1', 'minutes', 'taking', 'care', 'that', 'eggs', 'wont', 'break', 'too', 'much', '8', 'sprinkle', 'chopped', 'cilantro', 'and', 'serve', 'as', 'a', 'side', 'dish', 'with', 'rice', 'or', 'chapati']","['boil', 'eggs', 'peel', 'keep', 'aside', 'boil', 'potatoes', 'peel', 'cut', 'bite', 'size', 'pieces', 'set', 'aside', 'heat', 'non', 'stick', 'pan', 'oil', 'fry', 'whole', 'eggs', 'till', 'turn', 'little', 'golden', 'much', '.take', 'keep', 'separate', 'plate', 'add', 'cumin', 'seeds', 'let', 'splutter.in', 'mean', 'time', 'small', 'bowl', 'keep', 'dry', 'masala', 'ready', 'coriander', 'powder', 'chili', 'powder', 'cumin', 'powder', 'turmeric', 'cumin', 'seeds', 'brown', 'add', 'masala', 'roast', 'seconds', 'medium', 'flame', 'dosent', 'burn', 'immediately', 'add', 'cut', 'potatoes', 'sprinkle', 'salt', 'mango', 'pickles', 'stir', 'well', 'slice', 'eggs', 'pieces', 'add', 'potaotes', 'stir', 'taking', 'care', 'eggs', 'wont', 'break', 'much', 'sprinkle', 'chopped', 'cilantro', 'serve', 'side', 'dish', 'rice', 'chapati']",Indian
11328,"['heat', 'oil', 'in', 'a', 'pan', 'add', 'onion', 'and', 'garlic', 'cook', 'stirring', 'until', 'onion', 'is', 'soft', 'add', 'ginger', 'and', 'curry', 'paste', 'then', 'stir', 'for', '1', 'minute', 'remove', 'from', 'heat', 'then', 'transfer', 'to', 'a', 'large', 'bowl', 'add', 'chutney', 'minces', 'breadcrumbs', 'and', 'coriander', 'using', 'your', 'hands', 'mix', 'until', 'combined', 'cut', 'pastry', 'sheets', 'in', 'half', 'lengthways', 'place', 'equal', 'amounts', 'of', 'mince', 'mixture', 'lengthways', 'down', 'the', 'centre', 'of', 'each', 'pastry', 'piece', 'roll-up', 'lengthways', 'to', 'enclose', 'filling', 'place', 'seam-side', 'down', 'onto', 'a', 'chopping', 'board', 'brush', 'with', 'egg', 'then', 'sprinkle', 'with', 'seeds', 'cut', 'each', 'roll', 'into', '6', 'even', 'pieces', 'arrange', 'over', 'lightly', 'oiled', 'oven', 'trays', 'cook', 'in', 'a', 'hot', 'oven', '200c', 'for', 'about', '30', 'minutes', 'or', 'until', 'pastry', 'is', 'browned', 'and', 'crisp', 'to', 'make', 'dipping', 'sauce', 'place', 'all', 'ingredients', 'in', 'a', 'bowl', 'stir', 'until', 'combined', 'serve', 'sausage', 'rolls', 'with', 'dipping', 'sauce', 'garnished', 'with', 'fresh', 'coriander']","['heat', 'oil', 'pan', 'add', 'onion', 'garlic', 'cook', 'stirring', 'onion', 'soft', 'add', 'ginger', 'curry', 'paste', 'stir', 'remove', 'heat', 'transfer', 'large', 'bowl', 'add', 'chutney', 'minces', 'breadcrumbs', 'coriander', 'using', 'hands', 'mix', 'combined', 'cut', 'pastry', 'sheets', 'half', 'lengthways', 'place', 'equal', 'amounts', 'mince', 'mixture', 'lengthways', 'centre', 'pastry', 'piece', 'roll', 'lengthways', 'enclose', 'filling', 'place', 'seam', 'side', 'onto', 'chopping', 'board', 'brush', 'egg', 'sprinkle', 'seeds', 'cut', 'roll', 'even', 'pieces', 'arrange', 'lightly', 'oiled', 'oven', 'trays', 'cook', 'hot', 'oven', '200c', 'pastry', 'browned', 'crisp', 'make', 'dipping', 'sauce', 'place', 'ingredients', 'bowl', 'stir', 'combined', 'serve', 'sausage', 'rolls', 'dipping', 'sauce', 'garnished', 'fresh', 'coriander']",Indian
5314,"['slice', 'chicken', 'breast', 'into', 'very', 'thin', 'bite', 'sized', 'pieces', 'add', 'to', 'zip', 'bag', 'and', 'marinate', 'in', 'italian', 'salad', 'dressing', 'for', 'about', '1/2', 'hour', 'not', 'more', 'than', '1', 'hour', 'boil', 'pasta', 'in', 'meantime', 'heat', 'large', 'fry', 'pan', 'to', 'med-high', 'heat', 'add', 'olive', 'oil', 'and', 'marinated', 'chicken', 'add', 'garlic', 'rosemary', 'oregano', 'and', 'black', 'pepper', 'to', 'the', 'pan', 'stir', 'fry', 'for', 'about', '5-7', 'minutes', 'or', 'until', 'chicken', 'is', 'cooked', 'through', 'set', 'aside', 'mix', 'creamy', 'parmesan', 'dressing', 'with', '1-2t', 'of', 'water', 'stir', 'to', 'make', 'a', 'slightly', 'thinner', 'consistency', 'but', 'not', 'watery', 'mix', 'pasta', 'with', 'dressing', 'lay', 'premixed', 'salad', 'in', 'large', 'shallow', 'dish', '13x9', 'casserole', 'dish', 'or', 'similar', 'spoon', 'pasta', 'over', 'the', 'salad', 'sprinkle', 'chopped', 'sweet', 'pepper', 'over', 'pasta', 'spoon', 'cooked', 'chicken', 'over', 'top', 'in', 'middle', 'garnish', 'with', 'parmesan', 'cheese', 'have', 'additional', 'parmesan', 'peppercorn', 'dressing', 'available', 'on', 'table']","['slice', 'chicken', 'breast', 'thin', 'bite', 'sized', 'pieces', 'add', 'zip', 'bag', 'marinate', 'italian', 'salad', 'dressing', 'boil', 'pasta', 'meantime', 'heat', 'large', 'fry', 'pan', 'med', 'high', 'heat', 'add', 'olive', 'oil', 'marinated', 'chicken', 'add', 'garlic', 'rosemary', 'oregano', 'black', 'pepper', 'pan', 'stir', 'fry', 'chicken', 'cooked', 'set', 'aside', 'mix', 'creamy', 'parmesan', 'dressing', '1', '2t', 'water', 'stir', 'make', 'slightly', 'thinner', 'consistency', 'watery', 'mix', 'pasta', 'dressing', 'lay', 'premixed', 'salad', 'large', 'shallow', 'dish', '13x9', 'casserole', 'dish', 'similar', 'spoon', 'pasta', 'salad', 'sprinkle', 'chopped', 'sweet', 'pepper', 'pasta', 'spoon', 'cooked', 'chicken', 'top', 'middle', 'garnish', 'parmesan', 'cheese', 'additional', 'parmesan', 'peppercorn', 'dressing', 'available', 'table']",Italian
13081,"['combine', 'the', 'potatoes', 'garam', 'maslala', 'or', 'curry', 'salt', 'green', 'onions', 'and', 'egg', 'white', 'warm', 'a', 'large', 'nonstick', 'skillet', 'spray', 'with', 'cooking', 'spray', 'drop', 'the', 'potato', 'batter', 'by', 'a', 'scant', '1/4', 'cup', 'measure', 'onto', 'the', 'skillet', 'and', 'gently', 'flatten', 'into', 'a', 'circle', 'with', 'a', 'spatula', 'make', 'as', 'many', 'pancakes', 'as', 'will', 'fit', 'in', 'your', 'skillet', 'but', 'leave', 'enough', 'room', 'to', 'flip', 'them', 'cook', 'on', 'medium', 'heat', 'for', 'about', '5', 'minutes', 'or', 'until', 'browned', 'flip', 'the', 'pancakes', 'over', 'cover', 'and', 'cook', 'for', '3', 'minutes', 'on', 'the', 'second', 'side', 'then', 'uncover', 'and', 'cook', 'until', 'browned', 'about', '3', 'minutes', 'longer', 'variation', 'replace', 'the', 'white', 'potatoes', 'with', 'sweet', 'potatoes', 'and', 'use', '2', 'egg', 'whites']","['combine', 'potatoes', 'garam', 'maslala', 'curry', 'salt', 'green', 'onions', 'egg', 'white', 'warm', 'large', 'nonstick', 'skillet', 'spray', 'cooking', 'spray', 'drop', 'potato', 'batter', 'scant', 'measure', 'onto', 'skillet', 'gently', 'flatten', 'circle', 'spatula', 'make', 'many', 'pancakes', 'fit', 'skillet', 'leave', 'enough', 'room', 'flip', 'cook', 'medium', 'heat', 'browned', 'flip', 'pancakes', 'cover', 'cook', 'second', 'side', 'uncover', 'cook', 'browned', 'longer', 'variation', 'replace', 'white', 'potatoes', 'sweet', 'potatoes', 'use', 'egg', 'whites']",Indian
8438,"['place', 'tofu', 'on', 'several', 'layers', 'of', 'paper', 'towels', 'cover', 'tofu', 'with', 'several', 'more', 'layers', 'of', 'paper', 'towels', 'top', 'with', 'a', 'cast-iron', 'or', 'other', 'heavy', 'skillet', 'let', 'stand', '30', 'minutes', 'discard', 'paper', 'towels', 'cut', 'tofu', 'into', '1/2-inch', 'cubes', 'then', 'roast', 'for', '20', 'minutes', 'place', 'onion', 'in', 'a', 'food', 'processor', 'pulse', 'until', 'finely', 'chopped', 'heat', 'a', 'large', 'skillet', 'over', 'medium', 'heat', 'add', 'oil', 'to', 'pan', 'swirl', 'to', 'coat', 'add', 'mustard', 'seeds', 'and', 'cumin', 'cook', '10', 'seconds', 'or', 'until', 'mustard', 'seeds', 'begin', 'to', 'pop', 'add', 'onion', 'and', 'curry', 'powder', 'cook', '10', 'minutes', 'stirring', 'frequently', 'increase', 'heat', 'to', 'medium-high', 'cook', '2', 'minutes', 'or', 'until', 'onion', 'is', 'golden', 'stirring', 'constantly', 'place', 'garlic', 'and', 'ginger', 'in', 'food', 'processor', 'process', 'until', 'a', 'smooth', 'paste', 'forms', 'stir', 'garlic', 'mixture', 'into', 'onion', 'mixture', 'sauté', '1', 'minute', 'stirring', 'constantly', 'stir', 'in', 'tofu', 'cauliflower', '1/4', 'cup', 'water', 'salt', 'and', 'tomatoes', 'bring', 'to', 'a', 'simmer', 'cover', 'reduce', 'heat', 'to', 'medium-low', 'and', 'cook', '15', 'minutes', 'uncover', 'increase', 'heat', 'to', 'medium', 'and', 'simmer', '10', 'minutes', 'or', 'until', 'cauliflower', 'is', 'tender', 'spoon', '3/4', 'cup', 'rice', 'onto', 'each', 'of', '6', 'plates', 'top', 'each', 'serving', 'with', '1', 'cup', 'tofu', 'mixture', 'spoon', '2', 'teaspoons', 'yogurt', 'over', 'each', 'serving', 'sprinkle', 'with', 'cilantro']","['place', 'tofu', 'several', 'layers', 'paper', 'towels', 'cover', 'tofu', 'several', 'layers', 'paper', 'towels', 'top', 'cast', 'iron', 'heavy', 'skillet', 'let', 'stand', 'discard', 'paper', 'towels', 'cut', 'tofu', '1/2', 'inch', 'cubes', 'roast', 'place', 'onion', 'food', 'processor', 'pulse', 'finely', 'chopped', 'heat', 'large', 'skillet', 'medium', 'heat', 'add', 'oil', 'pan', 'swirl', 'coat', 'add', 'mustard', 'seeds', 'cumin', 'cook', 'seconds', 'mustard', 'seeds', 'begin', 'pop', 'add', 'onion', 'curry', 'powder', 'cook', 'stirring', 'frequently', 'increase', 'heat', 'medium', 'high', 'cook', 'onion', 'golden', 'stirring', 'constantly', 'place', 'garlic', 'ginger', 'food', 'processor', 'process', 'smooth', 'paste', 'forms', 'stir', 'garlic', 'mixture', 'onion', 'mixture', 'sauté', 'stirring', 'constantly', 'stir', 'tofu', 'cauliflower', 'water', 'salt', 'tomatoes', 'bring', 'simmer', 'cover', 'reduce', 'heat', 'medium', 'low', 'cook', 'uncover', 'increase', 'heat', 'medium', 'simmer', 'cauliflower', 'tender', 'spoon', 'rice', 'onto', 'plates', 'top', 'serving', 'tofu', 'mixture', 'spoon', 'yogurt', 'serving', 'sprinkle', 'cilantro']",Indian
3849,"['prepare', 'the', 'croutons', 'put', 'oven', 'rack', 'in', 'middle', 'position', 'and', 'preheat', 'oven', 'to', '400°f', 'toss', 'bread', 'cubes', 'with', 'olive', 'oil', 'and', 'salt', 'in', 'a', 'large', 'shallow', 'baking', 'pan', 'and', 'spread', 'in', '1', 'layer', 'bake', 'turning', 'over', 'once', 'until', 'golden', 'and', 'crisp', 'about', '8', 'minutes', 'cool', 'in', 'pan', 'on', 'a', 'rack', 'make', 'vinaigrette', 'dressing', 'and', 'begin', 'preparing', 'salad', 'while', 'croutons', 'bake', 'whisk', 'together', 'all', 'vinaigrette', 'ingredients', 'except', 'olive', 'oil', 'in', 'a', 'small', 'bowl', 'until', 'combined', 'add', 'olive', 'oil', 'in', 'a', 'slow', 'stream', 'whisking', 'until', 'emulsified', 'toss', 'chicken', 'and', 'bocconcini', 'mozzarella', 'together', 'with', '1/4', 'cup', 'vinaigrette', 'in', 'a', 'bowl', 'and', 'let', 'stand', '10', 'minutes', 'to', 'allow', 'flavors', 'to', 'develop', 'prepare', 'the', 'salad', 'toss', 'together', 'romaine', 'lettuce', 'red', 'peppers', 'olives', 'chicken', 'and', 'bocconcini', 'mixture', 'croutons', 'and', 'remaining', 'vinaigrette', 'in', 'a', 'large', 'bowl', 'until', 'combined', 'makes', '4', 'main-course', 'servings']","['prepare', 'croutons', 'put', 'oven', 'rack', 'middle', 'position', 'preheat', 'oven', '400°f', 'toss', 'bread', 'cubes', 'olive', 'oil', 'salt', 'large', 'shallow', 'baking', 'pan', 'spread', 'layer', 'bake', 'turning', 'golden', 'crisp', 'cool', 'pan', 'rack', 'make', 'vinaigrette', 'dressing', 'begin', 'preparing', 'salad', 'croutons', 'bake', 'whisk', 'together', 'vinaigrette', 'ingredients', 'except', 'olive', 'oil', 'small', 'bowl', 'combined', 'add', 'olive', 'oil', 'slow', 'stream', 'whisking', 'emulsified', 'toss', 'chicken', 'bocconcini', 'mozzarella', 'together', 'vinaigrette', 'bowl', 'let', 'stand', 'allow', 'flavors', 'develop', 'prepare', 'salad', 'toss', 'together', 'romaine', 'lettuce', 'red', 'peppers', 'olives', 'chicken', 'bocconcini', 'mixture', 'croutons', 'remaining', 'vinaigrette', 'large', 'bowl', 'combined', 'makes', 'main', 'course', 'servings']",Italian
9211,"['break', 'open', 'the', 'limes', 'and', 'remove', 'the', 'seeds', 'from', 'inside', 'powder', 'the', 'lime', 'pieces', 'in', 'a', 'dry', 'grinder', 'heat', 'oil', 'in', 'a', 'skillet', 'toss', 'in', 'the', 'onions', 'and', 'stir-fry', 'until', 'transparent', 'add', 'lamb', 'and', 'stir-cook', 'until', 'the', 'lamb', 'is', 'well', 'browned', 'add', 'powdered', 'lime', 'warm', 'water', 'just', 'enough', 'to', 'cover', 'lamb', 'and', 'the', 'stock', 'cube', 'cook', 'until', 'the', 'lamb', 'is', 'well', 'cooked', 'and', 'the', 'gravy', 'is', 'thick', 'remove', 'from', 'heat', 'garnish', 'with', 'pepper', 'mint', 'leaves', 'and', 'parsley', 'serve', 'hot', 'with', 'rice', 'or', 'parathas']","['break', 'open', 'limes', 'remove', 'seeds', 'inside', 'powder', 'lime', 'pieces', 'dry', 'grinder', 'heat', 'oil', 'skillet', 'toss', 'onions', 'stir', 'fry', 'transparent', 'add', 'lamb', 'stir', 'cook', 'lamb', 'well', 'browned', 'add', 'powdered', 'lime', 'warm', 'water', 'enough', 'cover', 'lamb', 'stock', 'cube', 'cook', 'lamb', 'well', 'cooked', 'gravy', 'thick', 'remove', 'heat', 'garnish', 'pepper', 'mint', 'leaves', 'parsley', 'serve', 'hot', 'rice', 'parathas']",Indian
3388,"['cut', 'green', 'tomatoes', 'in', '1/4', 'inch', 'slices', 'place', 'tomatoes', 'on', 'paper', 'towels', 'sprinkle', 'with', 'salt', 'and', 'let', 'sit', 'for', '30', 'minutes', 'mix', 'bread', 'crumbs', 'with', 'romano', 'cheese', 'sweet', 'basil', 'parsley', 'garlic', 'and', 'onion', 'powder', 'and', 'pepper', 'dip', 'tomatoes', 'in', 'egg', 'wash', 'then', 'coat', 'with', 'bread', 'crumb', 'mixture', 'fry', 'in', 'olive', 'oil', 'on', 'each', 'side', 'until', 'golden', 'brown']","['cut', 'green', 'tomatoes', 'slices', 'place', 'tomatoes', 'paper', 'towels', 'sprinkle', 'salt', 'let', 'sit', 'mix', 'bread', 'crumbs', 'romano', 'cheese', 'sweet', 'basil', 'parsley', 'garlic', 'onion', 'powder', 'pepper', 'dip', 'tomatoes', 'egg', 'wash', 'coat', 'bread', 'crumb', 'mixture', 'fry', 'olive', 'oil', 'side', 'golden', 'brown']",Italian
5146,"['combine', 'bell', 'peppersm', 'onion', 'garlic', 'and', 'jalapenos', 'in', 'a', 'large', 'skillet', 'or', 'electric', 'frying', 'pan', 'add', 'olive', 'oil', 'cover', 'and', 'cook', 'over', 'medium', 'heat', 'for', 'five', 'minutes', 'add', 'fennel', 'seeds', 'salt', 'and', 'pepper', 'cover', 'and', 'continue', 'cooking', 'until', 'vegetables', 'are', 'soft', 'while', 'vegetables', 'are', 'cooking', 'grill', 'sausage', 'serve', 'with', 'italian', 'read', 'or', 'focaccia']","['combine', 'bell', 'peppersm', 'onion', 'garlic', 'jalapenos', 'large', 'skillet', 'electric', 'frying', 'pan', 'add', 'olive', 'oil', 'cover', 'cook', 'medium', 'heat', 'five', 'add', 'fennel', 'seeds', 'salt', 'pepper', 'cover', 'continue', 'cooking', 'vegetables', 'soft', 'vegetables', 'cooking', 'grill', 'sausage', 'serve', 'italian', 'read', 'focaccia']",Italian
3862,"['heat', 'the', 'oil', 'in', 'a', 'skillet', 'and', 'glaze', 'the', 'onion', 'and', 'the', 'garlic', 'add', 'tomatoes', 'herbs', 'beef', 'stock', 'salt', 'and', 'pepper', 'to', 'taste', 'leave', 'on', 'the', 'heat', 'to', 'reduce', 'the', 'sauce', 'hit', 'the', 'veal', 'with', 'a', 'hammer', 'until', 'it', ""'s"", 'very', 'flat', 'combine', 'half', 'of', 'the', 'parmesan', 'cheese', 'the', 'breadcrumbs', 'and', 'pepper', 'and', 'salt', 'in', 'a', 'bowl', 'first', 'put', 'the', 'veal', 'in', 'the', 'egg', 'then', 'in', 'the', 'breadcrumb', 'mixture', 'boil', 'the', 'spaghetti', 'al', 'dente', 'meanwhile', 'heat', 'the', 'butter', 'or', 'oil', 'in', 'a', 'large', 'pan', 'and', 'bake', 'the', 'veal', 'schnitzels', '2-3', 'minutes', 'per', 'side', 'serve', 'spaghetti', 'veal', 'and', 'sauce', 'on', 'a', 'beautiful', 'plate', 'decorate', 'with', 'basil', 'and', 'serve', 'with', 'the', 'remaining', 'cheese']","['heat', 'oil', 'skillet', 'glaze', 'onion', 'garlic', 'add', 'tomatoes', 'herbs', 'beef', 'stock', 'salt', 'pepper', 'taste', 'leave', 'heat', 'reduce', 'sauce', 'hit', 'veal', 'hammer', 'flat', 'combine', 'half', 'parmesan', 'cheese', 'breadcrumbs', 'pepper', 'salt', 'bowl', 'first', 'put', 'veal', 'egg', 'breadcrumb', 'mixture', 'boil', 'spaghetti', 'al', 'dente', 'meanwhile', 'heat', 'butter', 'oil', 'large', 'pan', 'bake', 'veal', 'schnitzels', 'per', 'side', 'serve', 'spaghetti', 'veal', 'sauce', 'beautiful', 'plate', 'decorate', 'basil', 'serve', 'remaining', 'cheese']",Italian
7045,"['halve', 'eggplants', 'lengthwise', 'and', 'scoop', 'out', 'flesh', 'and', 'seeds', 'leaving', '1/2-inch-thick', 'edges', 'on', 'eggplants', '’', 'shells', 'cut', 'scooped-out', 'flesh', 'into', '1/2-inch', 'pieces', 'sprinkle', 'eggplant', 'pieces', 'and', 'inside', 'of', 'eggplant', 'shells', 'with', 'salt', 'let', 'stand', '25', 'to', '30', 'minutes', 'rinse', 'eggplant', 'shells', 'and', 'pieces', 'in', 'cold', 'water', 'and', 'pat', 'dry', 'bring', 'large', 'pot', 'of', 'salted', 'water', 'to', 'a', 'boil', 'drop', 'eggplant', 'shells', 'in', 'water', 'and', 'simmer', '5', 'to', '8', 'minutes', 'or', 'until', 'barely', 'tender', 'when', 'pierced', 'with', 'fork', 'drain', 'in', 'colander', 'cool', 'and', 'pat', 'dry', 'meanwhile', 'heat', '1', 'tablespoon', 'olive', 'oil', 'in', 'large', 'skillet', 'over', 'medium-high', 'heat', 'sauté', 'onions', '3', 'minutes', 'or', 'until', 'translucent', 'add', 'garlic', 'and', 'sauté', 'one', 'more', 'minute', 'add', 'the', 'eggplant', 'pieces', 'tomatoes', 'walnuts', 'cinnamon', 'chili', 'powder', 'cumin', 'and', '1/4', 'cup', 'water', 'season', 'to', 'taste', 'with', 'salt', 'and', 'pepper', 'cook', '8', 'minutes', 'or', 'until', 'vegetables', 'are', 'softened', 'and', 'browned', 'stirring', 'occasionally', 'sometimes', 'if', 'it', 'looks', 'way', 'to', 'moist', 'from', 'over', 'juice', 'tomatoes', 'i', 'will', 'add', 'a', '1/4', 'cup', 'bread', 'crumbs', 'the', 'other', '1/4', 'cup', 'is', 'for', 'the', 'toping', 'preheat', 'oven', 'to', 'broil', 'toss', 'breadcrumbs', 'with', '4', 'teaspoons', 'olive', 'oil', 'in', 'bowl', 'and', 'set', 'aside', 'brush', 'each', 'eggplant', 'shell', 'with', '1/2', 'teaspoon', 'oil', 'and', 'place', 'cut-side', 'up', 'on', 'baking', 'sheet', 'broil', '5', 'minutes', 'or', 'until', 'tender', 'and', 'starting', 'to', 'brown', 'reduce', 'oven', 'heat', 'to', '375°f', 'divide', 'filling', 'among', 'eggplant', 'shells', 'sprinkle', 'each', 'stuffed', 'eggplant', 'with', 'breadcrumb', 'mixture', 'and', 'top', 'with', 'feta', 'cheese', 'bake', '35', 'minutes', 'or', 'until', 'heated', 'through', 'and', 'browned', 'on', 'top', 'serve', 'with', 'lemon', 'wedges']","['halve', 'eggplants', 'lengthwise', 'scoop', 'flesh', 'seeds', 'leaving', '1/2', 'inch', 'thick', 'edges', 'eggplants', '’', 'shells', 'cut', 'scooped', 'flesh', '1/2', 'inch', 'pieces', 'sprinkle', 'eggplant', 'pieces', 'inside', 'eggplant', 'shells', 'salt', 'let', 'stand', 'rinse', 'eggplant', 'shells', 'pieces', 'cold', 'water', 'pat', 'dry', 'bring', 'large', 'pot', 'salted', 'water', 'boil', 'drop', 'eggplant', 'shells', 'water', 'simmer', 'barely', 'tender', 'pierced', 'fork', 'drain', 'colander', 'cool', 'pat', 'dry', 'meanwhile', 'heat', 'olive', 'oil', 'large', 'skillet', 'medium', 'high', 'heat', 'sauté', 'onions', 'translucent', 'add', 'garlic', 'sauté', 'one', 'add', 'eggplant', 'pieces', 'tomatoes', 'walnuts', 'cinnamon', 'chili', 'powder', 'cumin', 'water', 'season', 'taste', 'salt', 'pepper', 'cook', 'vegetables', 'softened', 'browned', 'stirring', 'occasionally', 'sometimes', 'looks', 'way', 'moist', 'juice', 'tomatoes', 'add', 'bread', 'crumbs', 'toping', 'preheat', 'oven', 'broil', 'toss', 'breadcrumbs', 'olive', 'oil', 'bowl', 'set', 'aside', 'brush', 'eggplant', 'shell', 'oil', 'place', 'cut', 'side', 'baking', 'sheet', 'broil', 'tender', 'starting', 'brown', 'reduce', 'oven', 'heat', '375°f', 'divide', 'filling', 'among', 'eggplant', 'shells', 'sprinkle', 'stuffed', 'eggplant', 'breadcrumb', 'mixture', 'top', 'feta', 'cheese', 'bake', 'heated', 'browned', 'top', 'serve', 'lemon', 'wedges']",Indian
3431,"['pick', 'a', 'ripe', 'but', 'firm', 'eggplant', 'from', 'the', 'garden', 'wash', 'peel', 'and', 'then', 'cut', 'into', 'big', 'chunks', 'squeeze', 'liberal', 'amounts', 'of', 'lemon', 'over', 'the', 'top', 'then', 'coarsely', 'grate', 'with', 'a', 'cheese', 'grater', 'cover', 'immediately', 'with', 'rock', 'salt', 'add', 'more', 'lemon', 'juice', 'which', 'helps', 'stop', 'the', 'eggplant', 'turning', 'brown', 'and', 'put', 'it', 'in', 'the', 'fridge', 'after', '24', 'hours', 'remove', 'the', 'eggplant', 'from', 'the', 'rock', 'salt', 'do', 'not', 'wash', 'the', 'salt', 'off', 'just', 'shake', 'off', 'the', 'excess', 'cover', 'with', 'red', 'wine', 'vinegar', 'and', 'leave', 'for', '24', 'hours', 'in', 'the', 'fridge', 'strain', 'and', 'leave', 'the', 'eggplant', 'in', 'a', 'colander', 'for', 'a', 'couple', 'of', 'hours', 'to', 'get', 'rid', 'of', 'the', 'moisture', 'toss', 'with', 'fresh', 'oregano', 'raw', 'garlic', 'and', 'olive', 'oil', 'keep', 'aside', 'for', 'a', 'half', 'day', 'and', 'then', 'put', 'into', 'sterilised', 'jars', 'needs', 'to', 'have', 'sufficient', 'olive', 'oil', 'to', 'cover', 'all', 'of', 'the', 'eggplant', 'this', 'lasts', 'for', 'months', 'add', 'parsley', 'just', 'before', 'serving', 'use', 'straight', 'as', 'part', 'of', 'an', 'antipasto', 'platter', 'or', 'make', 'an', 'eggplant', 'sauce', 'by', 'frying', 'in', 'butter', 'as', 'an', 'accompaniment', 'to', 'meat']","['pick', 'ripe', 'firm', 'eggplant', 'garden', 'wash', 'peel', 'cut', 'big', 'chunks', 'squeeze', 'liberal', 'amounts', 'lemon', 'top', 'coarsely', 'grate', 'cheese', 'grater', 'cover', 'immediately', 'rock', 'salt', 'add', 'lemon', 'juice', 'helps', 'stop', 'eggplant', 'turning', 'brown', 'put', 'fridge', 'remove', 'eggplant', 'rock', 'salt', 'wash', 'salt', 'shake', 'excess', 'cover', 'red', 'wine', 'vinegar', 'leave', 'fridge', 'strain', 'leave', 'eggplant', 'colander', 'couple', 'get', 'rid', 'moisture', 'toss', 'fresh', 'oregano', 'raw', 'garlic', 'olive', 'oil', 'keep', 'aside', 'half', 'day', 'put', 'sterilised', 'jars', 'needs', 'sufficient', 'olive', 'oil', 'cover', 'eggplant', 'lasts', 'months', 'add', 'parsley', 'serving', 'use', 'straight', 'part', 'antipasto', 'platter', 'make', 'eggplant', 'sauce', 'frying', 'butter', 'accompaniment', 'meat']",Italian
8311,"['cut', 'larger', 'mushrooms', 'into', 'quarters', 'and', 'smaller', 'ones', 'into', 'halves', 'heat', 'oil', 'and', 'butter', 'together', 'in', 'large', 'pan', 'and', 'saute', 'onion', 'in', 'them', 'until', 'dark', 'brown', 'add', 'ginger', 'garlic', 'cumin', 'coriander', 'turmeric', 'and', 'cayenne', 'and', 'stir', 'constantly', 'over', 'medium', 'heat', 'till', 'mixture', 'turns', 'golden', 'brown', 'this', 'will', 'happen', 'quickly', 'so', 'be', 'careful', 'not', 'to', 'burn', 'it', 'add', 'tomato', 'and', 'cilantro', 'and', 'saute', 'another', 'minute', 'add', 'peas', 'and', 'mushrooms', 'to', 'spice', 'mixture', 'mix', 'well', 'add', 'water', 'and', 'salt', 'and', 'bring', 'to', 'boil', 'turn', 'heat', 'down', 'to', 'simmer', 'cover', 'pan', 'and', 'cook', 'until', 'mushrooms', 'are', 'tender', 'about', '10', 'minute', 'serve', 'hot']","['cut', 'larger', 'mushrooms', 'quarters', 'smaller', 'ones', 'halves', 'heat', 'oil', 'butter', 'together', 'large', 'pan', 'saute', 'onion', 'dark', 'brown', 'add', 'ginger', 'garlic', 'cumin', 'coriander', 'turmeric', 'cayenne', 'stir', 'constantly', 'medium', 'heat', 'till', 'mixture', 'turns', 'golden', 'brown', 'happen', 'quickly', 'careful', 'burn', 'add', 'tomato', 'cilantro', 'saute', 'another', 'add', 'peas', 'mushrooms', 'spice', 'mixture', 'mix', 'well', 'add', 'water', 'salt', 'bring', 'boil', 'turn', 'heat', 'simmer', 'cover', 'pan', 'cook', 'mushrooms', 'tender', 'serve', 'hot']",Indian
3097,"['brown', 'meat', 'drain', 'and', 'reserve', '2', 'tbs', 'of', 'fat', 'saute', 'onions', 'in', 'olive', 'oil', 'if', 'using', 'lean', 'meat', 'or', 'use', 'reserved', 'fat', 'dissolve', 'cornstarch', 'with', 'tomatoes', 'can', 'blend', 'at', 'this', 'point', 'for', 'desired', 'texture', 'add', 'meat', 'and', 'remaining', 'ingredients', 'and', 'simmer', 'about', 'an', 'hour', 'can', 'be', 'done', 'on', 'low', 'in', 'a', 'crock', 'pot', 'for', 'longer']","['brown', 'meat', 'drain', 'reserve', 'tbs', 'fat', 'saute', 'onions', 'olive', 'oil', 'using', 'lean', 'meat', 'use', 'reserved', 'fat', 'dissolve', 'cornstarch', 'tomatoes', 'blend', 'point', 'desired', 'texture', 'add', 'meat', 'remaining', 'ingredients', 'simmer', 'done', 'low', 'crock', 'pot', 'longer']",Italian
5250,"['make', 'desired', 'topper', 'first', 'make', 'mashed', 'potatoes', 'heat', 'water', 'milk', 'butter', 'and', 'salt', 'in', 'a', '3-quart', 'saucepan', 'remove', 'from', 'heat', 'stir', 'in', 'potatoes', 'just', 'until', 'moistened', 'let', 'stand', '30', 'seconds', 'then', 'whip', 'with', 'fork', 'until', 'desired', 'consistency', 'serve', 'with', 'topper', 'italian', 'pesto-sour', 'cream', 'topper', 'mix', 'sour', 'cream', 'pesto', 'and', 'bell', 'peppers', 'spoon', 'onto', 'potatoes', 'sprinkle', 'with', 'olives', 'mexican', 'chili-cheese', 'topper', 'cook', 'beans', 'and', 'tomatoes', 'in', 'a', '1-quart', 'saucepan', 'over', 'medium', 'heat', '8', 'to', '10', 'minutes', 'stirring', 'occasionally', 'until', 'hot', 'spoon', 'onto', 'potatoes', 'sprinkle', 'with', 'cheese', 'and', 'onions']","['make', 'desired', 'topper', 'first', 'make', 'mashed', 'potatoes', 'heat', 'water', 'milk', 'butter', 'salt', '3', 'quart', 'saucepan', 'remove', 'heat', 'stir', 'potatoes', 'moistened', 'let', 'stand', 'seconds', 'whip', 'fork', 'desired', 'consistency', 'serve', 'topper', 'italian', 'pesto', 'sour', 'cream', 'topper', 'mix', 'sour', 'cream', 'pesto', 'bell', 'peppers', 'spoon', 'onto', 'potatoes', 'sprinkle', 'olives', 'mexican', 'chili', 'cheese', 'topper', 'cook', 'beans', 'tomatoes', '1', 'quart', 'saucepan', 'medium', 'heat', 'stirring', 'occasionally', 'hot', 'spoon', 'onto', 'potatoes', 'sprinkle', 'cheese', 'onions']",Italian
6207,"['place', '4', 'quarts', 'of', 'water', 'in', 'a', 'large', 'pot', 'season', 'with', 'salt', 'and', 'bring', 'to', 'a', 'boil', 'wash', 'the', 'zucchini', 'and', 'trim', 'the', 'ends', 'then', 'grate', 'them', 'on', 'the', 'largest', 'side', 'of', 'a', 'box', 'grater', 'and', 'set', 'aside', 'in', 'a', 'large', 'saucepan', 'heat', 'the', 'oil', 'and', 'butter', 'and', 'sauté', 'the', 'shallot', 'and', 'celery', 'over', 'medium', 'heat', 'stirring', 'until', 'the', 'vegetables', 'soften', 'and', 'begin', 'to', 'turn', 'translucent', 'add', 'the', 'minced', 'garlic', 'and', 'continue', 'cooking', 'for', 'another', 'minute', 'add', 'the', 'zucchini', 'to', 'the', 'pan', 'and', 'sauté', 'until', 'the', 'zucchini', 'begins', 'to', 'soften', 'and', 'wilt', 'in', 'the', 'meantime', 'add', 'the', 'pasta', 'to', 'the', 'boiling', 'water', 'and', 'stir', 'occasionally', 'as', 'the', 'pasta', 'cooks', 'season', 'the', 'vegetables', 'with', 'salt', 'and', 'pepper', 'when', 'the', 'pasta', 'is', 'almost', 'al', 'dente', 'add', 'the', 'lemon', 'juice', '1/4', 'of', 'a', 'cup', 'of', 'the', 'pasta', 'cooking', 'water', 'and', 'the', 'cheese', 'to', 'the', 'pan', 'stirring', 'to', 'melt', 'the', 'cheese', 'stir', 'in', 'the', 'parsley', 'and', 'basil', 'and', 'let', 'the', 'mixture', 'simmer', 'gently', 'for', 'a', 'moment', 'or', 'two', 'drain', 'the', 'pasta', 'reserving', 'some', 'of', 'the', 'cooking', 'water', 'in', 'case', 'it', 'is', 'needed', 'add', 'the', 'pasta', 'to', 'the', 'pan', 'with', 'the', 'sauce', 'and', 'toss', 'to', 'coat', 'it', 'completely', 'let', 'the', 'pasta', 'cook', 'in', 'the', 'pan', 'for', 'a', 'minute', 'adding', 'a', 'splash', 'of', 'the', 'reserved', 'cooking', 'water', 'if', 'the', 'sauce', 'seems', 'too', 'tight', 'transfer', 'to', 'a', 'warm', 'bowl', 'and', 'serve', 'immediately']","['place', 'water', 'large', 'pot', 'season', 'salt', 'bring', 'boil', 'wash', 'zucchini', 'trim', 'ends', 'grate', 'largest', 'side', 'box', 'grater', 'set', 'aside', 'large', 'saucepan', 'heat', 'oil', 'butter', 'sauté', 'shallot', 'celery', 'medium', 'heat', 'stirring', 'vegetables', 'soften', 'begin', 'turn', 'translucent', 'add', 'minced', 'garlic', 'continue', 'cooking', 'another', 'add', 'zucchini', 'pan', 'sauté', 'zucchini', 'begins', 'soften', 'wilt', 'meantime', 'add', 'pasta', 'boiling', 'water', 'stir', 'occasionally', 'pasta', 'cooks', 'season', 'vegetables', 'salt', 'pepper', 'pasta', 'almost', 'al', 'dente', 'add', 'lemon', 'juice', 'pasta', 'cooking', 'water', 'cheese', 'pan', 'stirring', 'melt', 'cheese', 'stir', 'parsley', 'basil', 'let', 'mixture', 'simmer', 'gently', 'moment', 'two', 'drain', 'pasta', 'reserving', 'cooking', 'water', 'case', 'needed', 'add', 'pasta', 'pan', 'sauce', 'toss', 'coat', 'completely', 'let', 'pasta', 'cook', 'pan', 'adding', 'splash', 'reserved', 'cooking', 'water', 'sauce', 'seems', 'tight', 'transfer', 'warm', 'bowl', 'serve', 'immediately']",Italian
4241,"['heat', 'the', 'oil', 'in', 'an', '8-quart', 'saucepot', 'over', 'medium-high', 'heat', 'add', 'the', 'chicken', 'and', 'cook', 'until', 'well', 'browned', 'stirring', 'often', 'reduce', 'the', 'heat', 'to', 'medium', 'stir', 'the', 'peppers', 'onions', 'and', 'garlic', 'in', 'the', 'saucepot', 'cook', 'until', 'the', 'chicken', 'is', 'cooked', 'through', 'and', 'the', 'vegetables', 'are', 'tender', 'stir', 'in', 'the', 'sauce', 'and', 'cook', 'until', 'the', 'mixture', 'is', 'hot', 'and', 'bubbling', 'serve', 'the', 'chicken', 'mixture', 'over', 'the', 'spaghetti', 'recipe', 'tips', 'serving', 'suggestion', 'serve', 'with', 'crusty', 'long', 'italian', 'rolls', 'for', 'dessert', 'serve', 'with', 'fruit', 'compote', 'slice', 'fresh', 'oranges', 'grapefruit', 'red', 'grapes', 'and', 'apples']","['heat', 'oil', '8', 'quart', 'saucepot', 'medium', 'high', 'heat', 'add', 'chicken', 'cook', 'well', 'browned', 'stirring', 'often', 'reduce', 'heat', 'medium', 'stir', 'peppers', 'onions', 'garlic', 'saucepot', 'cook', 'chicken', 'cooked', 'vegetables', 'tender', 'stir', 'sauce', 'cook', 'mixture', 'hot', 'bubbling', 'serve', 'chicken', 'mixture', 'spaghetti', 'recipe', 'tips', 'serving', 'suggestion', 'serve', 'crusty', 'long', 'italian', 'rolls', 'dessert', 'serve', 'fruit', 'compote', 'slice', 'fresh', 'oranges', 'grapefruit', 'red', 'grapes', 'apples']",Italian
10522,"['put', 'onion', 'cilantro', 'ginger', 'kofta', 'masala', 'salt', 'chilies', 'and', 'bread', 'slice', 'in', 'food', 'processer', 'mix', 'mixture', 'with', 'ground', 'beef', 'make', 'rice', 'in', 'rice', 'cooker', 'make', 'meat', 'balls', 'and', 'fry', 'in', 'oil', 'set', 'meat', 'balls', 'aside', 'fry', 'onions', 'until', 'golden', 'brown', 'add', 'pilau', 'masala', 'garlic', 'paste', 'and', 'ginger', 'paste', 'add', 'tomatoes', 'fry', 'for', '10', 'minutes', 'be', 'careful', 'not', 'to', 'burn', 'add', 'meat', 'balls', 'back', 'inches', 'add', 'enough', 'water', 'to', 'almost', 'cover', 'meatballs', 'cook', 'for', '15', 'minutes', 'on', 'low', 'with', 'cover', 'on', 'cook', 'for', '10', 'minutes', 'on', 'med', 'with', 'cover', 'off', 'to', 'dry', 'water', 'a', 'little', 'when', 'rice', 'is', 'cooked', 'layer', 'rice', 'and', 'meatball', 'mixture', 'put', 'the', 'mix', 'in', 'oven', 'on', 'low', 'set', 'at', '300', 'degrees', 'f.', 'cook', 'for', '30', 'minutes']","['put', 'onion', 'cilantro', 'ginger', 'kofta', 'masala', 'salt', 'chilies', 'bread', 'slice', 'food', 'processer', 'mix', 'mixture', 'ground', 'beef', 'make', 'rice', 'rice', 'cooker', 'make', 'meat', 'balls', 'fry', 'oil', 'set', 'meat', 'balls', 'aside', 'fry', 'onions', 'golden', 'brown', 'add', 'pilau', 'masala', 'garlic', 'paste', 'ginger', 'paste', 'add', 'tomatoes', 'fry', 'careful', 'burn', 'add', 'meat', 'balls', 'back', 'add', 'enough', 'water', 'almost', 'cover', 'meatballs', 'cook', 'low', 'cover', 'cook', 'med', 'cover', 'dry', 'water', 'little', 'rice', 'cooked', 'layer', 'rice', 'meatball', 'mixture', 'put', 'mix', 'oven', 'low', 'set', 'f.', 'cook']",Indian
469,"['place', 'sausage', 'in', 'a', 'skillet', 'add', 'hot', 'water', 'cover', 'and', 'cook', 'for', '10', 'minutes', 'remove', 'sausages', 'and', 'separate', 'links', 'if', 'necessary', 'discard', 'drippings', 'in', 'a', 'large', 'dutch', 'oven', 'saute', 'mushrooms', 'carrot', 'and', 'onion', 'just', 'until', 'al', 'dente', 'add', 'sausages', 'add', 'remaining', 'ingredients', 'cover', 'and', 'simmer', '1', 'hour', 'or', 'until', 'thickened', 'stirring', 'occasionally', 'serve', 'over', 'pasta', 'or', 'by', 'itself', 'with', 'hot', 'crusty', 'bread']","['place', 'sausage', 'skillet', 'add', 'hot', 'water', 'cover', 'cook', 'remove', 'sausages', 'separate', 'links', 'necessary', 'discard', 'drippings', 'large', 'dutch', 'oven', 'saute', 'mushrooms', 'carrot', 'onion', 'al', 'dente', 'add', 'sausages', 'add', 'remaining', 'ingredients', 'cover', 'simmer', 'thickened', 'stirring', 'occasionally', 'serve', 'pasta', 'hot', 'crusty', 'bread']",Italian
10221,"['mash', 'paneer', 'add', 'condensed', 'milk', 'and', 'cook', 'on', 'slow', 'flame', 'stirring', 'continously', 'cook', 'till', 'thick', 'and', 'sides', 'leave', 'add', 'essence', 'and', 'remove', 'from', 'flame', 'mix', 'well', 'pour', 'on', 'plate', 'cool', 'make', 'ladoos', 'sprinkle', 'powdered', 'elaichi', 'and', 'decorate']","['mash', 'paneer', 'add', 'condensed', 'milk', 'cook', 'slow', 'flame', 'stirring', 'continously', 'cook', 'till', 'thick', 'sides', 'leave', 'add', 'essence', 'remove', 'flame', 'mix', 'well', 'pour', 'plate', 'cool', 'make', 'ladoos', 'sprinkle', 'powdered', 'elaichi', 'decorate']",Indian
4595,"['wash', 'the', 'different', 'varieties', 'of', 'salad', 'at', 'least', '3', 'dry', 'well', 'and', 'place', 'in', 'a', 'large', 'salad', 'bowl', 'a', 'wooden', 'bowl', 'is', 'ideal', 'and', 'typical', 'for', 'this', 'dish', 'add', 'the', 'pecorino', 'cut', 'into', 'small', 'cubes', 'little', 'pieces', 'of', 'anchovy', 'fillet', 'and', 'a', 'few', 'capers', 'salt', 'pepper', 'lightly', 'and', 'dress', 'with', 'oil', 'and', 'vinegar', 'toss', 'well', 'and', 'serve', 'immediately', 'decorated', 'with', 'wedges', 'of', 'hardboiled', 'eggs']","['wash', 'different', 'varieties', 'salad', 'least', 'dry', 'well', 'place', 'large', 'salad', 'bowl', 'wooden', 'bowl', 'ideal', 'typical', 'dish', 'add', 'pecorino', 'cut', 'small', 'cubes', 'little', 'pieces', 'anchovy', 'fillet', 'capers', 'salt', 'pepper', 'lightly', 'dress', 'oil', 'vinegar', 'toss', 'well', 'serve', 'immediately', 'decorated', 'wedges', 'hardboiled', 'eggs']",Italian
5528,"['cover', 'the', 'bottom', 'of', 'a', 'small', 'sauce', 'pan', 'with', 'olive', 'oil', 'braise', 'onion', 'in', 'the', 'oil', 'and', 'add', 'crushed', 'red', 'peppers', 'to', 'taste', 'add', 'one', 'can', 'of', 'peas', 'and', 'juice', 'to', 'oil', 'and', 'let', 'it', 'come', 'to', 'a', 'gentle', 'boil', 'drop', 'in', 'as', 'many', 'eggs', 'as', 'desired', 'into', 'the', 'boiling', 'juice', 'cover', 'and', 'simmer', 'until', 'eggs', 'are', 'cooked', 'about', '5', 'minutes', 'salt', 'and', 'pepper', 'to', 'taste']","['cover', 'bottom', 'small', 'sauce', 'pan', 'olive', 'oil', 'braise', 'onion', 'oil', 'add', 'crushed', 'red', 'peppers', 'taste', 'add', 'one', 'peas', 'juice', 'oil', 'let', 'come', 'gentle', 'boil', 'drop', 'many', 'eggs', 'desired', 'boiling', 'juice', 'cover', 'simmer', 'eggs', 'cooked', 'salt', 'pepper', 'taste']",Italian
10625,"['heat', 'the', 'oil', 'in', 'a', 'saucepan', 'on', 'medium', 'to', 'high', 'heat', 'add', 'chopped', 'onions', 'and', 'stir', 'until', 'they', 'are', 'translucent', 'add', 'ginger', 'cumin', 'powder', 'and', 'coriander', 'powder', 'stir', 'for', 'a', 'minute', 'add', 'the', 'tomatoes', 'kidney', 'beans', 'and', 'red', 'chili', 'powder', 'add', 'water', 'as', 'needed', 'boil', 'and', 'let', 'it', 'simmer', 'for', '15', 'minutes', 'until', 'the', 'gravy', 'is', 'thick', 'add', 'black', 'pepper', 'and', 'garam', 'masala', 'to', 'make', 'it', 'spicy', 'serve', 'garnished', 'with', 'green', 'coriander']","['heat', 'oil', 'saucepan', 'medium', 'high', 'heat', 'add', 'chopped', 'onions', 'stir', 'translucent', 'add', 'ginger', 'cumin', 'powder', 'coriander', 'powder', 'stir', 'add', 'tomatoes', 'kidney', 'beans', 'red', 'chili', 'powder', 'add', 'water', 'needed', 'boil', 'let', 'simmer', 'gravy', 'thick', 'add', 'black', 'pepper', 'garam', 'masala', 'make', 'spicy', 'serve', 'garnished', 'green', 'coriander']",Indian
12545,"['heat', 'the', 'bacon', 'drippings', 'veggie', 'oil', 'in', 'a', 'heavy', 'saucepan', 'and', 'brown', 'the', 'buffalo', 'meat', 'add', 'stock', 'green', 'onions', 'berries', 'salt', 'pepper', 'honey', 'simmer', 'for', '1', 'hour', 'or', 'until', 'the', 'meat', 'is', 'tender', 'mix', 'flour', 'with', 'six', 'tbsp', 'of', 'the', 'soup', 'add', 'it', 'to', 'the', 'soup', 'to', 'thicken', 'the', 'soup', 'slightly']","['heat', 'bacon', 'drippings', 'veggie', 'oil', 'heavy', 'saucepan', 'brown', 'buffalo', 'meat', 'add', 'stock', 'green', 'onions', 'berries', 'salt', 'pepper', 'honey', 'simmer', 'meat', 'tender', 'mix', 'flour', 'six', 'soup', 'add', 'soup', 'thicken', 'soup', 'slightly']",Indian
11611,"['dry', 'roast', 'the', 'cumin', 'seeds', 'until', 'golden', 'brown', 'remove', 'from', 'heat', 'and', 'crush', 'in', 'a', 'pestle', 'and', 'mortar', 'stir', 'all', 'ingredients', 'together', 'and', 'serve']","['dry', 'roast', 'cumin', 'seeds', 'golden', 'brown', 'remove', 'heat', 'crush', 'pestle', 'mortar', 'stir', 'ingredients', 'together', 'serve']",Indian
12250,"['boil', 'the', 'chickpeas', 'in', 'an', 'open-mouthed', 'vessel', 'if', 'you', 'have', 'time', 'on', 'your', 'hands', 'otherwise', 'pressure', 'cook', 'the', 'chickpeas', 'soaked', 'overnight', 'washed', 'and', 'drained', 'in', 'a', 'pressure', 'cooker', 'upto', '2', 'whistles', 'heat', 'oil', 'in', 'a', 'pot', 'add', 'onions', 'and', 'stir-fry', 'until', 'browned', 'add', 'tomato', 'paste', 'and', 'cook', 'until', 'it', 'thickens', 'add', 'the', 'pressure', 'cooked', 'chickpeas', 'along', 'with', 'the', 'water', 'in', 'which', 'they', 'have', 'been', 'pressure', 'cooked', 'mix', 'well', 'add', 'all', 'the', 'spice', 'powders', 'and', 'salt', 'to', 'taste', 'mix', 'well', 'and', 'cook', 'for', 'a', 'few', 'minutes', 'garnish', 'with', 'corriander', 'leaves', 'remove', 'from', 'heat', 'and', 'serve', 'hot', 'with', 'bhatoora']","['boil', 'chickpeas', 'open', 'mouthed', 'vessel', 'time', 'hands', 'otherwise', 'pressure', 'cook', 'chickpeas', 'soaked', 'overnight', 'washed', 'drained', 'pressure', 'cooker', 'upto', 'whistles', 'heat', 'oil', 'pot', 'add', 'onions', 'stir', 'fry', 'browned', 'add', 'tomato', 'paste', 'cook', 'thickens', 'add', 'pressure', 'cooked', 'chickpeas', 'along', 'water', 'pressure', 'cooked', 'mix', 'well', 'add', 'spice', 'powders', 'salt', 'taste', 'mix', 'well', 'cook', 'garnish', 'corriander', 'leaves', 'remove', 'heat', 'serve', 'hot', 'bhatoora']",Indian
2714,"['for', 'vegetables', 'set', 'colander', 'in', 'large', 'bowl', 'add', 'eggplant', 'toss', 'with', 'generous', 'amount', 'of', 'salt', 'let', 'stand', 'for', 'about', '30', 'minutes', 'heat', 'oil', 'in', 'heavy', 'large', 'pot', 'over', 'medium-high', 'heat', 'add', 'onion', 'celery', 'and', 'carrot', 'sauté', 'until', 'onion', 'is', 'translucent', 'about', '8', 'minutes', 'add', 'eggplant', 'potatoes', 'pepper', 'zucchini', 'and', 'broth', 'cover', 'and', 'cook', '5', 'minutes', 'stirring', 'once', 'uncover', 'and', 'cook', 'until', 'vegetables', 'are', 'tender', 'stirring', 'often', 'about', '10', 'minutes', 'longer', 'season', 'with', 'salt', 'and', 'pepper', 'for', 'sauce', 'melt', 'butter', 'in', 'large', 'sauce', 'pan', 'over', 'medium', 'heat', 'whisk', 'in', 'flour', 'whisk', '2', 'minutes', 'gradually', 'whisk', 'in', 'milk', 'cook', 'until', 'mixture', 'comes', 'to', 'a', 'boil', 'whisking', 'often', 'about', '15', 'minutes', 'remove', 'from', 'heat', 'season', 'with', 'salt', 'and', 'pepper', 'preheat', 'oven', '375°f', 'lightly', 'butter', '13x9x2-inch', 'glass', 'baking', 'pan', 'cook', 'lasagna', 'noodles', 'in', 'large', 'pot', 'of', 'boiling', 'water', 'until', 'tender', 'but', 'still', 'firm', 'to', 'bite', 'drain', 'rinse', 'under', 'cold', 'water', 'spoon', '1', 'cup', 'of', 'sauce', 'over', 'bottom', 'of', 'dish', 'arrange', '5', 'lasagna', 'noddles', 'atop', 'sauce', 'overlapping', 'slightly', 'spoon', 'half', 'of', 'vegetables', 'over', 'noodles', 'spoon', '1', '1/2', 'cups', 'sauce', 'over', 'veggies', 'sprinkle', '3/4', 'cup', 'parmesan', 'cheese', 'over', 'sauce', 'repeat', 'layering', 'one', 'time', 'top', 'with', '5', 'lasagna', 'noodles', 'spoon', 'remaining', 'sauce', 'over', 'noodles', 'top', 'with', 'remaining', 'parmesan', 'cheese', 'can', 'be', 'made', 'one', 'day', 'ahead', 'and', 'then', 'cover', 'and', 'chill', 'bake', 'lasagna', 'uncovered', 'on', 'center', 'rack', 'until', 'sauce', 'is', 'bubbling', 'about', '30', 'minutes', '45', 'minutes', 'if', 'previously', 'chilled']","['vegetables', 'set', 'colander', 'large', 'bowl', 'add', 'eggplant', 'toss', 'generous', 'amount', 'salt', 'let', 'stand', 'heat', 'oil', 'heavy', 'large', 'pot', 'medium', 'high', 'heat', 'add', 'onion', 'celery', 'carrot', 'sauté', 'onion', 'translucent', 'add', 'eggplant', 'potatoes', 'pepper', 'zucchini', 'broth', 'cover', 'cook', 'stirring', 'uncover', 'cook', 'vegetables', 'tender', 'stirring', 'often', 'longer', 'season', 'salt', 'pepper', 'sauce', 'melt', 'butter', 'large', 'sauce', 'pan', 'medium', 'heat', 'whisk', 'flour', 'whisk', 'gradually', 'whisk', 'milk', 'cook', 'mixture', 'comes', 'boil', 'whisking', 'often', 'remove', 'heat', 'season', 'salt', 'pepper', 'preheat', 'oven', '375°f', 'lightly', 'butter', '13x9x2', 'inch', 'glass', 'baking', 'pan', 'cook', 'lasagna', 'noodles', 'large', 'pot', 'boiling', 'water', 'tender', 'still', 'firm', 'bite', 'drain', 'rinse', 'cold', 'water', 'spoon', 'sauce', 'bottom', 'dish', 'arrange', 'lasagna', 'noddles', 'atop', 'sauce', 'overlapping', 'slightly', 'spoon', 'half', 'vegetables', 'noodles', 'spoon', 'sauce', 'veggies', 'sprinkle', 'parmesan', 'cheese', 'sauce', 'repeat', 'layering', 'one', 'time', 'top', 'lasagna', 'noodles', 'spoon', 'remaining', 'sauce', 'noodles', 'top', 'remaining', 'parmesan', 'cheese', 'made', 'one', 'day', 'ahead', 'cover', 'chill', 'bake', 'lasagna', 'uncovered', 'center', 'rack', 'sauce', 'bubbling', 'previously', 'chilled']",Italian
4897,"['place', 'the', 'amaretti', 'crumbs', 'in', 'a', 'bowl', 'add', 'the', 'amaretto', 'and', 'set', 'aside', 'to', 'soak', 'meanwhile', 'beat', 'the', 'egg', 'yolks', 'with', 'the', 'superfine', 'sugar', 'until', 'pale', 'and', 'thick', 'fold', 'in', 'the', 'mascarpone', 'cheese', 'and', 'soaked', 'cookie', 'crumbs', 'whisk', 'the', 'egg', 'whites', 'in', 'a', 'separate', 'bowl', 'until', 'stiff', 'then', 'gently', 'fold', 'into', 'the', 'cheese', 'mixture', 'divide', 'the', 'mascarpone', 'cream', 'among', '4', 'serving', 'dishes', 'and', 'let', 'chill', 'for', '1-2', 'hours', 'sprinkle', 'with', 'toasted', 'slivered', 'almonds', 'just', 'before', 'serving']","['place', 'amaretti', 'crumbs', 'bowl', 'add', 'amaretto', 'set', 'aside', 'soak', 'meanwhile', 'beat', 'egg', 'yolks', 'superfine', 'sugar', 'pale', 'thick', 'fold', 'mascarpone', 'cheese', 'soaked', 'cookie', 'crumbs', 'whisk', 'egg', 'whites', 'separate', 'bowl', 'stiff', 'gently', 'fold', 'cheese', 'mixture', 'divide', 'mascarpone', 'cream', 'among', 'serving', 'dishes', 'let', 'chill', 'sprinkle', 'toasted', 'slivered', 'almonds', 'serving']",Italian
8355,"['preheat', 'oven', 'to', '400', 'f.', 'cook', 'the', 'potatoes', 'in', 'a', 'large', 'pan', 'of', 'boiling', 'salted', 'water', 'until', 'tender', '5-7', 'minutes', 'drain', 'and', 'reserve', 'in', 'the', 'same', 'pot', 'you', 'cooked', 'them', 'inches', 'heat', 'the', 'oil', 'in', 'a', 'large', 'skillet', 'over', 'medium', 'high', 'heat', 'add', 'the', 'onions', 'and', 'cook', 'until', 'soft', '5', 'minutes', 'then', 'addd', 'the', 'jalapeno', 'ginger', 'garlic', 'coriander', 'curry', 'powder', 'cumin', 'allspice', 'cinnamon', 'and', 'salt', 'and', 'pepper', 'cook', 'for', 'about', '3', 'minutes', 'more', 'stir', 'in', 'the', 'drained', 'potatoes', 'tomato', 'and', 'peas', 'cook', 'for', 'another', 'minute', 'stir', 'in', 'enough', 'of', 'the', 'stock', 'to', 'moisten', 'the', 'mixture', 'then', 'remove', 'it', 'from', 'the', 'heat', 'and', 'let', 'cool', 'on', 'a', 'lightly', 'floured', 'surface', 'unroll', 'the', 'pie', 'dough', 'cut', 'each', 'dough', 'round', 'into', '8', 'equal', 'wedges', 'like', 'a', 'pizza', 'spoon', '1', 'tbls', 'of', 'the', 'potato', 'filling', 'onto', 'the', 'middle', 'of', 'each', 'wedge', 'brush', 'the', 'edges', 'of', 'the', 'dough', 'with', 'the', 'egg', 'wash', 'and', 'fold', 'up', 'bringing', 'the', 'three', 'points', 'together', 'over', 'the', 'filling', 'then', 'pinching', 'at', 'the', 'seams', 'to', 'form', 'a', 'small', 'pyramid', 'transfer', 'to', 'a', 'baking', 'sheet', 'and', 'brush', 'the', 'samosas', 'with', 'the', 'egg', 'wash.', 'bake', '15-20', 'minutes', 'until', 'golden', 'brown', 'while', 'the', 'samosas', 'bake', 'make', 'the', 'dipping', 'sauce', 'combine', 'the', 'mint', 'cilantro', 'jalapeno', 'sugar', 'salt', 'lime', 'juice', '1', 'tbls', 'water', 'and', 'the', 'oil', 'in', 'the', 'bowl', 'of', 'a', 'food', 'processor', 'grate', 'the', 'garlic', 'and', 'ginger', 'directly', 'into', 'the', 'bowl', 'then', 'puree', 'until', 'smooth', 'transfer', 'to', 'a', 'small', 'serving', 'bowl', 'serve', 'the', 'samosas', 'hot', 'out', 'of', 'the', 'oven', 'with', 'the', 'mint', 'cilatro', 'dipping', 'sauce']","['preheat', 'oven', 'f.', 'cook', 'potatoes', 'large', 'pan', 'boiling', 'salted', 'water', 'tender', 'drain', 'reserve', 'pot', 'cooked', 'heat', 'oil', 'large', 'skillet', 'medium', 'high', 'heat', 'add', 'onions', 'cook', 'soft', 'addd', 'jalapeno', 'ginger', 'garlic', 'coriander', 'curry', 'powder', 'cumin', 'allspice', 'cinnamon', 'salt', 'pepper', 'cook', 'stir', 'drained', 'potatoes', 'tomato', 'peas', 'cook', 'another', 'stir', 'enough', 'stock', 'moisten', 'mixture', 'remove', 'heat', 'let', 'cool', 'lightly', 'floured', 'surface', 'unroll', 'pie', 'dough', 'cut', 'dough', 'round', 'equal', 'wedges', 'like', 'pizza', 'spoon', 'tbls', 'potato', 'filling', 'onto', 'middle', 'wedge', 'brush', 'edges', 'dough', 'egg', 'wash', 'fold', 'bringing', 'three', 'points', 'together', 'filling', 'pinching', 'seams', 'form', 'small', 'pyramid', 'transfer', 'baking', 'sheet', 'brush', 'samosas', 'egg', 'wash.', 'bake', 'golden', 'brown', 'samosas', 'bake', 'make', 'dipping', 'sauce', 'combine', 'mint', 'cilantro', 'jalapeno', 'sugar', 'salt', 'lime', 'juice', 'tbls', 'water', 'oil', 'bowl', 'food', 'processor', 'grate', 'garlic', 'ginger', 'directly', 'bowl', 'puree', 'smooth', 'transfer', 'small', 'serving', 'bowl', 'serve', 'samosas', 'hot', 'oven', 'mint', 'cilatro', 'dipping', 'sauce']",Indian
6432,"['preheat', 'oven', 'to', '350', 'degrees', 'halve', 'squash', 'lengthwise', 'scoop', 'out', 'seeds', 'place', 'squash', 'cut', 'sides', 'down', 'in', 'a', 'large', 'baking', 'dish', 'and', 'prick', 'skin', 'all', 'over', 'with', 'a', 'fork', 'bake', 'until', 'tender', 'about', '30', 'to', '40', 'minutes', 'meanwhile', 'cook', 'turkey', 'with', 'season', 'salt', 'and', 'pepper', 'stirring', 'occasionally', 'in', 'a', 'nonstick', 'skillet', 'over', 'medium-high', 'heat', 'until', 'browned', 'about', '5', 'minutes', 'drain', 'remove', 'from', 'skillet', 'and', 'set', 'aside', 'in', 'same', 'skillet', 'heat', 'oil', 'over', 'medium-high', 'heat', 'add', 'onion', 'and', 'garlic', 'and', 'stir-fry', 'until', 'tender', 'about', '5', 'minutes', 'stir', 'in', 'diced', 'tomatoes', 'and', 'italian', 'seasoning', 'bring', 'to', 'a', 'boil', 'reduce', 'heat', 'add', 'cooked', 'turkey', 'and', 'simmer', 'stirring', 'often', 'until', 'desired', 'consistency', 'about', '5', 'minutes', 'place', 'ricotta', 'cheese', 'and', 'egg', 'in', 'a', 'food', 'processor', 'or', 'blender', 'and', 'puree', 'until', 'smooth', 'coat', 'a', '9-inch', 'glass', 'pie', 'plate', 'with', 'cooking', 'spray', 'remove', 'squash', 'from', 'oven', 'and', 'increase', 'oven', 'temperature', 'to', '375', 'degrees', 'using', 'a', 'fork', 'carefully', 'rake', 'stringy', 'squash', 'pulp', 'from', 'shell', 'separating', 'it', 'into', 'strands', 'that', 'look', 'like', 'spaghetti', 'arrange', 'spaghetti', 'squash', 'strands', 'in', 'bottom', 'and', 'up', 'sides', 'of', 'pie', 'plate', 'to', 'form', 'a', 'crust', 'add', 'ricotta', 'cheese', 'mixture', 'and', 'gently', 'spread', 'over', 'squash', 'pour', 'tomato-turkey', 'sauce', 'over', 'cheese', 'mixture', 'and', 'sprinkle', 'with', 'mozzarella', 'bake', 'for', '20', 'minutes', 'remove', 'from', 'oven', 'and', 'let', 'stand', '5', 'minutes', 'before', 'dividing', 'into', 'six', 'servings']","['preheat', 'oven', 'halve', 'squash', 'lengthwise', 'scoop', 'seeds', 'place', 'squash', 'cut', 'sides', 'large', 'baking', 'dish', 'prick', 'skin', 'fork', 'bake', 'tender', 'meanwhile', 'cook', 'turkey', 'season', 'salt', 'pepper', 'stirring', 'occasionally', 'nonstick', 'skillet', 'medium', 'high', 'heat', 'browned', 'drain', 'remove', 'skillet', 'set', 'aside', 'skillet', 'heat', 'oil', 'medium', 'high', 'heat', 'add', 'onion', 'garlic', 'stir', 'fry', 'tender', 'stir', 'diced', 'tomatoes', 'italian', 'seasoning', 'bring', 'boil', 'reduce', 'heat', 'add', 'cooked', 'turkey', 'simmer', 'stirring', 'often', 'desired', 'consistency', 'place', 'ricotta', 'cheese', 'egg', 'food', 'processor', 'blender', 'puree', 'smooth', 'coat', '9', 'inch', 'glass', 'pie', 'plate', 'cooking', 'spray', 'remove', 'squash', 'oven', 'increase', 'oven', 'temperature', 'using', 'fork', 'carefully', 'rake', 'stringy', 'squash', 'pulp', 'shell', 'separating', 'strands', 'look', 'like', 'spaghetti', 'arrange', 'spaghetti', 'squash', 'strands', 'bottom', 'sides', 'pie', 'plate', 'form', 'crust', 'add', 'ricotta', 'cheese', 'mixture', 'gently', 'spread', 'squash', 'pour', 'tomato', 'turkey', 'sauce', 'cheese', 'mixture', 'sprinkle', 'mozzarella', 'bake', 'remove', 'oven', 'let', 'stand', 'dividing', 'six', 'servings']",Italian
11829,"['in', 'a', 'large', 'pot', 'heat', 'oil', 'and', 'cinnamon', 'sticks', 'cumin', 'seeds', 'cloves', 'for', '1', 'minute', 'before', 'they', 'began', 'to', 'get', 'dark', 'add', 'onions', 'sautee', 'onions', 'for', '1', 'minute', 'on', 'medium', 'high', 'heat', 'add', 'chicken', 'tender', 'cubes', 'cook', 'that', 'stirring', 'occasionally', 'for', '3-5', 'minutes', 'add', 'rest', 'of', 'the', 'ingredients', 'saving', 'a', 'small', 'amount', 'of', 'the', 'cilantro', 'for', 'garnish', 'at', 'end', 'stir', 'and', 'simmer', 'on', 'medium-low', 'for', '15', 'minutes', 'then', 'serve', 'over', 'rice', 'you', 'may', 'add', 'more', 'tomato', 'sauce', 'or', 'water', 'depending', 'on', 'how', 'chunky', 'you', 'want', 'the', 'curry', 'sauce']","['large', 'pot', 'heat', 'oil', 'cinnamon', 'sticks', 'cumin', 'seeds', 'cloves', 'began', 'get', 'dark', 'add', 'onions', 'sautee', 'onions', 'medium', 'high', 'heat', 'add', 'chicken', 'tender', 'cubes', 'cook', 'stirring', 'occasionally', 'add', 'rest', 'ingredients', 'saving', 'small', 'amount', 'cilantro', 'garnish', 'end', 'stir', 'simmer', 'medium', 'low', 'serve', 'rice', 'may', 'add', 'tomato', 'sauce', 'water', 'depending', 'chunky', 'want', 'curry', 'sauce']",Indian
11663,"['slice', 'the', 'onions', 'into', 'thin', 'half', 'rounds', 'grate', 'the', 'ginger', 'and', 'garlic', 'in', 'a', 'large', 'heavy-bottomed', 'skillet', 'over', 'medium', 'heat', 'warm', 'the', 'oil', 'add', 'the', 'cumin', 'when', 'it', 'darkens', '1', 'to', '2', 'seconds', 'add', 'the', 'grated', 'ginger', 'and', 'garlic', 'cook', 'for', '1', 'minute', 'then', 'add', 'the', 'sliced', 'onions', 'and', 'saute', 'until', 'lightly', 'browned', 'about', '8', 'minutes', 'add', 'the', 'tomatoes', 'and', 'cook', 'until', 'soft', 'about', '5', 'minutes', 'add', 'the', 'coriander', 'turmeric', 'salt', 'and', 'cayenne', 'mix', 'well', 'then', 'add', 'the', 'spinach', 'mix', 'again', 'cover', 'reduce', 'the', 'heat', 'to', 'medium-low', 'and', 'cook', 'for', '25', 'minutes', 'stirring', 'occasionally', 'mix', 'in', 'the', 'chickpeas', 'and', 'cook', 'for', '5', 'more', 'minutes', 'add', 'the', 'garam', 'masala', 'and', 'lemon', 'juice', 'serve', 'hot']","['slice', 'onions', 'thin', 'half', 'rounds', 'grate', 'ginger', 'garlic', 'large', 'heavy', 'bottomed', 'skillet', 'medium', 'heat', 'warm', 'oil', 'add', 'cumin', 'darkens', 'seconds', 'add', 'grated', 'ginger', 'garlic', 'cook', 'add', 'sliced', 'onions', 'saute', 'lightly', 'browned', 'add', 'tomatoes', 'cook', 'soft', 'add', 'coriander', 'turmeric', 'salt', 'cayenne', 'mix', 'well', 'add', 'spinach', 'mix', 'cover', 'reduce', 'heat', 'medium', 'low', 'cook', 'stirring', 'occasionally', 'mix', 'chickpeas', 'cook', 'add', 'garam', 'masala', 'lemon', 'juice', 'serve', 'hot']",Indian
1939,"['combine', 'first', '8', 'ingredients', 'in', 'large', 'bowl', 'add', 'salt', 'and', 'pepper', 'and', 'toss', 'well', 'pour', 'on', 'dressing', 'mix', 'well', 'sprinkle', 'parsley', 'on', 'top']","['combine', 'first', 'ingredients', 'large', 'bowl', 'add', 'salt', 'pepper', 'toss', 'well', 'pour', 'dressing', 'mix', 'well', 'sprinkle', 'parsley', 'top']",Italian
12262,"['1.', 'in', 'pressure', 'cooker', 'pan', 'sautee', 'onions', 'garlic', 'in', 'ginger', 'in', 'olive', 'oil', 'until', 'fragrant', 'but', 'not', 'brown', '2.', 'combine', 'spices', 'and', '1', 'cup', 'water', 'to', 'make', 'a', 'paste', 'pour', 'over', 'the', 'aromatics', 'and', 'sautee', 'until', 'fragrant', 'do', 'not', 'brown', '3.', 'stir', 'in', 'the', 'tomatoes', 'and', 'chicken', 'pieces', 'coating', 'with', 'the', 'spice', 'mixture', '4.', 'pour', 'over', '4', 'cups', 'of', 'water', 'and', 'place', 'lid', 'on', 'pressure', 'cooker', '5.', 'bring', 'up', 'to', 'high', 'pressure', 'and', 'cook', 'at', 'a', 'level', 'to', 'maintain', 'high', 'pressure', 'for', '25', 'minute', '6.', 'turn', 'off', 'the', 'heat', 'and', 'allow', 'the', 'pressure', 'to', 'drop', 'naturally', 'for', '5', 'to', '10', 'minutes', '7.', 'carefully', 'remove', 'lid', 'away', 'from', 'you', 'and', 'check', 'for', 'doneness', '8.', 'stir', 'in', 'sourcream', 'before', 'serving']","['pressure', 'cooker', 'pan', 'sautee', 'onions', 'garlic', 'ginger', 'olive', 'oil', 'fragrant', 'brown', 'combine', 'spices', 'water', 'make', 'paste', 'pour', 'aromatics', 'sautee', 'fragrant', 'brown', 'stir', 'tomatoes', 'chicken', 'pieces', 'coating', 'spice', 'mixture', 'pour', 'water', 'place', 'lid', 'pressure', 'cooker', 'bring', 'high', 'pressure', 'cook', 'level', 'maintain', 'high', 'pressure', 'turn', 'heat', 'allow', 'pressure', 'drop', 'naturally', 'carefully', 'remove', 'lid', 'away', 'check', 'doneness', 'stir', 'sourcream', 'serving']",Indian
9431,"['chicken', 'cut', 'chicken', 'into', '1', 'inch', 'bite', 'size', 'pieces', 'season', 'the', 'chicken', 'pieces', 'with', 'salt', 'and', 'pepper', 'and', 'curry', 'powder', 'add', 'the', 'oil', 'to', 'a', 'preheated', 'pan', 'on', 'med-high', 'then', 'add', 'the', 'chicken', 'pieces', 'and', 'cook', 'until', 'done', 'remove', 'from', 'heat', 'and', 'set', 'aside', 'to', 'make', 'the', 'sauce', 'sauce', 'in', 'a', 'sauce', 'pan', 'add', 'the', 'oil', 'and', 'chopped', 'onions', 'cook', 'on', 'medium', 'heat', 'until', 'tranlucent', 'in', 'a', 'medium', 'mixing', 'bowl', 'add', 'the', 'stock', 'corn', 'starch', 'curry', 'powder', 'salt', 'and', 'pepper', 'whisk', 'will', 'to', 'combine', 'this', 'would', 'be', 'the', 'time', 'to', 'add', 'any', 'other', 'additional', 'spices', 'you', 'like', 'in', 'curry', 'if', 'you', 'just', 'like', 'curry', 'powder', 'do', 'not', 'add', 'any', 'other', 'spices', 'add', 'mixture', 'to', 'onions', 'and', 'heat', 'over', 'med-med/low', 'heat', 'until', 'thick', 'stirring', 'often', 'in', 'another', 'mixing', 'bowl', 'add', 'the', 'yogurt', 'and', 'whisk', 'smooth', 'temper', 'the', 'yogurt', 'with', 'the', 'starch', 'mixture', 'and', 'add', 'back', 'to', 'the', 'pan', 'add', 'a', 'small', 'amount', 'of', 'the', 'hot', 'liquid', 'to', 'the', 'yogurt', 'and', 'mix', 'well', 'continue', 'until', 'about', 'half', 'of', 'the', 'hot', 'liquid', 'is', 'mixed', 'into', 'the', 'yogurt', 'then', 'add', 'that', 'mixture', 'to', 'the', 'hot', 'and', 'mix', 'will', 'turn', 'heat', 'to', 'low', 'and', 'cook', 'until', 'sauce', 'is', 'hot', 'look', 'online', 'for', '``', 'how', 'to', 'temper', 'an', 'egg', ""''"", 'if', 'you', 'are', 'not', 'familliar', 'with', 'this', 'procedure', 'service', 'once', 'the', 'sauce', 'is', 'hot', 'add', 'chicken', 'to', 'the', 'sauce', 'and', 'let', 'cook', '1-2', 'minutes', 'then', 'top', 'the', 'sauce', 'over', 'rice', 'and', 'enjoy']","['chicken', 'cut', 'chicken', 'bite', 'size', 'pieces', 'season', 'chicken', 'pieces', 'salt', 'pepper', 'curry', 'powder', 'add', 'oil', 'preheated', 'pan', 'med', 'high', 'add', 'chicken', 'pieces', 'cook', 'done', 'remove', 'heat', 'set', 'aside', 'make', 'sauce', 'sauce', 'sauce', 'pan', 'add', 'oil', 'chopped', 'onions', 'cook', 'medium', 'heat', 'tranlucent', 'medium', 'mixing', 'bowl', 'add', 'stock', 'corn', 'starch', 'curry', 'powder', 'salt', 'pepper', 'whisk', 'combine', 'would', 'time', 'add', 'additional', 'spices', 'like', 'curry', 'like', 'curry', 'powder', 'add', 'spices', 'add', 'mixture', 'onions', 'heat', 'med', 'med/low', 'heat', 'thick', 'stirring', 'often', 'another', 'mixing', 'bowl', 'add', 'yogurt', 'whisk', 'smooth', 'temper', 'yogurt', 'starch', 'mixture', 'add', 'back', 'pan', 'add', 'small', 'amount', 'hot', 'liquid', 'yogurt', 'mix', 'well', 'continue', 'half', 'hot', 'liquid', 'mixed', 'yogurt', 'add', 'mixture', 'hot', 'mix', 'turn', 'heat', 'low', 'cook', 'sauce', 'hot', 'look', 'online', '``', 'temper', 'egg', ""''"", 'familliar', 'procedure', 'service', 'sauce', 'hot', 'add', 'chicken', 'sauce', 'let', 'cook', 'top', 'sauce', 'rice', 'enjoy']",Indian
8021,"['heat', 'water', 'to', 'boiling', 'in', '3-quart', 'saucepan', 'remove', 'from', 'heat', 'add', 'fresh', 'noodles', 'soak', '30', 'seconds', 'do', 'not', 'soak', 'longer', 'drain', 'rinse', 'with', 'cold', 'water', 'if', 'using', 'dried', 'noodles', 'cook', 'according', 'to', 'package', 'directions', 'set', 'aside', 'heat', 'oil', 'and', 'mustard', 'seeds', 'in', 'wok', 'or', '12-inch', 'skillet', 'over', 'medium-high', 'heat', 'once', 'seeds', 'begin', 'to', 'pop', 'cover', 'wok', 'and', 'wait', 'until', 'popping', 'stops', 'add', 'asafetida', 'if', 'using', 'yellow', 'split', 'peas', 'and', 'cashews', 'stir-fry', 'about', '1', 'minute', 'or', 'until', 'peas', 'and', 'cashews', 'are', 'golden', 'brown', 'add', 'remaining', 'ingredients', 'and', 'cooked', 'rice', 'noodles', 'toss', '1-2', 'minutes', 'or', 'until', 'noodles', 'are', 'heated']","['heat', 'water', 'boiling', '3', 'quart', 'saucepan', 'remove', 'heat', 'add', 'fresh', 'noodles', 'soak', 'seconds', 'soak', 'longer', 'drain', 'rinse', 'cold', 'water', 'using', 'dried', 'noodles', 'cook', 'according', 'package', 'directions', 'set', 'aside', 'heat', 'oil', 'mustard', 'seeds', 'wok', '12', 'inch', 'skillet', 'medium', 'high', 'heat', 'seeds', 'begin', 'pop', 'cover', 'wok', 'wait', 'popping', 'stops', 'add', 'asafetida', 'using', 'yellow', 'split', 'peas', 'cashews', 'stir', 'fry', 'peas', 'cashews', 'golden', 'brown', 'add', 'remaining', 'ingredients', 'cooked', 'rice', 'noodles', 'toss', 'noodles', 'heated']",Indian
9571,"['melt', 'butter', 'in', 'heavy', 'large', 'saucepan', 'over', 'medium-high', 'heat', 'add', '1', 'onion', 'and', 'sauté', 'until', 'tender', 'about', '10', 'minutes', 'add', 'curry', 'and', 'stir', '30', 'seconds', 'add', '4', 'cups', 'broth', 'and', 'peas', 'and', 'bring', 'to', 'boil', 'reduce', 'heat', 'simmer', 'until', 'peas', 'are', 'very', 'tender', 'about', '15', 'minutes', 'season', 'with', 'salt', 'and', 'pepper', 'puree', 'in', 'blender', 'in', 'batches', 'thin', 'with', 'more', 'broth', 'if', 'desired', 'mix', 'yogurt', 'cilantro', 'and', 'red', 'onion', 'in', 'small', 'bowl', 'cover', 'chill', 'up', 'to', '2', 'hours', 'rewarm', 'soup', 'stirring', 'often', 'serve', 'with', 'dollop', 'of', 'yogurt', 'mixture']","['melt', 'butter', 'heavy', 'large', 'saucepan', 'medium', 'high', 'heat', 'add', 'onion', 'sauté', 'tender', 'add', 'curry', 'stir', 'seconds', 'add', 'broth', 'peas', 'bring', 'boil', 'reduce', 'heat', 'simmer', 'peas', 'tender', 'season', 'salt', 'pepper', 'puree', 'blender', 'batches', 'thin', 'broth', 'desired', 'mix', 'yogurt', 'cilantro', 'red', 'onion', 'small', 'bowl', 'cover', 'chill', 'rewarm', 'soup', 'stirring', 'often', 'serve', 'dollop', 'yogurt', 'mixture']",Indian
664,"['in', 'a', 'large', 'saucepan', 'add', 'first', '8', 'ingredients', 'bring', 'to', 'a', 'boil', 'over', 'medium-high', 'heat', 'stirring', 'occasionally', 'lower', 'heat', 'and', 'simmer', 'for', '40', 'minutes', 'stirring', 'occasionally', 'add', 'meatballs', 'simmer', 'and', 'occasionlly', 'stir', 'for', '20', 'additional', 'minutes', 'serve', 'over', 'hot', 'cooked', 'spaghetti']","['large', 'saucepan', 'add', 'first', 'ingredients', 'bring', 'boil', 'medium', 'high', 'heat', 'stirring', 'occasionally', 'lower', 'heat', 'simmer', 'stirring', 'occasionally', 'add', 'meatballs', 'simmer', 'occasionlly', 'stir', 'additional', 'serve', 'hot', 'cooked', 'spaghetti']",Italian
10474,"['scrub', 'potatoes', 'place', 'in', 'a', 'medium', 'pot', 'and', 'cover', 'with', 'water', 'bring', 'to', 'a', 'boil', 'over', 'high', 'heat', 'reduce', 'heat', 'to', 'low', 'and', 'cover', 'simmer', 'until', 'fork-tender', 'about', '25', 'minutes', 'drain', 'and', 'rinse', 'in', 'several', 'changes', 'of', 'cold', 'water', 'and', 'let', 'stand', 'when', 'potatoes', 'are', 'cool', 'enough', 'to', 'handle', 'peel', 'and', 'cut', 'into', '1/2-inch', 'cubes', 'place', 'in', 'bowl', 'and', 'toss', 'with', '2', 'tablespoons', 'of', 'the', 'oil', 'heat', 'remaining', 'oil', 'over', 'medium-high', 'heat', 'in', 'a', 'medium', 'saucepan', 'or', 'skillet', 'when', 'hot', 'add', 'asafetida', 'stir', 'and', 'let', 'sizzle', 'for', '30', 'seconds', 'add', 'onion', 'and', 'saute', 'until', 'it', 'begins', 'to', 'brown', 'about', '5', 'minutes', 'add', 'the', 'garlic', 'and', 'ginger', 'stir', 'and', 'cook', '3', 'minutes', 'add', 'the', 'potatoes', 'turmeric', 'coriander', 'cumin', 'and', 'cayenne', 'stir', 'well', 'to', 'coat', 'the', 'potatoes', 'and', 'add', '1/3', 'cup', 'cold', 'water', 'add', 'tomatoes', 'stir', 'cover', 'and', 'cook', '10', 'minutes', 'stirring', 'once', 'after', '5', 'minutes', 'mix', 'in', 'garam', 'masala', 'salt', 'and', 'cilantro', 'serve']","['scrub', 'potatoes', 'place', 'medium', 'pot', 'cover', 'water', 'bring', 'boil', 'high', 'heat', 'reduce', 'heat', 'low', 'cover', 'simmer', 'fork', 'tender', 'drain', 'rinse', 'several', 'changes', 'cold', 'water', 'let', 'stand', 'potatoes', 'cool', 'enough', 'handle', 'peel', 'cut', '1/2', 'inch', 'cubes', 'place', 'bowl', 'toss', 'oil', 'heat', 'remaining', 'oil', 'medium', 'high', 'heat', 'medium', 'saucepan', 'skillet', 'hot', 'add', 'asafetida', 'stir', 'let', 'sizzle', 'seconds', 'add', 'onion', 'saute', 'begins', 'brown', 'add', 'garlic', 'ginger', 'stir', 'cook', 'add', 'potatoes', 'turmeric', 'coriander', 'cumin', 'cayenne', 'stir', 'well', 'coat', 'potatoes', 'add', 'cold', 'water', 'add', 'tomatoes', 'stir', 'cover', 'cook', 'stirring', 'mix', 'garam', 'masala', 'salt', 'cilantro', 'serve']",Indian
7699,"['in', '2-quart', 'saucepan', 'over', 'high', 'heat', 'heat', 'first', '4', 'ingredients', 'to', 'boiling', 'wine', 'prunes', 'raisins', 'citron', 'remove', 'saucepan', 'from', 'heat', 'let', 'stand', '30', 'minutes', 'to', 'soften', 'fruit', 'in', 'blender', 'at', 'low', 'speed', 'blend', 'fruit', 'mixture', 'half', 'at', 'a', 'time', 'until', 'smooth', 'set', 'aside', 'preheat', 'oven', 'to', '325°f', 'grease', '10-inch', 'bundt', 'pan', 'or', 'tube', 'pan', 'in', 'large', 'bowl', 'with', 'mixer', 'at', 'low', 'speed', 'beat', 'sugar', 'and', 'margarine', 'or', 'butter', 'just', 'until', 'blended', 'increase', 'speed', 'to', 'high', 'beat', '10', 'minutes', 'or', 'until', 'light', 'and', 'fluffy', 'scraping', 'bowl', 'often', 'with', 'rubber', 'spatula', 'reduce', 'speed', 'to', 'low', 'add', 'flour', 'baking', 'powder', 'baking', 'soda', 'vanilla', 'extract', 'salt', 'cinnamon', 'eggs', 'and', 'fruit', 'mixture', 'beat', 'until', 'well', 'mixed', 'constantly', 'scraping', 'bowl', 'increase', 'speed', 'to', 'high', 'beat', '1', 'minute', 'occasionally', 'scraping', 'bowl', 'stir', 'in', 'grated', 'lime', 'peel', 'spoon', 'batter', 'into', 'pan', 'spreading', 'evenly', 'bake', '1', 'hour', 'or', 'until', 'toothpick', 'inserted', 'in', 'cake', 'comes', 'out', 'clean', 'cool', 'cake', 'in', 'pan', 'on', 'wire', 'rack', '10', 'minutes', 'remove', 'cake', 'from', 'pan', 'cool', 'completely', 'on', 'rack', 'lime', 'glaze', 'in', 'medium', 'bowl', 'with', 'spoon', 'stir', 'in', 'all', 'the', 'ingredients', 'until', 'smooth', 'to', 'serve', 'prepare', 'lime', 'glaze', 'spoon', 'glaze', 'over', 'cake', 'in', 'small', 'bowl', 'stir', 'mixed', 'candied', 'fruit', 'with', 'corn', 'syrup', 'garnish', 'top', 'of', 'cake', 'with', 'candied', 'fruit', '24', 'servings', 'good', 'housekeeping']","['2', 'quart', 'saucepan', 'high', 'heat', 'heat', 'first', 'ingredients', 'boiling', 'wine', 'prunes', 'raisins', 'citron', 'remove', 'saucepan', 'heat', 'let', 'stand', 'soften', 'fruit', 'blender', 'low', 'speed', 'blend', 'fruit', 'mixture', 'half', 'time', 'smooth', 'set', 'aside', 'preheat', 'oven', '325°f', 'grease', '10', 'inch', 'bundt', 'pan', 'tube', 'pan', 'large', 'bowl', 'mixer', 'low', 'speed', 'beat', 'sugar', 'margarine', 'butter', 'blended', 'increase', 'speed', 'high', 'beat', 'light', 'fluffy', 'scraping', 'bowl', 'often', 'rubber', 'spatula', 'reduce', 'speed', 'low', 'add', 'flour', 'baking', 'powder', 'baking', 'soda', 'vanilla', 'extract', 'salt', 'cinnamon', 'eggs', 'fruit', 'mixture', 'beat', 'well', 'mixed', 'constantly', 'scraping', 'bowl', 'increase', 'speed', 'high', 'beat', 'occasionally', 'scraping', 'bowl', 'stir', 'grated', 'lime', 'peel', 'spoon', 'batter', 'pan', 'spreading', 'evenly', 'bake', 'toothpick', 'inserted', 'cake', 'comes', 'clean', 'cool', 'cake', 'pan', 'wire', 'rack', 'remove', 'cake', 'pan', 'cool', 'completely', 'rack', 'lime', 'glaze', 'medium', 'bowl', 'spoon', 'stir', 'ingredients', 'smooth', 'serve', 'prepare', 'lime', 'glaze', 'spoon', 'glaze', 'cake', 'small', 'bowl', 'stir', 'mixed', 'candied', 'fruit', 'corn', 'syrup', 'garnish', 'top', 'cake', 'candied', 'fruit', 'servings', 'good', 'housekeeping']",Indian
6314,"['place', 'oil', 'in', 'a', 'large', 'pot', 'add', 'onion', 'garlic', 'celery', 'carrots', 'and', 'green', 'pepper', 'and', 'saute', 'over', 'medium', 'heat', 'just', 'until', 'al', 'dente', 'add', 'tomatoes', 'tomato', 'sauce', 'clam', 'juice', 'and', 'potatoes', 'cook', 'over', 'medium', 'heat', 'for', '5', 'minutes', 'add', 'pepper', 'oregano', 'and', 'basil', 'cover', 'and', 'simmer', 'for', '20', 'minutes', 'or', 'until', 'potatoes', 'are', 'done', 'add', 'fish', 'and', 'wine', 'cover', 'and', 'continue', 'simmering', 'for', '10', 'minutes', 'sprinkle', 'with', 'chopped', 'parsley', 'and', 'basil']","['place', 'oil', 'large', 'pot', 'add', 'onion', 'garlic', 'celery', 'carrots', 'green', 'pepper', 'saute', 'medium', 'heat', 'al', 'dente', 'add', 'tomatoes', 'tomato', 'sauce', 'clam', 'juice', 'potatoes', 'cook', 'medium', 'heat', 'add', 'pepper', 'oregano', 'basil', 'cover', 'simmer', 'potatoes', 'done', 'add', 'fish', 'wine', 'cover', 'continue', 'simmering', 'sprinkle', 'chopped', 'parsley', 'basil']",Italian
2382,"['wash', 'basil', 'let', 'basil', 'dry', 'thoroughly', 'and', 'then', 'pat', 'it', 'with', 'kitchen', 'paper', 'to', 'dry', 'it', 'more', 'very', 'important', 'put', 'basil', 'in', 'bottles', 'with', 'a', 'good', 'seal', 'i', 'use', 'german', 'beer', 'bottles', 'with', 'a', 'porcelain', 'rubber', 'and', 'metal', 'top', 'and', 'cover', 'with', 'oil', 'leave', 'for', 'at', 'least', '2', 'weeks', 'use', 'to', 'flavour', 'pasta', 'salads', 'potatoes', 'etc']","['wash', 'basil', 'let', 'basil', 'dry', 'thoroughly', 'pat', 'kitchen', 'paper', 'dry', 'important', 'put', 'basil', 'bottles', 'good', 'seal', 'use', 'german', 'beer', 'bottles', 'porcelain', 'rubber', 'metal', 'top', 'cover', 'oil', 'leave', 'least', 'weeks', 'use', 'flavour', 'pasta', 'salads', 'potatoes', 'etc']",Italian
3495,"['preheat', 'oven', 'to', '450', 'degrees', 'place', 'one', 'chicken', 'breast', 'in', 'each', 'packet', 'topped', 'with', 'italian', 'dressing', 'sprinkle', 'basil', 'and', 'parmesan', 'cheese', 'on', 'top', 'of', 'dressing', 'arrange', 'vegetables', 'on', 'top', 'of', 'chicken', 'secure', 'end', 'of', 'packet', 'leaving', 'room', 'for', 'the', 'heat', 'to', 'circulate', 'bake', '20', 'to', '25', 'minutes', 'on', 'a', 'cookie', 'sheet', 'while', 'chicken', 'is', 'cooking', 'cook', 'pasta', 'according', 'to', 'package', 'direction', 'cut', 'a', 'slit', 'in', 'packet', 'to', 'let', 'heat', 'escape', 'before', 'removing', 'chicken', 'place', 'chicken', 'and', 'vegetables', 'on', 'top', 'of', 'pasta', 'can', 'sprinkle', 'more', 'parmesan', 'cheese', 'on', 'top']","['preheat', 'oven', 'place', 'one', 'chicken', 'breast', 'packet', 'topped', 'italian', 'dressing', 'sprinkle', 'basil', 'parmesan', 'cheese', 'top', 'dressing', 'arrange', 'vegetables', 'top', 'chicken', 'secure', 'end', 'packet', 'leaving', 'room', 'heat', 'circulate', 'bake', 'cookie', 'sheet', 'chicken', 'cooking', 'cook', 'pasta', 'according', 'package', 'direction', 'cut', 'slit', 'packet', 'let', 'heat', 'escape', 'removing', 'chicken', 'place', 'chicken', 'vegetables', 'top', 'pasta', 'sprinkle', 'parmesan', 'cheese', 'top']",Italian
115,"['cut', 'chicken', 'into', 'thin', 'strips', 'and', 'set', 'aside', 'heat', '1', 'tablespoon', 'of', 'oil', 'in', 'wok', 'or', 'large', 'skillet', 'add', 'garlic', 'and', 'zucchini', 'stir-fry', 'for', '2-3', 'minutes', 'or', 'until', 'zucchini', 'is', 'crisp-tender', 'remove', 'zucchini', 'from', 'wok', 'pour', 'remaining', '2', 'tablespoons', 'oil', 'into', 'wok', 'add', 'chicken', 'and', 'stir-fry', '3-4', 'minutes', 'or', 'until', 'no', 'longer', 'pink', 'add', 'tomatoes', 'tomato', 'sauce', 'italian', 'seasoning', 'and', 'zucchini', 'to', 'the', 'wok', 'in', 'a', 'small', 'bowl', 'combine', 'the', 'cornstarch', 'and', 'wine', 'add', 'to', 'the', 'wok', 'bring', 'mixture', 'to', 'a', 'boil', 'boil', 'one', 'minute', 'stirring', 'constantly', 'serve', 'over', 'hot', 'cooked', 'pasta']","['cut', 'chicken', 'thin', 'strips', 'set', 'aside', 'heat', 'oil', 'wok', 'large', 'skillet', 'add', 'garlic', 'zucchini', 'stir', 'fry', 'zucchini', 'crisp', 'tender', 'remove', 'zucchini', 'wok', 'pour', 'remaining', 'oil', 'wok', 'add', 'chicken', 'stir', 'fry', 'longer', 'pink', 'add', 'tomatoes', 'tomato', 'sauce', 'italian', 'seasoning', 'zucchini', 'wok', 'small', 'bowl', 'combine', 'cornstarch', 'wine', 'add', 'wok', 'bring', 'mixture', 'boil', 'boil', 'one', 'stirring', 'constantly', 'serve', 'hot', 'cooked', 'pasta']",Italian
7652,"['mix', 'dry', 'ingredients', 'add', 'liquid', 'and', 'roughly', 'mix', 'heat', 'shortening', 'in', 'an', 'iron', 'skillet', 'about', '1', '1/2', 'to', '2', 'inches', 'deep', 'drop', 'dough', 'from', 'greased', 'slotted', 'spoon', 'into', 'hot', 'shortening', 'and', 'deep', 'fry', 'until', 'lightly', 'golden', 'brown', 'turning', 'once', 'to', 'brown', 'both', 'sides', 'drain', 'on', 'paper', 'towels', 'serve', 'buttered', 'with', 'cinnamon', 'and/or', 'powdered', 'sugar', 'yum']","['mix', 'dry', 'ingredients', 'add', 'liquid', 'roughly', 'mix', 'heat', 'shortening', 'iron', 'skillet', 'deep', 'drop', 'dough', 'greased', 'slotted', 'spoon', 'hot', 'shortening', 'deep', 'fry', 'lightly', 'golden', 'brown', 'turning', 'brown', 'sides', 'drain', 'paper', 'towels', 'serve', 'buttered', 'cinnamon', 'and/or', 'powdered', 'sugar', 'yum']",Indian
3507,"['if', 'time', 'allows', 'soak', 'dried', 'beans', 'for', 'several', 'hours', 'or', 'overnight', 'then', 'drain', 'if', 'not', 'proceed', 'but', 'expect', 'cooking', 'time', 'to', 'be', 'somewhat', 'longer', 'place', 'the', 'drained', 'beans', 'in', 'a', 'large', 'pot', 'with', 'water', 'to', 'cover', 'turn', 'the', 'heat', 'to', 'high', 'and', 'bring', 'to', 'a', 'boil', 'add', 'the', 'herb', 'and', 'partially', 'cover', 'adjust', 'the', 'heat', 'so', 'the', 'mixture', 'simmers', 'steadily', 'cook', 'stirring', 'occasionally', 'about', 'an', 'hour', 'add', 'about', '1/2', 'tsp', 'salt', 'and', 'some', 'pepper', 'continue', 'to', 'cook', 'adding', 'water', 'if', 'necessary', 'until', 'the', 'beans', 'are', 'quite', 'soft', 'another', '15', 'to', '30', 'minutes', 'or', 'so', 'if', 'the', 'mixture', 'is', 'very', 'soupy', 'raise', 'the', 'heat', 'a', 'bit', 'and', 'cook', 'off', 'the', 'remaining', 'liquid', 'when', 'the', 'beans', 'are', 'moist', 'but', 'not', 'soupy', 'add', 'the', 'garlic', 'and', 'cook', 'stirring', 'occasionally', 'for', 'another', '5', 'minutes', 'or', 'so', 'add', 'the', 'olive', 'oil', 'taste', 'and', 'adjust', 'the', 'seasoning', 'and', 'serve', 'or', 'refrigerate', 'for', 'up', 'to', '3', 'days', 'before', 'reheating', 'or', 'add', 'water', 'to', 'cover', 'and', 'freeze', 'for', 'up', 'to', 'a', 'month']","['time', 'allows', 'soak', 'dried', 'beans', 'several', 'overnight', 'drain', 'proceed', 'expect', 'cooking', 'time', 'somewhat', 'longer', 'place', 'drained', 'beans', 'large', 'pot', 'water', 'cover', 'turn', 'heat', 'high', 'bring', 'boil', 'add', 'herb', 'partially', 'cover', 'adjust', 'heat', 'mixture', 'simmers', 'steadily', 'cook', 'stirring', 'occasionally', 'add', 'salt', 'pepper', 'continue', 'cook', 'adding', 'water', 'necessary', 'beans', 'quite', 'soft', 'another', 'mixture', 'soupy', 'raise', 'heat', 'bit', 'cook', 'remaining', 'liquid', 'beans', 'moist', 'soupy', 'add', 'garlic', 'cook', 'stirring', 'occasionally', 'another', 'add', 'olive', 'oil', 'taste', 'adjust', 'seasoning', 'serve', 'refrigerate', 'days', 'reheating', 'add', 'water', 'cover', 'freeze', 'month']",Italian
3219,"['preheat', 'oven', 'to', '375°f', 'butter', 'or', 'use', 'a', 'cooking', 'spray', 'like', 'pam', 'a', '2', 'quart', 'soufflé', 'dish', 'bring', 'first', '6', 'ingredients', 'to', 'boil', 'in', 'a', 'large', 'heavy', 'saucepan', 'gradually', 'add', 'cornmeal', 'whisking', 'until', 'smooth', 'reduce', 'heat', 'to', 'low', 'cook', 'until', 'cornmeal', 'is', 'very', 'soft', 'and', 'mixture', 'is', 'thick', 'and', 'creamy', 'stirring', 'occasionally', 'about', '12', 'minutes', 'remove', 'from', 'heat', 'and', 'stir', 'in', '6', 'tablespoons', 'parmesan', 'cheese', 'season', 'with', 'pepper', 'if', 'desired', 'transfer', 'to', 'prepared', 'baking', 'dish', 'sprinkle', '2', 'tablespoons', 'parmesan', 'cheese', 'over', 'polenta', 'can', 'be', 'made', '1', 'day', 'ahead', 'cool', 'cover', 'and', 'chill', 'bake', 'polenta', 'until', 'heated', 'through', 'and', 'golden', 'on', 'top', 'about', '30', 'minutes', 'serve', 'polenta', 'warm']","['preheat', 'oven', '375°f', 'butter', 'use', 'cooking', 'spray', 'like', 'pam', 'soufflé', 'dish', 'bring', 'first', 'ingredients', 'boil', 'large', 'heavy', 'saucepan', 'gradually', 'add', 'cornmeal', 'whisking', 'smooth', 'reduce', 'heat', 'low', 'cook', 'cornmeal', 'soft', 'mixture', 'thick', 'creamy', 'stirring', 'occasionally', 'remove', 'heat', 'stir', 'parmesan', 'cheese', 'season', 'pepper', 'desired', 'transfer', 'prepared', 'baking', 'dish', 'sprinkle', 'parmesan', 'cheese', 'polenta', 'made', 'day', 'ahead', 'cool', 'cover', 'chill', 'bake', 'polenta', 'heated', 'golden', 'top', 'serve', 'polenta', 'warm']",Italian
6610,"['heat', 'oil', 'in', 'a', 'large', 'skillet', 'season', 'both', 'sides', 'of', 'eggplant', 'slices', 'with', 'salt', 'and', 'pepper', 'sprinkle', 'cumin', 'over', 'all', 'of', 'the', 'slices', 'on', 'one', 'side', 'fry', 'eggplant', 'slices', 'in', 'batches', 'they', 'are', 'done', 'when', 'they', 'turn', 'a', 'light', 'golden', 'brown', 'place', 'cooked', 'eggplant', 'on', 'a', 'paper-towel-covered', 'plate', 'to', 'drain', 'off', 'some', 'of', 'the', 'oil', 'allow', 'to', 'cool', 'to', 'room', 'temperature', 'transfer', 'to', 'serving', 'platter', 'spoon', 'yogurt', 'sauce', 'over', 'the', 'top', 'just', 'before', 'serving', 'garnish', 'with', 'chopped', 'cilantro', 'if', 'desired', 'yogurt', 'sauce', 'using', 'a', 'fork', 'beat', 'the', 'yogurt', 'in', 'a', 'bowl', 'with', 'salt', 'and', 'pepper', 'to', 'taste', 'until', 'smooth']","['heat', 'oil', 'large', 'skillet', 'season', 'sides', 'eggplant', 'slices', 'salt', 'pepper', 'sprinkle', 'cumin', 'slices', 'one', 'side', 'fry', 'eggplant', 'slices', 'batches', 'done', 'turn', 'light', 'golden', 'brown', 'place', 'cooked', 'eggplant', 'paper', 'towel', 'covered', 'plate', 'drain', 'oil', 'allow', 'cool', 'room', 'temperature', 'transfer', 'serving', 'platter', 'spoon', 'yogurt', 'sauce', 'top', 'serving', 'garnish', 'chopped', 'cilantro', 'desired', 'yogurt', 'sauce', 'using', 'fork', 'beat', 'yogurt', 'bowl', 'salt', 'pepper', 'taste', 'smooth']",Indian
7502,"['soak', 'split', 'peas', 'in', 'water', 'for', '2', 'hours', 'or', 'pour', 'boiling', 'water', 'over', 'and', 'soak', 'for', '20', 'minutes', 'peel', 'onions', 'and', 'chop', 'roughly', 'peel', 'and', 'chop', 'ginger', 'and', 'garlic', 'heat', 'oil', 'in', 'a', 'large', 'heavy', 'pan', 'and', 'soften', 'onion', 'add', 'ginger', 'garlic', 'and', 'all', 'powdered', 'spices', 'and', 'fry', 'for', '1', 'minute', 'add', 'meat', 'and', 'split', 'peas', 'and', 'stir', 'constantly', 'until', 'all', 'is', 'mixed', 'well', 'and', 'changes', 'colour', 'cook', 'till', 'peas', 'soften', 'slighty', 'and', 'the', 'mixture', 'is', 'dry', 'with', 'no', 'water', 'remaining', 'cool', 'now', 'add', 'yoghurt', 'transfer', 'mixture', 'to', 'a', 'processor', 'and', 'whizzzzzzz', 'to', 'smooth', 'paste', 'check', 'seasoning', 'remove', 'to', 'a', 'bowl', 'add', 'eggs', 'and', 'mix', 'preferably', 'by', 'hand', 'peel', 'and', 'chop', 'the', '3rd', 'onion', 'and', 'mix', 'with', 'chopped', 'corinander', 'leaves', 'form', 'spoonfuls', 'of', 'mixture', 'into', 'walnut-sized', 'balls', 'press', 'your', 'thumb', 'into', 'each', 'as', 'you', 'form', 'it', 'to', 'indent', 'it', 'insert', 'a', 'little', 'of', 'the', 'chopped', 'onion', 'mixture', 'and', 'reform', 'ball', 'around', 'it', 'now', 'flatten', 'on', 'palm', 'of', 'your', 'hands', 'and', 'shallow', 'fry', 'turning', 'carefully', 'to', 'brown', 'on', 'both', 'sides', 'drain', 'on', 'kitchen', 'paper', 'and', 'serve', 'hot', 'with', 'chappati', 'and', 'salad']","['soak', 'split', 'peas', 'water', 'pour', 'boiling', 'water', 'soak', 'peel', 'onions', 'chop', 'roughly', 'peel', 'chop', 'ginger', 'garlic', 'heat', 'oil', 'large', 'heavy', 'pan', 'soften', 'onion', 'add', 'ginger', 'garlic', 'powdered', 'spices', 'fry', 'add', 'meat', 'split', 'peas', 'stir', 'constantly', 'mixed', 'well', 'changes', 'colour', 'cook', 'till', 'peas', 'soften', 'slighty', 'mixture', 'dry', 'water', 'remaining', 'cool', 'add', 'yoghurt', 'transfer', 'mixture', 'processor', 'whizzzzzzz', 'smooth', 'paste', 'check', 'seasoning', 'remove', 'bowl', 'add', 'eggs', 'mix', 'preferably', 'hand', 'peel', 'chop', '3rd', 'onion', 'mix', 'chopped', 'corinander', 'leaves', 'form', 'spoonfuls', 'mixture', 'walnut', 'sized', 'balls', 'press', 'thumb', 'form', 'indent', 'insert', 'little', 'chopped', 'onion', 'mixture', 'reform', 'ball', 'around', 'flatten', 'palm', 'hands', 'shallow', 'fry', 'turning', 'carefully', 'brown', 'sides', 'drain', 'kitchen', 'paper', 'serve', 'hot', 'chappati', 'salad']",Indian
2271,"['split', 'casing', 'on', 'sausages', 'remove', 'meat', 'and', 'discard', 'casing', 'brown', 'sausage', 'garlic', 'and', 'onion', 'in', 'dutch', 'oven', 'over', 'medium', 'heat', 'until', 'sausage', 'done', 'stir', 'frequently', 'to', 'break', 'sausage', 'apart', 'drain', 'stir', 'in', 'tomatoes', 'broth', 'water', 'pasta', 'green', 'pepper', 'and', 'parsley', 'cover', 'and', 'heat', 'to', 'boiling', 'reduce', 'heat', 'and', 'simmer', '5', 'minutes', 'stir', 'in', 'zucchini', 'simmer', 'an', 'additional', '5', 'minutes', 'or', 'until', 'pasta', 'and', 'zucchini', 'are', 'tender', 'pour', 'into', 'soup', 'bowls', 'garnish', 'with', 'fresh', 'grated', 'parmesan', 'cheese']","['split', 'casing', 'sausages', 'remove', 'meat', 'discard', 'casing', 'brown', 'sausage', 'garlic', 'onion', 'dutch', 'oven', 'medium', 'heat', 'sausage', 'done', 'stir', 'frequently', 'break', 'sausage', 'apart', 'drain', 'stir', 'tomatoes', 'broth', 'water', 'pasta', 'green', 'pepper', 'parsley', 'cover', 'heat', 'boiling', 'reduce', 'heat', 'simmer', 'stir', 'zucchini', 'simmer', 'additional', 'pasta', 'zucchini', 'tender', 'pour', 'soup', 'bowls', 'garnish', 'fresh', 'grated', 'parmesan', 'cheese']",Italian
7745,"['in', 'a', 'pot', 'boil', 'together', 'the', 'spinach', 'mint', 'and', 'fenugreek', 'leaves', 'alongwith', 'salt', 'to', 'taste', 'allow', 'it', 'to', 'cool', 'completely', 'once', 'boiled', 'then', 'grind', 'it', 'with', 'cumin', 'ginger', 'green', 'chillies', 'and', 'garlic', 'to', 'obtain', 'a', 'smooth', 'paste', 'in', 'a', 'clean', 'bowl', 'mix', 'together', 'this', 'ground', 'paste', 'cheese', 'wheat', 'flour', 'and', 'water', 'and', 'oil', 'as', 'is', 'required', 'to', 'make', 'a', 'dough', 'just', 'as', 'you', 'make', 'the', 'chappati', 'dough', 'keep', 'the', 'dough', 'aside', 'for', '20', 'minutes', 'then', 'divide', 'it', 'into', '8', 'equal', 'portions', 'roll', 'out', 'each', 'portion', 'till', 'it', 'is', '6', 'inches', 'in', 'diameter', 'roast', 'each', 'paratha', 'on', 'a', 'hot', 'flat', 'bottom', 'griddle', 'tava', 'till', 'it', 'is', 'golden', 'brown', 'on', 'either', 'side', 'use', 'ghee', 'sparingly', 'to', 'let', 'it', 'cook', 'and', 'get', 'that', 'awesome', 'paratha', 'with', 'ghee', 'flavour', 'serve', 'hot', 'right', 'off', 'the', 'griddle', 'alongwith', 'raita', 'for', 'a', 'delectable', 'delightful', 'treat', 'do', ""n't"", 'forget', 'to', 'thank', 'the', 'kitchen', 'goddess', 'who', 'cooks', 'for', 'you', 'while', 'you', 'sit', 'back', 'seeing', 'television', 'or', 'surfing', 'the', 'net', 'enjoy']","['pot', 'boil', 'together', 'spinach', 'mint', 'fenugreek', 'leaves', 'alongwith', 'salt', 'taste', 'allow', 'cool', 'completely', 'boiled', 'grind', 'cumin', 'ginger', 'green', 'chillies', 'garlic', 'obtain', 'smooth', 'paste', 'clean', 'bowl', 'mix', 'together', 'ground', 'paste', 'cheese', 'wheat', 'flour', 'water', 'oil', 'required', 'make', 'dough', 'make', 'chappati', 'dough', 'keep', 'dough', 'aside', 'divide', 'equal', 'portions', 'roll', 'portion', 'till', 'diameter', 'roast', 'paratha', 'hot', 'flat', 'bottom', 'griddle', 'tava', 'till', 'golden', 'brown', 'either', 'side', 'use', 'ghee', 'sparingly', 'let', 'cook', 'get', 'awesome', 'paratha', 'ghee', 'flavour', 'serve', 'hot', 'right', 'griddle', 'alongwith', 'raita', 'delectable', 'delightful', 'treat', 'forget', 'thank', 'kitchen', 'goddess', 'cooks', 'sit', 'back', 'seeing', 'television', 'surfing', 'net', 'enjoy']",Indian
11020,"['drain', 'yogurt', 'in', 'a', 'large', 'fine', 'mesh', 'sieve', 'set', 'over', 'a', 'bowl', 'about', '30', 'minutes', 'meanwhile', 'finely', 'shred', 'carrots', 'using', 'food', 'processor', 'heat', 'oil', 'in', 'a', '12', 'inch', 'skillet', 'over', 'moderately', 'high', 'heat', 'until', 'hot', 'but', 'not', 'smoking', 'then', 'add', 'mustard', 'seeds', 'and', 'cook', 'covered', 'until', 'the', 'seeds', 'start', 'making', 'poppings', 'sounds', 'about', '15', 'seconds', 'add', 'the', 'curry', 'leaves', 'and', 'cook', 'stirring', 'constantly', 'until', 'fragrant', 'about', '3', 'seconds', 'add', 'carrots', 'onion', 'cumin', 'salt', 'and', 'cayenne', 'and', 'cook', 'over', 'moderate', 'heat', 'stirring', 'frequently', 'until', 'carrots', 'are', 'crisp', 'tender', '2', 'to', '3', 'minutes', 'transfer', 'to', 'a', 'shallow', 'bowl', 'and', 'cool', 'about', '30', 'minutes', 'stir', 'in', 'yogurt', 'and', 'cilantro']","['drain', 'yogurt', 'large', 'fine', 'mesh', 'sieve', 'set', 'bowl', 'meanwhile', 'finely', 'shred', 'carrots', 'using', 'food', 'processor', 'heat', 'oil', 'skillet', 'moderately', 'high', 'heat', 'hot', 'smoking', 'add', 'mustard', 'seeds', 'cook', 'covered', 'seeds', 'start', 'making', 'poppings', 'sounds', 'seconds', 'add', 'curry', 'leaves', 'cook', 'stirring', 'constantly', 'fragrant', 'seconds', 'add', 'carrots', 'onion', 'cumin', 'salt', 'cayenne', 'cook', 'moderate', 'heat', 'stirring', 'frequently', 'carrots', 'crisp', 'tender', 'transfer', 'shallow', 'bowl', 'cool', 'stir', 'yogurt', 'cilantro']",Indian
2270,"['heat', 'oven', 'to', '200c', '400°f', 'cook', 'potatoes', 'in', 'boiling', 'salted', 'water', 'for', '3', 'mins', 'and', 'drain', 'place', 'potatoes', 'in', 'a', 'roasting', 'tin', 'with', 'olive', 'oil', 'and', 'toss', 'season', 'if', 'desired', 'and', 'bake', 'for', '15', 'minutes', 'assemble', 'the', 'snacks', 'by', 'placing', '1/2', 'tsp', 'pesto', 'on', 'each', 'potato', 'then', 'a', 'small', 'amount', 'of', 'the', 'pepper', 'and', 'top', 'with', 'torn', 'basil']","['heat', 'oven', '200c', '400°f', 'cook', 'potatoes', 'boiling', 'salted', 'water', 'mins', 'drain', 'place', 'potatoes', 'roasting', 'tin', 'olive', 'oil', 'toss', 'season', 'desired', 'bake', 'assemble', 'snacks', 'placing', 'pesto', 'potato', 'small', 'amount', 'pepper', 'top', 'torn', 'basil']",Italian
879,"['mix', 'first', '5', 'ingredients', 'cut', 'potatoes', 'in', 'sticks', 'toss', 'potatoes', 'with', 'cheese', 'mixture', 'place', 'on', 'baking', 'sheet', 'coated', 'with', 'cooking', 'spray', 'spray', 'potatoes', 'lightly', 'with', 'cooking', 'spray', 'bake', 'at', '425', 'for', '15', 'minutes', 'turn', 'potatoes', 'over', 'and', 'bake', '15', 'more', 'minutes', 'until', 'crisp']","['mix', 'first', 'ingredients', 'cut', 'potatoes', 'sticks', 'toss', 'potatoes', 'cheese', 'mixture', 'place', 'baking', 'sheet', 'coated', 'cooking', 'spray', 'spray', 'potatoes', 'lightly', 'cooking', 'spray', 'bake', 'turn', 'potatoes', 'bake', 'crisp']",Italian
11261,"['preheat', 'the', 'oven', 'to', '400', 'degrees', 'f.', 'cut', 'each', 'sheet', 'of', 'filo', 'pastry', 'in', 'half', 'lengthwise', 'and', 'fold', 'each', 'piece', 'in', 'half', 'lengthwise', 'to', 'give', '28', 'thin', 'strips', 'lightly', 'brush', 'with', 'oil', 'toss', 'all', 'filling', 'ingredients', 'together', 'in', 'a', 'large', 'mixing', 'bowl', 'until', 'they', 'are', 'well', 'blended', 'adjust', 'the', 'seasoning', 'with', 'salt', 'and', 'lemon', 'juice', 'if', 'necessary', 'using', 'one', 'strip', 'of', 'the', 'pastry', 'at', 'a', 'time', 'place', '1', 'tbl', 'of', 'the', 'filling', 'mixture', 'at', 'one', 'end', 'and', 'fold', 'the', 'pastry', 'diagonally', 'over', 'continue', 'folding', 'to', 'form', 'a', 'triangle', 'shape', 'brush', 'the', 'samosas', 'with', 'oil', 'bake', 'for', '10-15', 'minutes', 'or', 'until', 'golden', 'brown']","['preheat', 'oven', 'f.', 'cut', 'sheet', 'filo', 'pastry', 'half', 'lengthwise', 'fold', 'piece', 'half', 'lengthwise', 'give', 'thin', 'strips', 'lightly', 'brush', 'oil', 'toss', 'filling', 'ingredients', 'together', 'large', 'mixing', 'bowl', 'well', 'blended', 'adjust', 'seasoning', 'salt', 'lemon', 'juice', 'necessary', 'using', 'one', 'strip', 'pastry', 'time', 'place', 'tbl', 'filling', 'mixture', 'one', 'end', 'fold', 'pastry', 'diagonally', 'continue', 'folding', 'form', 'triangle', 'shape', 'brush', 'samosas', 'oil', 'bake', 'golden', 'brown']",Indian
11339,"['pre-heat', 'oven', 'for', '2', 'minutes', '180c', 'beat', 'the', 'egg', 'whites', 'of', 'the', '2', 'eggs', 'one', 'at', 'a', 'time', 'till', 'stiff', 'now', 'take', 'the', '2', 'bread', 'slices', 'and', 'using', 'a', 'spoon', 'apply', 'the', 'egg', 'whites', 'in', 'the', '4', 'corners', 'of', 'each', 'slice', 'put', 'the', 'entire', 'egg', 'yolk', 'without', 'beating', 'it', 'in', 'the', 'center', 'of', 'each', 'slice', 'place', 'on', 'a', 'wire', 'rack', 'bake', 'for', '5', 'minutes', 'till', 'golden', 'brown', 'on', 'either', 'side', 'remove', 'from', 'oven', 'place', 'on', 'a', 'plate', 'sprinkle', 'salt', 'and', 'pepper', 'to', 'taste', 'decorate', 'with', 'tomato', 'ketchup', 'on', 'each', 'slice', 'enjoy', 'it', 'as', 'picnic', 'food', 'or', 'as', 'a', 'morning', 'or', 'evening', 'snack']","['pre', 'heat', 'oven', '180c', 'beat', 'egg', 'whites', 'eggs', 'one', 'time', 'till', 'stiff', 'take', 'bread', 'slices', 'using', 'spoon', 'apply', 'egg', 'whites', 'corners', 'slice', 'put', 'entire', 'egg', 'yolk', 'without', 'beating', 'center', 'slice', 'place', 'wire', 'rack', 'bake', 'till', 'golden', 'brown', 'either', 'side', 'remove', 'oven', 'place', 'plate', 'sprinkle', 'salt', 'pepper', 'taste', 'decorate', 'tomato', 'ketchup', 'slice', 'enjoy', 'picnic', 'food', 'morning', 'evening', 'snack']",Indian
8323,"['peel', 'and', 'core', 'apples', 'chop', 'apples', 'and', 'onions', 'into', '1/2', 'inch', 'pieces', 'place', 'in', 'a', 'large', 'saucepan', 'with', 'cider', 'vinegar', 'add', 'raisins', 'garlic', 'and', 'spices', 'bring', 'to', 'a', 'boil', 'uncovered', 'and', 'stirring', 'often', 'over', 'medium-high', 'heat', 'then', 'reduce', 'heat', 'to', 'low', 'and', 'continue', 'to', 'simmer', 'uncovered', 'until', 'apples', 'are', 'tender', 'about', '20', 'minutes', 'meanwhile', 'remove', 'any', 'pits', 'from', 'dates', 'then', 'coarsely', 'chop', 'chopped', 'they', 'should', 'measure', 'about', '4-1/2', 'cups', 'when', 'apples', 'are', 'tender', 'stir', 'in', 'dates', 'continue', 'to', 'simmer', 'uncovered', 'and', 'stirring', 'often', 'until', 'dates', 'have', 'broken', 'down', 'and', 'chutney', 'is', 'thick', 'about', '45', 'minutes', 'stir', 'frequently', 'near', 'end', 'of', 'cooking', 'time', 'to', 'prevent', 'scorching', 'spoon', 'hot', 'chutney', 'into', 'clean', 'hot', '500ml', '2', 'cup/1', 'pint', 'jars', 'filling', 'to', 'within', '1/2', 'inch', '1', 'cm', 'of', 'top', 'place', 'hot', 'lids', 'over', 'top', 'add', 'rings', 'and', 'screw', 'down', 'until', 'fingertip', 'tight', 'to', 'store', 'in', 'a', 'pantry', 'process', 'jars', 'for', '10', 'minutes', 'in', 'a', 'boiling', 'water', 'canner', 'or', 'store', 'unprocessed', 'jars', 'in', 'the', 'refrigerator', 'for', 'up', 'to', '1', 'month']","['peel', 'core', 'apples', 'chop', 'apples', 'onions', 'pieces', 'place', 'large', 'saucepan', 'cider', 'vinegar', 'add', 'raisins', 'garlic', 'spices', 'bring', 'boil', 'uncovered', 'stirring', 'often', 'medium', 'high', 'heat', 'reduce', 'heat', 'low', 'continue', 'simmer', 'uncovered', 'apples', 'tender', 'meanwhile', 'remove', 'pits', 'dates', 'coarsely', 'chop', 'chopped', 'measure', 'apples', 'tender', 'stir', 'dates', 'continue', 'simmer', 'uncovered', 'stirring', 'often', 'dates', 'broken', 'chutney', 'thick', 'stir', 'frequently', 'near', 'end', 'cooking', 'time', 'prevent', 'scorching', 'spoon', 'hot', 'chutney', 'clean', 'hot', '500ml', 'cup/1', 'jars', 'filling', 'within', 'cm', 'top', 'place', 'hot', 'lids', 'top', 'add', 'rings', 'screw', 'fingertip', 'tight', 'store', 'pantry', 'process', 'jars', 'boiling', 'water', 'canner', 'store', 'unprocessed', 'jars', 'refrigerator', 'month']",Indian
2885,"['in', 'container', 'with', 'lid', 'combine', 'all', 'ingredients', 'close', 'lid', 'and', 'shake', 'vigorously', 'serve', 'atop', 'toasted', 'italian', 'bread', 'melba', 'toast', 'or', 'crostini', 'do', 'not', 'leave', 'cheese', 'in', 'leftover', 'bruschetta', 'the', 'vinegar', 'soaks', 'in', 'and', 'makes', 'the', 'cheese', 'taste', 'sour']","['container', 'lid', 'combine', 'ingredients', 'close', 'lid', 'shake', 'vigorously', 'serve', 'atop', 'toasted', 'italian', 'bread', 'melba', 'toast', 'crostini', 'leave', 'cheese', 'leftover', 'bruschetta', 'vinegar', 'soaks', 'makes', 'cheese', 'taste', 'sour']",Italian
6345,"['put', 'half', 'of', 'the', 'olive', 'oil', 'into', 'a', 'skillet', 'and', 'add', 'the', 'garlic', 'cook', 'over', 'low', 'heat', 'for', 'about', 'two', 'minutes', 'add', 'the', 'cooking', 'wine', 'lemon', 'juice', 'artichoke', 'and', 'tomato', 'to', 'the', 'skillet', 'cook', 'for', 'another', 'two', 'minutes', 'add', 'the', 'seitan', 'and', 'cook', 'for', 'about', 'a', 'minute', 'and', 'a', 'half', 'turn', 'the', 'heat', 'up', 'to', 'high', 'add', 'the', 'pasta', 'spices', 'and', 'remaining', 'olive', 'oil', 'and', 'stir', 'fry', 'for', 'about', '45', 'seconds']","['put', 'half', 'olive', 'oil', 'skillet', 'add', 'garlic', 'cook', 'low', 'heat', 'two', 'add', 'cooking', 'wine', 'lemon', 'juice', 'artichoke', 'tomato', 'skillet', 'cook', 'another', 'two', 'add', 'seitan', 'cook', 'half', 'turn', 'heat', 'high', 'add', 'pasta', 'spices', 'remaining', 'olive', 'oil', 'stir', 'fry', 'seconds']",Italian
6049,"['arrange', 'escarole', 'on', 'a', 'large', 'serving', 'plate', 'layer', 'with', 'turkey', 'apple', 'mushrooms', 'and', 'raisins', 'just', 'before', 'serving', 'whisk', 'together', 'oil', 'vinegar', 'onion', 'and', 'thyme', 'season', 'to', 'taste', 'with', 'tabasco', 'salt', 'and', 'pepper', 'toss', 'together', 'and', 'serve']","['arrange', 'escarole', 'large', 'serving', 'plate', 'layer', 'turkey', 'apple', 'mushrooms', 'raisins', 'serving', 'whisk', 'together', 'oil', 'vinegar', 'onion', 'thyme', 'season', 'taste', 'tabasco', 'salt', 'pepper', 'toss', 'together', 'serve']",Italian
1425,"['put', 'all', 'veggies', 'and', 'herbs', 'in', 'food', 'processor', 'and', 'coarse', 'chop', 'add', 'into', 'a', 'large', 'stock', 'pot', 'and', 'add', 'everything', 'else', 'mix', 'and', 'simmer', 'covered', 'for', '3-4', 'hours', 'stirring', 'often', 'put', 'excess', 'sauce', 'into', 'mason', 'jars', 'and', 'freeze']","['put', 'veggies', 'herbs', 'food', 'processor', 'coarse', 'chop', 'add', 'large', 'stock', 'pot', 'add', 'everything', 'else', 'mix', 'simmer', 'covered', 'stirring', 'often', 'put', 'excess', 'sauce', 'mason', 'jars', 'freeze']",Italian
3886,"['preheat', 'oven', 'to', '350f', 'degrees', 'spray', '8x8', 'baking', 'dish', 'with', 'butter', 'flavored', 'cooking', 'spray', 'arrange', 'chicken', 'pieces', 'in', 'prepared', 'baking', 'dish', 'in', 'a', 'small', 'bowl', 'combine', 'ketchup', 'italian', 'dressing', 'and', 'pepper', 'drizzle', 'sauce', 'mixture', 'evenly', 'over', 'chicken', 'pieces', 'bake', 'for', '35-40', 'minutes', 'or', 'until', 'chicken', 'is', 'done']","['preheat', 'oven', '350f', 'spray', '8x8', 'baking', 'dish', 'butter', 'flavored', 'cooking', 'spray', 'arrange', 'chicken', 'pieces', 'prepared', 'baking', 'dish', 'small', 'bowl', 'combine', 'ketchup', 'italian', 'dressing', 'pepper', 'drizzle', 'sauce', 'mixture', 'evenly', 'chicken', 'pieces', 'bake', 'chicken', 'done']",Italian
13009,"['seperate', 'the', 'florets', 'from', 'cauliflower', 'wash', 'drain', 'cut', 'potatoes', 'into', 'chunks', 'heat', 'oil', 'in', 'a', 'pan', 'add', 'onions', 'fry', 'till', 'translucent', 'dump', 'in', 'the', 'methi', 'seeds', 'and', 'fry', 'for', 'one', 'more', 'minute', 'add', 'ginger', 'garlic', 'paste', 'stir', 'then', 'mix', 'in', 'potatoes', 'and', 'cover', 'to', 'cook', 'when', 'the', 'potatoes', 'are', 'half', 'done', 'add', 'the', 'cauliflower', 'tumeric', 'salt', 'cover', 'to', 'cook', 'open', 'afer', 'a', 'few', 'minutes', 'add', 'all', 'the', 'dry', 'powders', 'mix', 'continue', 'cooking', 'till', 'the', 'potatoes', 'are', 'extremely', 'tender', 'and', 'soft', 'garnish', 'with', 'cilantro', 'leaves', 'and', 'serve', 'hot', 'with', 'breads', 'rice', 'rotis', 'or', 'as', 'a', 'side', 'dish']","['seperate', 'florets', 'cauliflower', 'wash', 'drain', 'cut', 'potatoes', 'chunks', 'heat', 'oil', 'pan', 'add', 'onions', 'fry', 'till', 'translucent', 'dump', 'methi', 'seeds', 'fry', 'one', 'add', 'ginger', 'garlic', 'paste', 'stir', 'mix', 'potatoes', 'cover', 'cook', 'potatoes', 'half', 'done', 'add', 'cauliflower', 'tumeric', 'salt', 'cover', 'cook', 'open', 'afer', 'add', 'dry', 'powders', 'mix', 'continue', 'cooking', 'till', 'potatoes', 'extremely', 'tender', 'soft', 'garnish', 'cilantro', 'leaves', 'serve', 'hot', 'breads', 'rice', 'rotis', 'side', 'dish']",Indian
6900,"['put', 'the', 'crumbled', 'up', 'saffron', 'into', 'the', 'tablespoons', 'of', 'warm', 'milk', 'and', 'let', 'it', 'sit', 'for', '1-2', 'hours', 'wash', 'the', 'rice', 'well', 'then', 'put', 'it', 'into', 'a', 'large', 'bowl', 'with', 'about', '5', 'cups', 'of', 'water', 'and', 'leave', 'it', 'to', 'soak', 'for', '1/2', 'hour', 'drain', 'completely', 'melt', 'the', 'butter', 'over', 'medium', 'heat', 'in', 'a', 'heavy', 'oven-proof', 'pot', 'with', 'a', 'tight-fitting', 'lid', 'you', 'will', 'be', 'placing', 'it', 'into', 'the', 'oven', 'later', 'on', 'so', 'this', 'is', 'important', 'when', 'the', 'butter', 'is', 'hot', 'put', 'in', 'the', 'pistachios', 'and', 'toast', 'them', 'lightly', 'they', 'will', 'get', 'a', 'kind', 'of', 'golden', 'tint', 'this', 'takes', 'about', 'a', 'minute', 'or', 'two', 'remove', 'the', 'pistachios', 'with', 'a', 'slotted', 'spoon', 'and', 'set', 'aside', 'now', 'put', 'the', 'cinnamon', 'stick', 'and', 'cardamom', 'pods', 'into', 'the', 'same', 'butter', 'stir', 'and', 'fry', 'for', '1', 'minute', 'now', 'put', 'the', 'drain', 'rice', 'into', 'the', 'butter', 'with', 'the', 'cinnamon', 'and', 'cardamom', 'and', 'stir', 'and', 'fry', 'for', 'about', '3', 'minutes', 'add', 'water', 'food', 'coloring', 'and', 'salt', 'stir', 'and', 'cook', 'until', 'all', 'of', 'the', 'water', 'is', 'absorbed', 'now', 'put', 'in', 'the', 'saffron', 'milk', 'sugar', 'and', 'raisins', 'mix', 'together', 'cover', 'and', 'place', 'it', 'into', 'an', 'oven', 'set', 'at', '325°f', 'for', '25', 'minutes', 'when', 'finished', 'place', 'into', 'a', 'pretty', 'serving', 'bowl', 'or', 'individual', 'serving', 'bowls', 'take', 'out', 'the', 'cinnamon', 'and', 'cardamom', 'first', 'and', 'sprinkle', 'with', 'the', 'pistachio', 'nuts', 'enjoy']","['put', 'crumbled', 'saffron', 'warm', 'milk', 'let', 'sit', 'wash', 'rice', 'well', 'put', 'large', 'bowl', 'water', 'leave', 'soak', 'drain', 'completely', 'melt', 'butter', 'medium', 'heat', 'heavy', 'oven', 'proof', 'pot', 'tight', 'fitting', 'lid', 'placing', 'oven', 'later', 'important', 'butter', 'hot', 'put', 'pistachios', 'toast', 'lightly', 'get', 'kind', 'golden', 'tint', 'takes', 'two', 'remove', 'pistachios', 'slotted', 'spoon', 'set', 'aside', 'put', 'cinnamon', 'stick', 'cardamom', 'pods', 'butter', 'stir', 'fry', 'put', 'drain', 'rice', 'butter', 'cinnamon', 'cardamom', 'stir', 'fry', 'add', 'water', 'food', 'coloring', 'salt', 'stir', 'cook', 'water', 'absorbed', 'put', 'saffron', 'milk', 'sugar', 'raisins', 'mix', 'together', 'cover', 'place', 'oven', 'set', '325°f', 'finished', 'place', 'pretty', 'serving', 'bowl', 'individual', 'serving', 'bowls', 'take', 'cinnamon', 'cardamom', 'first', 'sprinkle', 'pistachio', 'nuts', 'enjoy']",Indian
7204,"['chop', 'onion', 'and', 'garlic', 'finely', 'and', 'blanch', 'all', 'the', 'vegetables', 'cut', 'beans', 'and', 'zucchini', 'into', 'diamonds', 'puree', 'spinach', 'and', 'cut', 'carrots', 'into', 'strips', 'keep', 'aside', 'heat', 'a', 'tbsp', 'of', 'butter', 'and', 'lightly', 'saute', 'the', 'refined', 'flour', 'gradually', 'add', 'milk', 'and', 'stir', 'continuously', 'so', 'that', 'no', 'lumps', 'remain', 'crush', 'the', 'peppercorns', 'coarsely', 'add', 'some', 'nutmeg', 'and', 'half', 'of', 'the', 'cheese', 'salt', 'and', 'crushed', 'pepper', 'to', 'taste', 'keep', ""this'mornay"", 'sauce', 'aside', 'till', 'needed', 'heat', 'a', 'tbsp', 'of', 'butter', 'in', 'a', 'pan', 'add', 'garlic', 'and', 'saute', 'till', 'golden', 'brown', 'add', 'onion', 'and', 'saute', 'again', 'till', 'golden', 'brown', 'add', 'beans', 'broccoli', 'zucchini', 'and', 'salt', 'to', 'taste', 'saute', 'well', 'add', ""some'mornay"", 'sauce', 'and', 'milk', 'and', 'mix', 'well', 'add', 'spinach', 'puree', 'freshly', 'crushed', 'pepper', 'and', 'some', 'more', 'of', 'the', 'nutmeg', 'and', 'mix', 'well', 'pour', 'this', 'green', 'vegetable', 'mixture', 'in', 'an', 'oven-proof', 'dish', 'in', 'another', 'pan', 'heat', '1', 'tbsp', 'of', 'butter', 'and', 'saute', 'carrots', 'add', 'boiled', 'pasta', ""some'mornay"", 'sauce', 'and', 'milk', 'mix', 'well', 'add', 'salt', 'to', 'taste', 'and', 'saffron', 'cook', 'for', 'sometime', 'and', 'add', 'some', 'more', 'freshly', 'crushed', 'pepper', 'spread', 'a', 'part', 'of', 'the', 'leftover', 'grated', 'cheese', 'on', 'the', 'green', 'vegetable', 'mixture', 'pour', 'the', 'carrot-pasta', 'mixture', 'over', 'it', 'again', 'spread', 'a', 'layer', 'of', 'the', 'leftover', 'cheese', 'bake', 'for', '5-10', 'minutes', 'in', 'a', 'pre-heated', 'oven', 'till', 'the', 'cheese', 'melts', 'and', 'turns', 'golden', 'serve', 'hot']","['chop', 'onion', 'garlic', 'finely', 'blanch', 'vegetables', 'cut', 'beans', 'zucchini', 'diamonds', 'puree', 'spinach', 'cut', 'carrots', 'strips', 'keep', 'aside', 'heat', 'butter', 'lightly', 'saute', 'refined', 'flour', 'gradually', 'add', 'milk', 'stir', 'continuously', 'lumps', 'remain', 'crush', 'peppercorns', 'coarsely', 'add', 'nutmeg', 'half', 'cheese', 'salt', 'crushed', 'pepper', 'taste', 'keep', ""this'mornay"", 'sauce', 'aside', 'till', 'needed', 'heat', 'butter', 'pan', 'add', 'garlic', 'saute', 'till', 'golden', 'brown', 'add', 'onion', 'saute', 'till', 'golden', 'brown', 'add', 'beans', 'broccoli', 'zucchini', 'salt', 'taste', 'saute', 'well', 'add', ""some'mornay"", 'sauce', 'milk', 'mix', 'well', 'add', 'spinach', 'puree', 'freshly', 'crushed', 'pepper', 'nutmeg', 'mix', 'well', 'pour', 'green', 'vegetable', 'mixture', 'oven', 'proof', 'dish', 'another', 'pan', 'heat', 'butter', 'saute', 'carrots', 'add', 'boiled', 'pasta', ""some'mornay"", 'sauce', 'milk', 'mix', 'well', 'add', 'salt', 'taste', 'saffron', 'cook', 'sometime', 'add', 'freshly', 'crushed', 'pepper', 'spread', 'part', 'leftover', 'grated', 'cheese', 'green', 'vegetable', 'mixture', 'pour', 'carrot', 'pasta', 'mixture', 'spread', 'layer', 'leftover', 'cheese', 'bake', 'pre', 'heated', 'oven', 'till', 'cheese', 'melts', 'turns', 'golden', 'serve', 'hot']",Indian
4095,"['heat', 'oil', 'in', 'pan', 'cook', 'mushroms', 'stirring', 'for', 'about', '6-', '8', 'minutes', 'or', 'until', 'tender', 'then', 'add', 'garlic', 'and', 'chilli', 'cook', 'stirring', 'for', 'about', '2', 'minutes', 'meanwhile', 'cook', 'pasta', 'until', 'al', 'dente', 'reserve', '1/3', 'cup', 'of', 'cooking', 'liquid', 'then', 'drain', 'pasta', 'well', 'combine', 'pasta', 'in', 'bowl', 'with', 'extra', 'oil', 'mushroom', 'mix', 'reserved', 'cooking', 'liquid', 'and', 'spinach', 'season', 'to', 'taste']","['heat', 'oil', 'pan', 'cook', 'mushroms', 'stirring', 'tender', 'add', 'garlic', 'chilli', 'cook', 'stirring', 'meanwhile', 'cook', 'pasta', 'al', 'dente', 'reserve', 'cooking', 'liquid', 'drain', 'pasta', 'well', 'combine', 'pasta', 'bowl', 'extra', 'oil', 'mushroom', 'mix', 'reserved', 'cooking', 'liquid', 'spinach', 'season', 'taste']",Italian
8364,"['roughly', 'mash', 'the', 'boiled', 'potatoes', 'in', 'to', 'small', 'to', 'medium', 'sized', 'chunks', 'keep', 'aside', 'break', 'the', 'bread', 'slices', 'into', 'small', 'crumb-like', 'pieces', 'using', 'your', 'hands', 'sprinkle', 'salt', 'water', 'on', 'the', 'pieces', 'so', 'that', 'the', 'bread', 'becomes', 'soft', 'heat', 'the', 'oil', 'in', 'a', 'medium', 'sized', 'pan', 'and', 'add', 'the', 'mustard', 'seeds', 'once', 'oil', 'is', 'hot', 'wait', 'for', 'mustard', 'seeds', 'to', 'crackle', 'add', 'curry', 'leaves', 'swirl', 'around', 'so', 'leaves', 'do', ""n't"", 'burn', 'now', 'add', 'turmeric', 'powder', 'green', 'chillies', 'potatoes', 'and', 'salt', 'fry', 'the', 'potatoes', 'on', 'medium', 'heat', 'for', 'about', '2-3', 'mins', 'so', 'that', 'the', 'spices', 'are', 'absorbed', 'now', 'add', 'the', 'bread', 'crumbs', 'if', 'you', 'find', 'the', 'crumbs', 'are', 'soggy', 'squeeze', 'out', 'excess', 'water', 'and', 'then', 'add', 'the', 'crumbs', 'to', 'the', 'pan.', 'stir', 'to', 'mix', 'well', 'you', 'can', 'also', 'add', 'some', 'more', 'oil', 'if', 'you', 'find', 'the', 'bread', 'crumbs', 'are', 'too', 'dry', 'keep', 'stirring', 'for', 'a', 'couple', 'of', 'mins', 'on', 'medium', 'heat', 'turn', 'off', 'the', 'heat', 'sprinkle', 'garam', 'masala', 'cover', 'the', 'pan', 'and', 'left', 'sit', 'for', '2-3', 'minutes', 'remove', 'lid', 'stir', 'to', 'mix', 'garam', 'masala', 'properly', 'turn', 'upma', 'in', 'a', 'serving', 'dish', 'garnish', 'with', 'freshly', 'chopped', 'coriander', 'leaves', 'serve', 'hot', 'tip', 'you', 'can', 'also', 'add', 'freshly', 'ground', 'ginger', 'to', 'your', 'upma', 'i', 'prefer', 'mine', 'w/o', 'ginger', 'flavoring', 'add', 'ginger', 'paste', 'as', 'per', 'taste', 'to', 'hot', 'oil', 'after', 'the', 'mustard', 'seeds', 'crackle', 'and', 'before', 'you', 'add', 'the', 'curry', 'leaves', 'allow', 'the', 'ginger', 'to', 'brown', 'a', 'bit']","['roughly', 'mash', 'boiled', 'potatoes', 'small', 'medium', 'sized', 'chunks', 'keep', 'aside', 'break', 'bread', 'slices', 'small', 'crumb', 'like', 'pieces', 'using', 'hands', 'sprinkle', 'salt', 'water', 'pieces', 'bread', 'becomes', 'soft', 'heat', 'oil', 'medium', 'sized', 'pan', 'add', 'mustard', 'seeds', 'oil', 'hot', 'wait', 'mustard', 'seeds', 'crackle', 'add', 'curry', 'leaves', 'swirl', 'around', 'leaves', 'burn', 'add', 'turmeric', 'powder', 'green', 'chillies', 'potatoes', 'salt', 'fry', 'potatoes', 'medium', 'heat', 'mins', 'spices', 'absorbed', 'add', 'bread', 'crumbs', 'find', 'crumbs', 'soggy', 'squeeze', 'excess', 'water', 'add', 'crumbs', 'pan.', 'stir', 'mix', 'well', 'also', 'add', 'oil', 'find', 'bread', 'crumbs', 'dry', 'keep', 'stirring', 'couple', 'mins', 'medium', 'heat', 'turn', 'heat', 'sprinkle', 'garam', 'masala', 'cover', 'pan', 'left', 'sit', 'remove', 'lid', 'stir', 'mix', 'garam', 'masala', 'properly', 'turn', 'upma', 'serving', 'dish', 'garnish', 'freshly', 'chopped', 'coriander', 'leaves', 'serve', 'hot', 'tip', 'also', 'add', 'freshly', 'ground', 'ginger', 'upma', 'prefer', 'mine', 'w/o', 'ginger', 'flavoring', 'add', 'ginger', 'paste', 'per', 'taste', 'hot', 'oil', 'mustard', 'seeds', 'crackle', 'add', 'curry', 'leaves', 'allow', 'ginger', 'brown', 'bit']",Indian
8439,"['1.', 'put', 'oil', 'in', 'a', 'medium', 'saucepan', 'and', 'let', 'it', 'heat', 'for', 'a', 'few', 'minutes', 'on', 'medium/high', 'heat', 'add', 'cumin', 'seeds', 'and', 'let', 'it', 'cook', 'for', 'about', '30', 'seconds', 'then', 'add', 'onions', 'and', 'let', 'it', 'soften', '2.', 'once', 'onion', 'is', 'soft', 'and', 'a', 'little', 'transluscent', 'add', 'garlic', 'paste', 'and', 'ginger', 'paste', 'and', 'let', 'it', 'fry', 'for', 'about', '30', 'seconds', '3.', 'now', 'add', 'all', 'the', 'spices-', 'turmeric', 'garam', 'masala', 'powder', 'salt', 'and', 'crushed', 'red', 'chilli', 'cook', 'until', 'you', 'can', 'smell', 'the', 'spices', 'for', 'about', '40', 'sec', '4.', 'add', 'tomatoes', 'green', 'chillies', 'and', 'cook', 'until', 'tomatoes', 'are', 'soft', 'taste', 'a', 'little', 'if', 'its', 'not', 'spicy', 'enough', 'then', 'add', 'some', 'more', 'green', 'chillies', 'add', 'more', 'salt', 'to', 'taste', '5.', 'add', 'the', 'red', 'beans', 'and', 'stir', 'with', 'all', 'thespices', 'add', 'about', '1/4', 'cup', 'water', 'and', 'cover', 'the', 'pan', 'cook', 'on', 'medium', 'low', 'heat', 'for', '10-15', 'min', 'keep', 'checking', 'every', '5', 'min', 'to', 'make', 'sure', 'the', 'heat', 'is', 'not', 'too', 'high', '6.', 'after', '10-15', 'min', 'are', 'up', 'with', 'a', 'wooden', 'spoon', 'crush', 'the', 'beans', 'not', 'completely', 'all', 'of', 'them', 'just', 'slightly', 'so', 'the', 'crushed', 'ones', 'can', 'create', 'a', 'paste', '7.', 'add', 'more', 'water', 'if', 'its', 'too', 'dry', 'as', 'you', 'crush', 'and', 'taste', 'for', 'salt', 'add', 'more', 'if', 'needed', '8.', 'top', 'with', 'cilantro', 'before', 'serving', '.served', 'with', 'warmed', 'pita', 'bread', 'or', 'dinner', 'roll', 'is', 'best', 'or', 'with', 'cucumbers', 'sticks', 'salad', 'and', 'feta', 'cheese']","['put', 'oil', 'medium', 'saucepan', 'let', 'heat', 'medium/high', 'heat', 'add', 'cumin', 'seeds', 'let', 'cook', 'seconds', 'add', 'onions', 'let', 'soften', 'onion', 'soft', 'little', 'transluscent', 'add', 'garlic', 'paste', 'ginger', 'paste', 'let', 'fry', 'seconds', 'add', 'spices', 'turmeric', 'garam', 'masala', 'powder', 'salt', 'crushed', 'red', 'chilli', 'cook', 'smell', 'spices', 'sec', 'add', 'tomatoes', 'green', 'chillies', 'cook', 'tomatoes', 'soft', 'taste', 'little', 'spicy', 'enough', 'add', 'green', 'chillies', 'add', 'salt', 'taste', 'add', 'red', 'beans', 'stir', 'thespices', 'add', 'water', 'cover', 'pan', 'cook', 'medium', 'low', 'heat', 'min', 'keep', 'checking', 'every', 'min', 'make', 'sure', 'heat', 'high', 'min', 'wooden', 'spoon', 'crush', 'beans', 'completely', 'slightly', 'crushed', 'ones', 'create', 'paste', 'add', 'water', 'dry', 'crush', 'taste', 'salt', 'add', 'needed', 'top', 'cilantro', 'serving', '.served', 'warmed', 'pita', 'bread', 'dinner', 'roll', 'best', 'cucumbers', 'sticks', 'salad', 'feta', 'cheese']",Indian
11601,"['wash', 'and', 'soak', 'rice', 'for', 'around', '1/2', 'an', 'hour', 'in', 'the', 'meanwhile', 'cut', 'the', 'vegetables', 'mix', 'the', 'spice', 'powders', 'and', 'yogurt', 'together', 'in', 'a', 'bowl', 'heat', 'oil', 'saute', 'the', 'onion', 'till', 'light', 'brown', 'add', 'the', 'ginger', 'garlic', 'and', 'green', 'chilli', 'and', 'saute', 'till', 'brown', 'add', 'the', 'spice', 'paste', 'and', 'saute', 'for', '5', 'mins', 'more', 'add', 'some', 'water', 'if', 'needed', 'to', 'avoid', 'burning', 'add', 'the', 'potatoes', 'peas', 'and', 'rice', 'saute', 'for', 'few', 'mins', 'add', '4', 'cups', 'water', 'and', 'bring', 'to', 'a', 'boil', 'stir', 'and', 'cover', 'with', 'a', 'lid', 'and', 'cook', 'on', 'low', 'till', 'cooked', 'garnish', 'with', 'coriander', 'and', 'fried', 'cashew', 'nuts']","['wash', 'soak', 'rice', 'around', 'meanwhile', 'cut', 'vegetables', 'mix', 'spice', 'powders', 'yogurt', 'together', 'bowl', 'heat', 'oil', 'saute', 'onion', 'till', 'light', 'brown', 'add', 'ginger', 'garlic', 'green', 'chilli', 'saute', 'till', 'brown', 'add', 'spice', 'paste', 'saute', 'mins', 'add', 'water', 'needed', 'avoid', 'burning', 'add', 'potatoes', 'peas', 'rice', 'saute', 'mins', 'add', 'water', 'bring', 'boil', 'stir', 'cover', 'lid', 'cook', 'low', 'till', 'cooked', 'garnish', 'coriander', 'fried', 'cashew', 'nuts']",Indian
8445,"['put', 'the', 'yogurt', 'the', 'cardamom', 'the', 'rose', 'water', 'and', 'the', 'turmeric', 'in', 'a', 'bowl', 'and', 'mix', 'well', 'with', 'the', 'wire', 'whisk', 'mix', 'with', 'a', 'food', 'processor', 'the', 'iced', 'water', 'the', 'sugar', 'the', 'saffron', 'threads', 'and', '2', 'mint', 'leaves', 'until', 'the', 'ice', 'and', 'the', 'mint', 'leaves', 'are', 'crushed', 'and', 'add', 'it', 'to', 'the', 'yogurt', 'mixture', 'blend', 'the', 'mixture', 'with', 'a', 'hand', 'blender', 'until', 'smooth', 'pour', 'into', 'glasses', 'and', 'garnish', 'with', 'the', '2', 'remaining', 'mint', 'leaves']","['put', 'yogurt', 'cardamom', 'rose', 'water', 'turmeric', 'bowl', 'mix', 'well', 'wire', 'whisk', 'mix', 'food', 'processor', 'iced', 'water', 'sugar', 'saffron', 'threads', 'mint', 'leaves', 'ice', 'mint', 'leaves', 'crushed', 'add', 'yogurt', 'mixture', 'blend', 'mixture', 'hand', 'blender', 'smooth', 'pour', 'glasses', 'garnish', 'remaining', 'mint', 'leaves']",Indian
9833,"['in', 'a', 'large', 'saucepan', 'combine', '1-1/4', 'cups', 'water', 'with', 'the', 'cayenne', 'pepper', 'paprika', 'turmeric', 'garlic', 'and', 'ginger', 'mix', 'well', 'grind', 'the', 'coriander', 'seeds', 'and', 'cumin', 'seeds', 'in', 'a', 'clean', 'coffee', 'grinder', 'and', 'add', 'to', 'mixture', 'bring', 'the', 'spice', 'mixture', 'to', 'a', 'simmer', 'over', 'medium-high', 'heat', 'turn', 'the', 'heat', 'to', 'medium-low', 'and', 'simmer', 'for', '10', 'minutes', 'stirring', 'occasionally', 'until', 'the', 'sauce', 'thickens', 'and', 'is', 'reduced', 'somewhat', 'add', 'the', 'coconut', 'milk', 'salt', 'kokum', 'or', 'tamarind', 'paste', 'and', 'bring', 'to', 'a', 'simmer', 'add', 'the', 'prawns', 'shrimp', 'and', 'simmer', 'stirring', 'occasionally', 'until', 'they', 'turn', 'opaque', 'and', 'are', 'just', 'cooked', 'through', 'add', 'salt', 'and', 'pepper', 'to', 'taste', 'serve', 'while', 'hot']","['large', 'saucepan', 'combine', 'water', 'cayenne', 'pepper', 'paprika', 'turmeric', 'garlic', 'ginger', 'mix', 'well', 'grind', 'coriander', 'seeds', 'cumin', 'seeds', 'clean', 'coffee', 'grinder', 'add', 'mixture', 'bring', 'spice', 'mixture', 'simmer', 'medium', 'high', 'heat', 'turn', 'heat', 'medium', 'low', 'simmer', 'stirring', 'occasionally', 'sauce', 'thickens', 'reduced', 'somewhat', 'add', 'coconut', 'milk', 'salt', 'kokum', 'tamarind', 'paste', 'bring', 'simmer', 'add', 'prawns', 'shrimp', 'simmer', 'stirring', 'occasionally', 'turn', 'opaque', 'cooked', 'add', 'salt', 'pepper', 'taste', 'serve', 'hot']",Indian
96,"['wipe', 'mushrooms', 'with', 'moist', 'paper', 'towel', 'to', 'clean', 'trim', 'and', 'cut', 'into', 'bite', 'sized', 'pieces', 'drop', 'into', 'boiling', 'salted', 'water', 'boil', '3', 'minutes', 'drain', 'and', 'place', 'in', 'bowl', 'add', 'artichokes', 'including', 'brine', 'to', 'mushrooms', 'stir', 'in', 'onions', 'olives', 'and', 'red', 'pepper', 'combine', 'oil', 'vinegar', 'sherry', 'salt', 'oregano', 'pepper', 'until', 'well', 'blended', 'cover', 'and', 'let', 'sit', 'at', 'least', '4', 'hours', 'in', 'refrigerator', 'stir', 'once', 'an', 'hour', 'to', 'ensure', 'even', 'absorbtion']","['wipe', 'mushrooms', 'moist', 'paper', 'towel', 'clean', 'trim', 'cut', 'bite', 'sized', 'pieces', 'drop', 'boiling', 'salted', 'water', 'boil', 'drain', 'place', 'bowl', 'add', 'artichokes', 'including', 'brine', 'mushrooms', 'stir', 'onions', 'olives', 'red', 'pepper', 'combine', 'oil', 'vinegar', 'sherry', 'salt', 'oregano', 'pepper', 'well', 'blended', 'cover', 'let', 'sit', 'least', 'refrigerator', 'stir', 'ensure', 'even', 'absorbtion']",Italian
2187,"['preheat', 'oven', 'to', '375°f', 'using', 'a', 'teaspoon', 'remove', 'seeds', 'from', 'tomatoes', 'place', 'tomato', 'halves', 'cut', 'side', 'down', 'on', 'paper', 'towels', 'to', 'drain', 'for', 'about', '5', 'minutes', 'in', 'a', 'large', 'bowl', 'mix', 'together', '2', 'tablespoons', 'of', 'the', 'olive', 'oil', 'garlic', 'salt', 'and', 'pepper', 'using', 'clean', 'hands', 'gently', 'toss', 'the', 'drained', 'tomato', 'halves', 'in', 'the', 'oil', 'mixture', 'until', 'coated', 'marinate', 'the', 'tomatoes', 'for', '10', 'minutes', 'in', 'a', 'small', 'bowl', 'mix', 'together', 'the', 'bread', 'crumbs', 'and', 'gorgonzola', 'cheese', 'place', 'the', 'marinated', 'tomato', 'halves', 'cut', 'side', 'up', 'on', 'a', 'parchment', 'paper-lined', 'baking', 'sheet', 'fill', 'each', 'tomato', 'half', 'with', 'the', 'bread', 'crumb', 'filling', 'drizzle', 'with', 'the', 'remaining', 'olive', 'oil', 'bake', 'for', '20', 'to', '25', 'minutes', 'until', 'slightly', 'softened', 'and', 'the', 'underside', 'of', 'the', 'tomatoes', 'are', 'brown', 'arrange', 'the', 'cooked', 'tomatoes', 'on', 'a', 'serving', 'platter', 'sprinkle', 'with', 'the', 'chopped', 'parsley', 'and', 'serve', 'immediately']","['preheat', 'oven', '375°f', 'using', 'remove', 'seeds', 'tomatoes', 'place', 'tomato', 'halves', 'cut', 'side', 'paper', 'towels', 'drain', 'large', 'bowl', 'mix', 'together', 'olive', 'oil', 'garlic', 'salt', 'pepper', 'using', 'clean', 'hands', 'gently', 'toss', 'drained', 'tomato', 'halves', 'oil', 'mixture', 'coated', 'marinate', 'tomatoes', 'small', 'bowl', 'mix', 'together', 'bread', 'crumbs', 'gorgonzola', 'cheese', 'place', 'marinated', 'tomato', 'halves', 'cut', 'side', 'parchment', 'paper', 'lined', 'baking', 'sheet', 'fill', 'tomato', 'half', 'bread', 'crumb', 'filling', 'drizzle', 'remaining', 'olive', 'oil', 'bake', 'slightly', 'softened', 'underside', 'tomatoes', 'brown', 'arrange', 'cooked', 'tomatoes', 'serving', 'platter', 'sprinkle', 'chopped', 'parsley', 'serve', 'immediately']",Italian
10026,"['mix', 'all', 'vegetables', 'and', 'salt', 'cumin', 'and', 'red', 'chili', 'powder.mix', 'it', 'well', 'and', 'make', 'balls', 'dip', 'in', 'egg', 'and', 'fry', 'heat', 'the', 'oil', 'and', 'add', 'fenugreek', 'seeds', 'and', 'ginger', 'garlic', 'paste', 'fry', 'for', '2', 'min', 'the', 'add', 'boiled', 'onion', 'cumin', 'fennel', 'seed', 'turmeric', 'coriander', 'powder', 'onion', 'seeds', 'salt', 'chilies', 'and', 'yogurt', 'and', 'fry', 'for', '4-5', 'min', 'then', 'add', 'tomatoes', 'and', '1/2', 'cup', 'water', 'and', 'leave', 'it', 'on', 'medium', 'flame', 'after', '5', 'min', 'fry', 'it', 'very', 'well', 'then', 'add', '3cups', 'of', 'water', 'for', 'gravy.and', 'cook.when', 'water', 'remains', '2', 'cup', 'then', 'add', 'vegetable', 'kofta', 'serve', 'it', 'hot']","['mix', 'vegetables', 'salt', 'cumin', 'red', 'chili', 'powder.mix', 'well', 'make', 'balls', 'dip', 'egg', 'fry', 'heat', 'oil', 'add', 'fenugreek', 'seeds', 'ginger', 'garlic', 'paste', 'fry', 'min', 'add', 'boiled', 'onion', 'cumin', 'fennel', 'seed', 'turmeric', 'coriander', 'powder', 'onion', 'seeds', 'salt', 'chilies', 'yogurt', 'fry', 'min', 'add', 'tomatoes', 'water', 'leave', 'medium', 'flame', 'min', 'fry', 'well', 'add', '3cups', 'water', 'gravy.and', 'cook.when', 'water', 'remains', 'add', 'vegetable', 'kofta', 'serve', 'hot']",Indian
9527,"['cut', 'the', 'boneless', 'skinless', 'chicken', 'breasts', 'into', 'bite', 'size', 'pieces', 'over', 'medium', 'heat', 'brown', 'the', 'onion', 'in', 'olive', 'oil', 'until', 'transparent', 'and', 'lightly', 'browned', 'add', 'chicken', 'and', 'cook', 'until', 'no', 'longer', 'pink', 'on', 'outside', 'brown', 'a', 'little', 'if', 'you', 'like', 'but', 'it', 'does', ""n't"", 'have', 'to', 'be', 'cooked', 'completely', 'stir', 'in', 'the', 'garlic', 'curry', 'powders', 'cinnamon', 'paprika', 'ginger', 'sugar', 'and', 'salt', 'to', 'taste', 'continue', 'stirring', 'for', 'a', 'couple', 'more', 'minutes', 'to', 'infuse', 'the', 'flavors', 'add', 'tomatoes', 'softened', 'cream', 'cheese', 'coconut', 'milk', 'and', 'lemon', 'juice', 'place', 'in', 'slow', 'cooker', 'and', 'simmer', '4-5', 'hours', 'on', 'low', 'heat', 'setting', 'serve', 'over', 'hot', 'rice']","['cut', 'boneless', 'skinless', 'chicken', 'breasts', 'bite', 'size', 'pieces', 'medium', 'heat', 'brown', 'onion', 'olive', 'oil', 'transparent', 'lightly', 'browned', 'add', 'chicken', 'cook', 'longer', 'pink', 'outside', 'brown', 'little', 'like', 'cooked', 'completely', 'stir', 'garlic', 'curry', 'powders', 'cinnamon', 'paprika', 'ginger', 'sugar', 'salt', 'taste', 'continue', 'stirring', 'couple', 'infuse', 'flavors', 'add', 'tomatoes', 'softened', 'cream', 'cheese', 'coconut', 'milk', 'lemon', 'juice', 'place', 'slow', 'cooker', 'simmer', 'low', 'heat', 'setting', 'serve', 'hot', 'rice']",Indian
3573,"['chop', 'the', 'pancetta', 'slices', 'and', 'cook', 'in', 'a', 'small', 'skillet', 'over', 'medium', 'heat', 'until', 'crispy', 'drain', 'bits', 'on', 'paper', 'towels', 'in', 'a', 'larger', 'skillet', 'melt', 'butter', 'saute', 'zucchini', 'in', 'butter', 'for', '3-4', 'minutes', 'add', 'cheese', 'pancetta', 'salt', 'and', 'pepper', 'combine', 'and', 'serve', 'warm']","['chop', 'pancetta', 'slices', 'cook', 'small', 'skillet', 'medium', 'heat', 'crispy', 'drain', 'bits', 'paper', 'towels', 'larger', 'skillet', 'melt', 'butter', 'saute', 'zucchini', 'butter', 'add', 'cheese', 'pancetta', 'salt', 'pepper', 'combine', 'serve', 'warm']",Italian
12492,"['bring', 'chicken', 'broth', 'to', 'a', 'boil', 'in', 'microwave', 'or', 'saucepan', 'combine', 'couscous', 'raisins', 'and', 'curry', 'powder', 'in', 'a', 'medium', 'bowl', 'stir', 'in', 'broth', 'cover', 'and', 'let', 'stand', '5', 'minutes', 'fluff', 'couscous', 'with', 'a', 'fork', 'and', 'let', 'cool', 'to', 'room', 'temperature', 'in', 'a', 'large', 'bowl', 'mix', 'mayonnaise', 'ginger', 'and', 'lemon', 'juice', 'add', 'chicken', 'celery', 'green', 'onions', 'almonds', 'and', 'cooled', 'couscous', 'mixture', 'toss', 'gently', 'fold', 'in', 'grapes', 'and', 'parsley', 'refrigerate', 'at', 'least', '2', 'hours', 'before', 'serving']","['bring', 'chicken', 'broth', 'boil', 'microwave', 'saucepan', 'combine', 'couscous', 'raisins', 'curry', 'powder', 'medium', 'bowl', 'stir', 'broth', 'cover', 'let', 'stand', 'fluff', 'couscous', 'fork', 'let', 'cool', 'room', 'temperature', 'large', 'bowl', 'mix', 'mayonnaise', 'ginger', 'lemon', 'juice', 'add', 'chicken', 'celery', 'green', 'onions', 'almonds', 'cooled', 'couscous', 'mixture', 'toss', 'gently', 'fold', 'grapes', 'parsley', 'refrigerate', 'least', 'serving']",Indian
10893,"['place', 'chicken', 'in', 'a', 'shallow', 'dish', 'sprinkle', 'with', 'salt', 'combine', 'lemon', 'rind', 'and', 'juice', 'drizzle', 'lemon', 'mixture', 'over', 'chicken', 'cover', 'and', 'marinate', 'in', 'refrigerator', 'for', '30', 'minutes', 'coat', 'a', 'large', 'nonstick', 'skillet', 'with', 'cooking', 'spray', 'place', 'skillet', 'over', 'medium-high', 'heat', 'until', 'hot', 'add', 'onion', 'and', 'cook', 'for', '4-5', 'minutes', 'or', 'until', 'tender', 'stirring', 'frequently', 'add', 'garlic', 'and', 'gingerroot', 'cook', 'for', '2', 'minutes', 'stir', 'in', 'cardamom', 'cinnamon', 'and', 'cloves', 'cook', 'for', '2', 'additional', 'minutes', 'remove', 'from', 'skillet', 'and', 'set', 'aside', 'coat', 'skillet', 'with', 'cooking', 'spray', 'and', 'add', 'oil', 'place', 'over', 'medium-high', 'heat', 'until', 'hot', 'add', 'chicken', 'and', 'cook', 'for', 'another', '5', 'minutes', 'turn', 'chicken', 'and', 'sprinkle', 'with', 'cumin', 'and', 'next', '3', 'ingredients', 'cook', 'for', 'additional', 'minutes', 'or', 'until', 'golden', 'add', 'onion', 'mixture', 'and', 'tomatoes', 'and', 'stir', 'well', 'cover', 'reduce', 'heat', 'and', 'simmer', 'for', '25', 'minutes', 'or', 'until', 'chicken', 'is', 'tender', 'remove', 'and', 'discard', 'cinnamon', 'stick', 'and', 'whole', 'cloves', 'add', 'cilantro', 'the', 'last', '5', 'minutes', 'of', 'cooking']","['place', 'chicken', 'shallow', 'dish', 'sprinkle', 'salt', 'combine', 'lemon', 'rind', 'juice', 'drizzle', 'lemon', 'mixture', 'chicken', 'cover', 'marinate', 'refrigerator', 'coat', 'large', 'nonstick', 'skillet', 'cooking', 'spray', 'place', 'skillet', 'medium', 'high', 'heat', 'hot', 'add', 'onion', 'cook', 'tender', 'stirring', 'frequently', 'add', 'garlic', 'gingerroot', 'cook', 'stir', 'cardamom', 'cinnamon', 'cloves', 'cook', 'additional', 'remove', 'skillet', 'set', 'aside', 'coat', 'skillet', 'cooking', 'spray', 'add', 'oil', 'place', 'medium', 'high', 'heat', 'hot', 'add', 'chicken', 'cook', 'another', 'turn', 'chicken', 'sprinkle', 'cumin', 'next', 'ingredients', 'cook', 'additional', 'golden', 'add', 'onion', 'mixture', 'tomatoes', 'stir', 'well', 'cover', 'reduce', 'heat', 'simmer', 'chicken', 'tender', 'remove', 'discard', 'cinnamon', 'stick', 'whole', 'cloves', 'add', 'cilantro', 'last', 'cooking']",Indian
5643,"['cook', 'pasta', 'until', 'tender', 'meanwhile', 'crumble', 'sausage', 'into', 'large', 'skillet', 'cook', 'over', 'medium', 'heat', 'until', 'no', 'longer', 'pink', 'drain', 'stir', 'in', 'spaghetti', 'sauce', 'and', 'mushrooms', 'drain', 'pasta', 'add', 'to', 'sausage', 'mixture', 'transfer', 'to', 'a', '1', 'quart', 'baking', 'dish', 'coated', 'with', 'spray', 'top', 'with', 'cheese', 'and', 'pepperoni', 'cover', 'and', 'bake', '350f', 'for', '25', '30', 'minutes', 'or', 'until', 'heated', 'through']","['cook', 'pasta', 'tender', 'meanwhile', 'crumble', 'sausage', 'large', 'skillet', 'cook', 'medium', 'heat', 'longer', 'pink', 'drain', 'stir', 'spaghetti', 'sauce', 'mushrooms', 'drain', 'pasta', 'add', 'sausage', 'mixture', 'transfer', 'baking', 'dish', 'coated', 'spray', 'top', 'cheese', 'pepperoni', 'cover', 'bake', '350f', 'heated']",Italian
4415,"['dip', 'your', 'pounded', 'pork', 'in', 'the', 'juice', 'of', 'your', 'choice', 'and', 'then', 'into', 'the', 'bread', 'crumbs', 'pat', 'the', 'crumbs', 'into', 'the', 'meat', 'spray', 'your', 'non', 'stick', 'fry', 'pan', 'lightly', 'with', 'oil', 'brown', 'the', 'pork', 'schnitzels', 'on', 'both', 'sides', 'and', 'remove', 'from', 'the', 'pan', 'spray', 'the', 'pan', 'again', 'lightly', 'with', 'oil', 'add', 'all', 'the', 'remaining', 'ingredients', 'except', 'cheese', 'bread', 'saute', 'until', 'heated', 'through', 'and', 'return', 'snitzels', 'to', 'the', 'pan', 'heat', 'through', 'and', 'serve', 'on', 'toasted', 'bread', 'of', 'your', 'choice', 'or', 'without', 'drizzle', 'cheese', 'on', 'top', 'garnish', 'with', 'fresh', 'tomatoes', 'and', 'enjoy']","['dip', 'pounded', 'pork', 'juice', 'choice', 'bread', 'crumbs', 'pat', 'crumbs', 'meat', 'spray', 'non', 'stick', 'fry', 'pan', 'lightly', 'oil', 'brown', 'pork', 'schnitzels', 'sides', 'remove', 'pan', 'spray', 'pan', 'lightly', 'oil', 'add', 'remaining', 'ingredients', 'except', 'cheese', 'bread', 'saute', 'heated', 'return', 'snitzels', 'pan', 'heat', 'serve', 'toasted', 'bread', 'choice', 'without', 'drizzle', 'cheese', 'top', 'garnish', 'fresh', 'tomatoes', 'enjoy']",Italian
2399,"['heat', 'oven', 'to', '350', 'degrees', 'mix', 'all', 'ingredients', 'in', 'a', 'large', 'mixing', 'bowl', 'easiest', 'to', 'mix', 'with', 'your', 'hands', 'kids', 'love', 'this', 'just', 'make', 'sure', 'you', 'wash', 'your', 'hands', 'before', 'and', 'after', 'touching', 'the', 'meat.', 'spray', 'an', '8x4', 'or', '8x5', 'glass', 'loaf', 'pan', 'with', 'cooking', 'spray', 'press', 'mixture', 'into', 'pan', 'bake', 'for', '1', 'hour', 'at', '350', 'degrees', 'note', 'kids', 'love', 'making', 'the', 'cracker', 'crumbs', 'too', 'put', 'crackers', 'in', 'a', 'ziplock', 'bag', 'and', 'give', 'them', 'a', 'masher', 'or', 'they', 'can', 'use', 'their', 'hands', 'also', 'i', 'prefer', 'a', '2', 'parts', 'ketchup', 'to', '1', 'part', 'mustard', 'mixture', 'but', 'my', 'recipe', 'says', '``', 'to', 'taste', ""''"", 'the', 'ketchup', 'and', 'mustard', 'mixture', 'can', 'also', 'be', 'substituted', 'with', 'bbq', 'sauce', 'or', 'cocktail', 'sauce']","['heat', 'oven', 'mix', 'ingredients', 'large', 'mixing', 'bowl', 'easiest', 'mix', 'hands', 'kids', 'love', 'make', 'sure', 'wash', 'hands', 'touching', 'meat.', 'spray', '8x4', '8x5', 'glass', 'loaf', 'pan', 'cooking', 'spray', 'press', 'mixture', 'pan', 'bake', 'note', 'kids', 'love', 'making', 'cracker', 'crumbs', 'put', 'crackers', 'ziplock', 'bag', 'give', 'masher', 'use', 'hands', 'also', 'prefer', 'parts', 'ketchup', 'part', 'mustard', 'mixture', 'recipe', 'says', '``', 'taste', ""''"", 'ketchup', 'mustard', 'mixture', 'also', 'substituted', 'bbq', 'sauce', 'cocktail', 'sauce']",Italian
47,"['in', 'a', 'small', 'food', 'processor', 'or', 'blender', 'puree', 'the', 'tomatoes', 'garlic', '1/2', 'tbsp', 'of', 'the', 'oil', 'and', 'parsley', 'set', 'aside', 'cook', 'pasta', 'in', 'a', 'large', 'pot', 'of', 'boiling', 'water', 'with', 'the', 'kosher', 'salt', 'until', 'al', 'dente', 'drain', 'do', 'not', 'rinse', 'and', 'return', 'to', 'pot', 'keep', 'warm', 'heat', 'remaining', 'olive', 'oil', 'in', 'a', 'deep', 'skillet', 'over', 'medium', 'and', 'add', 'the', 'bell', 'pepper', 'and', 'onion', 'cook', 'until', 'soft', 'and', 'golden', '7', 'to', '8', 'minutes', 'sprinkle', 'in', 'the', 'spices', 'stir', 'well', 'and', 'cook', '1', 'minute', 'longer', 'add', 'the', 'sauteed', 'mixture', 'tomato-garlic', 'puree', 'and', 'lemon', 'juice', 'to', 'the', 'pasta', 'stir', 'well', 'and', 'serve', 'immediately']","['small', 'food', 'processor', 'blender', 'puree', 'tomatoes', 'garlic', 'oil', 'parsley', 'set', 'aside', 'cook', 'pasta', 'large', 'pot', 'boiling', 'water', 'kosher', 'salt', 'al', 'dente', 'drain', 'rinse', 'return', 'pot', 'keep', 'warm', 'heat', 'remaining', 'olive', 'oil', 'deep', 'skillet', 'medium', 'add', 'bell', 'pepper', 'onion', 'cook', 'soft', 'golden', 'sprinkle', 'spices', 'stir', 'well', 'cook', 'longer', 'add', 'sauteed', 'mixture', 'tomato', 'garlic', 'puree', 'lemon', 'juice', 'pasta', 'stir', 'well', 'serve', 'immediately']",Italian
11996,"['paste', 'put', 'all', 'the', 'paste', 'ingredients', 'in', 'a', 'food', 'processor', 'and', 'process', 'until', 'smooth', 'and', 'set', 'aside', 'in', 'a', 'heavy', 'bottom', 'pot', 'heat', 'oil', 'or', 'ghee', 'on', 'a', 'low', 'heat', 'add', 'whole', 'spices', 'and', 'saute', 'until', 'they', 'are', 'slightly', 'brown', 'add', 'paste', 'mixture', 'into', 'pot', 'with', 'whole', 'spices', 'and', 'fry', 'until', 'mixture', 'is', 'slightly', 'browned', 'add', 'chicken', 'cubes', 'cover', 'and', 'cook', 'over', 'low', 'heat', 'until', 'chicken', 'is', 'tender', 'add', 'ground', 'nuts', 'cream', 'and', 'saffron', 'cook', 'further', 'for', '10', 'minutes', 'until', 'mixture', 'is', 'creamy', 'and', 'thick', 'add', 'a', 'little', 'water', 'if', 'necessary', 'transfer', 'into', 'a', 'serving', 'dish', 'and', 'garnish', 'with', 'coriander', 'leaves', 'and', 'garam', 'masala']","['paste', 'put', 'paste', 'ingredients', 'food', 'processor', 'process', 'smooth', 'set', 'aside', 'heavy', 'bottom', 'pot', 'heat', 'oil', 'ghee', 'low', 'heat', 'add', 'whole', 'spices', 'saute', 'slightly', 'brown', 'add', 'paste', 'mixture', 'pot', 'whole', 'spices', 'fry', 'mixture', 'slightly', 'browned', 'add', 'chicken', 'cubes', 'cover', 'cook', 'low', 'heat', 'chicken', 'tender', 'add', 'ground', 'nuts', 'cream', 'saffron', 'cook', 'mixture', 'creamy', 'thick', 'add', 'little', 'water', 'necessary', 'transfer', 'serving', 'dish', 'garnish', 'coriander', 'leaves', 'garam', 'masala']",Indian
12361,"['place', 'the', 'chocolates', 'in', '2', 'different', 'bowls', 'heat', 'proof', 'ones', 'place', 'each', 'bowl', 'over', 'a', 'pan', 'of', 'simmering', 'water', 'stir', 'and', 'melt', 'the', 'chocolate', 'until', 'smooth', 'leave', 'to', 'cool', 'stir', 'the', 'orange', 'rind', 'into', 'the', 'honey', 'nougat', 'chocolate', 'stir', 'the', 'walnuts', 'into', 'the', 'white', 'melted', 'chocolate', 'place', 'a', 'spoonful', 'of', 'mixtures', 'dark', 'and', 'white', 'chocolate', 'separately', 'into', 'the', 'small', 'baking', 'paper', 'cups', 'leave', 'to', 'set', 'in', 'the', 'refrigerator', 'for', 'a', 'while', 'store', 'in', 'airtight', 'containers', 'in', 'a', 'cool', 'and', 'dry', 'place', 'serve', 'with', 'coffee', 'or', 'tea']","['place', 'chocolates', 'different', 'bowls', 'heat', 'proof', 'ones', 'place', 'bowl', 'pan', 'simmering', 'water', 'stir', 'melt', 'chocolate', 'smooth', 'leave', 'cool', 'stir', 'orange', 'rind', 'honey', 'nougat', 'chocolate', 'stir', 'walnuts', 'white', 'melted', 'chocolate', 'place', 'spoonful', 'mixtures', 'dark', 'white', 'chocolate', 'separately', 'small', 'baking', 'paper', 'leave', 'set', 'refrigerator', 'store', 'airtight', 'containers', 'cool', 'dry', 'place', 'serve', 'coffee', 'tea']",Indian
10561,"['soak', '1/2', 'cup', 'urad', 'dal', 'and', '1/2', 'cup', 'moong', 'dal', 'in', 'a', 'large', 'bowl', 'of', 'water', 'for', '2-3', 'hours', 'drain', 'excess', 'water', 'and', 'grind', 'to', 'a', 'smooth', 'paste', 'in', 'a', 'food', 'processor', 'add', 'hing/asafetida', 'salt', 'green', 'chilies', 'coriander', 'leaves', 'ginger', 'and', 'baking', 'soda', 'this', 'should', 'be', 'a', 'nice', 'thick', 'batter', 'in', 'hot', 'ghee', 'or', 'oil', 'shape', 'batter', 'into', 'doughnut-like', 'shapes', 'with', 'a', 'hole', 'in', 'the', 'center', 'and', 'fry', 'the', 'bada', 'in', 'batches', 'on', 'both', 'sides', 'until', 'golden', 'brown', 'drain', 'on', 'paper', 'towels', 'serve', 'with', 'a', 'fresh', 'chutney', 'such', 'as', 'coriander']","['soak', 'urad', 'dal', 'moong', 'dal', 'large', 'bowl', 'water', 'drain', 'excess', 'water', 'grind', 'smooth', 'paste', 'food', 'processor', 'add', 'hing/asafetida', 'salt', 'green', 'chilies', 'coriander', 'leaves', 'ginger', 'baking', 'soda', 'nice', 'thick', 'batter', 'hot', 'ghee', 'oil', 'shape', 'batter', 'doughnut', 'like', 'shapes', 'hole', 'center', 'fry', 'bada', 'batches', 'sides', 'golden', 'brown', 'drain', 'paper', 'towels', 'serve', 'fresh', 'chutney', 'coriander']",Indian
12088,"['mix', 'everything', 'except', 'the', 'onion', 'and', 'the', 'oil', 'crushing', 'chilies', 'with', 'your', 'hand', 'put', 'it', 'on', 'to', 'boil', 'when', 'it', 'comes', 'to', 'a', 'rolling', 'boil', 'take', 'it', 'off', 'the', 'stove', 'in', 'a', 'seperate', 'pan', 'heat', 'the', 'oil', 'and', 'fry', 'the', 'onion', 'add', 'to', 'the', 'pepper', 'water', 'let', 'it', 'boil', 'a', 'bit', 'then', 'let', 'it', 'rest', 'on', 'the', 'stove', 'till', 'the', 'spices', 'settle', 'to', 'the', 'bottom', 'pour', 'out', 'into', 'a', 'servingin', 'dish', 'being', 'careful', 'not', 'to', 'let', 'the', 'settled', 'spices', 'pour', 'out']","['mix', 'everything', 'except', 'onion', 'oil', 'crushing', 'chilies', 'hand', 'put', 'boil', 'comes', 'rolling', 'boil', 'take', 'stove', 'seperate', 'pan', 'heat', 'oil', 'fry', 'onion', 'add', 'pepper', 'water', 'let', 'boil', 'bit', 'let', 'rest', 'stove', 'till', 'spices', 'settle', 'bottom', 'pour', 'servingin', 'dish', 'careful', 'let', 'settled', 'spices', 'pour']",Indian
8230,"['crush', 'the', 'salt', 'into', 'the', 'ginger', 'and', 'garlic', 'to', 'make', 'a', 'pulp', 'melt', 'the', 'ghee', 'or', 'butter', 'over', 'medium', 'heat', 'inn', 'a', 'heavy', 'pan', 'and', 'fry', 'the', 'potatoes', 'till', 'well', 'browned', 'remove', 'from', 'pan', 'and', 'set', 'aside', 'add', 'the', 'oil', 'to', 'the', 'ghee', 'in', 'the', 'pan', 'and', 'when', 'hot', 'fry', 'the', 'onions', 'chillies', 'and', 'cinnamon', 'sticks', 'till', 'onions', 'are', 'soft', '5', 'minutes', 'add', 'the', 'ginger/', 'garlic', 'pulp', 'to', 'the', 'pan', 'and', 'fry', 'for', '3', 'minutes', 'stir', 'turn', 'heat', 'to', 'low', 'and', 'add', 'the', 'spice', 'paste', 'stir', 'and', 'fry', 'for', '3', 'minutes', 'add', 'the', 'meat', 'turn', 'heat', 'to', 'medium', 'and', 'fry', 'till', 'meat', 'changes', 'colour', 'stir', 'in', 'the', 'tomato', 'puree', 'cardamoms', 'cloves', 'and', 'the', 'water', 'bring', 'to', 'the', 'boil', 'cover', 'the', 'pot', 'and', 'simmer', 'for', '45', 'minutes', 'add', 'the', 'potatoes', 'and', 'simmer', 'till', 'potatoes', 'are', 'tender', 'remove', 'from', 'the', 'heat', 'stir', 'in', 'the', 'lemon', 'juice', 'and', 'coriander', 'leaves', 'serve', 'with', 'rice']","['crush', 'salt', 'ginger', 'garlic', 'make', 'pulp', 'melt', 'ghee', 'butter', 'medium', 'heat', 'inn', 'heavy', 'pan', 'fry', 'potatoes', 'till', 'well', 'browned', 'remove', 'pan', 'set', 'aside', 'add', 'oil', 'ghee', 'pan', 'hot', 'fry', 'onions', 'chillies', 'cinnamon', 'sticks', 'till', 'onions', 'soft', 'add', 'ginger/', 'garlic', 'pulp', 'pan', 'fry', 'stir', 'turn', 'heat', 'low', 'add', 'spice', 'paste', 'stir', 'fry', 'add', 'meat', 'turn', 'heat', 'medium', 'fry', 'till', 'meat', 'changes', 'colour', 'stir', 'tomato', 'puree', 'cardamoms', 'cloves', 'water', 'bring', 'boil', 'cover', 'pot', 'simmer', 'add', 'potatoes', 'simmer', 'till', 'potatoes', 'tender', 'remove', 'heat', 'stir', 'lemon', 'juice', 'coriander', 'leaves', 'serve', 'rice']",Indian
5585,"['in', 'a', 'large', 'non', 'stick', 'skillet', 'heat', 'the', 'oil', 'and', 'add', 'the', 'butter', 'sprinkle', 'each', 'chicken', 'breast', 'with', 'salt', 'pepper', 'and', 'italian', 'seasoning', 'add', 'the', 'chicken', 'to', 'the', 'skillet', 'cook', 'for', 'about', '4-5', 'minutes', 'per', 'side', 'remove', 'from', 'heat', 'and', 'top', 'each', 'breast', 'with', '3', 'slices', 'of', 'tomatoes', '1', 'basil', 'leaf', 'and', '3', 'tbs', 'cheese', 'cover', 'the', 'skillet', 'and', 'return', 'to', 'medium', 'heat', 'cook', 'until', 'the', 'cheese', 'is', 'melted', 'and', 'chicken', 'is', 'no', 'longer', 'pink', 'in', 'the', 'center', 'about', '2-3', 'minutes']","['large', 'non', 'stick', 'skillet', 'heat', 'oil', 'add', 'butter', 'sprinkle', 'chicken', 'breast', 'salt', 'pepper', 'italian', 'seasoning', 'add', 'chicken', 'skillet', 'cook', 'per', 'side', 'remove', 'heat', 'top', 'breast', 'slices', 'tomatoes', 'basil', 'leaf', 'tbs', 'cheese', 'cover', 'skillet', 'return', 'medium', 'heat', 'cook', 'cheese', 'melted', 'chicken', 'longer', 'pink', 'center']",Italian
4781,"['brown', 'the', 'meat', 'in', 'the', 'lard', 'then', 'add', 'spices', 'onion', 'wine', 'and', 'vinegar', 'simmer', 'and', 'turn', 'for', 'approximately', '1', '1/2', 'hours', 'or', 'until', 'the', 'internal', 'temperature', 'of', 'the', 'meat', 'is', '180', 'degrees', 'add', 'broth', 'as', 'needed', 'remove', 'spices', 'before', 'service', 'slice', 'and', 'serve', 'with', 'sauce', 'and', 'onions', '-note', 'putting', 'spices', 'in', 'a', 'flow', 'through', 'bag', 'during', 'simmering', 'makes', 'them', 'easier', 'to', 'remove', '-recommended', 'sides', 'fried', 'zucchini', 'roasted', 'red', 'potatoes']","['brown', 'meat', 'lard', 'add', 'spices', 'onion', 'wine', 'vinegar', 'simmer', 'turn', 'approximately', 'internal', 'temperature', 'meat', 'add', 'broth', 'needed', 'remove', 'spices', 'service', 'slice', 'serve', 'sauce', 'onions', 'note', 'putting', 'spices', 'flow', 'bag', 'simmering', 'makes', 'easier', 'remove', 'recommended', 'sides', 'fried', 'zucchini', 'roasted', 'red', 'potatoes']",Italian
11338,"['in', 'a', '1', 'quat', 'saucepan', 'cook', 'onion', 'garlic', 'and', 'gingerroot', 'in', 'hot', 'oil', 'till', 'onion', 'is', 'golden', 'brown', 'stir', 'in', 'curry', 'powder', 'cook', 'for', '1', 'minute', 'more', 'add', 'barbecue', 'sauce', 'paprika', 'salt', 'and', 'pepper', 'sauce', 'bring', 'to', 'a', 'boil', 'reduce', 'heat', 'and', 'simmer', 'uncovered', 'for', '5', 'minutes', 'remove', 'from', 'heat', 'cool', 'slightly', 'stir', 'in', 'yogurt', 'place', 'sauce', 'in', 'a', 'blender', 'cover', 'and', 'blend', 'until', 'smooth']","['quat', 'saucepan', 'cook', 'onion', 'garlic', 'gingerroot', 'hot', 'oil', 'till', 'onion', 'golden', 'brown', 'stir', 'curry', 'powder', 'cook', 'add', 'barbecue', 'sauce', 'paprika', 'salt', 'pepper', 'sauce', 'bring', 'boil', 'reduce', 'heat', 'simmer', 'uncovered', 'remove', 'heat', 'cool', 'slightly', 'stir', 'yogurt', 'place', 'sauce', 'blender', 'cover', 'blend', 'smooth']",Indian
2130,"['mix', 'the', 'tvp', 'into', 'the', 'hot', 'water', 'let', 'stand', 'for', 'a', 'few', 'minutes', 'add', 'everything', 'else', 'and', 'form', 'into', 'two', 'patties', 'fry', 'in', 'non-stick', 'pan']","['mix', 'tvp', 'hot', 'water', 'let', 'stand', 'add', 'everything', 'else', 'form', 'two', 'patties', 'fry', 'non', 'stick', 'pan']",Italian
10368,"['meatballs', 'combine', 'all', 'ingredients', 'except', 'oil', 'in', 'a', 'bowl', 'heat', 'the', 'oil', 'in', 'a', 'frying', 'pan', 'scoop', 'out', 'about', 'a', 'ping', 'pong', 'ball', 'size', 'of', 'the', 'mixture', 'place', 'into', 'the', 'frying', 'pan', 'continue', 'until', 'all', 'the', 'mixture', 'is', 'gone', 'brown', 'the', 'meatballs', 'on', 'both', 'sides', 'but', 'do', 'not', 'cook', 'through', 'stew', 'heat', 'oil', 'in', 'a', 'large', 'pot', 'then', 'saute', 'onion', 'garlic', 'until', 'lightly', 'browned', 'add', 'spices', 'cook', 'stirring', 'until', 'fragrant', 'add', 'broth', 'potatoes', 'lentils', 'spices/herb', 'meatballs', 'bring', 'to', 'a', 'boil', 'then', 'immediately', 'reduce', 'heat', 'to', 'simmer', 'covered', 'for', '20', 'minutes', 'until', 'potatoes', 'are', 'cooked', 'and', 'sauce', 'is', 'thickened', 'optional', 'serve', 'over', 'basmati', 'rice', 'cooked', 'in', 'chicken', 'broth', 'or', 'use', 'thick', 'bread', 'to', 'scoop', 'up', 'the', 'meatballs', 'lentils']","['meatballs', 'combine', 'ingredients', 'except', 'oil', 'bowl', 'heat', 'oil', 'frying', 'pan', 'scoop', 'ping', 'pong', 'ball', 'size', 'mixture', 'place', 'frying', 'pan', 'continue', 'mixture', 'gone', 'brown', 'meatballs', 'sides', 'cook', 'stew', 'heat', 'oil', 'large', 'pot', 'saute', 'onion', 'garlic', 'lightly', 'browned', 'add', 'spices', 'cook', 'stirring', 'fragrant', 'add', 'broth', 'potatoes', 'lentils', 'spices/herb', 'meatballs', 'bring', 'boil', 'immediately', 'reduce', 'heat', 'simmer', 'covered', 'potatoes', 'cooked', 'sauce', 'thickened', 'optional', 'serve', 'basmati', 'rice', 'cooked', 'chicken', 'broth', 'use', 'thick', 'bread', 'scoop', 'meatballs', 'lentils']",Indian
8068,"['cook', 'the', '2', 'cups', 'rice', 'with', 'water', 'and', 'the', '1/2', 'teaspoons', 'turmeric', 'until', 'tender', 'set', 'aside', 'to', 'cool', 'dry', 'fry', 'the', '1/2', 'teaspoons', 'fenugreek', 'seeds', 'and', 'powder', 'them', 'set', 'aside', 'dry', 'fry', 'the', 'sesame', 'seeds', 'and', 'powder', 'them', 'set', 'aside', 'in', 'a', 'dutch', 'oven', 'or', 'other', 'large', 'cooking', 'vessel', 'put', 'the', '3', 'table', 'oil', '1', 'table', 'urad', 'dal', '1', 'table', 'chana', 'dal', '1', 'table', 'mustard', 'seeds', 'and', 'the', 'dried', 'red', 'chilies', 'split', 'the', 'serrano', 'chilies', 'part', 'way', 'up', 'and', 'add', 'them', 'to', 'the', 'spices', 'heat', 'over', 'high', 'heat', 'until', 'the', 'mustard', 'seeds', 'are', 'popping', 'and', 'the', 'dals', 'are', 'light', 'brown', 'reduce', 'heat', 'to', 'medium', 'and', 'stir', 'in', 'the', '12', 'curry', 'leaves', 'add', 'the', 'tamarind', 'concentrate', 'and', '1/2', 'cup', 'water', 'stir-fry', 'for', '3', 'minutes', 'adding', 'a', 'little', 'more', 'water', 'if', 'needed', 'the', 'tamarind', 'concentrate', 'needs', 'to', 'cook', 'a', 'bit', 'to', 'loose', 'its', 'raw', 'taste', 'stir', 'in', '1/4', 'teaspoons', 'hing', 'the', 'powdered', 'fenugreek', 'seeds', 'and', 'the', 'powdered', 'sesame', 'seeds', 'cook', 'for', '2', 'more', 'minutes', 'the', 'water', 'should', 'have', 'evaporated', 'by', 'this', 'time', 'reduce', 'heat', 'to', 'low', 'and', 'stir', 'in', '2', 'teaspoons', 'salt', 'slowly', 'add', 'the', 'cooked', 'rice', 'and', 'stir', 'until', 'it', 'is', 'well', 'mixed', 'remove', 'from', 'heat', 'in', 'a', 'small', 'frying', 'pan', 'put', 'the', 'remaining', 'oil', 'urad', 'dal', 'chana', 'dal', 'and', 'mustard', 'seeds', 'heat', 'over', 'high', 'heat', 'until', 'the', 'dals', 'are', 'light', 'brown', 'quickly', 'stir', 'in', 'the', '6', 'curry', 'leaves', 'and', 'then', 'pour', 'the', 'spices', 'over', 'the', 'top', 'of', 'the', 'rice', 'for', 'a', 'crunchy', 'topping', '1', 'teaspoons', 'of', 'curry', 'powder', 'can', 'be', 'added', 'when', 'you', 'add', 'the', 'powdered', 'sesame', 'seeds', 'if', 'desired']","['cook', 'rice', 'water', 'turmeric', 'tender', 'set', 'aside', 'cool', 'dry', 'fry', 'fenugreek', 'seeds', 'powder', 'set', 'aside', 'dry', 'fry', 'sesame', 'seeds', 'powder', 'set', 'aside', 'dutch', 'oven', 'large', 'cooking', 'vessel', 'put', 'table', 'oil', 'table', 'urad', 'dal', 'table', 'chana', 'dal', 'table', 'mustard', 'seeds', 'dried', 'red', 'chilies', 'split', 'serrano', 'chilies', 'part', 'way', 'add', 'spices', 'heat', 'high', 'heat', 'mustard', 'seeds', 'popping', 'dals', 'light', 'brown', 'reduce', 'heat', 'medium', 'stir', 'curry', 'leaves', 'add', 'tamarind', 'concentrate', 'water', 'stir', 'fry', 'adding', 'little', 'water', 'needed', 'tamarind', 'concentrate', 'needs', 'cook', 'bit', 'loose', 'raw', 'taste', 'stir', 'hing', 'powdered', 'fenugreek', 'seeds', 'powdered', 'sesame', 'seeds', 'cook', 'water', 'evaporated', 'time', 'reduce', 'heat', 'low', 'stir', 'salt', 'slowly', 'add', 'cooked', 'rice', 'stir', 'well', 'mixed', 'remove', 'heat', 'small', 'frying', 'pan', 'put', 'remaining', 'oil', 'urad', 'dal', 'chana', 'dal', 'mustard', 'seeds', 'heat', 'high', 'heat', 'dals', 'light', 'brown', 'quickly', 'stir', 'curry', 'leaves', 'pour', 'spices', 'top', 'rice', 'crunchy', 'topping', 'curry', 'powder', 'added', 'add', 'powdered', 'sesame', 'seeds', 'desired']",Indian
883,"['in', '4-quart', 'dutch', 'oven', 'cook', 'beef', 'over', 'medium', 'heat', 'stirring', 'occasionally', 'until', 'thoroughly', 'cooked', 'drain', 'stir', 'in', 'spaghetti', 'sauce', 'mushrooms', 'and', 'water', 'heat', 'to', 'boiling', 'reduce', 'heat', 'in', 'medium', 'bowl', 'mix', 'bisquick', 'mix', 'spinach', 'cheese', 'and', 'milk', 'until', 'soft', 'dough', 'forms', 'drop', 'dough', 'by', '10', 'spoonfuls', 'onto', 'hot', 'spaghetti', 'mixture', 'cook', 'uncovered', 'over', 'low', 'heat', '10', 'minutes', 'cover', 'cook', '10', 'minutes', 'longer', 'high', 'altitude', '3500-6500', 'ft', 'cook', 'dumplings', 'uncovered', 'over', 'low', 'heat', '10', 'minutes', 'cover', 'cook', '12', 'minutes', 'longer']","['4', 'quart', 'dutch', 'oven', 'cook', 'beef', 'medium', 'heat', 'stirring', 'occasionally', 'thoroughly', 'cooked', 'drain', 'stir', 'spaghetti', 'sauce', 'mushrooms', 'water', 'heat', 'boiling', 'reduce', 'heat', 'medium', 'bowl', 'mix', 'bisquick', 'mix', 'spinach', 'cheese', 'milk', 'soft', 'dough', 'forms', 'drop', 'dough', 'spoonfuls', 'onto', 'hot', 'spaghetti', 'mixture', 'cook', 'uncovered', 'low', 'heat', 'cover', 'cook', 'longer', 'high', 'altitude', 'ft', 'cook', 'dumplings', 'uncovered', 'low', 'heat', 'cover', 'cook', 'longer']",Italian
2526,"['heat', 'oil', 'in', 'pan', 'large', 'enough', 'to', 'hold', 'all', 'the', 'lamb', 'add', 'pancetta', 'and', 'saute', 'for', 'a', 'few', 'minutes', 'add', 'garlic', 'and', 'sage', 'and', 'saute', 'a', 'minute', 'more', 'before', 'adding', 'the', 'lamb', 'brown', 'lamb', 'on', 'all', 'sides', 'then', 'add', 'all', 'the', 'wine', 'season', 'to', 'taste', 'cover', 'and', 'cook', 'for', 'about', '15', 'minutes', 'to', '1/2', 'hour', 'just', 'before', 'ready', 'to', 'serve', 'turn', 'heat', 'up', 'uncover', 'and', 'reduce', 'sauce', 'by', 'half', 'serve', 'with', 'sauce', 'poured', 'over', 'the', 'lamb']","['heat', 'oil', 'pan', 'large', 'enough', 'hold', 'lamb', 'add', 'pancetta', 'saute', 'add', 'garlic', 'sage', 'saute', 'adding', 'lamb', 'brown', 'lamb', 'sides', 'add', 'wine', 'season', 'taste', 'cover', 'cook', 'ready', 'serve', 'turn', 'heat', 'uncover', 'reduce', 'sauce', 'half', 'serve', 'sauce', 'poured', 'lamb']",Italian
3856,"['heat', 'oven', 'to', '325.', 'place', 'beef', 'in', 'shallow', 'roasting', 'pan', 'brush', 'with', 'oil', 'sprinkle', 'evenly', 'with', 'dressing', 'mix', 'insert', 'meat', 'thermometer', 'so', 'tip', 'is', 'in', 'thickest', 'part', 'of', 'beef', 'bake', 'uncovered', '1', '1/2', 'to', '2', 'hours', 'or', 'until', 'thermometer', 'reads', '140.', 'cover', 'beef', 'with', 'aluminum', 'foil', 'and', 'let', 'stand', 'about', '15', 'minutes', 'or', 'until', 'thermometer', 'reads', '145', 'temperature', 'will', 'continue', 'to', 'rise', 'about', '5', 'degrees', 'and', 'beef', 'will', 'be', 'easier', 'to', 'carve.', 'serve', 'with', 'pan', 'drippings']","['heat', 'oven', 'place', 'beef', 'shallow', 'roasting', 'pan', 'brush', 'oil', 'sprinkle', 'evenly', 'dressing', 'mix', 'insert', 'meat', 'thermometer', 'tip', 'thickest', 'part', 'beef', 'bake', 'uncovered', 'thermometer', 'reads', 'cover', 'beef', 'aluminum', 'foil', 'let', 'stand', 'thermometer', 'reads', 'temperature', 'continue', 'rise', 'beef', 'easier', 'carve.', 'serve', 'pan', 'drippings']",Italian
12904,"['put', 'water', 'on', 'the', 'heat', 'for', 'boiling', 'alongwith', 'crushed', 'clove', 'and', 'cinammon', 'powder', 'cover', 'with', 'a', 'lid', 'tightly', 'so', 'as', 'to', 'retain', 'the', 'flavours', 'let', 'it', 'boil', 'for', 'good', '2', 'minutes', 'lower', 'the', 'heat', 'and', 'add', 'tealeaves/teabag', 'turn', 'the', 'heat', 'off', 'and', 'let', 'it', 'stand', 'pour', 'in', 'the', 'cup', 'and', 'add', 'sugar', 'and', 'milk', 'sip', 'sip', 'sip']","['put', 'water', 'heat', 'boiling', 'alongwith', 'crushed', 'clove', 'cinammon', 'powder', 'cover', 'lid', 'tightly', 'retain', 'flavours', 'let', 'boil', 'good', 'lower', 'heat', 'add', 'tealeaves/teabag', 'turn', 'heat', 'let', 'stand', 'pour', 'add', 'sugar', 'milk', 'sip', 'sip', 'sip']",Indian
10344,"['put', 'all', 'the', 'ingredients', 'except', 'ice', 'into', 'the', 'blender', 'and', 'blend', 'smooth', 'if', 'it', ""'s"", 'too', 'thick', 'add', 'a', 'bit', 'of', 'water', 'until', 'it', ""'s"", 'the', 'consistency', 'you', 'want.', 'serve', 'very', 'cold', 'over', 'ice']","['put', 'ingredients', 'except', 'ice', 'blender', 'blend', 'smooth', 'thick', 'add', 'bit', 'water', 'consistency', 'want.', 'serve', 'cold', 'ice']",Indian
11913,"['combine', 'first', '8', 'ingredients', 'melt', 'butter', 'in', 'a', 'dutch', 'oven', 'over', 'medium', 'heat', 'saute', 'onion', 'garlic', 'for', '5', 'minutes', 'stirring', 'frequently', 'stir', 'in', 'spice', 'mixture', 'cook', '5', 'minutes', 'stirring', 'frequently', 'add', 'chicken', 'cook', '10', 'minutes', 'stirring', 'frequently', 'combine', 'yogurt', 'and', 'tomato', 'paste', 'add', 'yogurt', 'mixture', 'potato', 'and', 'water', 'to', 'pan', 'bring', 'to', 'a', 'boil', 'cover', 'reduce', 'heat', 'and', 'simmer', '1', 'hour', 'stirring', 'occasionally', 'serve', 'over', 'rice', 'and', 'enjoy']","['combine', 'first', 'ingredients', 'melt', 'butter', 'dutch', 'oven', 'medium', 'heat', 'saute', 'onion', 'garlic', 'stirring', 'frequently', 'stir', 'spice', 'mixture', 'cook', 'stirring', 'frequently', 'add', 'chicken', 'cook', 'stirring', 'frequently', 'combine', 'yogurt', 'tomato', 'paste', 'add', 'yogurt', 'mixture', 'potato', 'water', 'pan', 'bring', 'boil', 'cover', 'reduce', 'heat', 'simmer', 'stirring', 'occasionally', 'serve', 'rice', 'enjoy']",Indian
8044,"['heat', 'the', 'oil', 'in', 'a', 'large', 'skillet', 'and', 'add', 'chopped', 'onion', 'garlic', 'and', 'okra', 'it', 'is', 'important', 'to', 'properly', 'cook', 'the', 'okra', 'so', 'that', 'it', 'browns', 'loses', 'much', 'of', 'its', 'slick', 'texture', 'and', 'brings', 'the', 'flavor', 'out', 'if', 'you', 'are', 'using', 'raw', 'chicken', 'instead', 'of', 'cooked', 'add', 'it', 'at', 'this', 'time', 'when', 'okra', 'or', 'onion', 'is', 'browned', 'lightly', 'and', 'if', 'you', 'used', 'raw', 'chicken', 'make', 'sure', 'it', 'is', 'cooked', 'through', 'add', 'the', 'mushrooms', 'tomatoes', 'with', 'juice', 'chopped', 'cooked', 'chicken', 'ginger', 'chopped', 'chillies', 'curry', 'powder', 'and', 'water', 'stir', 'well', 'bring', 'to', 'a', 'boil', 'then', 'lower', 'heat', 'and', 'simmer', 'covered', 'for', '20', 'minutes', 'or', 'until', 'the', 'mushrooms', 'have', 'cooked', 'through', 'sprinkle', 'dish', 'with', '1-2', 'teaspoons', 'garam', 'masala', 'serve', 'curry', 'hot', 'with', 'steamed', 'basmati', 'rice']","['heat', 'oil', 'large', 'skillet', 'add', 'chopped', 'onion', 'garlic', 'okra', 'important', 'properly', 'cook', 'okra', 'browns', 'loses', 'much', 'slick', 'texture', 'brings', 'flavor', 'using', 'raw', 'chicken', 'instead', 'cooked', 'add', 'time', 'okra', 'onion', 'browned', 'lightly', 'used', 'raw', 'chicken', 'make', 'sure', 'cooked', 'add', 'mushrooms', 'tomatoes', 'juice', 'chopped', 'cooked', 'chicken', 'ginger', 'chopped', 'chillies', 'curry', 'powder', 'water', 'stir', 'well', 'bring', 'boil', 'lower', 'heat', 'simmer', 'covered', 'mushrooms', 'cooked', 'sprinkle', 'dish', 'garam', 'masala', 'serve', 'curry', 'hot', 'steamed', 'basmati', 'rice']",Indian
2054,"['heat', 'oil', 'in', 'large', 'pan', 'and', 'add', 'onion', 'cooking', 'until', 'soft', 'add', 'rice', 'and', 'stir', 'until', 'fully', 'coated', 'in', 'oil', 'add', 'canned', 'tomates', 'and', 'water', 'and', 'bring', 'to', 'the', 'boil', 'simmer', 'covered', 'for', '15', 'minutes', 'stir', 'once', 'or', 'twice', 'remove', 'from', 'heat', 'and', 'let', 'stand', 'still', 'covered', 'for', '10', 'minutes', 'stir', 'in', 'remaining', 'ingredients', 'and', 'serve', 'immediately']","['heat', 'oil', 'large', 'pan', 'add', 'onion', 'cooking', 'soft', 'add', 'rice', 'stir', 'fully', 'coated', 'oil', 'add', 'canned', 'tomates', 'water', 'bring', 'boil', 'simmer', 'covered', 'stir', 'twice', 'remove', 'heat', 'let', 'stand', 'still', 'covered', 'stir', 'remaining', 'ingredients', 'serve', 'immediately']",Italian
184,"['preheat', 'the', 'oven', 'to', '400°f', 'spread', 'the', 'potatoes', 'zucchini', 'onion', 'pepper', 'and', 'tomatoes', 'in', 'a', 'shallow', 'roasting', 'tin', 'and', 'scatter', 'over', 'the', 'olives', 'season', 'with', 'salt', 'and', 'coarsely', 'ground', 'black', 'pepper', 'slash', 'the', 'flesh', 'of', 'each', 'chicken', 'breast', '3-4', 'times', 'using', 'a', 'sharp', 'knife', 'then', 'lay', 'the', 'chicken', 'on', 'top', 'of', 'the', 'vegetables', 'mix', 'the', 'olive', 'oil', 'and', 'pesto', 'together', 'until', 'well', 'blended', 'and', 'spoon', 'evenly', 'over', 'the', 'chicken', 'cover', 'the', 'tin', 'with', 'foil', 'and', 'cook', 'for', '40', 'minutes', 'remove', 'the', 'foil', 'from', 'the', 'tin', 'return', 'to', 'the', 'oven', 'and', 'cook', 'for', 'a', 'further', '10', 'minutes', 'until', 'the', 'vegetables', 'are', 'juicy', 'and', 'look', 'tempting', 'to', 'eat', 'and', 'the', 'chicken', 'is', 'cooked', 'through', 'the', 'juices', 'should', 'run', 'clear', 'when', 'pierced', 'with', 'a', 'skewer']","['preheat', 'oven', '400°f', 'spread', 'potatoes', 'zucchini', 'onion', 'pepper', 'tomatoes', 'shallow', 'roasting', 'tin', 'scatter', 'olives', 'season', 'salt', 'coarsely', 'ground', 'black', 'pepper', 'slash', 'flesh', 'chicken', 'breast', 'times', 'using', 'sharp', 'knife', 'lay', 'chicken', 'top', 'vegetables', 'mix', 'olive', 'oil', 'pesto', 'together', 'well', 'blended', 'spoon', 'evenly', 'chicken', 'cover', 'tin', 'foil', 'cook', 'remove', 'foil', 'tin', 'return', 'oven', 'cook', 'vegetables', 'juicy', 'look', 'tempting', 'eat', 'chicken', 'cooked', 'juices', 'run', 'clear', 'pierced', 'skewer']",Italian
11034,"['first', 'of', 'all', 'you', 'soak', 'the', 'tamrind', 'ball', 'in', 'water', 'and', 'extract', 'pulp', 'chop', 'six', 'cloves', 'garlic', 'and', 'keep', 'aside', 'heat', '1', 'tsp', 'oil', 'in', 'a', 'frying', 'pan', 'and', 'roast', 'sesame', 'seeds', 'cashew', 'nuts', 'peanuts', 'desiccated', 'coconut', 'corinader', 'seeds', 'cumin', 'seeds', 'and', 'onion', 'and', 'grind', 'to', 'a', 'paste', 'grind', 'ginger', 'remaining', 'garlic', 'chilli', 'powder', 'and', 'turmeric', 'together', 'mix', 'both', 'the', 'pastes', 'and', 'add', 'salt', 'to', 'taste', 'set', 'aside', 'silt', 'chilles', 'stem', 'intact', 'heat', 'oil', 'add', 'chopped', 'garlic', 'red', 'chillies', 'and', 'curry', 'leaves', 'fry', 'a', 'little', 'before', 'putting', 'in', 'the', 'ground', 'pastes', 'now', 'fry', 'the', 'paste', 'till', 'it', 'stops', 'sticking', 'to', 'the', 'sides', 'this', 'happens', 'quick', 'now', 'add', 'the', 'chillies', 'and', 'tamring', 'pulp', 'cook', 'covered', 'on', 'slow', 'heat', 'till', 'tender']","['first', 'soak', 'tamrind', 'ball', 'water', 'extract', 'pulp', 'chop', 'six', 'cloves', 'garlic', 'keep', 'aside', 'heat', 'oil', 'frying', 'pan', 'roast', 'sesame', 'seeds', 'cashew', 'nuts', 'peanuts', 'desiccated', 'coconut', 'corinader', 'seeds', 'cumin', 'seeds', 'onion', 'grind', 'paste', 'grind', 'ginger', 'remaining', 'garlic', 'chilli', 'powder', 'turmeric', 'together', 'mix', 'pastes', 'add', 'salt', 'taste', 'set', 'aside', 'silt', 'chilles', 'stem', 'intact', 'heat', 'oil', 'add', 'chopped', 'garlic', 'red', 'chillies', 'curry', 'leaves', 'fry', 'little', 'putting', 'ground', 'pastes', 'fry', 'paste', 'till', 'stops', 'sticking', 'sides', 'happens', 'quick', 'add', 'chillies', 'tamring', 'pulp', 'cook', 'covered', 'slow', 'heat', 'till', 'tender']",Indian
2031,"['prepare', 'a', 'steamer', 'and', 'bring', 'it', 'to', 'temperature', 'then', 'arrange', 'the', 'sole', 'without', 'the', 'skin', 'and', 'with', 'the', 'herbs', 'let', '’', 's', 'cook', 'for', '3', 'minutes', 'per', 'side', 'add', 'salt', 'if', 'necessary', 'and', 'serve', 'for', 'the', 'fennel', 'salad', 'wash', 'and', 'cut', 'the', 'fennel', 'into', 'thin', 'slices', 'take', 'the', 'juice', 'of', 'half', 'an', 'orange', 'and', 'mix', 'it', 'with', '2', 'teaspoons', 'of', 'mustard', 'season', 'the', 'salad', 'with', 'fennel', 'emulsion', 'and', 'add', 'salt', 'i', 'used', 'the', 'curry', 'and', 'orange', 'flavored', 'salt', 'present', 'the', 'salad', 'garnished', 'with', 'fennel', 'slices', 'of', 'the', 'remaining', 'orange', 'and', 'black', 'olives']","['prepare', 'steamer', 'bring', 'temperature', 'arrange', 'sole', 'without', 'skin', 'herbs', 'let', '’', 'cook', 'per', 'side', 'add', 'salt', 'necessary', 'serve', 'fennel', 'salad', 'wash', 'cut', 'fennel', 'thin', 'slices', 'take', 'juice', 'half', 'orange', 'mix', 'mustard', 'season', 'salad', 'fennel', 'emulsion', 'add', 'salt', 'used', 'curry', 'orange', 'flavored', 'salt', 'present', 'salad', 'garnished', 'fennel', 'slices', 'remaining', 'orange', 'black', 'olives']",Italian
1205,"['place', 'beans', 'in', 'a', 'bowl', 'add', '2', 'cups', 'of', 'the', 'water', 'let', 'stand', 'overnight', 'or', 'bring', 'to', 'boiling', 'in', 'a', 'medium', 'saucepan', 'boil', 'briskly', '2', 'minutes.', 'remove', 'from', 'heat', 'let', 'stand', 'covered', '1', 'hour', 'in', 'a', '5-6-quart', 'kettle', 'heat', 'oil', 'cook', 'carrot', 'celery', 'and', 'onion', 'until', 'onion', 'is', 'soft', 'mix', 'in', 'garlic', 'parsley', 'and', 'pepperoni', 'add', 'ham', 'hock', 'tomatoes', 'coarsely', 'chopped', 'with', 'liquid', 'basil', 'bay', 'leaf', 'beans', 'and', 'liquid', 'and', 'remaining', 'cups', 'water', 'bring', 'to', 'boiling', 'cover', 'reduce', 'heat', 'simmer', 'until', 'beans', 'are', 'tender', 'and', 'ham', 'separates', 'from', 'bone', 'about', '2', 'hours', 'remove', 'ham', 'hock', 'discard', 'bones', 'fat', 'skin', 'and', 'bay', 'leaf', 'return', 'ham', 'in', 'chunks', 'skim', 'discard', 'fat', 'remove', '1', 'cup', 'of', 'the', 'beans', 'press', 'through', 'food', 'mill', 'or', 'puree', 'in', 'blender', 'with', 'a', 'little', 'soup', 'liquid', 'to', 'soup', 'add', 'pasta', 'shells', 'bring', 'to', 'boiling', 'cook', 'uncovered', 'stirring', 'until', 'pasta', 'is', 'tender', '12-15', 'minutes', 'season', 'to', 'taste', 'with', 'salt']","['place', 'beans', 'bowl', 'add', 'water', 'let', 'stand', 'overnight', 'bring', 'boiling', 'medium', 'saucepan', 'boil', 'briskly', 'minutes.', 'remove', 'heat', 'let', 'stand', 'covered', '5', '6', 'quart', 'kettle', 'heat', 'oil', 'cook', 'carrot', 'celery', 'onion', 'onion', 'soft', 'mix', 'garlic', 'parsley', 'pepperoni', 'add', 'ham', 'hock', 'tomatoes', 'coarsely', 'chopped', 'liquid', 'basil', 'bay', 'leaf', 'beans', 'liquid', 'remaining', 'water', 'bring', 'boiling', 'cover', 'reduce', 'heat', 'simmer', 'beans', 'tender', 'ham', 'separates', 'bone', 'remove', 'ham', 'hock', 'discard', 'bones', 'fat', 'skin', 'bay', 'leaf', 'return', 'ham', 'chunks', 'skim', 'discard', 'fat', 'remove', 'beans', 'press', 'food', 'mill', 'puree', 'blender', 'little', 'soup', 'liquid', 'soup', 'add', 'pasta', 'shells', 'bring', 'boiling', 'cook', 'uncovered', 'stirring', 'pasta', 'tender', 'season', 'taste', 'salt']",Italian
2534,"['brown', 'meat', 'and', 'cook', 'onions', 'together', 'along', 'with', 'garlic', 'cooking', 'them', 'together', 'until', 'the', 'juices', 'are', 'mostly', 'gone', 'add', 'diced', 'tomatoes', 'and', 'spices', 'let', 'it', 'cook', 'for', 'about', 'twenty', 'minutes', 'stirring', 'frequently', 'add', 'everything', 'else', 'stir', 'in', 'thoroughly', 'and', 'let', 'it', 'simmer', 'for', '1-2', 'hours', 'alternately', 'step', '1', 'can', 'be', 'done', 'on', 'the', 'stove', 'top', 'and', 'the', 'others', 'may', 'be', 'done', 'in', 'a', 'slow', 'cooker', 'the', 'slow', 'cooker', 'method', 'does', 'allow', 'for', 'the', 'flavors', 'to', 'blend', 'better']","['brown', 'meat', 'cook', 'onions', 'together', 'along', 'garlic', 'cooking', 'together', 'juices', 'mostly', 'gone', 'add', 'diced', 'tomatoes', 'spices', 'let', 'cook', 'twenty', 'stirring', 'frequently', 'add', 'everything', 'else', 'stir', 'thoroughly', 'let', 'simmer', 'alternately', 'step', 'done', 'stove', 'top', 'others', 'may', 'done', 'slow', 'cooker', 'slow', 'cooker', 'method', 'allow', 'flavors', 'blend', 'better']",Italian
2053,"['put', 'chicken', 'into', 'crock', 'pot', 'remove', 'any', 'skin', 'first', 'pour', '1', 'jar', 'of', 'sauce', 'over', 'chicken', 'cook', '6-8', 'hours', 'cooking', 'time', 'optional', 'at', 'the', 'last', 'hour', 'of', 'cooking', 'time', 'sprinkle', 'uncle', 'ben', ""'s"", 'converted', 'rice', 'on', 'top']","['put', 'chicken', 'crock', 'pot', 'remove', 'skin', 'first', 'pour', 'jar', 'sauce', 'chicken', 'cook', 'cooking', 'time', 'optional', 'last', 'cooking', 'time', 'sprinkle', 'uncle', 'ben', 'converted', 'rice', 'top']",Italian
3437,"['preheat', 'oven', 'to', '350', 'degrees', 'grease', 'a', '9', 'inch', 'springform', 'pan', 'and', 'set', 'aside', 'combine', 'flour', 'baking', 'soda', 'baking', 'powder', 'and', 'salt', 'and', 'set', 'aside', 'in', 'a', 'large', 'mixing', 'bowl', 'combine', '2/3', 'cup', 'sugar', '1/2', 'cup', 'sour', 'cream', 'melted', 'butter', 'eggs', 'and', 'vanilla', 'and', '1/2', 'tsp', 'almond', 'extract', 'beat', 'with', 'an', 'electric', 'mixer', 'until', 'combined', 'add', 'flour', 'mixture', 'to', 'sugar', 'mixture', 'and', 'mix', 'until', 'combined', 'in', 'a', 'samll', 'bowl', 'beat', 'cream', 'cheese,1/4', 'cup', 'sour', 'cream', '1/4', 'cup', 'sugar', 'and', '1/4', 'tsp', 'almond', 'extract', 'and', 'set', 'aside', 'pour', 'batter', 'into', 'prepared', 'pan', 'and', 'bake', 'for', '15', 'minutes', 'remove', 'partially', 'baked', 'cake', 'spoon', 'mixture', 'of', 'cream', 'cheese', 'and', 'sour', 'cream', 'onto', 'cake', 'bake', 'an', 'additional', '20-25', 'minutes', 'cool', 'well', 'this', 'is', 'an', 'important', 'step', 'because', 'if', 'the', 'cake', 'is', 'still', 'warm', 'the', 'whipped', 'topping', 'will', 'melt', 'prepare', 'whipped', 'topping', 'according', 'to', 'directions', 'top', 'cooled', 'cake', 'with', 'whipped', 'topping', 'group', 'raspberries', 'on', 'top', 'if', 'not', 'serving', 'immediately', 'store', 'in', 'refrigerator']","['preheat', 'oven', 'grease', 'springform', 'pan', 'set', 'aside', 'combine', 'flour', 'baking', 'soda', 'baking', 'powder', 'salt', 'set', 'aside', 'large', 'mixing', 'bowl', 'combine', 'sugar', 'sour', 'cream', 'melted', 'butter', 'eggs', 'vanilla', 'almond', 'extract', 'beat', 'electric', 'mixer', 'combined', 'add', 'flour', 'mixture', 'sugar', 'mixture', 'mix', 'combined', 'samll', 'bowl', 'beat', 'cream', 'cheese,1/4', 'sour', 'cream', 'sugar', 'almond', 'extract', 'set', 'aside', 'pour', 'batter', 'prepared', 'pan', 'bake', 'remove', 'partially', 'baked', 'cake', 'spoon', 'mixture', 'cream', 'cheese', 'sour', 'cream', 'onto', 'cake', 'bake', 'additional', 'cool', 'well', 'important', 'step', 'cake', 'still', 'warm', 'whipped', 'topping', 'melt', 'prepare', 'whipped', 'topping', 'according', 'directions', 'top', 'cooled', 'cake', 'whipped', 'topping', 'group', 'raspberries', 'top', 'serving', 'immediately', 'store', 'refrigerator']",Italian
10960,"['soak', 'the', 'dried', 'apricots', 'overnight', 'in', 'mineral', 'water', 'the', 'next', 'morning', 'blend', 'the', 'apricots', 'alongwith', 'the', 'water', 'and', 'honey', 'liquify', 'in', 'the', 'blender', 'till', 'you', 'get', 'a', 'smooth', 'drinkable', 'consistency', 'enjoy']","['soak', 'dried', 'apricots', 'overnight', 'mineral', 'water', 'next', 'morning', 'blend', 'apricots', 'alongwith', 'water', 'honey', 'liquify', 'blender', 'till', 'get', 'smooth', 'drinkable', 'consistency', 'enjoy']",Indian
12773,"['heat', 'oil', 'in', 'a', 'pan', 'fry', 'onions', 'till', 'brown', 'remove', 'the', 'fried', 'onions', 'set', 'aside', 'in', 'the', 'same', 'oil', 'add', '1', 'tablespoon', 'of', 'garam', 'masala', 'ginger-garlic', 'paste', 'red', 'chilli', 'powder', 'turmeric', 'powder', 'salt', 'and', 'chicken', 'fry', 'for', '10', 'minute', 'in', 'a', 'mortar', 'and', 'pestle', 'add', 'the', 'cashew', 'nut', 'powder', 'together', 'with', 'the', 'curd', 'and', 'ground', 'it', 'add', 'to', 'the', 'chicken', 'cook', 'for', '15', 'min', 'until', 'chicken', 'is', 'tender', 'when', 'chicken', 'is', 'tender', 'and', 'cooked', 'return', 'the', 'chopped', 'fried', 'onions', 'mint', 'coriander', 'leaves', 'lemon', 'juice', '1', 'tablespoon', 'of', 'garam', 'masala', 'powder', 'a', 'pinch', 'of', 'black', 'pepper', 'powder', 'to', 'the', 'pan', 'cook', 'for', 'a', 'further', '5', 'min', 'on', 'low', 'flame']","['heat', 'oil', 'pan', 'fry', 'onions', 'till', 'brown', 'remove', 'fried', 'onions', 'set', 'aside', 'oil', 'add', 'garam', 'masala', 'ginger', 'garlic', 'paste', 'red', 'chilli', 'powder', 'turmeric', 'powder', 'salt', 'chicken', 'fry', 'mortar', 'pestle', 'add', 'cashew', 'nut', 'powder', 'together', 'curd', 'ground', 'add', 'chicken', 'cook', 'min', 'chicken', 'tender', 'chicken', 'tender', 'cooked', 'return', 'chopped', 'fried', 'onions', 'mint', 'coriander', 'leaves', 'lemon', 'juice', 'garam', 'masala', 'powder', 'pinch', 'black', 'pepper', 'powder', 'pan', 'cook', 'min', 'low', 'flame']",Indian
4120,"['combine', 'water', 'starter', 'and', 'flour', 'mix', 'by', 'hand', 'or', 'use', 'a', 'stand-up', 'mixer', 'this', 'recipe', 'requires', 'a', 'starter', 'which', 'is', 'not', 'included', 'in', 'this', 'recipe', 'add', 'salt', 'and', 'mix', 'everything', 'until', 'you', 'get', 'a', 'shaggy', 'dough', 'transfer', 'dough', 'onto', 'a', 'clean', 'counter', 'and', 'proceed', 'to', 'stretch', 'and', 'fold', 'at', 'least', 'a', 'dozen', 'times', 'place', 'in', 'a', 'covered', 'container', 'large', 'enough', 'to', 'contain', 'the', 'dough', 'after', 'it', 'has', 'doubled', 'in', 'volume.', 'which', 'will', 'take', 'approximately', '4~4.5', 'hours', 'punch', 'down', 'dough', 'and', 'transfer', 'to', 'a', 'clean', 'counter', 'for', 'degassing', 'and', 'shaping', 'place', 'shaped', 'dough', 'on', 'parchment', 'paper', 'cover', 'to', 'prevent', 'drying', 'and', 'let', 'stand', 'for', 'approx', '45', 'minutes', 'heat', 'oven', 'to', '500', 'degrees', 'fahreinheit', 'score', 'loaves', 'with', 'a', 'razor', 'blade', 'or', 'sharp', 'knife', 'mist', 'the', 'inside', 'of', 'the', 'oven', 'with', 'a', 'spray', 'bottle', 'bake', 'loaves', 'for', '10', 'minutes', 'and', 'spray', 'again', 'with', 'water', 'complete', 'baking', 'for', 'another', '20~25', 'minutes', 'until', 'crust', 'is', 'golden', 'brown', 'remove', 'from', 'oven', 'and', 'let', 'cool', 'on', 'a', 'cooling', 'rack']","['combine', 'water', 'starter', 'flour', 'mix', 'hand', 'use', 'stand', 'mixer', 'recipe', 'requires', 'starter', 'included', 'recipe', 'add', 'salt', 'mix', 'everything', 'get', 'shaggy', 'dough', 'transfer', 'dough', 'onto', 'clean', 'counter', 'proceed', 'stretch', 'fold', 'least', 'dozen', 'times', 'place', 'covered', 'container', 'large', 'enough', 'contain', 'dough', 'doubled', 'volume.', 'take', 'approximately', '4~4.5', 'punch', 'dough', 'transfer', 'clean', 'counter', 'degassing', 'shaping', 'place', 'shaped', 'dough', 'parchment', 'paper', 'cover', 'prevent', 'drying', 'let', 'stand', 'approx', 'heat', 'oven', 'fahreinheit', 'score', 'loaves', 'razor', 'blade', 'sharp', 'knife', 'mist', 'inside', 'oven', 'spray', 'bottle', 'bake', 'loaves', 'spray', 'water', 'complete', 'baking', 'another', '20~25', 'crust', 'golden', 'brown', 'remove', 'oven', 'let', 'cool', 'cooling', 'rack']",Italian
8744,"['in', 'a', '3/5', 'or', '4', 'quart', 'slow', 'cooker', 'combine', 'cauliflower', 'chickpeas', 'green', 'beans', 'carrots', 'and', 'onion', 'stir', 'in', 'broth', 'and', 'curry', 'powder', 'cover', 'and', 'cook', 'on', 'low-heat', 'setting', 'for', '5-6', 'hours', 'or', 'on', 'high-heat', 'for', '2.5', 'to', '3', 'hours', 'stir', 'in', 'coconut', 'milk', 'and', 'shredded', 'basil', 'leaves', 'spoon', 'rice', 'if', 'using', 'into', 'bowls', 'and', 'ladle', 'curry', 'over', 'the', 'top']","['slow', 'cooker', 'combine', 'cauliflower', 'chickpeas', 'green', 'beans', 'carrots', 'onion', 'stir', 'broth', 'curry', 'powder', 'cover', 'cook', 'low', 'heat', 'setting', 'high', 'heat', 'stir', 'coconut', 'milk', 'shredded', 'basil', 'leaves', 'spoon', 'rice', 'using', 'bowls', 'ladle', 'curry', 'top']",Indian
12813,"['roast', 'the', 'semolina', 'on', 'medium', 'flame', 'in', 'a', 'skillet', 'until', 'it', 'turns', 'light', 'brown', 'in', 'the', 'meantime', 'bring', 'the', 'milk', 'and', 'water', 'to', 'a', 'boil', 'add', 'sugar', 'to', 'the', 'milk-water', 'mixture', 'and', 'allow', 'it', 'to', 'completely', 'dissolve', 'make', 'sure', 'you', 'keep', 'stirring', 'it', 'every', '3-4', 'minutes', 'slowly', 'add', 'the', 'lightly', 'roasted', 'semolina', 'to', 'the', 'milk-water-sugar', 'mixture', 'once', 'the', 'sugar', 'has', 'dissolved', 'completely', 'make', 'sure', 'you', 'keep', 'stirring', 'in', 'order', 'to', 'avoid', 'the', 'formation', 'of', 'lumps', 'allow', 'to', 'cook', 'on', 'low-medium', 'flame', 'until', 'the', 'mixture', 'starts', 'leaving', 'the', 'sides', 'of', 'the', 'pan', 'in', 'the', 'meantime', 'fry', 'the', 'cardamoms', 'cashews', 'and', 'raisins', 'in', 'the', 'ghee', 'add', 'these', 'to', 'the', 'semolina', 'halwa', 'mix', 'well', 'to', 'combine', 'serve', 'hot', 'with', 'puris']","['roast', 'semolina', 'medium', 'flame', 'skillet', 'turns', 'light', 'brown', 'meantime', 'bring', 'milk', 'water', 'boil', 'add', 'sugar', 'milk', 'water', 'mixture', 'allow', 'completely', 'dissolve', 'make', 'sure', 'keep', 'stirring', 'every', 'slowly', 'add', 'lightly', 'roasted', 'semolina', 'milk', 'water', 'sugar', 'mixture', 'sugar', 'dissolved', 'completely', 'make', 'sure', 'keep', 'stirring', 'order', 'avoid', 'formation', 'lumps', 'allow', 'cook', 'low', 'medium', 'flame', 'mixture', 'starts', 'leaving', 'sides', 'pan', 'meantime', 'fry', 'cardamoms', 'cashews', 'raisins', 'ghee', 'add', 'semolina', 'halwa', 'mix', 'well', 'combine', 'serve', 'hot', 'puris']",Indian
2991,"['bring', 'a', 'large', 'pot', 'of', 'lightly', 'salted', 'water', 'to', 'a', 'boil', 'add', 'ziti', 'pasta', 'and', 'cook', 'until', 'al', 'dente', 'about', '8', 'minutes', 'drain', 'in', 'a', 'large', 'skillet', 'brown', 'onion', 'and', 'ground', 'beef', 'over', 'medium', 'heat', 'add', 'spaghetti', 'sauce', 'and', 'simmer', '15', 'minutes', 'preheat', 'the', 'oven', 'to', '350', 'degrees', 'f', '175', 'degrees', 'c', 'butter', 'a', '9', 'inch', 'baking', 'dish', 'layer', 'as', 'follows', '1/2', 'of', 'the', 'ziti', 'provolone', 'cheese', 'sour', 'cream', '1/2', 'sauce', 'mixture', 'remaining', 'ziti', 'mozzarella', 'cheese', 'and', 'remaining', 'sauce', 'mixture', 'top', 'with', 'grated', 'parmesan', 'cheese', 'bake', 'for', '30', 'minutes', 'in', 'the', 'preheated', 'oven', 'or', 'until', 'cheeses', 'are', 'melted']","['bring', 'large', 'pot', 'lightly', 'salted', 'water', 'boil', 'add', 'ziti', 'pasta', 'cook', 'al', 'dente', 'drain', 'large', 'skillet', 'brown', 'onion', 'ground', 'beef', 'medium', 'heat', 'add', 'spaghetti', 'sauce', 'simmer', 'preheat', 'oven', 'f', 'c', 'butter', 'baking', 'dish', 'layer', 'follows', 'ziti', 'provolone', 'cheese', 'sour', 'cream', 'sauce', 'mixture', 'remaining', 'ziti', 'mozzarella', 'cheese', 'remaining', 'sauce', 'mixture', 'top', 'grated', 'parmesan', 'cheese', 'bake', 'preheated', 'oven', 'cheeses', 'melted']",Italian
5577,"['in', 'a', 'large', 'soup', 'pot', 'combine', 'onion', 'bell', 'pepper', 'tomatoes', 'garlic', 'and', 'italian', 'seasoning', 'simmer', 'until', 'the', 'onion', 'and', 'bell', 'pepper', 'soften', 'add', 'the', 'remaining', 'ingredients', 'including', 'the', 'water', 'simmer', 'for', '10-15', 'minutes', 'salt', 'and', 'pepper', 'to', 'taste', 'optional', 'slice', 'a', 'loaf', 'of', 'french', 'bread', 'or', 'any', 'type', 'of', 'artisan', 'bread', 'you', 'prefer', 'and', 'place', 'in', 'the', 'oven', 'at', '350', 'degrees', 'for', 'approximately', '10-15', 'minutes', 'until', 'slightly', 'browned', 'and', 'crispy', 'top', 'each', 'bowl', 'of', 'the', 'soup', 'with', 'a', 'slice', 'of', 'the', 'bread', 'and', 'sprinkle', 'with', 'parmesean', 'cheese']","['large', 'soup', 'pot', 'combine', 'onion', 'bell', 'pepper', 'tomatoes', 'garlic', 'italian', 'seasoning', 'simmer', 'onion', 'bell', 'pepper', 'soften', 'add', 'remaining', 'ingredients', 'including', 'water', 'simmer', 'salt', 'pepper', 'taste', 'optional', 'slice', 'loaf', 'french', 'bread', 'type', 'artisan', 'bread', 'prefer', 'place', 'oven', 'approximately', 'slightly', 'browned', 'crispy', 'top', 'bowl', 'soup', 'slice', 'bread', 'sprinkle', 'parmesean', 'cheese']",Italian
1299,"['cook', 'the', 'first', 'three', 'ingredients', 'in', 'a', 'large', 'skillet', 'at', 'medium', 'heat', 'till', 'meat', 'is', 'brown', 'stirring', 'to', 'separate', 'drain', 'fat', 'stir', 'in', 'spaghetti', 'sauce', 'mix', 'well', 'combine', 'spaghetti', 'parmesan', 'eggs', 'and', 'butter', 'in', 'a', 'large', 'bowl', 'mix', 'well', 'place', 'in', 'bottom', 'of', 'a', '13', 'x', '9', 'inch', 'pan', 'spread', 'cottage', 'cheese', 'over', 'top', 'pour', 'sauce', 'mixture', 'over', 'cottage', 'cheese', 'sprinkle', 'with', 'mozzarella', 'cheese', 'bake', 'at', '350', 'degrees', 'f', 'for', 'about', '20', 'minutes']","['cook', 'first', 'three', 'ingredients', 'large', 'skillet', 'medium', 'heat', 'till', 'meat', 'brown', 'stirring', 'separate', 'drain', 'fat', 'stir', 'spaghetti', 'sauce', 'mix', 'well', 'combine', 'spaghetti', 'parmesan', 'eggs', 'butter', 'large', 'bowl', 'mix', 'well', 'place', 'bottom', 'x', 'pan', 'spread', 'cottage', 'cheese', 'top', 'pour', 'sauce', 'mixture', 'cottage', 'cheese', 'sprinkle', 'mozzarella', 'cheese', 'bake', 'f']",Italian
5013,"['whisk', 'all', 'ingredients', 'together', 'in', 'a', 'small', 'bowl', 'until', 'combined', 'completely', 'cover', 'each', 'chicken', 'breast', 'with', 'marinade', 'store', 'in', 'gallon-size', 'ziplock', 'baggies', 'tupperware', 'containers', 'or', 'other', 'sealable', 'air-tight', 'container', 'marinate', 'chicken', 'for', 'at', 'least', '4', 'hours', 'or', 'overnight']","['whisk', 'ingredients', 'together', 'small', 'bowl', 'combined', 'completely', 'cover', 'chicken', 'breast', 'marinade', 'store', 'gallon', 'size', 'ziplock', 'baggies', 'tupperware', 'containers', 'sealable', 'air', 'tight', 'container', 'marinate', 'chicken', 'least', 'overnight']",Italian
9322,"['put', 'the', 'ground', 'meat', 'in', 'a', 'larger', 'bowl', 'and', 'add', 'ginger', 'garlic', 'cayenne', 'peppers', 'onion', 'egg', 'tumeric', 'garam', 'masala', 'cilantro', 'mint', 'potato', 'and', 'salt', 'and', 'pepper', 'to', 'taste', 'mix', 'well', 'you', ""'ll"", 'have', 'to', 'use', 'your', 'hands', 'for', 'this', 'one', 'form', 'golf', 'ball', 'sized', 'balls', 'with', 'the', 'meat', 'mixture', 'and', 'set', 'aside', 'allow', 'to', 'rest', '30', 'minutes', 'heat', 'oven', 'to', '375o', 'place', 'the', 'kofta', 'on', 'a', 'non-stick', 'cookie', 'sheet', 'and', 'bake', '25', 'minutes', 'or', 'until', 'cooked', 'through', 'and', 'slightly', 'browned', 'serve', 'hot', 'with', 'nan', 'bread', 'cucumber-yogurt', 'sauce', 'and', 'a', 'fresh', 'tomato', 'and', 'mint', 'salad']","['put', 'ground', 'meat', 'larger', 'bowl', 'add', 'ginger', 'garlic', 'cayenne', 'peppers', 'onion', 'egg', 'tumeric', 'garam', 'masala', 'cilantro', 'mint', 'potato', 'salt', 'pepper', 'taste', 'mix', 'well', 'use', 'hands', 'one', 'form', 'golf', 'ball', 'sized', 'balls', 'meat', 'mixture', 'set', 'aside', 'allow', 'rest', 'heat', 'oven', '375o', 'place', 'kofta', 'non', 'stick', 'cookie', 'sheet', 'bake', 'cooked', 'slightly', 'browned', 'serve', 'hot', 'nan', 'bread', 'cucumber', 'yogurt', 'sauce', 'fresh', 'tomato', 'mint', 'salad']",Indian
8903,"['preheat', 'oven', 'to', '375°', 'place', 'the', 'cauliflower', 'florets', 'on', 'a', 'large', 'parchment-lined', 'rimmed', 'baking', 'sheet', 'drizzle', 'with', 'the', 'olive', 'oil', 'and', 'sprinkle', 'with', 'salt', 'bake', 'for', '15', 'minutes', 'meanwhile', 'whisk', 'together', 'the', 'next', '6', 'ingredients', 'together', 'in', 'a', 'large', 'bowl', 'remove', 'the', 'cauliflower', 'from', 'the', 'oven', 'allow', 'to', 'cool', 'for', '5', 'minutes', 'then', 'toss', 'in', 'the', 'yogurt', 'mixture', 'place', 'on', 'roasting', 'sheet', 'and', 'return', 'to', 'the', 'oven', 'roast', 'for', 'another', '15', 'minutes', 'until', 'just', 'tender', 'serve']","['preheat', 'oven', '375°', 'place', 'cauliflower', 'florets', 'large', 'parchment', 'lined', 'rimmed', 'baking', 'sheet', 'drizzle', 'olive', 'oil', 'sprinkle', 'salt', 'bake', 'meanwhile', 'whisk', 'together', 'next', 'ingredients', 'together', 'large', 'bowl', 'remove', 'cauliflower', 'oven', 'allow', 'cool', 'toss', 'yogurt', 'mixture', 'place', 'roasting', 'sheet', 'return', 'oven', 'roast', 'another', 'tender', 'serve']",Indian
3068,"['preheat', 'oven', 'to', '350°f', 'in', 'a', 'medium', 'pan', 'heat', 'oil', 'or', 'butter', 'over', 'medium', 'heat', 'and', 'add', 'onions', 'cook', 'till', 'onions', 'are', 'browned', 'and', 'caramelized', 'fill', 'the', 'phyllo', 'cups', 'about', '1/3', 'of', 'the', 'way', 'with', 'the', 'caramelized', 'onions', 'top', 'with', 'the', 'goat', 'cheese', 'and', 'if', 'you', ""'d"", 'like', 'a', 'sprinkle', 'of', 'cheddar', 'bake', 'for', '15', 'to', '20', 'minutes']","['preheat', 'oven', '350°f', 'medium', 'pan', 'heat', 'oil', 'butter', 'medium', 'heat', 'add', 'onions', 'cook', 'till', 'onions', 'browned', 'caramelized', 'fill', 'phyllo', 'way', 'caramelized', 'onions', 'top', 'goat', 'cheese', 'like', 'sprinkle', 'cheddar', 'bake']",Italian
4040,"['cook', 'noodles', 'as', 'per', 'instructions', 'on', 'the', 'packet', 'and', 'keep', 'aside', 'allow', 'little', 'gravy', 'in', 'them', 'and', 'do', 'not', 'dry', 'completely', 'melt', 'the', 'butter', 'in', 'a', 'heavy', 'skillet', 'over', 'medium', 'heat', 'add', 'the', 'onion', 'pepper', 'and', 'celery', 'cook', 'until', 'just', 'soft', 'add', 'the', 'tomatoes', 'okra', 'and', 'garlic', 'cook', 'for', 'an', 'additional', 'four', 'minutes', 'add', 'the', 'noodles', 'and', 'simmer', 'for', 'one', 'minute', 'longer', 'check', 'the', 'seasonings', 'and', 'serve', 'warm']","['cook', 'noodles', 'per', 'instructions', 'packet', 'keep', 'aside', 'allow', 'little', 'gravy', 'dry', 'completely', 'melt', 'butter', 'heavy', 'skillet', 'medium', 'heat', 'add', 'onion', 'pepper', 'celery', 'cook', 'soft', 'add', 'tomatoes', 'okra', 'garlic', 'cook', 'additional', 'four', 'add', 'noodles', 'simmer', 'one', 'longer', 'check', 'seasonings', 'serve', 'warm']",Italian
11404,"['drain', 'beans', 'and', 'place', 'in', 'large', 'saucepan', 'add', '4', 'c', 'water', 'and', 'bring', 'to', 'boil', 'reduce', 'heat', 'to', 'simmer', 'cover', 'and', 'cook', 'until', 'beans', 'are', 'very', 'soft', 'about', '1', 'hour', 'meanwhile', 'heat', 'oil', 'in', 'medium', 'skillet', 'and', 'saute', 'onion', 'until', 'it', 'is', 'well', 'browned', 'add', 'garlic', 'ginger', 'and', 'turmeric', 'and', 'stir', 'for', '2-3', 'minute', 'add', 'tomato', 'puree', 'coriander', 'and', 'cumin', 'and', 'simmer', 'until', 'sauce', 'is', 'thick', 'stir', 'this', 'sauce', 'into', 'the', 'pot', 'of', 'beans', 'when', 'they', 'are', 'tender', 'and', 'add', 'the', 'chiles', 'and', 'salt', 'simmer', 'uncovered', 'for', 'another', '15-20', 'min', 'to', 'allow', 'flavors', 'to', 'meld', 'stir', 'in', 'butter', 'if', 'using', 'this', 'dish', 'tastes', 'best', 'the', 'day', 'after', 'it', ""'s"", 'made', 'reheat', 'gently', 'over', 'medium', 'heat', 'to', 'serve']","['drain', 'beans', 'place', 'large', 'saucepan', 'add', 'c', 'water', 'bring', 'boil', 'reduce', 'heat', 'simmer', 'cover', 'cook', 'beans', 'soft', 'meanwhile', 'heat', 'oil', 'medium', 'skillet', 'saute', 'onion', 'well', 'browned', 'add', 'garlic', 'ginger', 'turmeric', 'stir', 'add', 'tomato', 'puree', 'coriander', 'cumin', 'simmer', 'sauce', 'thick', 'stir', 'sauce', 'pot', 'beans', 'tender', 'add', 'chiles', 'salt', 'simmer', 'uncovered', 'another', 'min', 'allow', 'flavors', 'meld', 'stir', 'butter', 'using', 'dish', 'tastes', 'best', 'day', 'made', 'reheat', 'gently', 'medium', 'heat', 'serve']",Indian
1749,"['in', 'a', 'large', 'pot', 'over', 'medium', 'heat', 'mix', 'together', 'chicken', 'broth', 'spinach', 'onions', 'carrots', 'and', 'celery', 'and', 'allow', 'to', 'simmer', 'in', 'a', 'large', 'bowl', 'mix', 'well', 'together', 'the', 'ground', 'beef', 'bread', 'crumbs', 'and', 'egg', 'make', '1/2', ""''"", 'diameter', 'meatballs', 'and', 'carefully', 'drop', 'into', 'soup', 'put', 'chunks', 'of', 'chicken', 'into', 'soup', 'and', 'allow', 'the', 'soup', 'to', 'simmer', 'for', '1', 'hour', 'add', 'pasta', '30', 'minutes', 'before', 'serving', 'stirring', 'occasionally', 'season', 'with', 'salt', 'and', 'pepper', 'to', 'taste']","['large', 'pot', 'medium', 'heat', 'mix', 'together', 'chicken', 'broth', 'spinach', 'onions', 'carrots', 'celery', 'allow', 'simmer', 'large', 'bowl', 'mix', 'well', 'together', 'ground', 'beef', 'bread', 'crumbs', 'egg', 'make', ""''"", 'diameter', 'meatballs', 'carefully', 'drop', 'soup', 'put', 'chunks', 'chicken', 'soup', 'allow', 'soup', 'simmer', 'add', 'pasta', 'serving', 'stirring', 'occasionally', 'season', 'salt', 'pepper', 'taste']",Italian
12765,"['place', 'cabbage', 'in', 'saucepan', 'and', 'cover', 'with', 'at', 'least', '1', ""''"", 'water', 'bring', 'to', 'a', 'boil', 'and', 'simmer', '5', 'minutes', 'drain', 'cabbage', 'in', 'a', 'skillet', 'melt', 'butter', 'over', 'lowheat', 'and', 'add', 'curry', 'powder', 'flour', 'salt', 'and', 'pepper', 'cook', 'stirring', 'for', '2', 'minutes', 'remove', 'from', 'heat', 'add', 'milk', 'slowly', 'while', 'stirring', 'to', 'avoid', 'lumping', 'and', 'return', 'to', 'heat', 'bring', 'to', 'a', 'boil', 'stirring', 'constantly', 'when', 'thickened', 'stir', 'cabbage', 'into', 'sauce', 'and', 'serve', 'hot']","['place', 'cabbage', 'saucepan', 'cover', 'least', ""''"", 'water', 'bring', 'boil', 'simmer', 'drain', 'cabbage', 'skillet', 'melt', 'butter', 'lowheat', 'add', 'curry', 'powder', 'flour', 'salt', 'pepper', 'cook', 'stirring', 'remove', 'heat', 'add', 'milk', 'slowly', 'stirring', 'avoid', 'lumping', 'return', 'heat', 'bring', 'boil', 'stirring', 'constantly', 'thickened', 'stir', 'cabbage', 'sauce', 'serve', 'hot']",Indian
4240,"['prepare', 'crostata', 'dough', 'sift', '2', '1/2', 'cups', 'flour', 'place', 'flour', 'butter', 'minus', '1', 'tablespoon', 'sugar', 'salt', 'and', 'lemon', 'zest', 'in', 'food', 'processor', 'pulse', 'until', 'mixture', 'is', 'moistened', 'and', 'crumbly', 'add', 'egg', 'yolks', 'and', 'pulse', 'until', 'mixture', 'just', 'begins', 'to', 'form', 'a', 'ball', 'of', 'dough', 'crust', 'can', 'be', 'mixed', 'by', 'hand', 'if', 'you', 'do', 'not', 'have', 'a', 'food', 'processor', 'remove', 'dough', 'and', 'flatten', 'into', 'a', 'disk', 'wrap', 'in', 'plastic', 'wrap', 'and', 'refrigerate', 'for', '45', 'minutes', 'preheat', 'oven', 'to', '350°f', 'unwrap', 'dough', 'and', 'place', 'it', 'on', 'a', 'floured', 'work', 'surface', 'i', 'have', 'a', 'little', 'better', 'luck', 'rolling', 'out', 'the', 'dough', 'if', 'i', 'let', 'it', 'come', 'back', 'to', 'room', 'temperature', 'a', 'bit', 'roll', 'out', 'crust', 'into', 'a', 'circle', 'about', '12', 'inches', 'in', 'diameter', 'transfer', 'circle', 'to', 'a', 'parchment', 'lined', 'baking', 'sheet', 'using', 'a', 'fork', 'prick', 'holes', 'in', 'the', 'crust', 'about', '5', 'or', '6', 'times', 'in', 'saucepan', 'over', 'low', 'heat', 'warm', 'cherry', 'or', 'strawberry', 'jam', 'with', 'remaining', '1', 'tbsp', 'butter', 'spread', 'warm', 'jam', 'in', 'a', 'thin', 'layer', 'over', 'the', 'crust', 'leaving', 'about', '1', '1/2', 'to', '2', 'inches', 'around', 'the', 'edges', 'for', 'a', 'border', 'spread', 'fresh', 'cherries', 'over', 'the', 'jam', 'fold', 'the', 'outer', 'edges', 'of', 'the', 'dough', 'over', 'the', 'fruit', 'leaving', 'about', 'a', '6-8', 'inch', 'circle', 'of', 'the', 'cherries', 'showing', 'in', 'the', 'middle', 'i', 'turned', 'the', 'halved', 'cherries', 'that', 'were', 'visible', 'in', 'the', 'middle', 'skin', 'side', 'up', 'to', 'make', 'the', 'crostata', 'look', 'a', 'bit', 'more', 'uniform', 'bake', 'until', 'golden', 'brown', 'about', '30', 'minutes', 'let', 'cool', 'dust', 'with', 'powdered', 'sugar', 'if', 'desired', 'and', 'serve']","['prepare', 'crostata', 'dough', 'sift', 'flour', 'place', 'flour', 'butter', 'minus', 'sugar', 'salt', 'lemon', 'zest', 'food', 'processor', 'pulse', 'mixture', 'moistened', 'crumbly', 'add', 'egg', 'yolks', 'pulse', 'mixture', 'begins', 'form', 'ball', 'dough', 'crust', 'mixed', 'hand', 'food', 'processor', 'remove', 'dough', 'flatten', 'disk', 'wrap', 'plastic', 'wrap', 'refrigerate', 'preheat', 'oven', '350°f', 'unwrap', 'dough', 'place', 'floured', 'work', 'surface', 'little', 'better', 'luck', 'rolling', 'dough', 'let', 'come', 'back', 'room', 'temperature', 'bit', 'roll', 'crust', 'circle', 'diameter', 'transfer', 'circle', 'parchment', 'lined', 'baking', 'sheet', 'using', 'fork', 'prick', 'holes', 'crust', 'times', 'saucepan', 'low', 'heat', 'warm', 'cherry', 'strawberry', 'jam', 'remaining', 'butter', 'spread', 'warm', 'jam', 'thin', 'layer', 'crust', 'leaving', 'around', 'edges', 'border', 'spread', 'fresh', 'cherries', 'jam', 'fold', 'outer', 'edges', 'dough', 'fruit', 'leaving', 'circle', 'cherries', 'showing', 'middle', 'turned', 'halved', 'cherries', 'visible', 'middle', 'skin', 'side', 'make', 'crostata', 'look', 'bit', 'uniform', 'bake', 'golden', 'brown', 'let', 'cool', 'dust', 'powdered', 'sugar', 'desired', 'serve']",Italian
6608,"['prepare', 'sugar', 'syrup', 'first', 'by', 'simmering', 'a', 'cup', 'of', 'water', 'to', 'which', '2/3', 'cup', 'sugar', 'or', 'brown', 'sugar', 'is', 'added', 'allow', 'sugar', 'to', 'dissolve', 'completely', 'and', 'cool', 'extract', 'juice', 'from', '9-10', 'limes/lemons', 'or', 'approx', '1', 'cup', 'of', 'lime/lemon', 'juice', 'strain', 'and', 'discard', 'the', 'seeds', 'keep', 'aside', 'take', 'a', 'pitcher', 'and', 'add', '10', 'cups', 'of', 'cold', 'water', 'add', 'the', 'extracted', 'lime/lemon', 'juice', 'and', 'cooled', 'sugar', 'syrup', 'and', 'combine', 'add', '1', 'tsp', 'of', 'salt', 'and', 'combine', 'if', 'you', 'find', 'it', 'to', 'be', 'less', 'sweet', 'add', 'more', 'sugar', 'syrup', 'and', 'if', 'it', 'needs', 'to', 'be', 'more', 'tart', 'add', 'more', 'lime/lemon', 'juice', 'serve', 'with', 'ice', 'in', 'tall', 'glasses']","['prepare', 'sugar', 'syrup', 'first', 'simmering', 'water', 'sugar', 'brown', 'sugar', 'added', 'allow', 'sugar', 'dissolve', 'completely', 'cool', 'extract', 'juice', 'limes/lemons', 'approx', 'lime/lemon', 'juice', 'strain', 'discard', 'seeds', 'keep', 'aside', 'take', 'pitcher', 'add', 'cold', 'water', 'add', 'extracted', 'lime/lemon', 'juice', 'cooled', 'sugar', 'syrup', 'combine', 'add', 'salt', 'combine', 'find', 'less', 'sweet', 'add', 'sugar', 'syrup', 'needs', 'tart', 'add', 'lime/lemon', 'juice', 'serve', 'ice', 'tall', 'glasses']",Indian
1604,"['shake', 'over', 'ice', 'for', 'a', 'full', 'minute', 'or', 'until', 'some', 'crystals', 'appear', 'in', 'the', 'drink', 'strain', 'into', 'a', 'chilled', 'martini', 'glass', 'and', 'garnish', 'with', 'the', 'apple', 'slice', 'or', 'cherry']","['shake', 'ice', 'full', 'crystals', 'appear', 'drink', 'strain', 'chilled', 'martini', 'glass', 'garnish', 'apple', 'slice', 'cherry']",Italian
6107,"['open', 'tube', 'of', 'pizza', 'dough', 'unroll', 'and', 'roll', 'out', 'until', 'approximately', '8', ""''"", 'x12', ""''"", 'layer', 'ham', 'and', 'salami', 'then', 'top', 'with', 'mozzarella', 'cheese', 'lightly', 'drizzle', 'with', 'italian', 'dressing', 'carefully', 'roll', 'from', 'the', 'long', 'side', 'and', 'pinch', 'well', 'to', 'seal', 'the', 'entire', 'loaf', 'you', 'should', 'have', '1', 'long', 'roll', 'place', 'on', 'lightly', 'oiled', 'cookie', 'sheet', 'seam', 'side', 'down', 'bake', 'at', '375', 'for', '25', 'minutes', 'or', 'until', 'lightly', 'brown', 'slice', 'and', 'serve', 'with', 'marinara', 'sauce', 'for', 'dipping']","['open', 'tube', 'pizza', 'dough', 'unroll', 'roll', 'approximately', ""''"", 'x12', ""''"", 'layer', 'ham', 'salami', 'top', 'mozzarella', 'cheese', 'lightly', 'drizzle', 'italian', 'dressing', 'carefully', 'roll', 'long', 'side', 'pinch', 'well', 'seal', 'entire', 'loaf', 'long', 'roll', 'place', 'lightly', 'oiled', 'cookie', 'sheet', 'seam', 'side', 'bake', 'lightly', 'brown', 'slice', 'serve', 'marinara', 'sauce', 'dipping']",Italian
4370,"['heat', 'oil', 'in', 'large', 'skillet', 'on', 'medium', 'heat', 'add', 'mushrooms', 'and', 'peppers', 'cook', 'and', 'stir', '3', 'minute', 'remove', 'from', 'heat', 'add', 'spinach', 'stir', 'until', 'wilted', 'stir', 'in', 'tomato', 'sauce', 'mix', 'egg', 'ricotta', '1-1/2', 'cups', 'shredded', 'cheese', 'and', '2', 'tablespoons', 'parmesan', 'until', 'blended', 'spoon', '1-1/2', 'cups', 'sauce', 'into', 'slow', 'cooker', 'top', 'with', 'layers', 'of', 'half', 'each', 'of', 'the', 'noodles', 'broken', 'to', 'fit', 'and', 'ricotta', 'mixture', 'cover', 'with', '2', 'cups', 'sauce', 'top', 'with', 'remaining', 'noodles', 'broken', 'to', 'fit', 'ricotta', 'mixture', 'and', 'sauce', 'cover', 'with', 'lid', 'cook', 'on', 'low', '4', 'to', '5', 'hours', 'or', 'on', 'high', '2', 'to', '3', 'hours', 'or', 'until', 'liquid', 'is', 'absorbed', 'sprinkle', 'with', 'remaining', 'cheeses', 'let', 'stand', 'covered', '10', 'minute', 'or', 'until', 'shredded', 'cheese', 'is', 'melted', 'tips', 'dried', 'pasta', 'will', 'last', 'almost', 'indefinitely', 'if', 'stored', 'in', 'an', 'airtight', 'glass', 'or', 'plastic', 'container', 'in', 'a', 'cool', 'dark', 'place', 'dried', 'whole', 'wheat', 'pasta', 'can', 'turn', 'rancid', 'however', 'so', 'should', 'be', 'used', 'within', 'the', 'recommended', 'time', 'listed', 'on', 'the', 'package', 'variations', 'serve', 'with', 'smart', 'sides', 'such', 'as', 'a', 'crisp', 'mixed', 'green', 'salad', 'or', 'your', 'favorite', 'steamed', 'vegetable', 'to', 'balance', 'out', 'the', 'meal']","['heat', 'oil', 'large', 'skillet', 'medium', 'heat', 'add', 'mushrooms', 'peppers', 'cook', 'stir', 'remove', 'heat', 'add', 'spinach', 'stir', 'wilted', 'stir', 'tomato', 'sauce', 'mix', 'egg', 'ricotta', 'shredded', 'cheese', 'parmesan', 'blended', 'spoon', 'sauce', 'slow', 'cooker', 'top', 'layers', 'half', 'noodles', 'broken', 'fit', 'ricotta', 'mixture', 'cover', 'sauce', 'top', 'remaining', 'noodles', 'broken', 'fit', 'ricotta', 'mixture', 'sauce', 'cover', 'lid', 'cook', 'low', 'high', 'liquid', 'absorbed', 'sprinkle', 'remaining', 'cheeses', 'let', 'stand', 'covered', 'shredded', 'cheese', 'melted', 'tips', 'dried', 'pasta', 'last', 'almost', 'indefinitely', 'stored', 'airtight', 'glass', 'plastic', 'container', 'cool', 'dark', 'place', 'dried', 'whole', 'wheat', 'pasta', 'turn', 'rancid', 'however', 'used', 'within', 'recommended', 'time', 'listed', 'package', 'variations', 'serve', 'smart', 'sides', 'crisp', 'mixed', 'green', 'salad', 'favorite', 'steamed', 'vegetable', 'balance', 'meal']",Italian
7199,"['peel', 'ginger', 'and', 'garlic', 'put', 'both', 'together', 'in', 'a', 'food', 'processor', 'or', 'blender', 'and', 'chop', 'until', 'it', ""'s"", 'as', 'fine', 'as', 'it', 'will', 'go', 'add', 'a', 'bit', 'of', 'water', 'to', 'it', '...', 'not', 'too', 'much', '...', 'just', 'enough', 'so', 'that', 'it', ""'s"", 'not', 'hard', 'on', 'the', 'blender', 'put', 'into', 'a', 'glass', 'jar', 'and', 'keep', 'in', 'the', 'fridge', 'use', 'in', 'indian/thai/chinese', 'recipes', 'or', 'whenever', 'ginger-garlic', 'paste', 'is', 'called', 'for']","['peel', 'ginger', 'garlic', 'put', 'together', 'food', 'processor', 'blender', 'chop', 'fine', 'go', 'add', 'bit', 'water', 'much', 'enough', 'hard', 'blender', 'put', 'glass', 'jar', 'keep', 'fridge', 'use', 'indian/thai/chinese', 'recipes', 'whenever', 'ginger', 'garlic', 'paste', 'called']",Indian
1362,"['chop', '7', 'stalks', 'of', 'asparagus', 'into', 'nice', 'bite', 'sized', 'pieces', 'coarsely', 'chop', 'half', 'onion', 'crush', 'or', 'press', 'garlic', 'clove', 'take', 'remaining', 'asparagus', 'stalks', 'and', 'steam', 'in', 'microwave', 'add', 'one', 'cup', 'of', 'water', 'to', 'asparagus', 'and', 'blend', 'until', 'smooth', 'in', 'a', 'dutch', 'oven', 'on', 'the', 'stove', 'top', 'combine', 'olive', 'oil', 'garlic', 'chopped', 'asparagus', 'and', 'onion', 'cook', 'on', 'medium', 'heat', 'until', 'ionions', 'are', 'clear', 'add', 'rice', 'and', 'stir', 'stirring', 'constantly', 'add', 'one', 'cup', 'of', 'broth', 'mix', 'until', 'it', 'is', 'totally', 'absorbed', 'by', 'rice', 'repeat', 'with', 'second', 'and', 'third', 'then', 'add', 'all', 'of', 'aparagus/water', 'mixture', 'stir', 'until', 'mostly', 'absorbed', 'and', 'add', 'final', 'cup', 'of', 'broth', 'when', 'about', 'half', 'of', 'the', 'broth', 'is', 'absorbed', 'stir', 'in', 'salt', 'pepper', 'and', 'cheese', 'continue', 'cooking', 'until', 'mixture', 'has', 'reached', 'desired', 'consistency', 'could', 'easily', 'replace', 'chicken', 'broth', 'with', 'vegetable', 'broth', 'for', 'a', 'vegetarian', 'alternative']","['chop', 'stalks', 'asparagus', 'nice', 'bite', 'sized', 'pieces', 'coarsely', 'chop', 'half', 'onion', 'crush', 'press', 'garlic', 'clove', 'take', 'remaining', 'asparagus', 'stalks', 'steam', 'microwave', 'add', 'one', 'water', 'asparagus', 'blend', 'smooth', 'dutch', 'oven', 'stove', 'top', 'combine', 'olive', 'oil', 'garlic', 'chopped', 'asparagus', 'onion', 'cook', 'medium', 'heat', 'ionions', 'clear', 'add', 'rice', 'stir', 'stirring', 'constantly', 'add', 'one', 'broth', 'mix', 'totally', 'absorbed', 'rice', 'repeat', 'second', 'third', 'add', 'aparagus/water', 'mixture', 'stir', 'mostly', 'absorbed', 'add', 'final', 'broth', 'half', 'broth', 'absorbed', 'stir', 'salt', 'pepper', 'cheese', 'continue', 'cooking', 'mixture', 'reached', 'desired', 'consistency', 'could', 'easily', 'replace', 'chicken', 'broth', 'vegetable', 'broth', 'vegetarian', 'alternative']",Italian
11954,"['in', 'a', '10-inch', 'heavy', 'skillet', 'or', '12-inch', 'wok', 'heat', 'the', 'butter', 'over', 'moderate', 'heat', 'until', 'a', 'drop', 'of', 'cold', 'water', 'dropped', 'into', 'it', 'splutters', 'instantly', 'add', 'the', 'mustard', 'seeds', 'and', 'fry', 'for', '30', 'seconds', 'thoroughly', 'stir', 'in', 'the', 'onion', 'ginger', 'salt', 'and', 'pepper', 'cook', 'stirring', 'for', '5', 'minutes', 'add', 'the', 'green', 'bean', 'pieces', 'stirring', 'constantly', 'add', 'the', 'cayenne', 'and', 'fry', 'for', '5', 'minutes', 'longer', 'add', 'the', 'coconut', 'and', 'cilantro', 'reduce', 'the', 'heat', 'to', 'low', 'and', 'cover', 'the', 'pan', 'stirring', 'occasionally', 'cook', 'for', '5-8', 'minutes', 'more', 'or', 'until', 'the', 'beans', 'are', 'crisp-tender', 'sprinkle', 'with', 'lemon', 'juice', 'taste', 'for', 'seasoning', 'and', 'serve', 'at', 'once']","['10', 'inch', 'heavy', 'skillet', '12', 'inch', 'wok', 'heat', 'butter', 'moderate', 'heat', 'drop', 'cold', 'water', 'dropped', 'splutters', 'instantly', 'add', 'mustard', 'seeds', 'fry', 'seconds', 'thoroughly', 'stir', 'onion', 'ginger', 'salt', 'pepper', 'cook', 'stirring', 'add', 'green', 'bean', 'pieces', 'stirring', 'constantly', 'add', 'cayenne', 'fry', 'longer', 'add', 'coconut', 'cilantro', 'reduce', 'heat', 'low', 'cover', 'pan', 'stirring', 'occasionally', 'cook', 'beans', 'crisp', 'tender', 'sprinkle', 'lemon', 'juice', 'taste', 'seasoning', 'serve']",Indian
10003,"['cut', 'bell', 'pepper', 'in', 'half', 'grill', 'turning', 'oregularly', 'until', 'the', 'skin', 'is', 'blackened', 'remove', 'from', 'heat', 'place', 'in', 'a', 'plastic', 'sandwich', 'bag', 'for', '15', 'minutes', 'remove', 'bell', 'pepper', 'from', 'bag', 'after', '15', 'minutes', 'and', 'peel', 'it', 'to', 'remove', 'stalk', 'and', 'seeds', 'slice', 'thinly', 'combine', 'bell', 'pepper', 'with', 'lemon', 'juice', 'and', 'salt', 'process', 'till', 'it', 'becomes', 'a', 'smooth', 'paste', 'in', 'your', 'blender', 'or', 'mixer', 'add', 'butter', 'pepper', 'and', 'dried', 'basil', 'mix', 'well', 'for', 'a', 'smooth', 'paste', 'blend', 'in', 'a', 'little', 'olive', 'oil', 'a', 'tsp', 'at', 'a', 'time', 'until', 'the', 'ingredients', 'hold', 'together', 'serve', 'with', 'fish', 'vegetables', 'or', 'on', 'warm', 'bread', 'store', 'this', 'butter', 'refrigerated', 'for', 'upto', '1', 'week', 'and', 'frozen', 'for', 'upto', '1', 'month']","['cut', 'bell', 'pepper', 'half', 'grill', 'turning', 'oregularly', 'skin', 'blackened', 'remove', 'heat', 'place', 'plastic', 'sandwich', 'bag', 'remove', 'bell', 'pepper', 'bag', 'peel', 'remove', 'stalk', 'seeds', 'slice', 'thinly', 'combine', 'bell', 'pepper', 'lemon', 'juice', 'salt', 'process', 'till', 'becomes', 'smooth', 'paste', 'blender', 'mixer', 'add', 'butter', 'pepper', 'dried', 'basil', 'mix', 'well', 'smooth', 'paste', 'blend', 'little', 'olive', 'oil', 'time', 'ingredients', 'hold', 'together', 'serve', 'fish', 'vegetables', 'warm', 'bread', 'store', 'butter', 'refrigerated', 'upto', 'week', 'frozen', 'upto', 'month']",Indian
3203,"['add', '6', 'tablespoons', 'olive', 'oil', 'to', 'a', 'saucepan', 'drop', 'in', 'the', 'crushed', 'garlic', 'and', 'set', 'over', 'medium', 'heat', 'when', 'the', 'garlic', 'is', 'fragrant', 'and', 'sizzling', 'stir', 'in', 'the', 'onion', 'slices', 'bay', 'leaves', 'salt', 'and', 'pepper', 'flakes', 'cook', 'for', 'a', 'couple', 'of', 'minutes', 'tossing', 'and', 'stirring', 'just', 'until', 'the', 'onions', 'begin', 'to', 'wilt', 'but', 'still', 'have', 'some', 'crunch', 'pour', 'in', 'the', 'wine', 'and', 'bring', 'to', 'a', 'boil', 'immediately', 'dump', 'all', 'the', 'mussels', 'into', 'the', 'pan', 'tumble', 'them', 'over', 'quickly', 'cover', 'tightly', 'and', 'turn', 'the', 'heat', 'up', 'to', 'high', 'steam', 'the', 'mussels', 'for', '3', 'minutes', 'frequently', 'shaking', 'the', 'covered', 'pan', 'then', 'toss', 'them', 'over', 'with', 'a', 'wire', 'spider', 'or', 'wide', 'slotted', 'spoon', 'if', 'the', 'mussel', 'shells', 'have', 'already', 'opened', 'or', 'almost', 'all', 'are', 'open', 'leave', 'the', 'pan', 'uncovered-otherwise', 'replace', 'the', 'cover', 'and', 'steam', 'a', 'bit', 'longer', 'as', 'soon', 'as', 'the', 'mussels', 'have', 'steamed', 'open', 'sprinkle', '1/4', 'cup', 'bread', 'crumbs', 'all', 'over', 'the', 'pan', 'quickly', 'tumble', 'the', 'mussels', 'over', 'and', 'over', 'still', 'on', 'high', 'heat', 'so', 'their', 'liquor', 'and', 'the', 'crumbs', 'fall', 'into', 'the', 'bubbling', 'pan', 'juices', 'and', 'create', 'a', 'sauce', 'if', 'the', 'pan', 'sauce', 'is', 'still', 'thin', 'after', 'a', 'minute', 'of', 'bubbling', 'sprinkle', 'in', 'more', 'bread', 'crumbs', 'finally', 'drizzle', '2', 'more', 'tablespoons', 'oil', 'and', 'sprinkle', 'the', 'chopped', 'parsley', 'on', 'top', 'and', 'toss', 'briefly', 'to', 'distribute', 'the', 'seasonings', 'turn', 'off', 'the', 'heat', 'set', 'the', 'pan', 'in', 'the', 'center', 'of', 'the', 'table', 'and', 'let', 'people', 'scoop', 'mussels', 'and', 'sauce', 'into', 'their', 'own', 'warm', 'soup', 'bowls', 'and', 'remember', 'to', 'put', 'out', 'extra', 'bowls', 'for', 'the', 'shells', 'serve', 'with', 'good', 'crusty', 'bread', 'for', 'mopping', 'up', 'the', 'sauce']","['add', 'olive', 'oil', 'saucepan', 'drop', 'crushed', 'garlic', 'set', 'medium', 'heat', 'garlic', 'fragrant', 'sizzling', 'stir', 'onion', 'slices', 'bay', 'leaves', 'salt', 'pepper', 'flakes', 'cook', 'couple', 'tossing', 'stirring', 'onions', 'begin', 'wilt', 'still', 'crunch', 'pour', 'wine', 'bring', 'boil', 'immediately', 'dump', 'mussels', 'pan', 'tumble', 'quickly', 'cover', 'tightly', 'turn', 'heat', 'high', 'steam', 'mussels', 'frequently', 'shaking', 'covered', 'pan', 'toss', 'wire', 'spider', 'wide', 'slotted', 'spoon', 'mussel', 'shells', 'already', 'opened', 'almost', 'open', 'leave', 'pan', 'uncovered', 'otherwise', 'replace', 'cover', 'steam', 'bit', 'longer', 'soon', 'mussels', 'steamed', 'open', 'sprinkle', 'bread', 'crumbs', 'pan', 'quickly', 'tumble', 'mussels', 'still', 'high', 'heat', 'liquor', 'crumbs', 'fall', 'bubbling', 'pan', 'juices', 'create', 'sauce', 'pan', 'sauce', 'still', 'thin', 'bubbling', 'sprinkle', 'bread', 'crumbs', 'finally', 'drizzle', 'oil', 'sprinkle', 'chopped', 'parsley', 'top', 'toss', 'briefly', 'distribute', 'seasonings', 'turn', 'heat', 'set', 'pan', 'center', 'table', 'let', 'people', 'scoop', 'mussels', 'sauce', 'warm', 'soup', 'bowls', 'remember', 'put', 'extra', 'bowls', 'shells', 'serve', 'good', 'crusty', 'bread', 'mopping', 'sauce']",Italian
2869,"['start', 'by', 'peeling', 'the', 'tomatoes', 'the', 'easiest', 'way', 'to', 'do', 'this', 'is', 'to', 'fill', 'a', 'bowl', 'with', 'boiling', 'water', 'cut', 'a', 'slice', 'down', 'the', 'side', 'of', 'each', 'tomato', 'just', 'deep', 'enough', 'to', 'cut', 'the', 'skin', 'and', 'plunge', 'them', 'into', 'the', 'water', 'for', 'about', 'a', 'minute', 'when', 'you', 'take', 'them', 'out', 'the', 'skin', 'should', 'come', 'off', 'easily', 'once', 'peeled', 'seed', 'and', 'slice', 'the', 'tomatoes', 'and', 'put', 'them', 'in', 'a', 'bowl', 'when', 'you', 'are', 'done', 'heat', 'the', 'oil', 'and', 'the', 'garlic', 'in', 'another', 'pot', 'and', 'stir', 'in', 'the', 'tomato', 'pieces', 'before', 'the', 'oil', 'gets', 'too', 'hot', 'season', 'with', 'salt', 'and', 'pepper', 'simmer', 'over', 'a', 'low', 'flame', 'for', '10', 'minutes', 'stir', 'in', 'the', 'basil', 'leaves', 'simmer', 'for', 'five', 'more', 'minutes', 'and', 'it', ""'s"", 'done']","['start', 'peeling', 'tomatoes', 'easiest', 'way', 'fill', 'bowl', 'boiling', 'water', 'cut', 'slice', 'side', 'tomato', 'deep', 'enough', 'cut', 'skin', 'plunge', 'water', 'take', 'skin', 'come', 'easily', 'peeled', 'seed', 'slice', 'tomatoes', 'put', 'bowl', 'done', 'heat', 'oil', 'garlic', 'another', 'pot', 'stir', 'tomato', 'pieces', 'oil', 'gets', 'hot', 'season', 'salt', 'pepper', 'simmer', 'low', 'flame', 'stir', 'basil', 'leaves', 'simmer', 'five', 'done']",Italian
12405,"['bring', 'the', 'water', 'rose', 'water', 'and', 'sugar', 'to', 'boil', 'add', 'the', 'saffron', 'remove', 'from', 'heat', 'and', 'set', 'aside', 'mix', 'the', 'milk', 'powder', 'flour', 'soda', 'heavy', 'cream', 'well', 'and', 'knead', 'until', 'a', 'soft', 'dough', 'is', 'made', 'take', 'a', 'teaspoon', 'of', 'the', 'dough', 'place', 'one', 'cardamom', 'seed', 'in', 'it', 'and', 'make', 'a', 'small', 'ball', 'similarly', 'make', 'the', 'balls', 'with', 'the', 'remaining', 'dough', 'and', 'fry', 'them', 'when', 'the', 'ghee', 'is', 'ready', 'until', 'golden', 'brown', 'remove', 'with', 'a', 'slotted', 'spoon', 'and', 'transfer', 'into', 'the', 'syrup', 'which', 'should', 'be', 'quite', 'warm', 'serve', 'these', 'delicious', 'gulab', 'jamuns', 'with', 'hot', 'syrup', 'and', 'garnished', 'with', 'almonds', 'or', 'pistachio']","['bring', 'water', 'rose', 'water', 'sugar', 'boil', 'add', 'saffron', 'remove', 'heat', 'set', 'aside', 'mix', 'milk', 'powder', 'flour', 'soda', 'heavy', 'cream', 'well', 'knead', 'soft', 'dough', 'made', 'take', 'dough', 'place', 'one', 'cardamom', 'seed', 'make', 'small', 'ball', 'similarly', 'make', 'balls', 'remaining', 'dough', 'fry', 'ghee', 'ready', 'golden', 'brown', 'remove', 'slotted', 'spoon', 'transfer', 'syrup', 'quite', 'warm', 'serve', 'delicious', 'gulab', 'jamuns', 'hot', 'syrup', 'garnished', 'almonds', 'pistachio']",Indian
6676,"['bring', 'a', 'saucepan', 'with', 'water', 'to', 'boil', 'and', 'blanch', 'the', 'spinach', 'for', '1', 'minute', 'drain', 'and', 'cool', 'down', 'in', 'ice', 'water', 'this', 'will', 'keep', 'the', 'bright', 'green', 'colour', 'on', 'the', 'spinach', 'heat', 'up', '2', 'tbsp', 'of', 'oil', 'in', 'a', 'pan', 'when', 'hot', 'add', 'the', 'cumin', 'seeds', 'they', 'should', 'sizzle', 'immediately', 'add', 'the', 'onion', 'garlic', 'ginger', 'and', 'chillies', 'cook', 'on', 'medium', 'flame', 'until', 'onion', 'gets', 'golden', 'brown', 'add', 'the', 'chopped', 'tomatoes', 'and', 'cook', 'until', 'soft', 'turn', 'off', 'the', 'flame', 'and', 'let', 'it', 'cool', 'down', 'blend', 'this', 'mixture', 'together', 'with', 'the', 'blanched', 'spinach', 'you', 'can', 'add', 'a', 'touch', 'of', 'water', 'if', 'required', 'to', 'get', 'a', 'thick', 'and', 'smooth', 'paste', 'heat', 'up', '2', 'tbsp', 'of', 'oil', 'in', 'a', 'pan', 'add', 'the', 'turmeric', 'red', 'chilli', 'powder', 'cumin', 'and', 'coriander', 'and', 'fry', 'for', 'some', 'seconds', 'until', 'spices', 'release', 'their', 'aroma', 'add', 'the', 'spinach', 'paste', 'cook', 'for', '2', 'minutes', 'on', 'a', 'medium-high', 'flame', 'then', 'add', 'water', 'and', 'cook', 'for', '5', 'minutes', 'more', 'taste', 'and', 'add', 'salt', 'add', 'the', 'paneer', 'to', 'the', 'gravy', 'mix', 'well', 'to', 'coat', 'the', 'cheese', 'cook', 'for', '5', 'minutes', 'then', 'add', 'the', 'garam', 'masala', 'and', 'the', 'fresh', 'cream', 'stir', 'and', 'cook', 'on', 'low', 'flame', 'for', '2', 'minutes', 'then', 'garnish', 'it', 'with', 'chilli', 'flakes', 'and', 'serve', 'with', 'hot', 'naan', 'or', 'roti']","['bring', 'saucepan', 'water', 'boil', 'blanch', 'spinach', 'drain', 'cool', 'ice', 'water', 'keep', 'bright', 'green', 'colour', 'spinach', 'heat', 'oil', 'pan', 'hot', 'add', 'cumin', 'seeds', 'sizzle', 'immediately', 'add', 'onion', 'garlic', 'ginger', 'chillies', 'cook', 'medium', 'flame', 'onion', 'gets', 'golden', 'brown', 'add', 'chopped', 'tomatoes', 'cook', 'soft', 'turn', 'flame', 'let', 'cool', 'blend', 'mixture', 'together', 'blanched', 'spinach', 'add', 'touch', 'water', 'required', 'get', 'thick', 'smooth', 'paste', 'heat', 'oil', 'pan', 'add', 'turmeric', 'red', 'chilli', 'powder', 'cumin', 'coriander', 'fry', 'seconds', 'spices', 'release', 'aroma', 'add', 'spinach', 'paste', 'cook', 'medium', 'high', 'flame', 'add', 'water', 'cook', 'taste', 'add', 'salt', 'add', 'paneer', 'gravy', 'mix', 'well', 'coat', 'cheese', 'cook', 'add', 'garam', 'masala', 'fresh', 'cream', 'stir', 'cook', 'low', 'flame', 'garnish', 'chilli', 'flakes', 'serve', 'hot', 'naan', 'roti']",Indian
4051,"['trim', 'the', 'broccoli', 'and', 'cut', 'it', 'into', 'bite', 'sized', 'pieces', 'bring', '4', 'quarts', 'of', 'water', 'to', 'a', 'boil', 'in', 'a', 'large', 'pot.add', 'the', 'broccoli', 'and', 'salt', 'to', 'to', 'taste', 'cook', 'for', '5', 'minutes', 'scoop', 'out', 'the', 'broccoli', 'with', 'a', 'small', 'sieve', 'reserve', 'the', 'cooking', 'water', 'in', 'the', 'pot', 'pour', 'the', 'olive', 'oil', 'into', 'a', 'skillet', 'large', 'enough', 'to', 'hold', 'all', 'the', 'ingredients', 'add', 'the', 'garlic', 'and', 'red', 'pepper', 'cook', 'over', 'medium', 'heat', 'for', 'about', '2', 'minutes', 'or', 'until', 'the', 'garlic', 'is', 'lightly', 'golden', 'add', 'the', 'broccoli', 'and', 'a', 'pinch', 'of', 'salt', 'cook', 'stirring', 'occasionally', 'for', '10', 'minutes', 'or', 'until', 'the', 'broccoli', 'is', 'soft', 'meanwhile', 'bring', 'the', 'water', 'back', 'to', 'a', 'boil', 'add', 'the', 'rigatoni', 'and', 'cook', 'stirring', 'frequently', 'until', 'the', 'pasta', 'is', 'not', 'quite', 'tender', 'scoop', 'out', 'about', '1', 'cup', 'of', 'the', 'cooking', 'water', 'and', 'set', 'it', 'aside', 'drain', 'the', 'rigatoni', 'and', 'add', 'it', 'to', 'the', 'skillet', 'with', 'the', 'broccoli', 'add', 'the', 'reserved', 'cooking', 'water', 'and', 'cook', 'stirring', 'often', 'for', '5', 'minutes', 'or', 'more', 'sprinkle', 'with', 'cheese', 'toss', 'and', 'serve', 'immediately']","['trim', 'broccoli', 'cut', 'bite', 'sized', 'pieces', 'bring', 'water', 'boil', 'large', 'pot.add', 'broccoli', 'salt', 'taste', 'cook', 'scoop', 'broccoli', 'small', 'sieve', 'reserve', 'cooking', 'water', 'pot', 'pour', 'olive', 'oil', 'skillet', 'large', 'enough', 'hold', 'ingredients', 'add', 'garlic', 'red', 'pepper', 'cook', 'medium', 'heat', 'garlic', 'lightly', 'golden', 'add', 'broccoli', 'pinch', 'salt', 'cook', 'stirring', 'occasionally', 'broccoli', 'soft', 'meanwhile', 'bring', 'water', 'back', 'boil', 'add', 'rigatoni', 'cook', 'stirring', 'frequently', 'pasta', 'quite', 'tender', 'scoop', 'cooking', 'water', 'set', 'aside', 'drain', 'rigatoni', 'add', 'skillet', 'broccoli', 'add', 'reserved', 'cooking', 'water', 'cook', 'stirring', 'often', 'sprinkle', 'cheese', 'toss', 'serve', 'immediately']",Italian
5689,"['in', 'a', '6', 'quart', 'sauce', 'pan', 'add', 'your', 'cans', 'of', 'tomatoes', 'and', 'tomato', 'sauce', 'and', 'all', 'seasonings', 'including', 'sugar', 'olives', 'broth', 'and', 'wine', 'bring', 'to', 'almost', 'a', 'boil', 'and', 'reduce', 'to', 'simmer', 'mix', 'together', 'the', 'beef', 'and', 'sausage', 'add', 'salt', 'and', 'pepper', 'to', 'taste', 'in', 'a', 'large', 'skillet', 'heat', 'the', 'olive', 'oil', 'and', 'brown', 'the', 'meat', 'this', 'takes', 'approximately', '8', 'minutes', 'remove', 'the', 'meat', 'when', 'browned', 'and', 'add', 'to', 'sauce', 'pan', 'keep', 'the', 'juices', 'in', 'the', 'skillet', 'saute', 'the', 'onions', 'until', 'they', 'are', 'opaque', 'about', '3', 'minutes', 'then', 'add', 'the', 'garlic', 'and', 'cook', 'an', 'additional', '1', 'minute', 'add', 'the', 'onions', 'and', 'garlic', 'to', 'the', 'sauce', 'pan', 'and', 'the', 'juice', 'from', 'the', 'meat', 'add', 'your', 'mushrooms', 'to', 'the', 'sauce', 'pan', 'bring', 'to', 'almost', 'a', 'boil', 'and', 'reduce', 'to', 'simmer', 'after', '15', 'minutes', 'taste', 'and', 'adjust', 'spices', 'if', 'needed', 'stir', 'every', '15', 'minutes', 'cook', 'for', 'about', '2.5', 'hours', 'taste', 'and', 'add', 'spices', 'to', 'taste', 'in', 'another', 'sauce', 'pan', 'boil', 'water', 'for', 'the', 'pasta', 'and', 'add', '1', 'teaspoon', 'of', 'kosher', 'salt', 'cook', 'pasta', 'al', 'dente', 'once', 'the', 'pasta', 'is', 'cooked', 'and', 'drained', 'place', 'it', 'back', 'in', 'the', 'pan', 'and', 'add', 'as', 'much', 'sauce', 'as', 'desired', 'and', 'stir', 'gently', 'for', 'two', 'minutes', 'serve', 'and', 'top', 'with', 'grated', 'parmesan', 'cheese']","['sauce', 'pan', 'add', 'cans', 'tomatoes', 'tomato', 'sauce', 'seasonings', 'including', 'sugar', 'olives', 'broth', 'wine', 'bring', 'almost', 'boil', 'reduce', 'simmer', 'mix', 'together', 'beef', 'sausage', 'add', 'salt', 'pepper', 'taste', 'large', 'skillet', 'heat', 'olive', 'oil', 'brown', 'meat', 'takes', 'approximately', 'remove', 'meat', 'browned', 'add', 'sauce', 'pan', 'keep', 'juices', 'skillet', 'saute', 'onions', 'opaque', 'add', 'garlic', 'cook', 'additional', 'add', 'onions', 'garlic', 'sauce', 'pan', 'juice', 'meat', 'add', 'mushrooms', 'sauce', 'pan', 'bring', 'almost', 'boil', 'reduce', 'simmer', 'taste', 'adjust', 'spices', 'needed', 'stir', 'every', 'cook', 'taste', 'add', 'spices', 'taste', 'another', 'sauce', 'pan', 'boil', 'water', 'pasta', 'add', 'kosher', 'salt', 'cook', 'pasta', 'al', 'dente', 'pasta', 'cooked', 'drained', 'place', 'back', 'pan', 'add', 'much', 'sauce', 'desired', 'stir', 'gently', 'two', 'serve', 'top', 'grated', 'parmesan', 'cheese']",Italian
291,"['cook', 'bacon', 'in', 'a', 'heavy', 'skillet', 'over', 'medium', 'high', 'heat', 'until', 'crisp', 'add', 'mushrooms', 'and', 'cook', 'until', 'softened', 'add', 'garlic', 'cook', '4', 'minutes', 'add', 'tomatoes', 'and', 'cream', 'and', 'cook', 'until', 'cream', 'is', 'absorbed', 'sprinkle', 'cheese', 'on', 'top', 'stir', 'and', 'cook', '1', 'minute']","['cook', 'bacon', 'heavy', 'skillet', 'medium', 'high', 'heat', 'crisp', 'add', 'mushrooms', 'cook', 'softened', 'add', 'garlic', 'cook', 'add', 'tomatoes', 'cream', 'cook', 'cream', 'absorbed', 'sprinkle', 'cheese', 'top', 'stir', 'cook']",Italian
7968,"['in', 'a', 'bowl', 'whisk', 'three-fourth', 'cup', 'of', 'yogurt', 'green', 'chili', 'paste', 'black', 'pepper', 'powder', 'one', 'teaspoon', 'of', 'ginger', 'paste', 'one', 'teaspoon', 'of', 'garlic', 'paste', 'and', 'salt', 'rub', 'this', 'marinade', 'on', 'the', 'chicken', 'pieces', 'and', 'keep', 'them', 'in', 'the', 'refrigerator', 'for', 'an', 'hour', 'heat', 'oil', 'in', 'a', 'pan', 'add', 'black', 'cardamoms', 'cloves', 'cinnamon', 'and', 'bay', 'leaves', 'stir-fry', 'for', 'a', 'few', 'seconds', 'and', 'add', 'sliced', 'onions', 'sauté', 'until', 'golden', 'brown', 'add', 'the', 'remaining', 'ginger', 'and', 'garlic', 'pastes', 'sauté', 'for', 'two', 'minutes', 'add', 'the', 'marinated', 'chicken', 'and', 'sauté', 'on', 'high', 'heat', 'for', 'two', 'minutes', 'stirring', 'constantly', 'lower', 'the', 'heat', 'and', 'put', 'it', 'to', 'simmer', 'for', 'another', 'two', 'minutes', 'add', 'the', 'coriander', 'powder', 'turmeric', 'powder', 'and', 'red', 'chili', 'powder', 'cook', 'further', 'for', 'three', 'to', 'four', 'minutes', 'whisk', 'the', 'remaining', 'yogurt', 'and', 'add', 'cook', 'for', 'two', 'to', 'three', 'minutes', 'add', 'fresh', 'tomato', 'puree', 'and', 'cook', 'until', 'the', 'raw', 'flavours', 'of', 'tomato', 'are', 'gone', 'simmer', 'until', 'the', 'chicken', 'is', 'cooked', 'sprinkle', 'green', 'cardamom', 'and', 'nutmeg', 'powder', 'stir', 'and', 'remove', 'from', 'heat', 'to', 'serve', 'arrange', 'in', 'a', 'bowl', 'and', 'garnish', 'with', 'mint', 'sprigs', 'this', 'chicken', 'goes', 'very', 'well', 'with', 'tandoori', 'roti']","['bowl', 'whisk', 'three', 'fourth', 'yogurt', 'green', 'chili', 'paste', 'black', 'pepper', 'powder', 'one', 'ginger', 'paste', 'one', 'garlic', 'paste', 'salt', 'rub', 'marinade', 'chicken', 'pieces', 'keep', 'refrigerator', 'heat', 'oil', 'pan', 'add', 'black', 'cardamoms', 'cloves', 'cinnamon', 'bay', 'leaves', 'stir', 'fry', 'seconds', 'add', 'sliced', 'onions', 'sauté', 'golden', 'brown', 'add', 'remaining', 'ginger', 'garlic', 'pastes', 'sauté', 'two', 'add', 'marinated', 'chicken', 'sauté', 'high', 'heat', 'two', 'stirring', 'constantly', 'lower', 'heat', 'put', 'simmer', 'another', 'two', 'add', 'coriander', 'powder', 'turmeric', 'powder', 'red', 'chili', 'powder', 'cook', 'three', 'four', 'whisk', 'remaining', 'yogurt', 'add', 'cook', 'two', 'three', 'add', 'fresh', 'tomato', 'puree', 'cook', 'raw', 'flavours', 'tomato', 'gone', 'simmer', 'chicken', 'cooked', 'sprinkle', 'green', 'cardamom', 'nutmeg', 'powder', 'stir', 'remove', 'heat', 'serve', 'arrange', 'bowl', 'garnish', 'mint', 'sprigs', 'chicken', 'goes', 'well', 'tandoori', 'roti']",Indian
3022,"['in', 'a', 'small', 'saucepan', 'cover', 'the', 'sun-dried', 'tomato', 'pieces', 'with', 'chicken', 'broth', 'and', 'madeira', 'bring', 'to', 'a', 'boil', 'remove', 'from', 'heat', 'and', 'allow', 'to', 'stand', 'about', '10', 'minutes', 'to', 'plump', 'the', 'tomatoes', 'heat', 'the', 'olive', 'oil', 'in', 'a', 'large', 'non-stick', 'skillet', 'over', 'medium-heat', 'add', 'the', 'pork', 'chops', 'and', 'brown', 'on', 'both', 'sides', 'remove', 'from', 'skillet', 'and', 'set', 'aside', 'add', 'shallots', 'and', 'garlic', 'to', 'the', 'skillet', 'and', 'cook', 'briefly', 'till', 'they', 'become', 'fragrant', 'stir', 'in', 'tomatoes', 'with', 'the', 'liquid', 'and', 'chopped', 'rosemary', 'return', 'the', 'chops', 'to', 'the', 'skillet', 'cover', 'tightly', 'and', 'cook', 'over', 'low', 'heat', 'just', 'simmering', 'for', '5', 'to', '6', 'minutes', 'longer', 'as', 'needed', 'for', 'chicken', 'breasts', 'until', 'they', 'are', 'cooked', 'through', 'remove', 'the', 'meat', 'from', 'the', 'skillet', 'to', 'serving', 'platter', 'combine', 'water', 'and', 'cornstarch', 'add', 'to', 'the', 'skillet', 'cook', 'over', 'medium', 'heat', 'stirring', 'constantly', 'until', 'the', 'sauce', 'thickens', 'top', 'the', 'meat', 'with', 'the', 'sauce', 'and', 'serve']","['small', 'saucepan', 'cover', 'sun', 'dried', 'tomato', 'pieces', 'chicken', 'broth', 'madeira', 'bring', 'boil', 'remove', 'heat', 'allow', 'stand', 'plump', 'tomatoes', 'heat', 'olive', 'oil', 'large', 'non', 'stick', 'skillet', 'medium', 'heat', 'add', 'pork', 'chops', 'brown', 'sides', 'remove', 'skillet', 'set', 'aside', 'add', 'shallots', 'garlic', 'skillet', 'cook', 'briefly', 'till', 'become', 'fragrant', 'stir', 'tomatoes', 'liquid', 'chopped', 'rosemary', 'return', 'chops', 'skillet', 'cover', 'tightly', 'cook', 'low', 'heat', 'simmering', 'longer', 'needed', 'chicken', 'breasts', 'cooked', 'remove', 'meat', 'skillet', 'serving', 'platter', 'combine', 'water', 'cornstarch', 'add', 'skillet', 'cook', 'medium', 'heat', 'stirring', 'constantly', 'sauce', 'thickens', 'top', 'meat', 'sauce', 'serve']",Italian
9025,"['beat', 'yogurt', 'in', 'a', 'bowl', 'and', 'keep', 'aside', 'heat', 'oil', 'in', 'a', 'pan', 'add', 'red', 'chillies', 'powder', 'salt', 'black', 'pepper', 'powder', 'and', 'wait', 'for', 'a', 'second', 'add', 'onions', 'and', 'sauté', 'till', 'tender', 'now', 'add', 'spinach', 'and', 'sauté', 'for', 'at', 'least', '5', 'minutes', 'on', 'medium', 'heat', 'allow', 'the', 'mixture', 'to', 'cool', 'down', 'a', 'little', 'and', 'then', 'add', 'gently', 'into', 'the', 'yogurt', 'bowl', 'mix', 'allow', 'it', 'to', 'rest', 'for', 'a', 'few', 'minutes', 'and', 'enjoy', 'with', 'stuffed', 'indian', 'breads', 'or', 'spiced', 'rice']","['beat', 'yogurt', 'bowl', 'keep', 'aside', 'heat', 'oil', 'pan', 'add', 'red', 'chillies', 'powder', 'salt', 'black', 'pepper', 'powder', 'wait', 'second', 'add', 'onions', 'sauté', 'till', 'tender', 'add', 'spinach', 'sauté', 'least', 'medium', 'heat', 'allow', 'mixture', 'cool', 'little', 'add', 'gently', 'yogurt', 'bowl', 'mix', 'allow', 'rest', 'enjoy', 'stuffed', 'indian', 'breads', 'spiced', 'rice']",Indian
3206,"['sauce', 'over', 'medium', 'heat', 'cook', 'the', 'onion', 'and', 'garlic', 'until', 'soft', 'about', '4', 'minutes', 'add', 'the', 'canned', 'tomatoes', 'with', 'juice', 'dried', 'parsley', 'and', 'dried', 'basil', 'and', 'cook', '10', 'minutes', 'more', 'puree', 'the', 'sauce', 'using', 'a', 'food', 'processor', 'or', 'blender', 'and', 'return', 'to', 'heat', 'add', 'the', 'wine', 'fresh', 'tomatoes', 'and', 'zucchini', 'and', 'simmer', '10', 'minutes', 'stir', 'in', 'olives', 'fresh', 'parsley', 'and', 'fresh', 'basil', 'season', 'with', '1', '1/2', 'teaspoons', 'salt', 'and', '1/2', 'teaspoons', 'pepper', 'if', 'sauce', 'is', 'too', 'thick', 'add', 'a', 'little', 'water', 'to', 'thin', 'it', 'out', 'a', 'bit', 'pasta', 'boil', 'about', '4', 'cups', 'of', 'water', 'with', '1', 'tbls', 'salt', 'add', 'the', 'fettuccini', 'and', 'cook', 'as', 'directed', 'on', 'the', 'package', 'about', '10', 'inutes', 'drain', 'the', 'noodles', 'toss', 'lightly', 'in', 'about', '1', 'cup', 'of', 'the', 'sauce', 'then', 'top', 'with', 'remaining', 'sauce', 'garnish', 'with', 'parsley', 'sprigs', 'and', 'parmesan', 'cheese']","['sauce', 'medium', 'heat', 'cook', 'onion', 'garlic', 'soft', 'add', 'canned', 'tomatoes', 'juice', 'dried', 'parsley', 'dried', 'basil', 'cook', 'puree', 'sauce', 'using', 'food', 'processor', 'blender', 'return', 'heat', 'add', 'wine', 'fresh', 'tomatoes', 'zucchini', 'simmer', 'stir', 'olives', 'fresh', 'parsley', 'fresh', 'basil', 'season', 'salt', 'pepper', 'sauce', 'thick', 'add', 'little', 'water', 'thin', 'bit', 'pasta', 'boil', 'water', 'tbls', 'salt', 'add', 'fettuccini', 'cook', 'directed', 'package', 'inutes', 'drain', 'noodles', 'toss', 'lightly', 'sauce', 'top', 'remaining', 'sauce', 'garnish', 'parsley', 'sprigs', 'parmesan', 'cheese']",Italian
4836,"['1.', 'combine', 'all', 'ingredients', 'except', 'olive', 'oil', 'in', 'food', 'processor', '2.', 'pulse', 'chop', 'until', 'well', 'mixed', 'gradually', 'adding', 'olive', 'oil', 'until', 'it', 'reaches', 'desired', 'consistency', '3.', 'enjoy', 'with', 'crackers', 'crusty', 'bread', 'or', 'pita']","['combine', 'ingredients', 'except', 'olive', 'oil', 'food', 'processor', 'pulse', 'chop', 'well', 'mixed', 'gradually', 'adding', 'olive', 'oil', 'reaches', 'desired', 'consistency', 'enjoy', 'crackers', 'crusty', 'bread', 'pita']",Italian
11655,"['clean', 'and', 'wash', 'makerels', 'make', 'three', 'slits', 'that', 'go', 'almost', 'to', 'the', 'bone', 'on', 'either', 'side', 'marinate', 'them', 'in', 'the', 'ground', 'masala', 'for', 'an', 'hour', 'atleast', 'take', 'a', 'broad', 'heavy', 'bottomed', 'vessel', 'or', 'a', 'mud', 'pot', 'heat', 'oil', 'fry', 'sliced', 'onions', 'till', 'golded', 'brown', 'add', 'the', 'slit', 'green', 'chillies', 'and', 'ginger', 'take', 'out', 'half', 'of', 'this', 'mixture', 'and', 'keep', 'aside', 'now', 'lay', 'out', 'the', 'fish', 'in', 'a', 'line', 'top', 'with', 'the', 'onions', 'set', 'aside', 'cook', 'for', '1/2', 'an', 'hour', 'shaking', 'the', 'pot', 'from', 'time', 'to', 'time', 'note', 'turn', 'the', 'fish', 'over', 'in', '15', 'mins', 'if', 'possible']","['clean', 'wash', 'makerels', 'make', 'three', 'slits', 'go', 'almost', 'bone', 'either', 'side', 'marinate', 'ground', 'masala', 'atleast', 'take', 'broad', 'heavy', 'bottomed', 'vessel', 'mud', 'pot', 'heat', 'oil', 'fry', 'sliced', 'onions', 'till', 'golded', 'brown', 'add', 'slit', 'green', 'chillies', 'ginger', 'take', 'half', 'mixture', 'keep', 'aside', 'lay', 'fish', 'line', 'top', 'onions', 'set', 'aside', 'cook', 'shaking', 'pot', 'time', 'time', 'note', 'turn', 'fish', 'mins', 'possible']",Indian
9601,"['chop', 'the', 'liver', 'into', 'small', 'pieces', 'and', 'mix', 'in', 'the', 'ginger', 'garlic', 'chili', 'powder', 'yogurt', 'garam', 'masala', 'and', 'salt', 'keep', 'aside', 'for', 'at', 'least', '1/2', 'hours', 'meanwhile', 'heat', 'the', 'oil', 'add', 'the', 'onions', 'and', 'sauté', 'till', 'golden', 'brown', 'add', 'the', 'liver', 'mixture', 'and', 'sauté', 'till', 'the', 'fat', 'separates', 'add', '1/2', 'cup', 'of', 'water', 'and', 'pressure', 'cook', 'for', '5', 'minutes', 'if', 'not', 'using', 'pressure', 'cooker', 'cover', 'and', 'cook', 'till', 'liver', 'is', 'tender', 'finally', 'uncover', 'and', 'stir-fry', 'to', 'dry', 'the', 'water', 'completely', 'till', 'oil', 'starts', 'oozing', 'out', 'on', 'the', 'edges', 'serve', 'garnished', 'with', 'coriander', 'leaves', 'and', 'lemon', 'wedges']","['chop', 'liver', 'small', 'pieces', 'mix', 'ginger', 'garlic', 'chili', 'powder', 'yogurt', 'garam', 'masala', 'salt', 'keep', 'aside', 'least', 'meanwhile', 'heat', 'oil', 'add', 'onions', 'sauté', 'till', 'golden', 'brown', 'add', 'liver', 'mixture', 'sauté', 'till', 'fat', 'separates', 'add', 'water', 'pressure', 'cook', 'using', 'pressure', 'cooker', 'cover', 'cook', 'till', 'liver', 'tender', 'finally', 'uncover', 'stir', 'fry', 'dry', 'water', 'completely', 'till', 'oil', 'starts', 'oozing', 'edges', 'serve', 'garnished', 'coriander', 'leaves', 'lemon', 'wedges']",Indian
10773,"['in', 'a', 'glass', 'bowl', 'combine', 'half', 'of', 'the', 'oil', 'and', 'cauliflower', 'cover', 'with', 'a', 'lid', 'and', 'microwave', 'on', 'high', 'for', '4', 'minutes', 'remove', 'and', 'keep', 'aside', 'in', 'the', 'same', 'bowl', 'combine', 'green', 'peas', 'with', '2', 'tbsp', 'water', 'and', 'microwave', 'on', 'high', 'for', '1', 'minute', 'in', 'another', 'glass', 'combine', 'the', 'remaining', 'oil', 'bay', 'leaves', 'and', 'the', 'prepared', 'paste', 'and', 'microwave', 'on', 'high', 'for', '2', 'minutes', 'add', 'the', 'tomato', 'paste', 'curds', 'cauliflower', 'green', 'peas', 'sugar', 'celery,1/2', 'cup', 'of', 'water', 'and', 'salt', 'and', 'microwave', 'on', 'high', 'for', 'a', 'further', '4', 'minutes', 'till', 'the', 'veggies', 'turn', 'soft', 'serve', 'hot']","['glass', 'bowl', 'combine', 'half', 'oil', 'cauliflower', 'cover', 'lid', 'microwave', 'high', 'remove', 'keep', 'aside', 'bowl', 'combine', 'green', 'peas', 'water', 'microwave', 'high', 'another', 'glass', 'combine', 'remaining', 'oil', 'bay', 'leaves', 'prepared', 'paste', 'microwave', 'high', 'add', 'tomato', 'paste', 'curds', 'cauliflower', 'green', 'peas', 'sugar', 'celery,1/2', 'water', 'salt', 'microwave', 'high', 'till', 'veggies', 'turn', 'soft', 'serve', 'hot']",Indian
2904,"['in', 'medium', 'bowl', 'stir', 'together', 'sour', 'cream', 'cream', 'cheese', 'and', 'pizza', 'seasoning', 'spread', 'onto', 'large', 'serving', 'plate', 'to', 'within', '1-inch', 'of', 'edge', 'top', 'with', 'pepperoni', 'lettuce', 'tomato', 'olives', 'and', 'mozzarella', 'serve', 'with', 'crisp', 'breadsticks']","['medium', 'bowl', 'stir', 'together', 'sour', 'cream', 'cream', 'cheese', 'pizza', 'seasoning', 'spread', 'onto', 'large', 'serving', 'plate', 'within', '1', 'inch', 'edge', 'top', 'pepperoni', 'lettuce', 'tomato', 'olives', 'mozzarella', 'serve', 'crisp', 'breadsticks']",Italian
579,"['put', 'water', 'for', 'the', 'pasta', 'on', 'to', 'boil', 'cook', 'pasta', 'al', 'dente', 'meanwhile', 'remove', 'the', 'stem', 'and', 'seeds', 'from', 'the', 'pepper', 'neatly', 'dice', 'the', 'flesh', 'melt', 'the', 'butter', 'in', 'a', 'large', 'skillet', 'or', 'saucepan', 'add', 'the', 'pepper', 'to', 'the', 'melted', 'butter', 'grate', 'the', 'rind', 'of', 'the', 'lemon', 'into', 'the', 'butter', 'add', 'one', 'half', 'of', 'the', 'lemon', ""'s"", 'juice', 'cream', 'and', 'seasonings', 'to', 'taste', 'stirring', 'gently', 'keep', 'the', 'sauce', 'warm', 'until', 'the', 'pasta', 'is', 'ready', 'but', 'do', 'not', 'let', 'the', 'sauce', 'bubble', 'drain', 'pasta', 'and', 'toss', 'in', 'sauce', 'serve', 'immediately', 'with', 'the', 'parmesan']","['put', 'water', 'pasta', 'boil', 'cook', 'pasta', 'al', 'dente', 'meanwhile', 'remove', 'stem', 'seeds', 'pepper', 'neatly', 'dice', 'flesh', 'melt', 'butter', 'large', 'skillet', 'saucepan', 'add', 'pepper', 'melted', 'butter', 'grate', 'rind', 'lemon', 'butter', 'add', 'one', 'half', 'lemon', 'juice', 'cream', 'seasonings', 'taste', 'stirring', 'gently', 'keep', 'sauce', 'warm', 'pasta', 'ready', 'let', 'sauce', 'bubble', 'drain', 'pasta', 'toss', 'sauce', 'serve', 'immediately', 'parmesan']",Italian
12077,"['in', 'a', 'medium', 'bowl', 'please', 'mix', 'together', 'all', 'the', 'ingredients', 'except', 'the', 'sunflower', 'oil', 'you', 'should', 'leave', 'to', 'marinate', 'in', 'the', 'refrigerator', 'for', 'at', 'least', '2', 'hours', 'or', 'so', 'preheat', 'the', 'grill', 'to', 'medium', 'now', 'lay', 'the', 'marinated', 'chicken', 'on', 'a', 'grill', 'tray', 'in', 'a', 'flameproof', 'dish', 'lined', 'with', 'foil', 'and', 'baste', 'with', 'the', 'oil', 'once', 'the', 'grill', 'is', 'hot', 'enough', 'grill', 'the', 'chicken', 'for', '15–25', 'minutes', 'until', 'cooked', 'turning', 'and', 'basting', 'three', 'times', 'during', 'the', 'cooking', 'process', 'serve', 'hot', 'for', 'achieving', 'the', 'best', 'taste']","['medium', 'bowl', 'please', 'mix', 'together', 'ingredients', 'except', 'sunflower', 'oil', 'leave', 'marinate', 'refrigerator', 'least', 'preheat', 'grill', 'medium', 'lay', 'marinated', 'chicken', 'grill', 'tray', 'flameproof', 'dish', 'lined', 'foil', 'baste', 'oil', 'grill', 'hot', 'enough', 'grill', 'chicken', '15–25', 'cooked', 'turning', 'basting', 'three', 'times', 'cooking', 'process', 'serve', 'hot', 'achieving', 'best', 'taste']",Indian
9369,"['fry', 'onions', 'garlic', 'meat', 'add', 'tomatoes', 'cumin', 'coriander', 'turmeric', 'cayenne', 'salt', 'cook', 'on', 'high', 'for', '10-15', 'mins', 'until', 'oil', 'seems', 'to', 'separate', 'add', 'potatoes', 'lentils', 'cook', 'on', 'low', 'for', '70', 'mins', 'or', 'in', 'crockpot']","['fry', 'onions', 'garlic', 'meat', 'add', 'tomatoes', 'cumin', 'coriander', 'turmeric', 'cayenne', 'salt', 'cook', 'high', 'mins', 'oil', 'seems', 'separate', 'add', 'potatoes', 'lentils', 'cook', 'low', 'mins', 'crockpot']",Indian
11467,"['cut', 'bananas', 'into', '2', 'or', '3', 'pcs', 'cook', 'in', 'boiling', 'water', 'till', 'the', 'peel', 'separates', 'slightly', 'from', 'the', 'fruit', 'remove', 'from', 'flame', 'strain', 'remove', 'the', 'peel', 'and', 'grind', 'the', 'bananas', 'to', 'a', 'smooth', 'dough', 'without', 'adding', 'any', 'water', 'keep', 'aside', 'mix', 'eggs', 'with', 'sugar', 'do', 'not', 'over', 'beat', 'heat', '2', 'tsps', 'ghee', 'in', 'a', 'saucepan', 'add', 'the', 'egg', 'mixture', 'stir', 'well', 'till', 'it', 'reaches', 'a', 'scrambled', 'egg', 'consistency', 'remove', 'from', 'flame', 'add', 'cashewnuts', 'raisins', 'and', 'cardamom', 'powder', 'oil', 'your', 'hands', 'with', 'a', 'little', 'melted', 'ghee', 'take', 'small', 'balls', 'the', 'size', 'of', 'a', 'lime', 'of', 'the', 'ground', 'banana', 'flatten', 'it', 'on', 'your', 'palm', 'to', 'small', 'disc', 'shapes', 'put', '2', 'tsps', 'of', 'scrambled', 'egg', 'in', 'it', 'fold', 'edges', 'and', 'press', 'lightly', 'now', 'roll', 'it', 'in', 'your', 'hands', 'and', 'shape', 'it', 'like', 'cotton', 'buds', 'both', 'ends', 'pointed', 'heat', 'oil', 'in', 'a', 'wok', 'deep-fry', 'these', 'to', 'a', 'golden', 'brown', 'colour', 'remove', 'from', 'heat']","['cut', 'bananas', 'pcs', 'cook', 'boiling', 'water', 'till', 'peel', 'separates', 'slightly', 'fruit', 'remove', 'flame', 'strain', 'remove', 'peel', 'grind', 'bananas', 'smooth', 'dough', 'without', 'adding', 'water', 'keep', 'aside', 'mix', 'eggs', 'sugar', 'beat', 'heat', 'tsps', 'ghee', 'saucepan', 'add', 'egg', 'mixture', 'stir', 'well', 'till', 'reaches', 'scrambled', 'egg', 'consistency', 'remove', 'flame', 'add', 'cashewnuts', 'raisins', 'cardamom', 'powder', 'oil', 'hands', 'little', 'melted', 'ghee', 'take', 'small', 'balls', 'size', 'lime', 'ground', 'banana', 'flatten', 'palm', 'small', 'disc', 'shapes', 'put', 'tsps', 'scrambled', 'egg', 'fold', 'edges', 'press', 'lightly', 'roll', 'hands', 'shape', 'like', 'cotton', 'buds', 'ends', 'pointed', 'heat', 'oil', 'wok', 'deep', 'fry', 'golden', 'brown', 'colour', 'remove', 'heat']",Indian
6488,"['prepare', 'flavor', 'base', 'pour', 'olive', 'oil', 'into', 'a', 'large', 'pot', 'over', 'medium-high', 'heat', 'when', 'oil', 'shimmers', 'add', 'onions', 'and', 'saute', '10', 'minutes', 'until', 'very', 'soft', 'and', 'golden', 'brown', 'add', 'garlic', 'oregano', 'and', 'chili', 'flakes', 'and', 'saute', 'until', 'garlic', 'and', 'oregano', 'become', 'aromatic', 'about', '30', 'seconds', 'transfer', 'half', 'the', 'flavor', 'base', 'to', 'a', 'bowl', 'prepare', 'sauce', 'to', 'the', 'flavor', 'base', 'remaining', 'in', 'the', 'pot', 'add', 'tomato', 'paste', 'and', 'cook', 'about', '1', 'minute', 'until', 'it', 'loses', 'the', 'raw', 'tomato', 'flavor', 'add', 'red', 'wine', 'and', 'cook', '2', 'minutes', 'until', 'tomato', 'paste', 'dissolves', 'and', 'the', 'mixture', 'is', 'very', 'thick', 'add', 'water', 'and', 'stir', 'well', 'add', 'crushed', 'tomatoes', 'stir', 'well', 'and', 'simmer', '45', 'minutes', 'until', 'thickened', 'prepare', 'meatballs', 'add', 'bread', 'to', 'bowl', 'with', 'flavor', 'base', 'pour', 'milk', 'over', 'bread', 'and', 'combine', 'using', 'potato', 'masher', 'until', 'fairly', 'smooth', 'and', 'homogeneous', 'add', '1', 'c', 'parmesan', 'cheese', 'parsley', 'eggs', 'garlic', 'and', 'salt', 'add', 'sausage', 'and', 'blend', 'in', 'well', 'with', 'masher', 'add', 'ground', 'beef', 'and', 'mix', 'with', 'hands', 'until', 'well', 'blended', 'form', 'into', 'large', 'meatballs', 'about', '16', 'meatballs', 'total', 'place', 'meatballs', 'on', 'a', 'sheet', 'pan', 'and', 'place', 'in', 'preheated', '475°f', 'oven', 'for', '20', 'minutes', 'finishing', 'up', 'add', '1/2', 'c', 'grated', 'parmesan', 'cheese', 'chopped', 'basil', 'and', 'salt', 'to', 'the', 'sauce', 'add', 'meatballs', 'to', 'sauce', 'and', 'simmer', '15', 'minutes', 'meanwhile', 'prepare', 'pasta', 'serve', '2', 'meatballs', 'and', 'plenty', 'of', 'sauce', 'per', 'person']","['prepare', 'flavor', 'base', 'pour', 'olive', 'oil', 'large', 'pot', 'medium', 'high', 'heat', 'oil', 'shimmers', 'add', 'onions', 'saute', 'soft', 'golden', 'brown', 'add', 'garlic', 'oregano', 'chili', 'flakes', 'saute', 'garlic', 'oregano', 'become', 'aromatic', 'seconds', 'transfer', 'half', 'flavor', 'base', 'bowl', 'prepare', 'sauce', 'flavor', 'base', 'remaining', 'pot', 'add', 'tomato', 'paste', 'cook', 'loses', 'raw', 'tomato', 'flavor', 'add', 'red', 'wine', 'cook', 'tomato', 'paste', 'dissolves', 'mixture', 'thick', 'add', 'water', 'stir', 'well', 'add', 'crushed', 'tomatoes', 'stir', 'well', 'simmer', 'thickened', 'prepare', 'meatballs', 'add', 'bread', 'bowl', 'flavor', 'base', 'pour', 'milk', 'bread', 'combine', 'using', 'potato', 'masher', 'fairly', 'smooth', 'homogeneous', 'add', 'c', 'parmesan', 'cheese', 'parsley', 'eggs', 'garlic', 'salt', 'add', 'sausage', 'blend', 'well', 'masher', 'add', 'ground', 'beef', 'mix', 'hands', 'well', 'blended', 'form', 'large', 'meatballs', 'meatballs', 'total', 'place', 'meatballs', 'sheet', 'pan', 'place', 'preheated', '475°f', 'oven', 'finishing', 'add', 'c', 'grated', 'parmesan', 'cheese', 'chopped', 'basil', 'salt', 'sauce', 'add', 'meatballs', 'sauce', 'simmer', 'meanwhile', 'prepare', 'pasta', 'serve', 'meatballs', 'plenty', 'sauce', 'per', 'person']",Italian
7969,"['put', 'the', 'ginger', 'and', 'garlic', 'into', 'the', 'container', 'of', 'an', 'electric', 'blender', 'with', '2-3', 'tablespoons', 'of', 'water', 'and', 'blend', 'to', 'a', 'paste', 'put', 'the', 'chops', 'tomatoes', 'onions', 'cayenne', 'pepper', 'yoghurt', 'salt', 'and', 'ginger-garlic', 'paste', 'into', 'a', 'large', 'wok', 'or', 'heavy-bottomed', 'saucepan', 'stir', 'and', 'bring', 'to', 'the', 'boil', 'turn', 'the', 'heat', 'to', 'low', 'cover', 'and', 'simmer', 'for', '50', 'minutes', 'or', 'until', 'the', 'chops', 'are', 'almost', 'cooked', 'add', 'the', 'cumin', 'seeds', 'and', 'simmer', 'for', '10', 'to', '15', 'minutes', 'or', 'until', 'the', 'meat', 'is', 'tender', 'and', 'the', 'sauce', 'thick', 'add', 'the', 'garam', 'masala', 'and', 'lemon', 'juice', 'and', 'stir', 'sprinkle', 'fresh', 'coriander', 'over', 'the', 'top', 'and', 'serve', 'tips', 'in', 'the', 'punjab', 'tomatoes', 'are', 'grated', 'to', 'make', 'a', 'puree', 'do', ""n't"", 'be', 'tempted', 'to', 'use', 'ready-prepared', 'tomato', 'puree', 'instead', 'of', 'fresh', 'the', 'spice', 'combinations', 'in', 'garam', 'masala', 'vary', 'in', 'different', 'parts', 'of', 'india', 'in', 'the', 'punjab', 'this', 'one', 'which', 'you', 'can', 'try', 'making', 'yourself', 'is', 'common', '5', 'tbsps', 'coriander', 'seeds', '3', 'tbsps', 'cumin', 'seeds', '2', '1/2', 'tbsps', 'black', 'peppercorns', '2', '1/2', 'black', 'cardamom', 'seeds', '2', 'in', 'cinnamon', 'stick', '4-5', 'cloves', '1/6', 'nutmeg', 'put', 'the', 'coriander', 'and', 'the', 'cumin', 'into', 'a', 'cast-iron', 'frying-pan', 'over', 'a', 'medium', 'heat', 'stir', 'until', 'lightly', 'roasted', 'allow', 'to', 'cool', 'grind', 'with', 'the', 'remaining', 'ingredients', 'in', 'a', 'clean', 'coffee', 'grinder', 'and', 'store', 'in', 'a', 'tightly', 'lidded', 'jar']","['put', 'ginger', 'garlic', 'container', 'electric', 'blender', 'water', 'blend', 'paste', 'put', 'chops', 'tomatoes', 'onions', 'cayenne', 'pepper', 'yoghurt', 'salt', 'ginger', 'garlic', 'paste', 'large', 'wok', 'heavy', 'bottomed', 'saucepan', 'stir', 'bring', 'boil', 'turn', 'heat', 'low', 'cover', 'simmer', 'chops', 'almost', 'cooked', 'add', 'cumin', 'seeds', 'simmer', 'meat', 'tender', 'sauce', 'thick', 'add', 'garam', 'masala', 'lemon', 'juice', 'stir', 'sprinkle', 'fresh', 'coriander', 'top', 'serve', 'tips', 'punjab', 'tomatoes', 'grated', 'make', 'puree', 'tempted', 'use', 'ready', 'prepared', 'tomato', 'puree', 'instead', 'fresh', 'spice', 'combinations', 'garam', 'masala', 'vary', 'different', 'parts', 'india', 'punjab', 'one', 'try', 'making', 'common', 'tbsps', 'coriander', 'seeds', 'tbsps', 'cumin', 'seeds', 'tbsps', 'black', 'peppercorns', 'black', 'cardamom', 'seeds', 'cinnamon', 'stick', 'cloves', 'nutmeg', 'put', 'coriander', 'cumin', 'cast', 'iron', 'frying', 'pan', 'medium', 'heat', 'stir', 'lightly', 'roasted', 'allow', 'cool', 'grind', 'remaining', 'ingredients', 'clean', 'coffee', 'grinder', 'store', 'tightly', 'lidded', 'jar']",Indian
12099,"['blend', 'all', 'ingredients', 'together', 'pour', 'into', 'a', 'cup', 'if', 'desired', 'garnish', 'with', 'an', 'ice', 'cube', 'some', 'ground', 'cardamom', 'or', 'a', 'tiny', 'sprinkle', 'of', 'crushed', 'almonds', 'or', 'pistachios', 'all', 'optional']","['blend', 'ingredients', 'together', 'pour', 'desired', 'garnish', 'ice', 'cube', 'ground', 'cardamom', 'tiny', 'sprinkle', 'crushed', 'almonds', 'pistachios', 'optional']",Indian
2743,"['rinse', 'the', 'beans', 'and', 'drain', 'in', 'a', 'large', 'saucepan', 'combine', 'the', 'beans', 'and', 'the', '6', 'cups', 'of', 'water', 'and', 'bring', 'to', 'a', 'boil', 'reduce', 'heat', 'to', 'a', 'simmer', 'and', 'cook', 'uncovered', 'for', '10', 'minute', 'remove', 'from', 'heat', 'cover', 'and', 'let', 'stand', 'for', '1', 'hour', 'drain', 'and', 'rinse', 'beans', 'then', 'transfer', 'to', 'a', '4-quart', 'slow', 'cooker', 'in', 'a', 'large', 'skillet', 'cook', 'the', 'sausage', 'over', 'medium', 'heat', 'until', 'sausage', 'is', 'no', 'longer', 'pink', 'breaking', 'up', 'the', 'sausage', 'as', 'it', 'cooks', 'drain', 'off', 'the', 'fat', 'transfer', 'the', 'sausage', 'to', 'the', 'slow', 'cooker', 'in', 'the', 'same', 'skillet', 'cook', 'the', 'pork', 'half', 'at', 'a', 'time', 'until', 'pork', 'is', 'not', 'longer', 'pink', 'drain', 'off', 'fat', 'transfer', 'pork', 'to', 'slow', 'cooker', 'add', 'onion', 'carrots', 'and', 'garlic', 'to', 'the', 'slow', 'cooker', 'stir', 'in', 'the', '3', 'cups', 'of', 'water', 'bouillon', 'granules', 'thyme', 'and', 'oregano', 'cover', 'and', 'cook', 'on', 'low', 'for', '7-8', 'hours', 'or', 'on', 'high', 'for', '3', '1/2-4', 'hours', 'if', 'using', 'low', 'setting', 'turn', 'slow', 'cooker', 'to', 'high', 'after', 'the', '7-8', 'hours', 'stir', 'the', 'wine', 'into', 'the', 'tomato', 'paste', 'and', 'add', 'the', 'mixture', 'to', 'the', 'slow', 'cooker', 'along', 'with', 'the', 'parsley', 'cover', 'and', 'cook', 'for', '15', 'min', 'more']","['rinse', 'beans', 'drain', 'large', 'saucepan', 'combine', 'beans', 'water', 'bring', 'boil', 'reduce', 'heat', 'simmer', 'cook', 'uncovered', 'remove', 'heat', 'cover', 'let', 'stand', 'drain', 'rinse', 'beans', 'transfer', '4', 'quart', 'slow', 'cooker', 'large', 'skillet', 'cook', 'sausage', 'medium', 'heat', 'sausage', 'longer', 'pink', 'breaking', 'sausage', 'cooks', 'drain', 'fat', 'transfer', 'sausage', 'slow', 'cooker', 'skillet', 'cook', 'pork', 'half', 'time', 'pork', 'longer', 'pink', 'drain', 'fat', 'transfer', 'pork', 'slow', 'cooker', 'add', 'onion', 'carrots', 'garlic', 'slow', 'cooker', 'stir', 'water', 'bouillon', 'granules', 'thyme', 'oregano', 'cover', 'cook', 'low', 'high', 'using', 'low', 'setting', 'turn', 'slow', 'cooker', 'high', 'stir', 'wine', 'tomato', 'paste', 'add', 'mixture', 'slow', 'cooker', 'along', 'parsley', 'cover', 'cook', 'min']",Italian
8284,"['marinate', 'the', 'beef', 'cubes', 'with', 'salt', 'pepper,4', 'green', 'chillies', 'garlic', 'and', 'half', 'the', 'quantity', 'of', 'chopped', 'ginger', 'for', 'half', 'an', 'hour', 'pressure', 'cook', 'the', 'meat', 'till', 'tender', 'with', '1/4', 'cup', 'water', 'reduce', 'the', 'liquid', 'till', 'you', 'get', 'a', 'thin', 'film', 'of', 'gravy', 'at', 'the', 'bottom', 'of', 'the', 'cooker', 'separately', 'boil', 'the', 'potato', 'cubes', 'with', 'a', 'pinch', 'of', 'salt', 'drain', 'and', 'set', 'aside', 'next', 'heat', 'the', 'oil', 'in', 'a', 'pan', 'and', 'fry', 'fennel', 'seeds', 'cinnamon', 'cardamom', 'bay', 'leaves', 'and', 'cloves', 'for', '30', 'seconds', 'then', 'add', 'the', 'onion', 'remaining', 'green', 'chillies', 'and', 'ginger', 'alongwith', '6', 'curry', 'leaves', 'saute', 'till', 'onion', 'turns', 'limp', 'and', 'translucent', 'add', 'the', 'cooked', 'beef', 'with', 'remaining', 'gravy', 'red', 'chilli', 'powder', 'turmeric', 'powder', 'and', 'potatoes.stir', 'well', 'then', 'reduce', 'heat', 'to', 'low', 'and', 'add', 'half', 'cup', 'coconut', 'milk', 'diluted', 'in', '3/4', 'cup', 'water', 'and', 'salt', 'cover', 'and', 'cook', 'for', '15', 'minutes', 'finally', 'increase', 'to', 'medium', 'heat', 'add', 'the', 'remaining', '1/2', 'cup', 'coconut', 'milk', 'and', 'bring', 'to', 'a', 'boil', 'add', 'the', 'rest', 'of', 'the', 'curry', 'leaves', 'and', 'cook', 'on', 'low', 'heat', 'till', 'the', 'gravy', 'is', 'not', 'too', 'runny']","['marinate', 'beef', 'cubes', 'salt', 'pepper,4', 'green', 'chillies', 'garlic', 'half', 'quantity', 'chopped', 'ginger', 'half', 'pressure', 'cook', 'meat', 'till', 'tender', 'water', 'reduce', 'liquid', 'till', 'get', 'thin', 'film', 'gravy', 'bottom', 'cooker', 'separately', 'boil', 'potato', 'cubes', 'pinch', 'salt', 'drain', 'set', 'aside', 'next', 'heat', 'oil', 'pan', 'fry', 'fennel', 'seeds', 'cinnamon', 'cardamom', 'bay', 'leaves', 'cloves', 'seconds', 'add', 'onion', 'remaining', 'green', 'chillies', 'ginger', 'alongwith', 'curry', 'leaves', 'saute', 'till', 'onion', 'turns', 'limp', 'translucent', 'add', 'cooked', 'beef', 'remaining', 'gravy', 'red', 'chilli', 'powder', 'turmeric', 'powder', 'potatoes.stir', 'well', 'reduce', 'heat', 'low', 'add', 'half', 'coconut', 'milk', 'diluted', 'water', 'salt', 'cover', 'cook', 'finally', 'increase', 'medium', 'heat', 'add', 'remaining', 'coconut', 'milk', 'bring', 'boil', 'add', 'rest', 'curry', 'leaves', 'cook', 'low', 'heat', 'till', 'gravy', 'runny']",Indian
3899,"['puree', 'half', 'of', 'the', 'tomatoes', 'in', 'a', 'food', 'processor', 'until', 'smooth', 'about', '20', 'seconds', 'chop', 'the', 'remaining', 'tomatoes', 'into', '1/2', 'inch', 'pieces', 'discarding', 'the', 'cores', 'combined', 'the', 'pureed', 'and', 'diced', 'tomatoes', 'in', 'a', 'liquid', 'measuring', 'cup', 'about', '1', '2/3', 'cups', 'add', 'the', 'reserved', 'liquid', 'to', 'equal', '2', 'cups', 'bring', '4', 'quarts', 'water', 'to', 'a', 'boil', 'in', 'a', 'large', 'pot', 'for', 'the', 'pasta', 'add', '1', 'tablespoon', 'salt', 'and', 'the', 'pasta', 'to', 'the', 'boiling', 'water', 'cook', 'stirring', 'often', 'until', 'the', 'pasta', 'is', 'almost', 'al', 'dente', 'heat', 'the', 'oil', 'in', 'a', 'large', 'saucepan', 'over', 'medium', 'heat', 'until', 'shimmering', 'add', 'the', 'onion', 'and', 'tomato', 'paste', 'and', 'cook', 'stirring', 'occasionally', 'until', 'onion', 'is', 'light', 'golden', 'around', 'the', 'edges', 'about', '3', 'minutes', 'stir', 'in', 'the', 'garlic', 'and', 'pepper', 'flakes', 'and', 'cook', 'until', 'fragrant', 'about', '30', 'seconds', 'stir', 'in', 'the', 'tomatoes', 'and', '1/2', 'teaspoon', 'of', 'salt', 'remove', 'the', 'saucepan', 'from', 'the', 'heat', 'and', 'add', 'the', 'vodka', 'return', 'the', 'saucepan', 'to', 'medium', 'heat', 'and', 'simmer', 'stirring', 'frequently', 'until', 'the', 'alcohol', 'flavor', 'has', 'cooked', 'off', '8-10', 'minutes', 'stir', 'in', 'the', 'cream', 'and', 'cook', 'until', 'hot', 'about', '1', 'minute', 'reserve', '1/4', 'cup', 'of', 'the', 'pasta', 'cooking', 'water', 'drain', 'the', 'past', 'and', 'return', 'it', 'to', 'the', 'pot', 'stir', 'in', 'the', 'sauce', 'and', 'toss', 'to', 'combine', 'cook', 'over', 'medium', 'heat', 'until', 'the', 'pasta', 'absorbs', 'some', 'of', 'the', 'sauce', 'about', '1-2', 'minutes', 'you', 'can', 'thin', 'the', 'sauce', 'with', 'the', 'reserved', 'pasta', 'cooking', 'water', 'if', 'needed', 'stir', 'in', 'the', 'basil', 'and', 'serve', 'pass', 'grated', 'parmesan', 'cheese', 'separately', 'for', 'extra', 'flavour', 'slice', 'and', 'add', 'baked', 'chicken', 'on', 'top', 'optional']","['puree', 'half', 'tomatoes', 'food', 'processor', 'smooth', 'seconds', 'chop', 'remaining', 'tomatoes', 'pieces', 'discarding', 'cores', 'combined', 'pureed', 'diced', 'tomatoes', 'liquid', 'measuring', 'add', 'reserved', 'liquid', 'equal', 'bring', 'water', 'boil', 'large', 'pot', 'pasta', 'add', 'salt', 'pasta', 'boiling', 'water', 'cook', 'stirring', 'often', 'pasta', 'almost', 'al', 'dente', 'heat', 'oil', 'large', 'saucepan', 'medium', 'heat', 'shimmering', 'add', 'onion', 'tomato', 'paste', 'cook', 'stirring', 'occasionally', 'onion', 'light', 'golden', 'around', 'edges', 'stir', 'garlic', 'pepper', 'flakes', 'cook', 'fragrant', 'seconds', 'stir', 'tomatoes', 'salt', 'remove', 'saucepan', 'heat', 'add', 'vodka', 'return', 'saucepan', 'medium', 'heat', 'simmer', 'stirring', 'frequently', 'alcohol', 'flavor', 'cooked', 'stir', 'cream', 'cook', 'hot', 'reserve', 'pasta', 'cooking', 'water', 'drain', 'past', 'return', 'pot', 'stir', 'sauce', 'toss', 'combine', 'cook', 'medium', 'heat', 'pasta', 'absorbs', 'sauce', 'thin', 'sauce', 'reserved', 'pasta', 'cooking', 'water', 'needed', 'stir', 'basil', 'serve', 'pass', 'grated', 'parmesan', 'cheese', 'separately', 'extra', 'flavour', 'slice', 'add', 'baked', 'chicken', 'top', 'optional']",Italian
9803,"['cook', 'oats', 'with', 'water', 'and', 'keep', 'aside', 'in', 'a', 'pan', 'pour', 'oil', 'and', 'add', 'mustard', 'seeds', 'when', 'the', 'mustard', 'splutters', 'add', 'cumin', 'seeds', 'and', 'fry', 'for', '2', 'seconds', 'add', 'the', 'green', 'chilly', 'and', 'coconut', 'and', 'fry', 'for', 'a', 'minute.add', 'the', 'vegetables', 'and', 'salt', 'and', 'mix', 'well.sprinkle', 'some', 'water', 'if', 'the', 'mixture', 'is', 'very', 'dry', 'cover', 'the', 'pan', 'and', 'allow', 'it', 'to', 'cook', 'for', '5', 'minutes', 'or', 'till', 'the', 'vegetables', 'are', 'done', 'to', 'the', 'softness', 'u', 'desire.add', 'the', 'cooked', 'oats', 'and', 'mix', 'well', 'you', 'can', 'also', 'use', 'vegetables', 'like', 'carrots', 'or', 'beans', 'in', 'this', 'recipe']","['cook', 'oats', 'water', 'keep', 'aside', 'pan', 'pour', 'oil', 'add', 'mustard', 'seeds', 'mustard', 'splutters', 'add', 'cumin', 'seeds', 'fry', 'seconds', 'add', 'green', 'chilly', 'coconut', 'fry', 'minute.add', 'vegetables', 'salt', 'mix', 'well.sprinkle', 'water', 'mixture', 'dry', 'cover', 'pan', 'allow', 'cook', 'till', 'vegetables', 'done', 'softness', 'u', 'desire.add', 'cooked', 'oats', 'mix', 'well', 'also', 'use', 'vegetables', 'like', 'carrots', 'beans', 'recipe']",Indian
12847,"['lightly', 'brown', 'the', 'onion', 'and', 'garlic', 'in', 'the', 'butter', 'you', 'may', 'use', 'oil', 'if', 'you', 'wish', 'but', 'not', 'olive', 'oil', 'mix', 'in', 'the', 'flour', 'and', 'curry', 'powder', 'cook', 'for', 'a', 'few', 'minutes', 'browning', 'slightly', 'mix', 'in', 'the', 'tomato', 'puree', 'cool', 'slightly', 'gradually', 'mix', 'in', 'the', 'stock', 'until', 'smooth', 'stir', 'to', 'the', 'boil', 'add', 'the', 'remaining', 'ingredients', 'except', 'for', 'the', 'rice', 'season', 'to', 'your', 'taste', 'and', 'simmer', 'for', '30-45', 'minutes', 'liquidise', 'soup', 'to', 'your', 'preferred', 'consistency', 'add', 'rice', 'to', 'serving', 'bowl', 'and', 'pour', 'hot', 'soup', 'over', 'the', 'top']","['lightly', 'brown', 'onion', 'garlic', 'butter', 'may', 'use', 'oil', 'wish', 'olive', 'oil', 'mix', 'flour', 'curry', 'powder', 'cook', 'browning', 'slightly', 'mix', 'tomato', 'puree', 'cool', 'slightly', 'gradually', 'mix', 'stock', 'smooth', 'stir', 'boil', 'add', 'remaining', 'ingredients', 'except', 'rice', 'season', 'taste', 'simmer', 'liquidise', 'soup', 'preferred', 'consistency', 'add', 'rice', 'serving', 'bowl', 'pour', 'hot', 'soup', 'top']",Indian
3335,"['in', 'large', 'bowl', 'combine', '2', 'cups', 'flour', 'undissolved', 'yeast', 'and', 'salt', 'heat', 'water', '4', 't', 'honey', 'and', 'oil', 'until', 'very', 'warm', '120°', 'to', '130°f', 'stir', 'into', 'dry', 'ingredients', 'stir', 'in', 'garlic', 'and', 'enough', 'remaining', 'flour', 'to', 'make', 'soft', 'dough', 'knead', 'on', 'lightly', 'floured', 'surface', 'until', 'smooth', 'and', 'elastic', 'about', '6', 'to', '8', 'minutes', 'cover', 'let', 'rest', '10', 'minutes', 'divide', 'dough', 'into', '6', 'equal', 'pieces', 'roll', 'each', 'to', '4', 'x', '5-inch', 'oval', 'sprinkle', '2', 'large', 'baking', 'sheets', 'with', 'cornmeal', 'place', 'dough', 'pieces', 'on', 'sheets', 'sprinkle', 'each', 'piece', 'with', '1', 'tablespoon', 'roasted', 'pepper', 'and', '1/4', 'teaspoon', 'rosemary', 'cover', 'let', 'rise', 'in', 'warm', 'draft-free', 'place', 'until', 'doubled', 'in', 'size', 'about', '30', 'to', '45', 'minutes', 'bake', 'at', '400', '°f', 'for', '12', 'to', '15', 'minutes', 'or', 'until', 'done', 'warm', 'remaining', '1', 'tablespoon', 'honey', 'drizzle', 'on', 'top', 'of', 'focaccias', 'remove', 'from', 'sheets', 'cool', 'on', 'wire', 'rack', 'bread', 'machine', 'variation', '1', 'all-size', 'machines', 'measure', '2-2/3', 'cups', 'flour', 'yeast', 'salt', 'water', '1/4', 'cup', 'honey', 'oil', 'and', 'garlic', 'into', 'bread', 'machine', 'pan', 'as', 'suggested', 'by', 'manufacturer', 'process', 'on', 'dough/manual', 'cycle', 'when', 'complete', 'remove', 'dough', 'to', 'floured', 'surface', 'knead', 'in', 'additional', 'flour', 'if', 'necessary', 'to', 'make', 'dough', 'easy', 'to', 'handle', 'roll', 'out', 'dough', 'and', 'proceed', 'as', 'directed']","['large', 'bowl', 'combine', 'flour', 'undissolved', 'yeast', 'salt', 'heat', 'water', 'honey', 'oil', 'warm', '120°', '130°f', 'stir', 'dry', 'ingredients', 'stir', 'garlic', 'enough', 'remaining', 'flour', 'make', 'soft', 'dough', 'knead', 'lightly', 'floured', 'surface', 'smooth', 'elastic', 'cover', 'let', 'rest', 'divide', 'dough', 'equal', 'pieces', 'roll', 'x', '5', 'inch', 'oval', 'sprinkle', 'large', 'baking', 'sheets', 'cornmeal', 'place', 'dough', 'pieces', 'sheets', 'sprinkle', 'piece', 'roasted', 'pepper', 'rosemary', 'cover', 'let', 'rise', 'warm', 'draft', 'free', 'place', 'doubled', 'size', 'bake', '°f', 'done', 'warm', 'remaining', 'honey', 'drizzle', 'top', 'focaccias', 'remove', 'sheets', 'cool', 'wire', 'rack', 'bread', 'machine', 'variation', 'size', 'machines', 'measure', 'flour', 'yeast', 'salt', 'water', 'honey', 'oil', 'garlic', 'bread', 'machine', 'pan', 'suggested', 'manufacturer', 'process', 'dough/manual', 'cycle', 'complete', 'remove', 'dough', 'floured', 'surface', 'knead', 'additional', 'flour', 'necessary', 'make', 'dough', 'easy', 'handle', 'roll', 'dough', 'proceed', 'directed']",Italian
5913,"['combine', 'all', 'ingredients', 'except', 'roast', 'and', 'mix', 'well', 'put', 'roast', 'in', 'pan', 'pour', 'mixture', 'over', 'roast', 'bake', 'at', '275', 'for', '5-6', 'hours', 'or', 'until', 'fork', 'tender', 'shred', 'beef', 'in', 'pan', 'serve', 'on', 'rolls', 'or', 'bread', 'of', 'choice', 'may', 'top', 'with', 'favorite', 'cheese', 'and', 'broil', 'until', 'cheese', 'is', 'golden', 'brown', 'or', 'dip', 'sandwich', 'in', 'aus', 'juice']","['combine', 'ingredients', 'except', 'roast', 'mix', 'well', 'put', 'roast', 'pan', 'pour', 'mixture', 'roast', 'bake', 'fork', 'tender', 'shred', 'beef', 'pan', 'serve', 'rolls', 'bread', 'choice', 'may', 'top', 'favorite', 'cheese', 'broil', 'cheese', 'golden', 'brown', 'dip', 'sandwich', 'aus', 'juice']",Italian
12241,"['cut', 'all', 'the', 'vegetables', 'except', 'beans', 'into', 'small', 'pieces', 'and', 'fry', 'in', '3', 'tbsp', 'oil', 'add', 'the', 'green', 'peas', 'and', 'fry', 'for', '1', 'minute', 'remove', 'the', 'vegetables', 'and', 'set', 'aside', 'add', '1', 'tbsp', 'of', 'oil', 'to', 'the', 'pan', 'and', 'fry', 'the', 'mustard', 'seeds', 'green', 'chilis', 'cinnamon', 'caraway', 'seeds', 'cloves', 'and', 'pepper', 'stir', 'for', 'half', 'a', 'minute', 'add', 'onions', 'and', 'saute', 'for', 'one', 'minute', 'until', 'they', 'are', 'translucent', 'and', 'coated', 'with', 'the', 'spices', 'set', 'aside', 'rinse', 'the', 'rice', 'add', 'the', 'rice', 'and', 'water', 'in', 'a', 'sauce', 'pan', 'with', 'a', 'pinch', 'of', 'salt', 'stir', 'in', '2', 'tsp', 'of', 'the', 'dry', 'fruit', 'cook', 'until', 'the', 'rice', 'is', 'done', 'add', 'rice', 'to', 'all', 'the', 'vegetables', 'including', 'the', 'onions', 'garnish', 'with', 'the', 'rest', 'of', 'the', 'dry', 'fruit', 'and', 'the', 'cashews']","['cut', 'vegetables', 'except', 'beans', 'small', 'pieces', 'fry', 'oil', 'add', 'green', 'peas', 'fry', 'remove', 'vegetables', 'set', 'aside', 'add', 'oil', 'pan', 'fry', 'mustard', 'seeds', 'green', 'chilis', 'cinnamon', 'caraway', 'seeds', 'cloves', 'pepper', 'stir', 'half', 'add', 'onions', 'saute', 'one', 'translucent', 'coated', 'spices', 'set', 'aside', 'rinse', 'rice', 'add', 'rice', 'water', 'sauce', 'pan', 'pinch', 'salt', 'stir', 'dry', 'fruit', 'cook', 'rice', 'done', 'add', 'rice', 'vegetables', 'including', 'onions', 'garnish', 'rest', 'dry', 'fruit', 'cashews']",Indian
4608,"['clean', 'and', 'remove', 'big', 'stems', 'from', 'parsley', 'in', 'a', 'food', 'processor', 'or', 'magic', 'bullet', 'put', 'the', 'parsley', 'salt', 'walnuts', 'shallot', 'and', 'half', 'the', 'oil', 'blend', 'until', 'pureed', 'add', 'remaining', 'oil', 'lemon', 'juice', 'and', 'parmesan', 'and', 'blend', 'quickly']","['clean', 'remove', 'big', 'stems', 'parsley', 'food', 'processor', 'magic', 'bullet', 'put', 'parsley', 'salt', 'walnuts', 'shallot', 'half', 'oil', 'blend', 'pureed', 'add', 'remaining', 'oil', 'lemon', 'juice', 'parmesan', 'blend', 'quickly']",Italian
10395,"['on', 'medium-high', 'heat', 'sauté', 'onions', 'in', 'oil', 'until', 'soft', 'about', '4', 'minutes', 'add', 'everything', 'except', 'the', 'lentils', 'and', 'water', 'cook', 'out', 'bitterness', 'of', 'dried', 'spices', 'for', '1-2', 'minutes', 'add', 'lentils', 'and', 'water', 'simmer', 'on', 'medium', 'heat', 'for', '25', 'minutes', 'stirring', 'occasionally', 'enjoy', 'with', 'rice', 'or', 'on', 'its', 'own']","['medium', 'high', 'heat', 'sauté', 'onions', 'oil', 'soft', 'add', 'everything', 'except', 'lentils', 'water', 'cook', 'bitterness', 'dried', 'spices', 'add', 'lentils', 'water', 'simmer', 'medium', 'heat', 'stirring', 'occasionally', 'enjoy', 'rice']",Indian
1882,"['add', 'tomato', 'sauce', 'to', 'the', 'bottom', 'of', 'a', 'baking', 'dish', 'rinse', 'fish', 'filets', 'and', 'pat', 'dry', 'sprinkle', 'salt', 'and', 'pepper', 'to', 'taste', 'on', 'both', 'sides', 'and', 'the', 'fish', 'and', 'lay', 'in', 'baking', 'dish', 'i', 'like', 'to', 'also', 'sprinkle', 'my', 'filets', 'with', 'a', 'bit', 'of', 'fish', 'seasoning', 'or', 'flavored', 'salt', 'to', 'taste', 'on', 'a', 'cutting', 'board', 'mince', 'the', 'scallions', 'and', 'chop', 'basil', 'i', 'add', 'the', 'breadcrumbs', 'right', 'to', 'the', 'pile', 'of', 'fresh', 'herbs', 'and', 'roughly', 'chop', 'top', 'the', 'filets', 'with', 'the', 'herb', 'and', 'bread', 'crumb', 'mixture', 'and', 'then', 'top', 'with', 'the', 'slices', 'of', 'fresh', 'tomato', 'bake', 'in', 'a', '375', 'degree', 'oven', 'for', '20', 'minutes', 'or', 'until', 'fish', 'is', 'cooked', 'through']","['add', 'tomato', 'sauce', 'bottom', 'baking', 'dish', 'rinse', 'fish', 'filets', 'pat', 'dry', 'sprinkle', 'salt', 'pepper', 'taste', 'sides', 'fish', 'lay', 'baking', 'dish', 'like', 'also', 'sprinkle', 'filets', 'bit', 'fish', 'seasoning', 'flavored', 'salt', 'taste', 'cutting', 'board', 'mince', 'scallions', 'chop', 'basil', 'add', 'breadcrumbs', 'right', 'pile', 'fresh', 'herbs', 'roughly', 'chop', 'top', 'filets', 'herb', 'bread', 'crumb', 'mixture', 'top', 'slices', 'fresh', 'tomato', 'bake', 'oven', 'fish', 'cooked']",Italian
7597,"['mix', 'the', 'lentils', 'together', 'in', 'a', 'large', 'bowl', 'and', 'wash', 'in', 'several', 'changes', 'of', 'water', 'heat', 'the', 'ghee', 'in', 'a', 'large', 'heavy-based', 'preferably', 'non-stick', 'saucepan', 'and', 'add', 'the', 'onion', 'garlic', 'ginger', 'and', 'chili', 'cook', 'stirring', 'until', 'onion', 'is', 'soft', 'and', 'starting', 'to', 'brown', 'add', 'the', 'seeds', 'and', 'powdered', 'spices', 'and', 'cook', 'stirring', 'until', 'fragrant', 'add', 'the', 'lentils', 'along', 'with', 'the', 'undrained', 'tomatoes', 'and', 'stock', 'and', 'stir', 'to', 'combine', 'bring', 'to', 'the', 'boil', 'then', 'reduce', 'heat', 'and', 'simmer', 'covered', 'for', 'about', 'one', 'hour', 'stirring', 'occasionally', 'until', 'lentils', 'are', 'tender', 'add', 'small', 'amounts', 'of', 'water', 'from', 'time', 'to', 'time', 'if', 'the', 'mixture', 'appears', 'to', 'be', 'sticking', 'or', 'is', 'too', 'thick', 'before', 'the', 'lentils', 'soften', 'add', 'the', 'coconut', 'cream', 'and', 'cilantro', 'just', 'before', 'serving', 'stirring', 'and', 'heating', 'through', 'over', 'low', 'heat']","['mix', 'lentils', 'together', 'large', 'bowl', 'wash', 'several', 'changes', 'water', 'heat', 'ghee', 'large', 'heavy', 'based', 'preferably', 'non', 'stick', 'saucepan', 'add', 'onion', 'garlic', 'ginger', 'chili', 'cook', 'stirring', 'onion', 'soft', 'starting', 'brown', 'add', 'seeds', 'powdered', 'spices', 'cook', 'stirring', 'fragrant', 'add', 'lentils', 'along', 'undrained', 'tomatoes', 'stock', 'stir', 'combine', 'bring', 'boil', 'reduce', 'heat', 'simmer', 'covered', 'one', 'stirring', 'occasionally', 'lentils', 'tender', 'add', 'small', 'amounts', 'water', 'time', 'time', 'mixture', 'appears', 'sticking', 'thick', 'lentils', 'soften', 'add', 'coconut', 'cream', 'cilantro', 'serving', 'stirring', 'heating', 'low', 'heat']",Indian
5093,"['in', 'a', 'large', 'saucepot', 'heat', 'the', 'butter', 'gently', 'on', 'medium-low', 'until', 'melted', 'and', 'sauté', 'the', 'minced', 'garlic', 'and', 'shallot', 'until', 'soft', 'turn', 'heat', 'up', 'to', 'medium', 'add', 'mushrooms', 'and', 'a', 'couple', 'pinches', 'of', 'salt', 'to', 'make', 'them', 'sweat', 'stir', 'add', 'the', 'olive', 'oil', 'continue', 'stirring', 'mushrooms', 'until', 'they', ""'re"", 'all', 'soft', 'and', 'tender', 'adding', 'more', 'butter', 'after', 'a', 'few', 'minutes', 'if', 'desired', 'squeeze', 'lemon', 'and', 'put', 'juice', 'in', 'with', 'the', 'mushrooms', 'combine', 'the', 'hot', 'water', 'bouillon', 'cube', 'and', 'herbs', 'stirring', 'until', 'the', 'bouillion', 'is', 'completely', 'dissolved', 'add', 'to', 'mushrooms', 'add', 'heavy', 'cream', 'goat', 'cheese', 'and', 'vodka', 'or', 'white', 'wine', 'stirring', 'until', 'cheese', 'is', 'melted', 'and', 'sauce', 'is', 'well', 'blended', 'add', 'salt', 'and', 'pepper', 'to', 'taste', 'simmer', 'until', 'desired', 'thickness', 'if', 'stirring', 'constantly', 'on', 'medium-high', 'heat', 'a', 'half', 'hour', 'might', 'do', 'it', 'i', 'simmered', 'this', 'for', 'about', 'an', 'hour', 'and', 'a', 'half', 'on', 'medium', 'heat', 'and', 'stirred', 'every', 'once', 'in', 'awhile', 'to', 'prevent', 'a', 'skin', 'from', 'forming', 'serve', 'with', 'a', 'thicker', 'pasta', 'like', 'linguini', 'or', 'fettuccine', 'enjoy']","['large', 'saucepot', 'heat', 'butter', 'gently', 'medium', 'low', 'melted', 'sauté', 'minced', 'garlic', 'shallot', 'soft', 'turn', 'heat', 'medium', 'add', 'mushrooms', 'couple', 'pinches', 'salt', 'make', 'sweat', 'stir', 'add', 'olive', 'oil', 'continue', 'stirring', 'mushrooms', 'soft', 'tender', 'adding', 'butter', 'desired', 'squeeze', 'lemon', 'put', 'juice', 'mushrooms', 'combine', 'hot', 'water', 'bouillon', 'cube', 'herbs', 'stirring', 'bouillion', 'completely', 'dissolved', 'add', 'mushrooms', 'add', 'heavy', 'cream', 'goat', 'cheese', 'vodka', 'white', 'wine', 'stirring', 'cheese', 'melted', 'sauce', 'well', 'blended', 'add', 'salt', 'pepper', 'taste', 'simmer', 'desired', 'thickness', 'stirring', 'constantly', 'medium', 'high', 'heat', 'half', 'might', 'simmered', 'half', 'medium', 'heat', 'stirred', 'every', 'awhile', 'prevent', 'skin', 'forming', 'serve', 'thicker', 'pasta', 'like', 'linguini', 'fettuccine', 'enjoy']",Italian
6865,"['cut', 'the', 'chicken', 'into', '1', '12', 'inch', 'pieces.put', 'the', 'onions', 'garlic', 'salt', 'chili', 'powder', 'ground', 'coriander', 'and', 'meat', 'in', 'a', 'heavy', 'based', 'pot', 'cook', 'for', '20', 'to', '25', 'minutes', 'or', 'until', 'the', 'meat', 'is', 'half', 'cook', 'add', 'tomatoes', 'and', 'ginger', 'in', 'the', 'meat', 'and', 'cook', 'for', '5', 'minutes', 'stir', 'all', 'the', 'time', 'to', 'mashed', 'the', 'tomatoes', 'prepare', 'bhuna', 'gosht', 'meanwhile', 'wash', 'okra', 'under', 'running', 'water', 'dry', 'with', 'tea', 'cloth', 'or', 'just', 'spread', 'in', 'a', 'tray', 'for', 'some', 'time', 'now', 'cut', 'okra', 'by', 'removing', 'head', 'and', 'tail', 'in', 'to', 'half', 'inch', 'slices', 'in', 'a', 'large', 'pan', 'heat', 'oil', 'over', 'high', 'heat', 'add', 'onions', 'and', 'fry', 'until', 'change', 'color', 'and', 'edges', 'turn', 'light', 'brown', 'remove', 'onion', 'from', 'oil', 'and', 'keep', 'aside', '.fry', 'okra', 'in', 'the', 'same', 'oil', 'until', 'it', 'changes', 'its', 'color', 'and', 'edges', 'start', 'getting', 'brown', 'remove', 'okra', 'from', 'oil', 'and', 'discard', 'oil', 'put', 'okra', 'onions', 'and', 'green', 'chilli', 'into', 'hot', 'bhuna', 'meat', 'stir', 'with', 'care', 'cover', 'the', 'pan', 'and', 'cook', 'for', 'about', '10', 'minutes', 'over', 'low', 'heat']","['cut', 'chicken', 'pieces.put', 'onions', 'garlic', 'salt', 'chili', 'powder', 'ground', 'coriander', 'meat', 'heavy', 'based', 'pot', 'cook', 'meat', 'half', 'cook', 'add', 'tomatoes', 'ginger', 'meat', 'cook', 'stir', 'time', 'mashed', 'tomatoes', 'prepare', 'bhuna', 'gosht', 'meanwhile', 'wash', 'okra', 'running', 'water', 'dry', 'tea', 'cloth', 'spread', 'tray', 'time', 'cut', 'okra', 'removing', 'head', 'tail', 'half', 'slices', 'large', 'pan', 'heat', 'oil', 'high', 'heat', 'add', 'onions', 'fry', 'change', 'color', 'edges', 'turn', 'light', 'brown', 'remove', 'onion', 'oil', 'keep', 'aside', '.fry', 'okra', 'oil', 'changes', 'color', 'edges', 'start', 'getting', 'brown', 'remove', 'okra', 'oil', 'discard', 'oil', 'put', 'okra', 'onions', 'green', 'chilli', 'hot', 'bhuna', 'meat', 'stir', 'care', 'cover', 'pan', 'cook', 'low', 'heat']",Indian
4670,"['heat', 'the', 'oil', 'in', 'a', 'pan', 'and', 'cook', 'the', 'onion', 'and', 'garlic', 'until', 'tender', 'add', 'the', 'spinach', 'and', 'cook', 'for', '2', 'minutes', 'stirring', 'often', 'place', 'in', 'a', 'bowl', 'and', 'add', 'the', 'ricotta', 'eggs', 'nutmeg', 'salt', 'and', 'pepper', 'mix', 'well', 'stuff', 'each', 'canneloni', 'tube', 'and', 'put', 'in', 'a', 'baking', 'dish', 'pour', 'the', 'jar', 'of', 'sauce', 'over', 'the', 'pasta', 'top', 'with', 'cheese', 'and', 'bake', 'at', '180c', 'until', 'cheese', 'is', 'golden', 'and', 'the', 'sauce', 'is', 'bubbling', 'about', '30', 'minutes']","['heat', 'oil', 'pan', 'cook', 'onion', 'garlic', 'tender', 'add', 'spinach', 'cook', 'stirring', 'often', 'place', 'bowl', 'add', 'ricotta', 'eggs', 'nutmeg', 'salt', 'pepper', 'mix', 'well', 'stuff', 'canneloni', 'tube', 'put', 'baking', 'dish', 'pour', 'jar', 'sauce', 'pasta', 'top', 'cheese', 'bake', '180c', 'cheese', 'golden', 'sauce', 'bubbling']",Italian
3283,"['put', 'some', 'salted', 'water', 'to', 'boil', 'and', 'cook', 'the', 'pasta', 'according', 'to', 'the', 'packet', 'instruction', 'slice', 'the', 'onion', 'and', 'brown', 'in', 'a', 'saucepan', 'with', 'olive', 'oil', 'and', 'hot', 'pepper', 'then', 'add', 'chopped', 'tomato', 'and', 'stir', 'fry', 'on', 'a', 'medium', 'heat', 'for', 'a', 'couple', 'of', 'minutes', 'add', 'sliced', 'ham', 'and', 'mix', 'pour', 'the', 'drained', 'peas', 'cook', 'for', 'one', 'minute', 'and', 'turn', 'off', 'the', 'heat', 'add', 'the', 'cream', 'and', 'the', 'parmesan', 'cheese', 'when', 'the', 'pasta', 'is', 'cooked', 'before', 'draining', 'keep', 'a', 'cup', 'of', 'cooking', 'water', 'add', 'the', 'pasta', 'to', 'the', 'pan', 'stirring', 'over', 'a', 'medium', 'heat', 'until', 'everything', 'is', 'tossing', 'well', 'helping', 'with', 'some', 'cooking', 'water', 'in', 'case', 'of', 'need']","['put', 'salted', 'water', 'boil', 'cook', 'pasta', 'according', 'packet', 'instruction', 'slice', 'onion', 'brown', 'saucepan', 'olive', 'oil', 'hot', 'pepper', 'add', 'chopped', 'tomato', 'stir', 'fry', 'medium', 'heat', 'couple', 'add', 'sliced', 'ham', 'mix', 'pour', 'drained', 'peas', 'cook', 'one', 'turn', 'heat', 'add', 'cream', 'parmesan', 'cheese', 'pasta', 'cooked', 'draining', 'keep', 'cooking', 'water', 'add', 'pasta', 'pan', 'stirring', 'medium', 'heat', 'everything', 'tossing', 'well', 'helping', 'cooking', 'water', 'case', 'need']",Italian
3626,"['mix', 'the', 'chicken', 'spinach', 'garlic', 'ricotta', 'cheese', 'italian', 'cheese', 'and', 'the', 'egg', 'in', 'a', 'large', 'bowl', 'add', '1/4', 'cup', 'parmesan', 'and', '2', 'tbsp', 'basil', 'mix', 'well', 'spread', 'chicken', 'mixture', 'onto', 'noodles', 'roll', 'up', 'tightly', 'pour', 'about', 'half', 'the', 'pasta', 'sauce', 'into', 'large', 'skillet', 'add', 'the', 'roll-ups', 'seam', 'sides', 'down', 'spoon', 'remaining', 'sauce', 'over', 'the', 'roll-ups', 'cover', 'bring', 'to', 'boil', 'on', 'medium-high', 'heat', 'simmer', 'on', 'medium-low', 'heat', '20', 'minute', 'or', 'until', 'heated', 'through', 'sprinkle', 'with', 'remaining', 'parmesan', 'and', 'basil']","['mix', 'chicken', 'spinach', 'garlic', 'ricotta', 'cheese', 'italian', 'cheese', 'egg', 'large', 'bowl', 'add', 'parmesan', 'basil', 'mix', 'well', 'spread', 'chicken', 'mixture', 'onto', 'noodles', 'roll', 'tightly', 'pour', 'half', 'pasta', 'sauce', 'large', 'skillet', 'add', 'roll', 'ups', 'seam', 'sides', 'spoon', 'remaining', 'sauce', 'roll', 'ups', 'cover', 'bring', 'boil', 'medium', 'high', 'heat', 'simmer', 'medium', 'low', 'heat', 'heated', 'sprinkle', 'remaining', 'parmesan', 'basil']",Italian
10236,"['slice', 'cucumber', 'halves', 'into', 'thin', 'half-moons', 'blot', 'off', 'moisture', 'with', 'paper', 'towels', 'put', 'veggies', 'in', 'a', 'bowl', 'mix', 'yogurt', 'garlic', 'and', 'mint', 'together', 'and', 'add', 'to', 'veggies', 'toss', 'to', 'coat', 'sprinkle', 'with', 'pepper', 'if', 'desired', 'chill', 'before', 'serving']","['slice', 'cucumber', 'halves', 'thin', 'half', 'moons', 'blot', 'moisture', 'paper', 'towels', 'put', 'veggies', 'bowl', 'mix', 'yogurt', 'garlic', 'mint', 'together', 'add', 'veggies', 'toss', 'coat', 'sprinkle', 'pepper', 'desired', 'chill', 'serving']",Indian
9565,"['1.', 'toast', 'split', 'peas', 'coriander', 'cumin', 'peppercorns', 'and', 'chile', 'in', 'a', 'large', 'skillet', 'over', 'medium', 'heat', 'shaking', 'the', 'pan', 'occasionally', 'until', 'the', 'peas', 'turn', 'reddish', 'brown', 'the', 'spices', 'become', 'fragrant', 'and', 'the', 'chile', 'blackens', 'slightly', '2', 'to', '3', 'minutes', 'transfer', 'to', 'a', 'plate', 'to', 'cool', 'for', '3', 'to', '5', 'minutes', '2.', 'grind', 'in', 'a', 'spice', 'grinder', 'or', 'mortar', 'and', 'pestle', 'until', 'the', 'mixture', 'is', 'the', 'texture', 'of', 'finely', 'ground', 'black', 'pepper', '3.', 'combine', 'cilantro', 'tamarind', 'concentrate', 'or', 'lime', 'juice', 'salt', 'and', 'the', 'spice', 'blend', 'in', 'a', 'medium', 'bowl', 'add', 'shrimp', 'and', 'turn', 'to', 'coat', 'cover', 'and', 'refrigerate', 'for', '30', 'minutes', 'do', 'not', 'marinate', 'for', 'more', 'than', '2', 'hours', 'or', 'the', 'acidity', 'in', 'the', 'tamarind', 'will', 'affect', 'the', 'shrimp', ""'s"", 'texture.', '4.', 'heat', 'oil', 'in', 'the', 'pan', 'over', 'medium-high', 'heat', 'add', 'mustard', 'seeds', 'when', 'the', 'seeds', 'begin', 'to', 'pop', 'cover', 'the', 'skillet', 'as', 'soon', 'as', 'the', 'popping', 'stops', 'add', 'shallots', 'and', 'the', 'shrimp', 'in', 'a', 'single', 'layer', 'and', 'cook', 'until', 'the', 'undersides', 'of', 'the', 'shrimp', 'turn', 'salmon-pink', '1', 'to', '2', 'minutes', 'turn', 'the', 'shrimp', 'and', 'cook', 'until', 'the', 'other', 'side', 'is', 'pink', '1', 'to', '2', 'minutes', '5.', 'add', 'water', 'and', 'continue', 'cooking', 'for', '1', 'minute', 'serve', 'immediately']","['toast', 'split', 'peas', 'coriander', 'cumin', 'peppercorns', 'chile', 'large', 'skillet', 'medium', 'heat', 'shaking', 'pan', 'occasionally', 'peas', 'turn', 'reddish', 'brown', 'spices', 'become', 'fragrant', 'chile', 'blackens', 'slightly', 'transfer', 'plate', 'cool', 'grind', 'spice', 'grinder', 'mortar', 'pestle', 'mixture', 'texture', 'finely', 'ground', 'black', 'pepper', 'combine', 'cilantro', 'tamarind', 'concentrate', 'lime', 'juice', 'salt', 'spice', 'blend', 'medium', 'bowl', 'add', 'shrimp', 'turn', 'coat', 'cover', 'refrigerate', 'marinate', 'acidity', 'tamarind', 'affect', 'shrimp', 'texture.', 'heat', 'oil', 'pan', 'medium', 'high', 'heat', 'add', 'mustard', 'seeds', 'seeds', 'begin', 'pop', 'cover', 'skillet', 'soon', 'popping', 'stops', 'add', 'shallots', 'shrimp', 'single', 'layer', 'cook', 'undersides', 'shrimp', 'turn', 'salmon', 'pink', 'turn', 'shrimp', 'cook', 'side', 'pink', 'add', 'water', 'continue', 'cooking', 'serve', 'immediately']",Indian
9950,"['mix', 'everything', 'together', 'in', 'a', 'bowl', 'ganrish', 'with', 'chives', 'and', 'walnuts', 'and', 'serve']","['mix', 'everything', 'together', 'bowl', 'ganrish', 'chives', 'walnuts', 'serve']",Indian
4668,"['bring', 'pasta', 'and', 'water', 'to', 'boil', 'in', 'saucepan', 'simmer', '10', 'minutes', 'or', 'until', 'pasta', 'is', 'tender', 'add', 'vegetables', 'velveeta', 'light', 'milk', 'and', 'seasonings', 'stir', 'until', 'velveeta', 'light', 'is', 'melted', 'and', 'mixture', 'is', 'thoroughly', 'heated']","['bring', 'pasta', 'water', 'boil', 'saucepan', 'simmer', 'pasta', 'tender', 'add', 'vegetables', 'velveeta', 'light', 'milk', 'seasonings', 'stir', 'velveeta', 'light', 'melted', 'mixture', 'thoroughly', 'heated']",Italian
875,"['melt', 'butter', 'and', 'oil', 'in', 'a', 'large', 'dutch', 'oven', 'saute', 'onion', 'and', 'garlic', 'over', 'medium', 'heat', 'until', 'just', 'translucent', 'add', 'ground', 'beef', 'and', 'cook', 'til', 'no', 'longer', 'pink', 'stir', 'in', 'salt', 'and', 'pepper', 'add', 'wine', 'and', 'turn', 'up', 'the', 'heat', 'cooking/stirring', 'until', 'almost', 'all', 'the', 'wine', 'has', 'evaportated', 'this', 'will', 'take', 'about', '20', 'minutes', 'turn', 'heat', 'back', 'down', 'to', 'medium', 'and', 'add', 'the', 'milk', 'and', 'nutmeg', 'cook', 'stirring', 'frequently', 'until', 'all', 'the', 'milk', 'is', 'gone', 'add', 'oregano', 'garlic', 'and', 'tomatoes', 'undrained', 'add', 'the', 'whole', 'carrot', 'to', 'the', 'sauce', 'this', 'helps', 'absorb', 'the', 'acidity', 'of', 'the', 'tomatoes', 'when', 'the', 'tomato', 'sauce', 'has', 'started', 'to', 'boil', 'turn', 'down', 'to', 'low', 'and', 'cook', 'the', 'sauce', 'at', 'a', 'lazy', 'simmer', 'adding', 'water', 'as', 'needed', 'for', 'about', '5', 'hours']","['melt', 'butter', 'oil', 'large', 'dutch', 'oven', 'saute', 'onion', 'garlic', 'medium', 'heat', 'translucent', 'add', 'ground', 'beef', 'cook', 'til', 'longer', 'pink', 'stir', 'salt', 'pepper', 'add', 'wine', 'turn', 'heat', 'cooking/stirring', 'almost', 'wine', 'evaportated', 'take', 'turn', 'heat', 'back', 'medium', 'add', 'milk', 'nutmeg', 'cook', 'stirring', 'frequently', 'milk', 'gone', 'add', 'oregano', 'garlic', 'tomatoes', 'undrained', 'add', 'whole', 'carrot', 'sauce', 'helps', 'absorb', 'acidity', 'tomatoes', 'tomato', 'sauce', 'started', 'boil', 'turn', 'low', 'cook', 'sauce', 'lazy', 'simmer', 'adding', 'water', 'needed']",Italian
9385,"['reserve', 'the', 'chopped', 'greens', 'of', 'the', 'spring', 'onions', 'for', 'garnishing', 'mix', 'cabbage', 'carrot', 'and', 'french', 'beans', 'in', 'a', 'bowl', 'and', 'thoroughly', 'rub', 'in', 'one', 'teaspoon', 'of', 'salt', 'add', 'spring', 'onion', 'green', 'capsicum', 'refined', 'flour', 'and', 'one-fourth', 'cup', 'of', 'cornflour', 'mix', 'thoroughly', 'shape', 'into', 'lemon', 'sized', 'balls', 'heat', 'sufficient', 'oil', 'in', 'a', 'wok', 'and', 'deep-fry', 'vegetable', 'balls', 'in', 'small', 'batches', 'for', 'three', 'to', 'four', 'minutes', 'on', 'medium', 'heat', 'or', 'until', 'golden', 'brown', 'drain', 'and', 'place', 'on', 'an', 'absorbent', 'paper', 'heat', 'two', 'tablespoons', 'of', 'oil', 'in', 'a', 'wok', 'or', 'a', 'pan', 'and', 'stir-fry', 'ginger', 'and', 'garlic', 'briefly', 'add', 'green', 'chillies', 'stir-fry', 'briefly', 'add', 'soy', 'sauce', 'sugar', 'msg', 'and', 'salt', 'to', 'taste', 'stir', 'in', 'vegetable', 'stock', 'and', 'bring', 'to', 'a', 'boil', 'stir', 'in', 'cornflour', 'blended', 'in', 'a', 'cup', 'of', 'water', 'and', 'cook', 'for', 'a', 'couple', 'of', 'minutes', 'or', 'till', 'the', 'sauce', 'starts', 'to', 'thicken', 'stirring', 'continuously', 'add', 'fried', 'vegetable', 'balls', 'vinegar', 'and', 'mix', 'well', 'serve', 'hot', 'garnished', 'with', 'spring', 'onion', 'greens']","['reserve', 'chopped', 'greens', 'spring', 'onions', 'garnishing', 'mix', 'cabbage', 'carrot', 'french', 'beans', 'bowl', 'thoroughly', 'rub', 'one', 'salt', 'add', 'spring', 'onion', 'green', 'capsicum', 'refined', 'flour', 'one', 'fourth', 'cornflour', 'mix', 'thoroughly', 'shape', 'lemon', 'sized', 'balls', 'heat', 'sufficient', 'oil', 'wok', 'deep', 'fry', 'vegetable', 'balls', 'small', 'batches', 'three', 'four', 'medium', 'heat', 'golden', 'brown', 'drain', 'place', 'absorbent', 'paper', 'heat', 'two', 'oil', 'wok', 'pan', 'stir', 'fry', 'ginger', 'garlic', 'briefly', 'add', 'green', 'chillies', 'stir', 'fry', 'briefly', 'add', 'soy', 'sauce', 'sugar', 'msg', 'salt', 'taste', 'stir', 'vegetable', 'stock', 'bring', 'boil', 'stir', 'cornflour', 'blended', 'water', 'cook', 'couple', 'till', 'sauce', 'starts', 'thicken', 'stirring', 'continuously', 'add', 'fried', 'vegetable', 'balls', 'vinegar', 'mix', 'well', 'serve', 'hot', 'garnished', 'spring', 'onion', 'greens']",Indian
2961,"['in', 'a', 'medium', 'saucepan', 'bring', 'broth', 'to', 'a', 'boil', 'reduce', 'heat', 'to', 'maintain', 'a', 'simmer', 'in', 'another', 'large', 'saucepan', 'sprayed', 'with', 'cooking', 'spray', 'heat', 'oil', 'over', 'medium', 'high', 'heat', 'cook', 'onion', 'and', 'garlic', 'for', '5', 'minutes', 'or', 'until', 'onion', 'is', 'softened', 'can', 'be', 'made', 'ahead', 'up', 'to', 'this', 'point', 'stir', 'in', 'rice', 'coating', 'the', 'rice', 'with', 'the', 'garlic-onion', 'mixture', 'cook', 'for', '1', 'minute', 'add', '1/2', 'cup', 'simmering', 'broth', 'to', 'the', 'rice', 'mixture', 'cook', 'stirring', 'until', 'liquid', 'is', 'all', 'absorbed', 'continue', 'adding', 'liquid', 'until', 'all', 'has', 'been', 'absorbed', 'about', '20', 'minutes', 'adjust', 'heat', 'as', 'necessary', 'to', 'maintain', 'a', 'slow', 'bubbling', 'simmer', 'taste', 'the', 'risotto', 'before', 'adding', 'the', 'prawns', 'it', 'should', 'taste', 'creamy', 'and', 'the', 'rice', '``', 'al', 'dente', ""''"", 'just', 'before', 'serving', 'main', 'meal', 'add', 'prawns', 'and', 'goat', 'cheese', 'cook', 'for', '2', 'minutes', 'longer', 'or', 'until', 'prawns', 'are', 'cooked', 'through', 'and', 'the', 'cheese', 'has', 'melted', 'add', 'the', 'parmasan', 'cheese', 'and', 'pepper', 'remove', 'from', 'heat', 'add', 'the', 'basil', 'options', 'in', 'some', 'recipes', 'white', 'wine', 'is', 'added', 'to', 'the', 'broth', 'mixture', 'decrease', 'the', 'chicken', 'broth', 'a', 'bit', 'to', 'accommodate', 'the', 'wine', 'using', 'only', 'about', '1/2', 'cup']","['medium', 'saucepan', 'bring', 'broth', 'boil', 'reduce', 'heat', 'maintain', 'simmer', 'another', 'large', 'saucepan', 'sprayed', 'cooking', 'spray', 'heat', 'oil', 'medium', 'high', 'heat', 'cook', 'onion', 'garlic', 'onion', 'softened', 'made', 'ahead', 'point', 'stir', 'rice', 'coating', 'rice', 'garlic', 'onion', 'mixture', 'cook', 'add', 'simmering', 'broth', 'rice', 'mixture', 'cook', 'stirring', 'liquid', 'absorbed', 'continue', 'adding', 'liquid', 'absorbed', 'adjust', 'heat', 'necessary', 'maintain', 'slow', 'bubbling', 'simmer', 'taste', 'risotto', 'adding', 'prawns', 'taste', 'creamy', 'rice', '``', 'al', 'dente', ""''"", 'serving', 'main', 'meal', 'add', 'prawns', 'goat', 'cheese', 'cook', 'longer', 'prawns', 'cooked', 'cheese', 'melted', 'add', 'parmasan', 'cheese', 'pepper', 'remove', 'heat', 'add', 'basil', 'options', 'recipes', 'white', 'wine', 'added', 'broth', 'mixture', 'decrease', 'chicken', 'broth', 'bit', 'accommodate', 'wine', 'using']",Italian
4392,"['heat', 'the', 'oven', 'to', '400', 'degrees', 'coat', 'a', '9-by-13-inch', 'baking', 'dish', 'with', 'a', 'small', 'amount', 'of', 'olive', 'oil', 'bring', 'a', 'large', 'stockpot', 'of', 'salted', 'water', 'to', 'a', 'boil', 'add', 'the', 'manicotti', 'and', 'cook', 'al', 'dente', 'drain', 'and', 'arrange', 'them', 'on', 'a', 'tea', 'towel', 'so', 'they', 'don', '’', 't', 'touch', 'set', 'aside', 'until', 'cool', 'enough', 'to', 'handle', 'meanwhile', 'remove', 'the', 'excess', 'water', 'from', 'the', 'spinach', 'by', 'placing', 'the', 'leaves', 'in', 'a', 'salad', 'spinner', 'continue', 'spinning', 'until', 'no', 'more', 'water', 'runs', 'out', 'coarsely', 'chop', 'the', 'spinach', 'in', 'a', 'large', 'bowl', 'combine', 'the', 'spinach', 'eggs', 'ricotta', 'mozzarella', 'greek', 'yogurt', 'garlic', 'and', 'oregano', 'transfer', 'the', 'cheese', 'mixture', 'to', 'a', 'zip-lock-type', 'plastic', 'bag', 'squeeze', 'out', 'the', 'air', 'and', 'seal', 'set', 'aside', 'spread', 'half', 'of', 'the', 'pesto', 'in', 'an', 'even', 'layer', 'over', 'the', 'bottom', 'of', 'the', 'prepared', 'baking', 'dish', 'snip', 'off', 'one', 'corner', 'of', 'the', 'bag', 'of', 'cheese', 'mixture', 'holding', 'a', 'manicotti', 'tube', 'in', 'one', 'hand', 'and', 'the', 'bag', 'in', 'the', 'other', 'insert', 'the', 'tip', 'of', 'the', 'bag', 'into', 'the', 'pasta', 'tube', 'and', 'squeeze', 'gently', 'to', 'fill', 'it', 'tip', 'to', 'make', 'filling', 'easier', 'fill', 'from', 'both', 'ends', 'arrange', 'each', 'filled', 'tube', 'in', 'a', 'single', 'layer', 'in', 'the', 'prepared', 'baking', 'dish', 'when', 'all', 'the', 'tubes', 'are', 'filled', 'spoon', 'the', 'remaining', 'pesto', 'over', 'them', 'cover', 'with', 'foil', 'and', 'bake', 'for', '15', 'minutes', 'uncover', 'the', 'pan', 'and', 'sprinkle', 'the', 'manicotti', 'with', 'parmesan', 'bake', 'uncovered', 'for', 'another', '15', 'minutes', 'or', 'until', 'the', 'parmesan', 'is', 'melted', 'and', 'lightly', 'browned']","['heat', 'oven', 'coat', '9', '13', 'inch', 'baking', 'dish', 'small', 'amount', 'olive', 'oil', 'bring', 'large', 'stockpot', 'salted', 'water', 'boil', 'add', 'manicotti', 'cook', 'al', 'dente', 'drain', 'arrange', 'tea', 'towel', '’', 'touch', 'set', 'aside', 'cool', 'enough', 'handle', 'meanwhile', 'remove', 'excess', 'water', 'spinach', 'placing', 'leaves', 'salad', 'spinner', 'continue', 'spinning', 'water', 'runs', 'coarsely', 'chop', 'spinach', 'large', 'bowl', 'combine', 'spinach', 'eggs', 'ricotta', 'mozzarella', 'greek', 'yogurt', 'garlic', 'oregano', 'transfer', 'cheese', 'mixture', 'zip', 'lock', 'type', 'plastic', 'bag', 'squeeze', 'air', 'seal', 'set', 'aside', 'spread', 'half', 'pesto', 'even', 'layer', 'bottom', 'prepared', 'baking', 'dish', 'snip', 'one', 'corner', 'bag', 'cheese', 'mixture', 'holding', 'manicotti', 'tube', 'one', 'hand', 'bag', 'insert', 'tip', 'bag', 'pasta', 'tube', 'squeeze', 'gently', 'fill', 'tip', 'make', 'filling', 'easier', 'fill', 'ends', 'arrange', 'filled', 'tube', 'single', 'layer', 'prepared', 'baking', 'dish', 'tubes', 'filled', 'spoon', 'remaining', 'pesto', 'cover', 'foil', 'bake', 'uncover', 'pan', 'sprinkle', 'manicotti', 'parmesan', 'bake', 'uncovered', 'another', 'parmesan', 'melted', 'lightly', 'browned']",Italian
10966,"['make', 'the', 'meatballs', 'mix', 'the', 'mince', 'with', '1', 'tablespoon', 'curry', 'paste', 'and', 'seasoning', 'shape', 'into', 'walnut', 'size', 'meatballs', 'heat', 'the', 'oil', 'in', 'a', 'non', 'stick', 'pan', 'fry', 'the', 'meatballs', 'for', '5', 'mins', 'turning', 'until', 'they', 'are', 'browned', 'heat', 'the', 'remaining', 'curry', 'paste', 'in', 'a', 'saucepan', 'and', 'add', 'the', 'onions', 'fry', 'over', 'a', 'low', 'heat', 'for', 'about', '5', 'minutes', 'until', 'soft', 'being', 'careful', 'not', 'to', 'burn', 'the', 'paste', 'add', 'a', 'splash', 'of', 'water', 'if', 'you', 'need', 'to', 'pour', 'in', 'the', 'stock', 'and', 'coconut', 'milk', 'and', 'bring', 'to', 'the', 'boil', 'tunm', 'the', 'heat', 'down', 'to', 'low', 'add', 'the', 'meatballs', 'cook', 'for', '10', 'mins', 'until', 'the', 'turkey', 'is', 'cooked', 'through', 'and', 'the', 'sauce', 'has', 'thickened', 'slightly', 'add', 'sugar', 'snaps', 'and', 'tomatoes', 'cook', 'for', 'a', 'further', '2', 'minutes', 'scatter', 'with', 'coriander', 'and', 'desiccated', 'coconut', 'serve', 'with', 'rice']","['make', 'meatballs', 'mix', 'mince', 'curry', 'paste', 'seasoning', 'shape', 'walnut', 'size', 'meatballs', 'heat', 'oil', 'non', 'stick', 'pan', 'fry', 'meatballs', 'mins', 'turning', 'browned', 'heat', 'remaining', 'curry', 'paste', 'saucepan', 'add', 'onions', 'fry', 'low', 'heat', 'soft', 'careful', 'burn', 'paste', 'add', 'splash', 'water', 'need', 'pour', 'stock', 'coconut', 'milk', 'bring', 'boil', 'tunm', 'heat', 'low', 'add', 'meatballs', 'cook', 'mins', 'turkey', 'cooked', 'sauce', 'thickened', 'slightly', 'add', 'sugar', 'snaps', 'tomatoes', 'cook', 'scatter', 'coriander', 'desiccated', 'coconut', 'serve', 'rice']",Indian
6372,"['saute', 'ham', 'and', 'salami', 'in', 'olive', 'oil', 'just', 'until', 'it', 'starts', 'to', 'brown', 'slightly', 'add', 'olive', 'salad', 'and', 'cooked', 'pasta', 'saute', 'until', 'penne', 'is', 'hot', 'sprinkle', 'with', 'parmesan', 'provolone', 'and', 'parsley']","['saute', 'ham', 'salami', 'olive', 'oil', 'starts', 'brown', 'slightly', 'add', 'olive', 'salad', 'cooked', 'pasta', 'saute', 'penne', 'hot', 'sprinkle', 'parmesan', 'provolone', 'parsley']",Italian
12751,"['blend', 'flour', 'and', 'pepper', 'and', 'dredge', 'thighs', 'in', 'mixture', 'brown', 'chicken', 'in', 'oil', 'remove', 'chicken', 'to', 'a', 'plate', 'add', 'onion', 'garlic', 'and', 'flour', 'and', 'saute', 'add', 'broth', 'curry', 'and', 'pepper', 'sauce', 'and', 'stir', 'to', 'blend', 'well', 'simmer', 'mixture', 'for', '2', 'minutes', 'then', 'bring', 'to', 'a', 'boil', 'and', 'add', 'chicken', 'lime', 'zest', 'and', 'lime', 'juice', 'cook', 'until', 'chicken', 'is', 'cooked', 'through', 'add', 'cilantro', 'and', 'sour', 'cream', 'just', 'before', 'serving']","['blend', 'flour', 'pepper', 'dredge', 'thighs', 'mixture', 'brown', 'chicken', 'oil', 'remove', 'chicken', 'plate', 'add', 'onion', 'garlic', 'flour', 'saute', 'add', 'broth', 'curry', 'pepper', 'sauce', 'stir', 'blend', 'well', 'simmer', 'mixture', 'bring', 'boil', 'add', 'chicken', 'lime', 'zest', 'lime', 'juice', 'cook', 'chicken', 'cooked', 'add', 'cilantro', 'sour', 'cream', 'serving']",Indian
2700,"['put', 'the', 'oil', 'and', 'onion', 'in', 'a', 'large', 'pan', 'over', 'a', 'low', 'heat', 'cook', 'stirring', 'occasionally', 'until', 'the', 'onion', 'is', 'translucent', 'add', 'the', 'courgette', 'and', 'continue', 'to', 'cook', 'until', 'that', 'is', 'also', 'slightly', 'transparent', 'add', 'the', 'rice', 'and', 'stir', 'until', 'each', 'grain', 'is', 'covered', 'with', 'oil', 'then', 'add', 'the', 'liquid', 'a', 'ladle', 'at', 'a', 'time', 'alternating', 'between', 'stock', 'and', 'white', 'wine', 'and', 'stirring', 'until', 'each', 'ladleful', 'has', 'been', 'fully', 'absorbed', 'before', 'adding', 'the', 'next', 'you', 'may', 'not', 'need', 'all', 'the', 'liquid', 'or', 'you', 'may', 'need', 'a', 'little', 'more', 'you', 'may', 'use', 'boiling', 'water', 'if', 'you', 'run', 'out', 'of', 'stock', 'and', 'wine', 'once', 'the', 'rice', 'is', 'cooked', 'through', 'and', 'loose', 'the', 'italians', 'call', 'it', '``', 'on', 'the', 'wave', ""''"", 'to', 'describe', 'how', 'liquid', 'it', 'should', 'be', 'stir', 'through', 'the', 'cooked', 'chicken', 'and', 'parmesan', 'season', 'and', 'serve', 'immediately']","['put', 'oil', 'onion', 'large', 'pan', 'low', 'heat', 'cook', 'stirring', 'occasionally', 'onion', 'translucent', 'add', 'courgette', 'continue', 'cook', 'also', 'slightly', 'transparent', 'add', 'rice', 'stir', 'grain', 'covered', 'oil', 'add', 'liquid', 'ladle', 'time', 'alternating', 'stock', 'white', 'wine', 'stirring', 'ladleful', 'fully', 'absorbed', 'adding', 'next', 'may', 'need', 'liquid', 'may', 'need', 'little', 'may', 'use', 'boiling', 'water', 'run', 'stock', 'wine', 'rice', 'cooked', 'loose', 'italians', 'call', '``', 'wave', ""''"", 'describe', 'liquid', 'stir', 'cooked', 'chicken', 'parmesan', 'season', 'serve', 'immediately']",Italian
712,"['place', 'water', 'olive', 'oil', 'brown', 'sugar', '2', 'cups', 'of', 'the', 'flour', 'and', 'then', 'salt', 'in', 'the', 'pan', 'of', 'the', 'bread', 'machine', 'then', 'add', 'the', 'remainder', '2', 'cups', 'of', 'the', 'flour', 'make', 'a', 'little', 'well', 'and', 'add', 'yeast', 'use', 'the', 'french', 'bread', 'setting', 'medium', 'crust', '2', 'lb', 'loaf', 'as', 'the', 'dough', 'is', 'forming', 'you', 'may', 'want', 'to', 'check', 'and', 'scrape', 'the', 'sides', 'a', 'time', 'or', 'two', 'let', 'the', 'machine', 'do', 'its', 'thing', 'and', 'enjoy', 'the', 'aroma']","['place', 'water', 'olive', 'oil', 'brown', 'sugar', 'flour', 'salt', 'pan', 'bread', 'machine', 'add', 'remainder', 'flour', 'make', 'little', 'well', 'add', 'yeast', 'use', 'french', 'bread', 'setting', 'medium', 'crust', 'loaf', 'dough', 'forming', 'may', 'want', 'check', 'scrape', 'sides', 'time', 'two', 'let', 'machine', 'thing', 'enjoy', 'aroma']",Italian
4456,"['heat', 'large', 'skillet', 'over', 'medium-high', 'heat', 'until', 'very', 'hot', 'add', 'oil', 'heat', 'until', 'hot', 'add', 'whole', 'tomatoes', 'cook', 'until', 'lightly', 'browned', 'on', 'all', 'sides', 'remove', 'tomatoes', 'from', 'skillet', 'set', 'aside', 'reduce', 'heat', 'to', 'medium', 'add', 'garlic', 'to', 'skillet', 'cook', 'and', 'stir', 'until', 'golden', 'brown', 'watching', 'carefully', 'so', 'garlic', 'does', ""n't"", 'burn', 'add', 'beans', 'and', 'water', 'bring', 'to', 'a', 'boil', 'cover', 'cook', 'about', '5', 'minutes', 'meanwhile', 'coarsely', 'chop', 'tomatoes', 'add', 'italian', 'seasoning', 'salt', 'and', 'pepper', 'mix', 'well', 'return', 'chopped', 'tomatoes', 'to', 'skillet', 'cook', '5', 'to', '8', 'minutes', 'or', 'until', 'beans', 'are', 'crisp-tender']","['heat', 'large', 'skillet', 'medium', 'high', 'heat', 'hot', 'add', 'oil', 'heat', 'hot', 'add', 'whole', 'tomatoes', 'cook', 'lightly', 'browned', 'sides', 'remove', 'tomatoes', 'skillet', 'set', 'aside', 'reduce', 'heat', 'medium', 'add', 'garlic', 'skillet', 'cook', 'stir', 'golden', 'brown', 'watching', 'carefully', 'garlic', 'burn', 'add', 'beans', 'water', 'bring', 'boil', 'cover', 'cook', 'meanwhile', 'coarsely', 'chop', 'tomatoes', 'add', 'italian', 'seasoning', 'salt', 'pepper', 'mix', 'well', 'return', 'chopped', 'tomatoes', 'skillet', 'cook', 'beans', 'crisp', 'tender']",Italian
957,"['melt', 'the', 'butter', 'and', 'stir', 'in', 'the', 'seasonings', 'and', 'toss', 'with', 'the', 'popcorn']","['melt', 'butter', 'stir', 'seasonings', 'toss', 'popcorn']",Italian
790,"['in', 'a', 'large', 'bowl', 'combine', 'the', 'red', 'wine', 'vinegar', 'mustard', 'thyme', 'red', 'chile', 'flakes', 'and', 'garlic', 'whisk', 'in', 'olive', 'oil', 'and', 'season', 'with', 'salt', 'and', 'pepper', 'to', 'taste', 'stir', 'in', 'chickpeas', 'salami', 'provolone', 'and', 'mozzarella', 'cover', 'and', 'let', 'marinate', 'in', 'the', 'refrigerator', 'until', 'ready', 'to', 'serve', 'or', 'up', 'to', 'an', 'hour', 'just', 'before', 'serving', 'toss', 'salad', 'with', 'arugula', 'scatter', 'the', 'roasted', 'red', 'peppers', 'over', 'top', 'season', 'with', 'salt', 'and', 'pepper', 'to', 'taste']","['large', 'bowl', 'combine', 'red', 'wine', 'vinegar', 'mustard', 'thyme', 'red', 'chile', 'flakes', 'garlic', 'whisk', 'olive', 'oil', 'season', 'salt', 'pepper', 'taste', 'stir', 'chickpeas', 'salami', 'provolone', 'mozzarella', 'cover', 'let', 'marinate', 'refrigerator', 'ready', 'serve', 'serving', 'toss', 'salad', 'arugula', 'scatter', 'roasted', 'red', 'peppers', 'top', 'season', 'salt', 'pepper', 'taste']",Italian
10208,"['bring', '1-2', 'cups', 'water', 'to', 'boil', 'add', 'cashews', 'and', 'remove', 'from', 'heat', 'saute', 'the', 'onions', 'in', 'a', 'a', 'little', 'oil', 'until', 'lightly', 'brown', 'add', 'ginger', 'and', 'garlic', 'and', 'cook', 'for', 'an', 'additional', 'two', 'minutes', 'reduce', 'heat', 'to', 'medium', 'add', 'spices', 'saute', 'for', 'an', 'additional', 'minute', 'add', 'tomatoes', 'reduce', 'heat', 'to', 'low', 'and', 'cook', 'for', '10', 'minutes', 'drain', 'cashews', 'and', 'put', 'in', 'a', 'food', 'processor', 'or', 'bowl', 'if', 'using', 'immersion', 'blender', 'add', 'about', 'a', 'cup', 'of', 'the', 'cooked', 'mixture', 'and', 'process', 'until', 'smooth', 'put', 'mushrooms', 'in', 'frypan', 'and', 'saute', 'briefly', 'return', 'cashew', 'nut', 'mixture', 'to', 'frypan', 'add', 'peas', 'and', 'allow', 'to', 'simmer', 'at', 'least', '10', 'minutes', 'and', 'until', 'ready', 'to', 'serve']","['bring', 'water', 'boil', 'add', 'cashews', 'remove', 'heat', 'saute', 'onions', 'little', 'oil', 'lightly', 'brown', 'add', 'ginger', 'garlic', 'cook', 'additional', 'two', 'reduce', 'heat', 'medium', 'add', 'spices', 'saute', 'additional', 'add', 'tomatoes', 'reduce', 'heat', 'low', 'cook', 'drain', 'cashews', 'put', 'food', 'processor', 'bowl', 'using', 'immersion', 'blender', 'add', 'cooked', 'mixture', 'process', 'smooth', 'put', 'mushrooms', 'frypan', 'saute', 'briefly', 'return', 'cashew', 'nut', 'mixture', 'frypan', 'add', 'peas', 'allow', 'simmer', 'least', 'ready', 'serve']",Indian
8756,"['preheat', 'grill', 'to', '350', 'brush', 'mango', 'if', 'not', 'perfectly', 'ripe', 'and', 'onion', 'with', 'olive', 'oil', 'grill', 'onions', 'about', '4', 'minutes', 'per', 'side', 'until', 'soft', 'and', 'grill', 'marks', 'appear', 'if', 'grilling', 'mangoes', 'try', '2', 'minutes', 'per', 'side', 'remove', 'from', 'grill', 'and', 'let', 'set', 'for', '15', 'minutes', 'add', 'vinegar', 'sugar', 'ginger', 'lime', 'zest', 'and', 'salt', 'to', 'pan', 'bring', 'to', 'boil', 'and', 'then', 'reduce', 'to', 'simmer', 'for', '5', 'minutes', 'add', 'jalapenio', 'and', 'simmer', 'another', '5', 'minutes', 'remove', 'from', 'heat', 'and', 'transfer', 'to', 'a', 'bowl', 'chop', 'onion', 'and', 'mango', 'and', 'stir', 'into', 'the', 'vinegar', 'mixture', 'add', 'lime', 'juice', 'and', 'cilantro', 'if', 'you', 'must', 'and', 'stir', 'enjoy', 'all', 'the', 'deliciousness', 'the', 'magazine', 'suggested', 'serving', 'with', 'anything', 'grilled']","['preheat', 'grill', 'brush', 'mango', 'perfectly', 'ripe', 'onion', 'olive', 'oil', 'grill', 'onions', 'per', 'side', 'soft', 'grill', 'marks', 'appear', 'grilling', 'mangoes', 'try', 'per', 'side', 'remove', 'grill', 'let', 'set', 'add', 'vinegar', 'sugar', 'ginger', 'lime', 'zest', 'salt', 'pan', 'bring', 'boil', 'reduce', 'simmer', 'add', 'jalapenio', 'simmer', 'another', 'remove', 'heat', 'transfer', 'bowl', 'chop', 'onion', 'mango', 'stir', 'vinegar', 'mixture', 'add', 'lime', 'juice', 'cilantro', 'must', 'stir', 'enjoy', 'deliciousness', 'magazine', 'suggested', 'serving', 'anything', 'grilled']",Indian
124,"['mix', 'together', 'the', 'cherry', 'tomatoes', 'capers', 'garlic', 'olive', 'oil', 'basil', 'and', 'rocket', 'season', 'with', 'pepper', 'and', 'salt', 'bring', 'a', 'large', 'pan', 'of', 'water', 'to', 'the', 'boil', 'add', 'pasta', 'cook', 'and', '2', 'minutes', 'before', 'the', 'end', 'of', 'cooking', 'add', 'the', 'asparagus', 'drain', 'the', 'pasta', 'and', 'asparagus', 'and', 'pour', 'over', 'the', 'tomato', 'mixture', 'toss', 'through', 'the', 'hot', 'pasta', 'and', 'crumble', 'over', 'the', 'ricotta', 'cheese', 'serve', 'and', 'enjoy']","['mix', 'together', 'cherry', 'tomatoes', 'capers', 'garlic', 'olive', 'oil', 'basil', 'rocket', 'season', 'pepper', 'salt', 'bring', 'large', 'pan', 'water', 'boil', 'add', 'pasta', 'cook', 'end', 'cooking', 'add', 'asparagus', 'drain', 'pasta', 'asparagus', 'pour', 'tomato', 'mixture', 'toss', 'hot', 'pasta', 'crumble', 'ricotta', 'cheese', 'serve', 'enjoy']",Italian
5027,"['mix', 'all', 'ingredients', 'in', 'a', 'bowl', 'marinate', 'chicken', 'for', '10', 'minutes', 'on', 'each', 'side', 'in', 'the', 'refrigerator', 'cook', 'chicken', 'in', 'a', 'pan', 'over', 'medium', 'heat', 'for', '5', 'minutes', 'a', 'side', 'or', 'until', 'cooked', 'through', 'lower', 'heat', 'and', 'pour', 'in', 'the', 'marinade', 'and', 'simmer', 'chicken', 'for', '5', 'minutes', 'per', 'side']","['mix', 'ingredients', 'bowl', 'marinate', 'chicken', 'side', 'refrigerator', 'cook', 'chicken', 'pan', 'medium', 'heat', 'side', 'cooked', 'lower', 'heat', 'pour', 'marinade', 'simmer', 'chicken', 'per', 'side']",Italian
948,"['cut', 'the', 'pork', 'into', '1', '1/2', ""''"", 'cubes', 'sprinkle', 'combined', 'seasoning', 'on', 'pork', 'and', 'toss', 'to', 'distribute', 'grind', 'shape', 'sausage', 'into', 'patties']","['cut', 'pork', ""''"", 'cubes', 'sprinkle', 'combined', 'seasoning', 'pork', 'toss', 'distribute', 'grind', 'shape', 'sausage', 'patties']",Italian
7810,"['heat', 'the', 'oil', 'over', 'medium', 'heat', 'and', 'fry', 'the', 'onions', 'gently', 'stirring', 'often', 'for', '5-8', 'minutes', 'or', 'until', 'softened', 'but', 'not', 'coloured', 'add', 'the', 'mustard', 'seeds', 'and', 'cook', 'a', 'minute', 'further', 'then', 'add', 'the', 'curry', 'leaves', 'cloves', 'garlic', 'ginger', 'cardamom', 'chillies', 'cumin', 'salt', 'and', 'turmeric', 'cook', 'a', 'further', 'minute', 'stir', 'in', 'the', '2', 'tablespoons', 'of', 'water', 'and', '1', 'tablespoon', 'of', 'the', 'vinegar', 'then', 'increase', 'the', 'heat', 'cover', 'and', 'return', 'to', 'a', 'simmer', 'and', 'cook', 'until', 'the', 'water', 'has', 'been', 'absorbed', 'leaving', 'only', 'the', 'oil', 'again', 'this', 'will', 'take', 'about', '2', 'minutes', 'mix', 'the', 'remaining', 'vinegar', 'with', 'the', 'tomato', 'paste', 'then', 'add', 'to', 'the', 'onions', 'mixing', 'well', 'add', 'the', 'pork', 'pieces', 'and', 'stir', 'to', 'coat', 'with', 'the', 'onion', 'mix', 'add', 'just', 'enough', 'water', 'to', 'cover', 'the', 'pork', 'and', 'bring', 'to', 'the', 'boil', 'reduce', 'the', 'heat', 'to', 'a', 'simmer', 'cover', 'and', 'cook', 'for', '60', 'minutes', 'or', 'until', 'the', 'meat', 'is', 'tender', 'it', 'the', 'sauce', 'is', 'too', 'thin', 'remove', 'the', 'lid', 'remove', 'the', 'pork', 'increase', 'the', 'heat', 'and', 'boil', 'until', 'it', 'reaches', 'a', 'consistency', 'you', 'are', 'happy', 'with', 'return', 'the', 'pork', 'to', 'the', 'sauce']","['heat', 'oil', 'medium', 'heat', 'fry', 'onions', 'gently', 'stirring', 'often', 'softened', 'coloured', 'add', 'mustard', 'seeds', 'cook', 'add', 'curry', 'leaves', 'cloves', 'garlic', 'ginger', 'cardamom', 'chillies', 'cumin', 'salt', 'turmeric', 'cook', 'stir', 'water', 'vinegar', 'increase', 'heat', 'cover', 'return', 'simmer', 'cook', 'water', 'absorbed', 'leaving', 'oil', 'take', 'mix', 'remaining', 'vinegar', 'tomato', 'paste', 'add', 'onions', 'mixing', 'well', 'add', 'pork', 'pieces', 'stir', 'coat', 'onion', 'mix', 'add', 'enough', 'water', 'cover', 'pork', 'bring', 'boil', 'reduce', 'heat', 'simmer', 'cover', 'cook', 'meat', 'tender', 'sauce', 'thin', 'remove', 'lid', 'remove', 'pork', 'increase', 'heat', 'boil', 'reaches', 'consistency', 'happy', 'return', 'pork', 'sauce']",Indian
2354,"['poke', 'the', 'sausage', 'with', 'a', 'fork', 'in', 'several', 'places', 'to', 'keep', 'them', 'from', 'exploding', 'spray', 'your', 'skillet', 'with', 'cooking', 'spray', 'add', 'sausage', 'and', 'a', 'little', 'water', 'cook', 'over', 'medium-high', 'heat', 'until', 'sausages', 'are', 'browned', 'turning', 'occasionally', 'this', 'will', 'take', 'about', '15', 'minutes', 'when', 'they', 'are', 'finished', 'transfer', 'sausages', 'to', 'a', 'plate', 'and', 'allow', 'them', 'to', 'cool', 'in', 'a', 'soup', 'pot', 'combine', '2', 'cups', 'of', 'broth', 'the', 'onion', 'the', 'peppers', 'and', 'garlic', 'bring', 'to', 'a', 'simmer', 'over', 'medium', 'heat', 'cover', 'and', 'allow', 'this', 'to', 'simmer', 'about', '30', 'minutes', 'or', 'until', 'the', 'peppers', 'are', 'tender', 'remove', 'the', 'casings', 'from', 'the', 'sausages', 'and', 'slice', 'the', 'sausages', 'into', 'thin', 'round', 'slices', 'add', 'them', 'to', 'the', 'pot', 'add', 'the', 'remaining', 'broth', 'water', 'oregano', 'boullion', 'cubes', 'and', 'pepper', 'simmer', 'uncovered', 'for', '10', 'minutes', 'add', 'the', 'pasta', 'and', 'simmer', 'until', 'the', 'pasta', 'is', 'cooked', 'about', '10', 'minutes', 'ladle', 'into', 'soup', 'bowls', 'and', 'enjoy']","['poke', 'sausage', 'fork', 'several', 'places', 'keep', 'exploding', 'spray', 'skillet', 'cooking', 'spray', 'add', 'sausage', 'little', 'water', 'cook', 'medium', 'high', 'heat', 'sausages', 'browned', 'turning', 'occasionally', 'take', 'finished', 'transfer', 'sausages', 'plate', 'allow', 'cool', 'soup', 'pot', 'combine', 'broth', 'onion', 'peppers', 'garlic', 'bring', 'simmer', 'medium', 'heat', 'cover', 'allow', 'simmer', 'peppers', 'tender', 'remove', 'casings', 'sausages', 'slice', 'sausages', 'thin', 'round', 'slices', 'add', 'pot', 'add', 'remaining', 'broth', 'water', 'oregano', 'boullion', 'cubes', 'pepper', 'simmer', 'uncovered', 'add', 'pasta', 'simmer', 'pasta', 'cooked', 'ladle', 'soup', 'bowls', 'enjoy']",Italian
11793,"['method', '1.', 'chop', 'the', 'broccoli', 'florets', 'by', 'pulsing', 'them', 'several', 'times', 'in', 'the', 'food', 'processor', '2.', 'add', 'cheese', 'garam', 'masala', 'paprika', 'powder', 'salt', 'egg', 'and', 'the', 'breadcrumbs', 'to', 'the', 'chopped', 'broccoli', 'mix', 'to', 'combine', '3.', 'form', 'balls', 'out', 'of', 'this', 'mixture', 'and', 'gently', 'press', 'them', 'to', 'give', 'it', 'a', 'shape', 'of', 'a', 'flat', 'disc', 'set', 'aside', '4.', 'heat', 'about', '1/2', 'tbsp', 'if', 'olive', 'oil', 'in', 'a', 'pan', 'and', 'place', 'these', 'broccoli', 'cakes', 'and', 'cook', 'them', 'for', '2-3', 'minutes', 'on', 'each', 'side', 'or', 'until', 'they', 'are', 'brown', 'and', 'crispy', '5.', 'meanwhile', 'blend', 'together', 'mayonnaise', 'salt', 'black', 'pepper', 'mustard', 'and', 'garlic', 'in', 'the', 'food', 'processor', 'to', 'make', 'a', 'smooth', 'sauce', '6.', 'enjoy', 'the', 'crispy', 'broccoli', 'cakes', 'with', 'a', 'flavor', 'pact', 'dipping', 'sauce', 'tips', '1.', 'you', 'can', 'also', 'add', 'a', 'fresh', 'herb', 'like', 'tarragon', 'or', 'basil', 'to', 'the', 'dipping', 'sauce']","['method', 'chop', 'broccoli', 'florets', 'pulsing', 'several', 'times', 'food', 'processor', 'add', 'cheese', 'garam', 'masala', 'paprika', 'powder', 'salt', 'egg', 'breadcrumbs', 'chopped', 'broccoli', 'mix', 'combine', 'form', 'balls', 'mixture', 'gently', 'press', 'give', 'shape', 'flat', 'disc', 'set', 'aside', 'heat', 'olive', 'oil', 'pan', 'place', 'broccoli', 'cakes', 'cook', 'side', 'brown', 'crispy', 'meanwhile', 'blend', 'together', 'mayonnaise', 'salt', 'black', 'pepper', 'mustard', 'garlic', 'food', 'processor', 'make', 'smooth', 'sauce', 'enjoy', 'crispy', 'broccoli', 'cakes', 'flavor', 'pact', 'dipping', 'sauce', 'tips', 'also', 'add', 'fresh', 'herb', 'like', 'tarragon', 'basil', 'dipping', 'sauce']",Indian
4037,"['combine', 'crumbs', 'cheese', 'seasonings', 'eggs', 'and', 'water', 'blend', 'well', 'add', 'meat', 'and', 'mix', 'together', 'very', 'well', 'prepare', 'cookie', 'sheet', 'with', 'pan', 'spray', 'roll', 'into', 'balls', 'place', 'on', 'sheet', 'pan', 'and', 'bake']","['combine', 'crumbs', 'cheese', 'seasonings', 'eggs', 'water', 'blend', 'well', 'add', 'meat', 'mix', 'together', 'well', 'prepare', 'cookie', 'sheet', 'pan', 'spray', 'roll', 'balls', 'place', 'sheet', 'pan', 'bake']",Italian
10946,"['puree', 'mango', 'pieces', 'in', 'a', 'food', 'processor', 'or', 'blender', 'whip', 'cream', 'adding', 'sugar', 'once', 'the', 'cream', 'begins', 'to', 'thicken', 'fold', 'cream', 'into', 'mango', 'puree', 'refrigerate', 'until', 'needed', 'when', 'serving', 'top', 'with', 'slivered', 'almonds']","['puree', 'mango', 'pieces', 'food', 'processor', 'blender', 'whip', 'cream', 'adding', 'sugar', 'cream', 'begins', 'thicken', 'fold', 'cream', 'mango', 'puree', 'refrigerate', 'needed', 'serving', 'top', 'slivered', 'almonds']",Indian
7421,"['heat', 'oil', 'in', 'a', 'pressure', 'cooker', 'or', 'pot', 'on', 'medium', 'flame', 'once', 'the', 'oil', 'is', 'hot', 'lower', 'flame', 'and', 'add', 'cumin', 'seeds', 'to', 'it', 'allow', 'to', 'crackle', 'once', 'it', 'stops', 'crackling', 'add', 'ginger', 'garlic', 'onion', 'and', 'green', 'chillies', 'mix', 'well', 'and', 'stir-fry', 'until', 'the', 'raw', 'smell', 'of', 'ginger', 'and', 'garlic', 'is', 'gone', 'and', 'the', 'onions', 'are', 'softened', 'drain', 'the', 'chana', 'dal', 'lentils', 'and', 'add', 'it', 'to', 'the', 'ginger-garlic', 'mixture', 'then', 'add', 'the', 'turmeric', 'powder', 'kasoori', 'methi', 'red', 'chilli', 'powder', 'salt', 'white', 'pumpkin', 'and', 'the', 'tomatoes', 'mix', 'well', 'and', 'add', 'water', 'to', 'allow', 'the', 'lentils', 'to', 'cook', 'cover', 'and', 'cook', 'on', 'medium', 'flame', 'for', '20', 'minutes', 'or', 'till', 'the', 'lentils', 'are', 'soft', 'upto', '3-4', 'whistles', 'in', 'your', 'pressure', 'cooker', 'should', 'be', 'heard', 'before', 'you', 'remove', 'the', 'cooker', 'from', 'heat', 'serve', 'with', 'rotis', 'or', 'bread', 'or', 'dad', ""'s"", 'half-way', 'sindhi', 'and', 'half-way', 'yellow', 'rice', 'recipe', 'enjoy']","['heat', 'oil', 'pressure', 'cooker', 'pot', 'medium', 'flame', 'oil', 'hot', 'lower', 'flame', 'add', 'cumin', 'seeds', 'allow', 'crackle', 'stops', 'crackling', 'add', 'ginger', 'garlic', 'onion', 'green', 'chillies', 'mix', 'well', 'stir', 'fry', 'raw', 'smell', 'ginger', 'garlic', 'gone', 'onions', 'softened', 'drain', 'chana', 'dal', 'lentils', 'add', 'ginger', 'garlic', 'mixture', 'add', 'turmeric', 'powder', 'kasoori', 'methi', 'red', 'chilli', 'powder', 'salt', 'white', 'pumpkin', 'tomatoes', 'mix', 'well', 'add', 'water', 'allow', 'lentils', 'cook', 'cover', 'cook', 'medium', 'flame', 'till', 'lentils', 'soft', 'upto', 'whistles', 'pressure', 'cooker', 'heard', 'remove', 'cooker', 'heat', 'serve', 'rotis', 'bread', 'dad', 'half', 'way', 'sindhi', 'half', 'way', 'yellow', 'rice', 'recipe', 'enjoy']",Indian
6099,"['make', 'the', 'dough', 'combine', 'the', 'flour', 'and', 'salt', 'on', 'the', 'counter', 'and', 'work', 'in', 'the', 'butter', 'until', 'the', 'mixture', 'resembles', 'coarse', 'meal', 'add', '2', 'of', 'the', 'eggs', 'and', 'continue', 'to', 'work', 'until', 'the', 'mixture', 'forms', 'a', 'dough', 'gather', 'into', 'a', 'ball', 'and', 'knead', 'gently', 'for', 'a', 'few', 'seconds', 'until', 'smooth', 'cut', 'into', 'two', 'pieces', 'one', 'slightly', 'larger', 'than', 'the', 'other', 'wrap', 'in', 'plastic', 'and', 'refrigerate', 'for', '1', 'hour', 'make', 'the', 'filling', 'soak', 'the', 'raisins', 'in', 'warm', 'water', 'to', 'cover', 'for', '30', 'minutes', 'drain', 'eanwhile', 'heat', '1', 'teaspoon', 'of', 'the', 'olive', 'oil', 'and', 'sauté', 'the', 'pine', 'nuts', 'until', 'golden', 'and', 'aromatic', 'about', '3', 'minutes', 'stirring', 'all', 'the', 'while', 'remove', 'with', 'a', 'slotted', 'spoon', 'add', 'the', 'remaining', 'olive', 'oil', 'and', 'cook', 'the', 'onions', 'and', 'garlic', 'until', 'wilted', 'stir', 'in', 'the', 'spinach', 'salt', 'pepper', 'and', 'some', 'freshly', 'grated', 'nutmeg', 'cook', '5', 'minutes', 'turn', 'out', 'into', 'a', 'bowl', 'and', 'stir', 'in', 'the', 'eggs', 'raisins', 'pine', 'nuts', 'and', 'parmigiano', 'adjust', 'the', 'salt', 'if', 'necessary', 'preheat', 'the', 'oven', 'to', '375°f', 'roll', 'out', 'the', 'two', 'balls', 'of', 'dough', 'on', 'a', 'lightly', 'floured', 'work', 'counter', 'to', 'a', 'thickness', 'of', '1/8', ""''"", 'line', 'a', 'buttered', '9', ""''"", 'springform', 'pan', 'with', 'the', 'larger', 'circle', 'fill', 'with', 'the', 'spinach', 'mixture', 'and', 'close', 'with', 'the', 'smaller', 'circle', 'brush', 'with', 'the', 'remaining', 'beaten', 'egg', 'and', 'bake', '35', 'minutes', 'until', 'the', 'dough', 'is', 'golden', 'brown', 'and', 'crisp', 'serve', 'hot', 'or', 'at', 'room', 'temperature']","['make', 'dough', 'combine', 'flour', 'salt', 'counter', 'work', 'butter', 'mixture', 'resembles', 'coarse', 'meal', 'add', 'eggs', 'continue', 'work', 'mixture', 'forms', 'dough', 'gather', 'ball', 'knead', 'gently', 'seconds', 'smooth', 'cut', 'two', 'pieces', 'one', 'slightly', 'larger', 'wrap', 'plastic', 'refrigerate', 'make', 'filling', 'soak', 'raisins', 'warm', 'water', 'cover', 'drain', 'eanwhile', 'heat', 'olive', 'oil', 'sauté', 'pine', 'nuts', 'golden', 'aromatic', 'stirring', 'remove', 'slotted', 'spoon', 'add', 'remaining', 'olive', 'oil', 'cook', 'onions', 'garlic', 'wilted', 'stir', 'spinach', 'salt', 'pepper', 'freshly', 'grated', 'nutmeg', 'cook', 'turn', 'bowl', 'stir', 'eggs', 'raisins', 'pine', 'nuts', 'parmigiano', 'adjust', 'salt', 'necessary', 'preheat', 'oven', '375°f', 'roll', 'two', 'balls', 'dough', 'lightly', 'floured', 'work', 'counter', 'thickness', ""''"", 'line', 'buttered', ""''"", 'springform', 'pan', 'larger', 'circle', 'fill', 'spinach', 'mixture', 'close', 'smaller', 'circle', 'brush', 'remaining', 'beaten', 'egg', 'bake', 'dough', 'golden', 'brown', 'crisp', 'serve', 'hot', 'room', 'temperature']",Italian
3871,"['use', 'sauté', 'pan', 'and', 'lightly', 'brown', 'eggplant', 'and', 'mushrooms', 'on', 'medium', 'heat', 'in', 'olive', 'oil', 'salt', 'if', 'desired', 'and', 'add', 'black', 'pepper', 'add', 'garlic', 'and', 'sauté', 'a', 'bit', 'but', 'do', ""n't"", 'burn', 'pour', 'in', 'crushed', 'tomatoes', 'and', 'chicken', 'stock', 'add', 'italian', 'seasoning', 'and', 'italian', 'parsley', 'stir', 'together', 'to', 'incorporate', 'and', 'bring', 'to', 'a', 'boil', 'reduce', 'to', 'simmer', 'add', 'fish', 'fillets', 'and', 'spoon', 'sauce', 'over', 'fillets', 'season', 'fish', 'first', 'if', 'you', 'like', 'cover', 'and', 'simmer', 'for', '20', 'minutes', 'until', 'fish', 'flakes', 'serve', 'immediately', 'with', 'fresh', 'italian', 'bread', 'for', 'scooping', 'up', 'the', 'sauce', 'garnish', 'with', 'more', 'fresh', 'italian', 'parsley', 'and', 'parmigiano', 'reggiano', 'if', 'desired']","['use', 'sauté', 'pan', 'lightly', 'brown', 'eggplant', 'mushrooms', 'medium', 'heat', 'olive', 'oil', 'salt', 'desired', 'add', 'black', 'pepper', 'add', 'garlic', 'sauté', 'bit', 'burn', 'pour', 'crushed', 'tomatoes', 'chicken', 'stock', 'add', 'italian', 'seasoning', 'italian', 'parsley', 'stir', 'together', 'incorporate', 'bring', 'boil', 'reduce', 'simmer', 'add', 'fish', 'fillets', 'spoon', 'sauce', 'fillets', 'season', 'fish', 'first', 'like', 'cover', 'simmer', 'fish', 'flakes', 'serve', 'immediately', 'fresh', 'italian', 'bread', 'scooping', 'sauce', 'garnish', 'fresh', 'italian', 'parsley', 'parmigiano', 'reggiano', 'desired']",Italian
11614,"['heat', 'ghee', 'and', 'fry', 'mustard', 'till', 'they', 'begin', 'to', 'pop', 'reduce', 'heat', 'add', 'onion', 'saute', 'until', 'translucent', 'add', 'garlic', 'and', 'fennel', 'and', 'saute', 'for', 'up', 'to', '5', 'minutes', 'dont', 'let', 'garlic', 'burn', 'reduce', 'heat', 'and', 'add', 'curry', 'paste', 'fry', 'gently', 'on', 'low', 'heat', 'constantly', 'moving', 'until', 'water', 'evaporates', 'and', 'paste', 'darkens', 'a', 'little', 'add', 'tomato', 'puree', 'chickpeas', 'and', 'tomatoes', 'with', '1/4', 'pint', 'hot', 'water', 'cook', 'gently', 'until', 'water', 'evaporates', 'add', 'another', '1/4', 'pint', 'hot', 'water', 'and', 'the', 'salt', 'pepper', 'and', 'asafoetida', 'cook', 'gently', 'until', 'water', 'has', 'evaporated', 'again', 'leaving', 'a', 'dryish', 'curry', 'stir', 'in', 'coriander', 'and', 'serve']","['heat', 'ghee', 'fry', 'mustard', 'till', 'begin', 'pop', 'reduce', 'heat', 'add', 'onion', 'saute', 'translucent', 'add', 'garlic', 'fennel', 'saute', 'dont', 'let', 'garlic', 'burn', 'reduce', 'heat', 'add', 'curry', 'paste', 'fry', 'gently', 'low', 'heat', 'constantly', 'moving', 'water', 'evaporates', 'paste', 'darkens', 'little', 'add', 'tomato', 'puree', 'chickpeas', 'tomatoes', 'hot', 'water', 'cook', 'gently', 'water', 'evaporates', 'add', 'another', 'hot', 'water', 'salt', 'pepper', 'asafoetida', 'cook', 'gently', 'water', 'evaporated', 'leaving', 'dryish', 'curry', 'stir', 'coriander', 'serve']",Indian
5178,"['get', 'a', 'pot', 'that', 'will', 'be', 'large', 'enough', 'to', 'hold', 'ingredients', 'put', 'pot', 'on', 'stove', 'on', 'medium', 'high', 'heat', 'add', 'oil', 'to', 'pot', 'and', 'allow', 'to', 'heat', 'up', 'sauté', 'garlic', 'and', 'onions', 'for', 'approximately', '5', 'minutes', 'enough', 'for', 'onions', 'to', 'become', 'soft', 'put', 'puree', 'and', 'paste', 'into', 'pot', 'take', 'puree', 'cans', 'and', 'fill', 'with', 'water', 'and', 'pour', 'water', 'into', 'pot', 'stir', 'well', 'add', 'parmesan', 'parsley', 'basil', 'salt', 'and', 'pepper', 'and', 'stir', 'ingredients', 'inches', 'wait', 'for', 'pot', 'to', 'come', 'to', 'a', 'boil', 'cover', 'and', 'lower', 'to', 'medium/medium', 'low', 'so', 'that', 'sauce', 'is', 'gently', 'boiling', 'cook', 'stirring', 'every', '15', 'minutes', 'for', 'approximately', '3', 'hours', 'taste', 'sauce', 'to', 'see', 'if', 'cooked', 'will', 'be', 'complete', 'when', 'it', 'does', ""n't"", 'have', 'a', 'sour', 'taste', 'to', 'it', 'for', 'thicker', 'sauce', 'boil', 'at', 'a', 'higher', 'rate', 'and', 'stir', 'frequently']","['get', 'pot', 'large', 'enough', 'hold', 'ingredients', 'put', 'pot', 'stove', 'medium', 'high', 'heat', 'add', 'oil', 'pot', 'allow', 'heat', 'sauté', 'garlic', 'onions', 'approximately', 'enough', 'onions', 'become', 'soft', 'put', 'puree', 'paste', 'pot', 'take', 'puree', 'cans', 'fill', 'water', 'pour', 'water', 'pot', 'stir', 'well', 'add', 'parmesan', 'parsley', 'basil', 'salt', 'pepper', 'stir', 'ingredients', 'wait', 'pot', 'come', 'boil', 'cover', 'lower', 'medium/medium', 'low', 'sauce', 'gently', 'boiling', 'cook', 'stirring', 'every', 'approximately', 'taste', 'sauce', 'see', 'cooked', 'complete', 'sour', 'taste', 'thicker', 'sauce', 'boil', 'higher', 'rate', 'stir', 'frequently']",Italian
10955,"['break', 'egg', 'into', 'bowl', 'and', 'beat', 'well', 'add', 'water', 'and', 'lemon', 'juice', 'mix', 'add', 'all', 'chickpea', 'flour', 'and', 'mix', 'well', 'with', 'whisk', 'put', 'in', 'salt', 'cayenne', 'garam', 'masala', 'cumin', 'seeds', 'cumin', 'turmeric', 'green', 'chile', 'and', 'cilantro', 'or', 'coriander', 'mix', 'well', 'set', 'aside', 'for', '10+', 'minutes', 'mix', 'again', 'with', 'whisk', 'the', 'batter', 'should', 'be', 'of', 'a', 'droppable', 'consistency', 'put', 'oil', 'in', 'wok', 'or', 'deep', 'fryer', 'and', 'set', 'over', 'medium-high', 'heat', 'you', 'should', 'have', '3+', 'inches', 'of', 'oil', 'at', 'center', 'of', 'wok', 'when', 'oil', 'is', 'hot', 'put', 'onion', 'into', 'batter', 'and', 'mix', 'this', 'should', 'always', 'be', 'done', 'just', 'before', 'frying', 'remove', 'heaping', 'teaspoons', 'of', 'batter', 'and', 'drop', 'it', 'into', 'frying', 'oil', 'use', 'up', 'all', 'the', 'batter', 'this', 'way', 'stir', 'and', 'fry', 'the', 'fritters', 'for', '7-8', 'minutes', 'or', 'until', 'they', 'are', 'a', 'golden', 'red', 'remove', 'fritters', 'with', 'slotted', 'spoon', 'drain', 'on', 'plate', 'lined', 'with', 'paper', 'towels', 'serve', 'hot']","['break', 'egg', 'bowl', 'beat', 'well', 'add', 'water', 'lemon', 'juice', 'mix', 'add', 'chickpea', 'flour', 'mix', 'well', 'whisk', 'put', 'salt', 'cayenne', 'garam', 'masala', 'cumin', 'seeds', 'cumin', 'turmeric', 'green', 'chile', 'cilantro', 'coriander', 'mix', 'well', 'set', 'aside', '10+', 'mix', 'whisk', 'batter', 'droppable', 'consistency', 'put', 'oil', 'wok', 'deep', 'fryer', 'set', 'medium', 'high', 'heat', '3+', 'oil', 'center', 'wok', 'oil', 'hot', 'put', 'onion', 'batter', 'mix', 'always', 'done', 'frying', 'remove', 'heaping', 'batter', 'drop', 'frying', 'oil', 'use', 'batter', 'way', 'stir', 'fry', 'fritters', 'golden', 'red', 'remove', 'fritters', 'slotted', 'spoon', 'drain', 'plate', 'lined', 'paper', 'towels', 'serve', 'hot']",Indian
4000,"['to', 'make', 'the', 'crepes', 'in', 'a', 'large', 'bowl', 'whisk', 'together', 'the', 'ingredients', 'until', 'smooth', 'cover', 'and', 'refrigerate', 'for', 'at', 'least', '30', 'minutes', 'heat', 'a', '6', 'inch', 'skillet', 'over', 'medium', 'het', 'brush', 'the', 'pan', 'lightly', 'with', 'oil', 'holding', 'the', 'pan', 'in', 'one', 'hand', 'spoon', 'in', 'about', '1/3', 'cup', 'of', 'the', 'crepe', 'batter', 'and', 'immediately', 'rotate', 'and', 'tilt', 'the', 'pan', 'to', 'completely', 'cover', 'the', 'bottom', 'pour', 'any', 'excess', 'batter', 'back', 'into', 'the', 'bowl', 'cook', 'the', 'crepe', 'for', 'one', 'minute', 'or', 'until', 'the', 'edges', 'turn', 'brown', 'and', 'begin', 'to', 'lift', 'away', 'from', 'the', 'pan', 'with', 'your', 'fingers', 'flip', 'the', 'crepe', 'over', 'and', 'cook', 'for', '30', 'seconds', 'more', 'or', 'until', 'spotted', 'with', 'brown', 'on', 'the', 'other', 'side', 'slide', 'the', 'cooked', 'crepe', 'onto', 'a', 'plate', 'cover', 'with', 'a', 'piece', 'of', 'wax', 'paper', 'repeat', 'with', 'the', 'remaining', 'batter', 'stacking', 'the', 'crepes', 'and', 'separating', 'each', 'one', 'with', 'a', 'piece', 'of', 'wax', 'paper', 'the', 'crepes', 'can', 'be', 'made', 'up', 'to', '2', 'days', 'ahead', 'cover', 'with', 'plastic', 'wrap', 'and', 'store', 'in', 'the', 'fridge', 'until', 'ready', 'to', 'use', 'turn', 'the', 'oven', 'to', '350.', 'to', 'make', 'the', 'filling', 'stir', 'all', 'the', 'filling', 'ingredients', 'together', 'in', 'a', 'large', 'bowl', 'then', 'to', 'assemble', 'spoon', 'a', 'thin', 'layer', 'of', 'the', 'marinara', 'sauce', 'into', 'a', '13x9x2', 'inch', 'baking', 'dish', 'place', 'about', '1/4', 'cup', 'of', 'the', 'filling', 'lengthwise', 'down', 'the', 'center', 'of', 'a', 'crepe', 'roll', 'it', 'up', 'and', 'place', 'it', 'seam', 'side', 'down', 'in', 'the', 'dish', 'continue', 'with', 'the', 'remaining', 'crepes', 'and', 'filling', 'placing', 'them', 'close', 'together', 'spoon', 'on', 'the', 'remaining', 'sauce', 'sprinkle', 'with', 'the', 'cheese', 'bake', 'for', '30', 'to', '45', 'minutes', 'or', 'until', 'the', 'sauce', 'is', 'bubbling', 'and', 'the', 'manicotti', 'are', 'heated', 'through', 'serve', 'hot']","['make', 'crepes', 'large', 'bowl', 'whisk', 'together', 'ingredients', 'smooth', 'cover', 'refrigerate', 'least', 'heat', 'skillet', 'medium', 'het', 'brush', 'pan', 'lightly', 'oil', 'holding', 'pan', 'one', 'hand', 'spoon', 'crepe', 'batter', 'immediately', 'rotate', 'tilt', 'pan', 'completely', 'cover', 'bottom', 'pour', 'excess', 'batter', 'back', 'bowl', 'cook', 'crepe', 'one', 'edges', 'turn', 'brown', 'begin', 'lift', 'away', 'pan', 'fingers', 'flip', 'crepe', 'cook', 'seconds', 'spotted', 'brown', 'side', 'slide', 'cooked', 'crepe', 'onto', 'plate', 'cover', 'piece', 'wax', 'paper', 'repeat', 'remaining', 'batter', 'stacking', 'crepes', 'separating', 'one', 'piece', 'wax', 'paper', 'crepes', 'made', 'days', 'ahead', 'cover', 'plastic', 'wrap', 'store', 'fridge', 'ready', 'use', 'turn', 'oven', 'make', 'filling', 'stir', 'filling', 'ingredients', 'together', 'large', 'bowl', 'assemble', 'spoon', 'thin', 'layer', 'marinara', 'sauce', '13x9x2', 'baking', 'dish', 'place', 'filling', 'lengthwise', 'center', 'crepe', 'roll', 'place', 'seam', 'side', 'dish', 'continue', 'remaining', 'crepes', 'filling', 'placing', 'close', 'together', 'spoon', 'remaining', 'sauce', 'sprinkle', 'cheese', 'bake', 'sauce', 'bubbling', 'manicotti', 'heated', 'serve', 'hot']",Italian
221,"['heat', 'oil', 'in', '10-inch', 'skillet', 'over', 'medium', 'heat', 'cook', 'basil', 'and', 'garlic', 'in', 'oil', '3', 'minutes', 'stirring', 'frequently', 'stir', 'in', 'remaining', 'ingredients', 'cook', 'stirring', 'frequently', 'until', 'hot']","['heat', 'oil', '10', 'inch', 'skillet', 'medium', 'heat', 'cook', 'basil', 'garlic', 'oil', 'stirring', 'frequently', 'stir', 'remaining', 'ingredients', 'cook', 'stirring', 'frequently', 'hot']",Italian
1102,"['bring', 'the', 'water', '1', 'tbs', 'butter', 'and', '1/2', 'tsp', 'salt', 'to', 'a', 'boil', 'in', 'a', 'heavy', 'medium', 'saucepan', 'gradually', 'whisk', 'in', 'the', 'polenta', 'reduce', 'heat', 'to', 'medium', 'low', 'stir', 'constantly', 'until', 'the', 'polenta', 'thickens', 'about', '5', 'minute', 'pour', 'the', 'polenta', 'into', 'a', 'greased', '9x9-inch', 'baking', 'pan', 'spreading', 'so', 'that', 'it', 'is', '1/3-inch', 'thick', 'cover', 'and', 'let', 'stand', 'at', 'room', 'temperature', 'until', 'set', 'about', '15', 'minute', 'meanwhile', 'heat', 'the', 'oil', 'in', 'a', 'heavy', 'large', 'frying', 'pan', 'over', 'medium-high', 'heat', 'add', 'the', 'mushrooms', 'and', 'onion', 'sprinkle', 'with', '1/2', 'tsp', 'of', 'salt', 'and', '1/4', 'tsp', 'pepper', 'and', 'saute', 'until', 'the', 'juices', 'evaporate', 'about', '8', 'minute', 'add', 'the', 'garlic', 'and', 'saute', 'until', 'the', 'mushrooms', 'are', 'golden', 'brown', 'about', '2', 'min', 'longer', 'decrease', 'the', 'heat', 'to', 'medium-low', 'and', 'add', 'the', 'marsala', 'cover', 'and', 'simmer', 'until', 'the', 'marsala', 'has', 'reduced', 'by', 'about', 'half', 'about', '5', 'minute', 'stir', 'the', 'flour', 'and', 'remaining', '2', 'tbs', 'of', 'butter', 'in', 'a', 'small', 'bowl', 'to', 'form', 'a', 'paste', 'then', 'stir', 'the', 'paste', 'into', 'the', 'mushroom', 'mixture', 'cover', 'and', 'simmer', 'until', 'the', 'sauce', 'thickens', 'slightly', 'about', '2', 'minute', 'remove', 'from', 'the', 'heat', 'stir', 'in', 'the', 'parsley', 'season', 'the', 'ragu', 'to', 'taste', 'with', 'more', 'salt', 'and', 'pepper', 'is', 'necessary', 'cut', 'the', 'polenta', 'into', '36', 'bite', 'sized', 'squares', 'arrange', 'the', 'polenta', 'squares', 'on', 'a', 'platter', 'and', 'spoon', 'the', 'warm', 'ragu', 'over', 'the', 'top', 'serve', 'immediately']","['bring', 'water', 'tbs', 'butter', 'salt', 'boil', 'heavy', 'medium', 'saucepan', 'gradually', 'whisk', 'polenta', 'reduce', 'heat', 'medium', 'low', 'stir', 'constantly', 'polenta', 'thickens', 'pour', 'polenta', 'greased', '9x9', 'inch', 'baking', 'pan', 'spreading', '1/3', 'inch', 'thick', 'cover', 'let', 'stand', 'room', 'temperature', 'set', 'meanwhile', 'heat', 'oil', 'heavy', 'large', 'frying', 'pan', 'medium', 'high', 'heat', 'add', 'mushrooms', 'onion', 'sprinkle', 'salt', 'pepper', 'saute', 'juices', 'evaporate', 'add', 'garlic', 'saute', 'mushrooms', 'golden', 'brown', 'min', 'longer', 'decrease', 'heat', 'medium', 'low', 'add', 'marsala', 'cover', 'simmer', 'marsala', 'reduced', 'half', 'stir', 'flour', 'remaining', 'tbs', 'butter', 'small', 'bowl', 'form', 'paste', 'stir', 'paste', 'mushroom', 'mixture', 'cover', 'simmer', 'sauce', 'thickens', 'slightly', 'remove', 'heat', 'stir', 'parsley', 'season', 'ragu', 'taste', 'salt', 'pepper', 'necessary', 'cut', 'polenta', 'bite', 'sized', 'squares', 'arrange', 'polenta', 'squares', 'platter', 'spoon', 'warm', 'ragu', 'top', 'serve', 'immediately']",Italian
11808,"['in', 'a', 'skillet', 'cook', 'the', 'onion', 'and', 'the', 'garlic', 'in', 'the', 'oil', 'over', 'moderate', 'heat', 'until', 'they', 'are', 'softened', 'add', 'the', 'beef', 'and', 'cook', 'over', 'moderate-high', 'heat', 'stirring', 'until', 'well-browned', 'add', 'the', 'tomatoes', 'and', 'the', 'spices', 'and', 'simmer', 'the', 'mixture', 'covered', 'stirring', 'occasionally', 'for', '1', 'hour', 'add', '1', 'cup', 'water', 'salt', 'and', 'the', 'jam', 'and', 'simmer', 'the', 'curry', 'covered', 'for', '1-2', 'hours', 'more', 'or', 'until', 'beef', 'is', 'very', 'tender']","['skillet', 'cook', 'onion', 'garlic', 'oil', 'moderate', 'heat', 'softened', 'add', 'beef', 'cook', 'moderate', 'high', 'heat', 'stirring', 'well', 'browned', 'add', 'tomatoes', 'spices', 'simmer', 'mixture', 'covered', 'stirring', 'occasionally', 'add', 'water', 'salt', 'jam', 'simmer', 'curry', 'covered', 'beef', 'tender']",Indian
5405,"['preheat', 'broiler', 'mix', 'first', '5', 'ingredients', 'in', 'a', 'bowl', 'taste', 'and', 'adjust', 'as', 'desired', 'spead', 'tuna', 'mixture', 'on', '6', 'slices', 'of', 'bread', 'and', 'cover', 'with', 'cheese', 'slices', 'spread', 'a', 'little', 'mayo', 'on', 'other', '6', 'slices', 'place', 'all', '12', 'slices', 'on', 'a', 'baking', 'pan', 'and', 'broil', 'until', 'cheese', 'is', 'melted', 'and', 'starting', 'to', 'brown']","['preheat', 'broiler', 'mix', 'first', 'ingredients', 'bowl', 'taste', 'adjust', 'desired', 'spead', 'tuna', 'mixture', 'slices', 'bread', 'cover', 'cheese', 'slices', 'spread', 'little', 'mayo', 'slices', 'place', 'slices', 'baking', 'pan', 'broil', 'cheese', 'melted', 'starting', 'brown']",Italian
8985,"['in', 'a', 'large', 'pot', 'cover', 'potatoes', 'with', 'water', 'and', 'bring', 'to', 'a', 'boil', 'lower', 'heat', 'and', 'simmer', 'covered', '30-35', 'minutes', 'until', 'tender', 'drain', 'cool', 'slightly', 'and', 'peel', 'chop', 'the', 'potatoes', 'into', '1/2', ""''"", 'cubes', 'in', 'a', 'food', 'processor', 'pulse', 'the', 'water', 'ginger', 'garlic', 'salt', 'turmeric', 'and', 'red', 'pepper', 'until', 'a', 'paste', 'is', 'formed', 'in', 'a', 'large', 'nonstick', 'frying', 'pan', 'heat', 'the', 'olive', 'oil', 'over', 'medium-high', 'heat', 'when', 'hot', 'add', 'the', 'fennel', 'and', 'cook', '30', 'seconds', 'remove', 'pan', 'from', 'the', 'heat', 'stir', 'in', 'the', 'spice', 'paste', 'then', 'cook', '2', 'more', 'minutes', 'add', 'the', 'potatoes', 'and', 'stir', 'to', 'evenly', 'coat', 'them', 'with', 'the', 'spice', 'paste', 'fry', '10-15', 'minutes', 'turning', 'occasionally', 'until', 'the', 'potatoes', 'have', 'a', 'golden', 'brown', 'crust', 'sprinkle', 'with', 'cilantro', 'or', 'parsley', 'to', 'garnish', 'serve', 'and', 'enjoy']","['large', 'pot', 'cover', 'potatoes', 'water', 'bring', 'boil', 'lower', 'heat', 'simmer', 'covered', 'tender', 'drain', 'cool', 'slightly', 'peel', 'chop', 'potatoes', ""''"", 'cubes', 'food', 'processor', 'pulse', 'water', 'ginger', 'garlic', 'salt', 'turmeric', 'red', 'pepper', 'paste', 'formed', 'large', 'nonstick', 'frying', 'pan', 'heat', 'olive', 'oil', 'medium', 'high', 'heat', 'hot', 'add', 'fennel', 'cook', 'seconds', 'remove', 'pan', 'heat', 'stir', 'spice', 'paste', 'cook', 'add', 'potatoes', 'stir', 'evenly', 'coat', 'spice', 'paste', 'fry', 'turning', 'occasionally', 'potatoes', 'golden', 'brown', 'crust', 'sprinkle', 'cilantro', 'parsley', 'garnish', 'serve', 'enjoy']",Indian
6818,"['brown', 'off', 'chicken', 'in', 'wok', 'leave', 'aside', 'cook', 'onions', 'for', '3-4', 'mins', 'stirring', 'all', 'the', 'time', 'after', '3/4', 'mins', 'add', 'the', 'garlic', 'add', 'the', 'turmeric', 'cummin', 'ground', 'corriander', 'grama', 'masala', 'and', 'chili', 'powder', 'stir', 'all', 'together', 'add', 'cup', 'of', 'water', 'and', 'chicken', 'stock', 'and', 're-add', 'the', 'browned', 'chicken', 'leave', 'to', 'simmer', 'boil', 'the', 'sweet', 'potatoes', 'do', ""n't"", 'let', 'them', 'get', 'too', 'soft', 'when', 'ready', 'take', 'out', 'the', 'potatoes', 'and', 'chop', 'into', 'cubes', 'add', 'these', 'to', 'the', 'chicken', 'mix', 'in', 'wok', 'leave', 'to', 'simmer', 'serve', 'with', 'rice', 'and', 'creme', 'fresh', 'or', 'natural', 'yogurt']","['brown', 'chicken', 'wok', 'leave', 'aside', 'cook', 'onions', 'mins', 'stirring', 'time', 'mins', 'add', 'garlic', 'add', 'turmeric', 'cummin', 'ground', 'corriander', 'grama', 'masala', 'chili', 'powder', 'stir', 'together', 'add', 'water', 'chicken', 'stock', 'add', 'browned', 'chicken', 'leave', 'simmer', 'boil', 'sweet', 'potatoes', 'let', 'get', 'soft', 'ready', 'take', 'potatoes', 'chop', 'cubes', 'add', 'chicken', 'mix', 'wok', 'leave', 'simmer', 'serve', 'rice', 'creme', 'fresh', 'natural', 'yogurt']",Indian
8530,"['heat', 'oven', 'at', '250°c', 'cut', 'aubergines', 'and/or', 'courgettes', 'into', 'rounds', 'mix', '2', 'tb', 'of', 'oil', 'salt', 'and', '2', 'garlic', 'cloves', 'in', 'a', 'small', 'bowl', 'place', 'aubergine/zucchini', 'slices', 'on', 'baking', 'sheet', 'sprinkle', 'or', 'brush', 'with', 'oil-garlic', 'mixture', 'turn', 'over', 'and', 'repeat', 'sprinkling', 'you', 'can', 'adjust', 'the', 'amount', 'of', 'oil', 'according', 'to', 'your', 'preferences', 'the', 'more', 'oil', 'the', 'better', 'e.g', 'crispier', 'the', 'aubergines', 'place', 'in', 'oven', 'about', '15', 'minute', 'or', 'until', 'browned', 'courgettes', 'usually', 'take', 'longer', 'while', 'the', 'aubergines', 'are', 'in', 'the', 'oven', 'mix', 'all', 'spices', 'in', 'a', 'bowl', 'toast', 'nuts', 'in', 'a', 'non', 'stick', 'pan', 'until', 'medium', 'brown', 'and', 'fragrant', 'put', 'on', 'a', 'plate', 'bowl', 'to', 'cool', 'heat', 'oil', 'in', 'the', 'non', 'stick', 'pan', 'add', 'onion', 's', 'and', 'let', 'fry', 'until', 'translucent', 'add', 'spice', 'mixture', 'and', 'if', 'using', 'the', 'grated', 'ginger', 'let', 'fry', 'for', 'about', '30', 'seconds', 'add', 'coconut', 'milk', 'and', 'stir', 'add', 'hot', 'curry', 'paste', 'dissolve', '``', 'recover', ""''"", 'aubergine', 'slices', 'from', 'oven', 'and', 'transfer', 'to', 'pan', 'stir', 'carefully', 'as', 'not', 'to', 'break', 'up', 'the', 'slices', 'sprinkle', 'with', 'toasted', 'nuts', 'enjoy']","['heat', 'oven', '250°c', 'cut', 'aubergines', 'and/or', 'courgettes', 'rounds', 'mix', 'tb', 'oil', 'salt', 'garlic', 'cloves', 'small', 'bowl', 'place', 'aubergine/zucchini', 'slices', 'baking', 'sheet', 'sprinkle', 'brush', 'oil', 'garlic', 'mixture', 'turn', 'repeat', 'sprinkling', 'adjust', 'amount', 'oil', 'according', 'preferences', 'oil', 'better', 'e.g', 'crispier', 'aubergines', 'place', 'oven', 'browned', 'courgettes', 'usually', 'take', 'longer', 'aubergines', 'oven', 'mix', 'spices', 'bowl', 'toast', 'nuts', 'non', 'stick', 'pan', 'medium', 'brown', 'fragrant', 'put', 'plate', 'bowl', 'cool', 'heat', 'oil', 'non', 'stick', 'pan', 'add', 'onion', 'let', 'fry', 'translucent', 'add', 'spice', 'mixture', 'using', 'grated', 'ginger', 'let', 'fry', 'seconds', 'add', 'coconut', 'milk', 'stir', 'add', 'hot', 'curry', 'paste', 'dissolve', '``', 'recover', ""''"", 'aubergine', 'slices', 'oven', 'transfer', 'pan', 'stir', 'carefully', 'break', 'slices', 'sprinkle', 'toasted', 'nuts', 'enjoy']",Indian
7840,"['heat', 'the', 'oil', 'in', 'a', 'small', 'saucepan', 'put', 'in', 'the', 'chopped', 'onion', 'and', 'fry', 'for', '1', 'minute', 'add', 'seeded', 'and', 'chopped', 'chilli', 'and', 'cook', 'for', 'a', 'couple', 'of', 'mins', 'stirring', 'continuously', 'until', 'onion', 'begins', 'to', 'turn', 'golden', 'brown', 'add', 'spices', 'and', 'fry', 'for', 'another', 'minute', 'add', 'beans', 'reduce', 'heat', 'and', 'cook', 'for', '3', 'minutes', 'taste', 'and', 'season', 'if', 'necessary', 'serve', 'hot', 'with', 'toast', 'or', 'chapatis', 'naan', 'or', 'pita', 'bread', 'stir', 'in', 'a', 'knob', 'of', 'butter', 'at', 'end', 'of', 'cooking', 'if', 'creamier', 'taste', 'is', 'required']","['heat', 'oil', 'small', 'saucepan', 'put', 'chopped', 'onion', 'fry', 'add', 'seeded', 'chopped', 'chilli', 'cook', 'couple', 'mins', 'stirring', 'continuously', 'onion', 'begins', 'turn', 'golden', 'brown', 'add', 'spices', 'fry', 'another', 'add', 'beans', 'reduce', 'heat', 'cook', 'taste', 'season', 'necessary', 'serve', 'hot', 'toast', 'chapatis', 'naan', 'pita', 'bread', 'stir', 'knob', 'butter', 'end', 'cooking', 'creamier', 'taste', 'required']",Indian
10841,"['heat', 'the', 'vegetable', 'oil', 'in', 'a', 'fairly', 'large', 'pan', 'over', 'high', 'heat', 'once', 'hot', 'reduce', 'the', 'heat', 'to', 'about', 'medium', 'add', '1', 't', 'garam', 'masala', 'and', 'cook', 'for', 'about', '1', 'minute', 'then', 'add', 'the', 'carrots', 'onion', 'apple', 'and', 'celery', 'and', 'cook', 'while', 'stirring', 'a', 'bit', 'until', 'the', 'mixture', 'has', 'softened', 'up', 'approximately', '8', 'minutes', 'add', 'the', 'chicken', 'stock', 'coconut', 'milk', 'ginger', 'and', '1', 't', 'of', 'the', 'garam', 'masala', 'to', 'the', 'pan', 'add', 'the', 'rinsed', 'lentils', 'and', 'bring', 'the', 'soup', 'to', 'a', 'boil', 'on', 'high', 'heat', 'then', 'reduce', 'the', 'heat', 'to', 'low', 'and', 'simmer', 'it', 'for', 'approximately', '20', 'to', '25', 'minutes', 'you', 'just', 'want', 'to', 'get', 'the', 'lentils', 'nice', 'and', 'tender', 'add', 'the', 'chicken', 'and', 'the', 'remaining', '1', 't', 'garam', 'masala', 'to', 'the', 'soup', 'and', 'let', 'it', 'return', 'it', 'to', 'a', 'boil', 'again', 'serve', 'optional', 'to', 'sprinkle', 'the', 'cilantro', 'over', 'the', 'top', 'of', 'each', 'bowl', 'of', 'soup']","['heat', 'vegetable', 'oil', 'fairly', 'large', 'pan', 'high', 'heat', 'hot', 'reduce', 'heat', 'medium', 'add', 'garam', 'masala', 'cook', 'add', 'carrots', 'onion', 'apple', 'celery', 'cook', 'stirring', 'bit', 'mixture', 'softened', 'approximately', 'add', 'chicken', 'stock', 'coconut', 'milk', 'ginger', 'garam', 'masala', 'pan', 'add', 'rinsed', 'lentils', 'bring', 'soup', 'boil', 'high', 'heat', 'reduce', 'heat', 'low', 'simmer', 'approximately', 'want', 'get', 'lentils', 'nice', 'tender', 'add', 'chicken', 'remaining', 'garam', 'masala', 'soup', 'let', 'return', 'boil', 'serve', 'optional', 'sprinkle', 'cilantro', 'top', 'bowl', 'soup']",Indian
9457,"['in', 'a', 'mortar', 'crush', 'the', 'cloves', 'cardamom', 'pods', 'and', 'cinnamon', 'or', 'use', 'a', 'coffee', 'grinder', 'transfer', 'the', 'crushed', 'spices', 'to', 'a', 'small', 'saucepan', 'add', 'the', 'water', 'ginger', 'and', 'pepper', 'and', 'bring', 'to', 'a', 'boil', 'remove', 'the', 'pan', 'from', 'the', 'heat', 'cover', 'and', 'let', 'steep', 'for', '5', 'minutes', 'add', 'the', 'milk', 'and', 'sugar', 'to', 'the', 'pan', 'and', 'bring', 'to', 'a', 'boil', 'remove', 'from', 'the', 'heat', 'and', 'add', 'the', 'tea', 'cover', 'and', 'let', 'steep', 'for', '3', 'minutes', 'stir', 'the', 'chai', 'then', 'strain', 'it', 'into', 'a', 'warmed', 'teapot', 'or', 'directly', 'into', 'teacups', 'enjoy']","['mortar', 'crush', 'cloves', 'cardamom', 'pods', 'cinnamon', 'use', 'coffee', 'grinder', 'transfer', 'crushed', 'spices', 'small', 'saucepan', 'add', 'water', 'ginger', 'pepper', 'bring', 'boil', 'remove', 'pan', 'heat', 'cover', 'let', 'steep', 'add', 'milk', 'sugar', 'pan', 'bring', 'boil', 'remove', 'heat', 'add', 'tea', 'cover', 'let', 'steep', 'stir', 'chai', 'strain', 'warmed', 'teapot', 'directly', 'teacups', 'enjoy']",Indian
5480,"['make', 'the', 'eggplant', 'tapenade', 'cube', 'and', 'salt', 'the', 'eggplants', 'pit', 'the', 'olives', 'and', 'chuck', 'them', 'the', 'sun', 'dried', 'tomatoes', 'tomato', 'paste', 'and', 'olive', 'oil', 'into', 'the', 'blender', 'when', 'the', 'eggplant', 'is', 'a', 'little', 'soft', 'toss', 'it', 'with', 'the', 'blended', 'mixture', 'and', 'the', 'chopped', 'onions', 'make', 'spinach', 'pesto', 'wilt', 'the', 'spinach', 'by', 'dumping', 'a', 'kettle', 'of', 'boiling', 'water', 'over', 'it', 'use', 'a', 'strainer', 'and', 'squeeze', 'out', 'all', 'the', 'excess', 'green', 'water', 'dump', 'the', 'spinach', 'garlic', 'walnuts', 'and', 'a', 'splash', 'of', 'olive', 'oil', 'into', 'the', 'blender', 'and', 'blend', 'make', 'the', 'mushroom', 'layer', 'chop', 'up', 'the', 'mushrooms', 'and', 'the', 'garlic', 'sautee', 'the', 'mushrooms', 'and', 'garlic', 'together', 'until', 'the', 'mushrooms', 'are', 'just', 'softened', 'assemble', 'the', 'lasagne', 'using', 'lidded', 'pyrex', 'dishes', 'works', 'better', 'than', 'tinfoil', 'over', 'the', 'top', 'but', 'use', 'what', 'you', 'got', 'put', 'a', 'layer', 'of', 'spinach', 'pesto', 'on', 'the', 'bottom', 'then', 'put', 'a', 'layer', 'of', 'lasagne', 'noodles', 'then', 'a', 'layer', 'of', 'the', 'eggplant', 'then', 'a', 'layer', 'of', 'lasagne', 'noodles', 'in', 'the', 'opposite', 'orientation', 'of', 'the', 'last', 'layer', 'then', 'a', 'layer', 'of', 'mushrooms', 'then', 'a', 'layer', 'of', 'lasagne', 'noodles', 'in', 'the', 'opposite', 'orientation', 'of', 'the', 'last', 'layer', 'then', 'a', 'layer', 'of', 'eggplant', 'then', 'a', 'layer', 'of', 'lasagne', 'noodles', 'in', 'the', 'opposite', 'orientation', 'of', 'the', 'last', 'layer', 'top', 'with', 'a', 'layer', 'of', 'spinach', 'pesto', 'top', 'with', 'cheese', 'if', 'your', 'partner', 'is', 'just', 'a', 'vegetarian', 'or', 'pretend', 'its', 'tofu', 'when', 'they', 'ask', 'should', 'fill', '3', '12', ""''"", 'square', 'pyrex', 'dishes', 'bake', 'at', '350', 'for', '25', 'minutes', 'freeze', 'leftovers', 'trays', 'whole', 'in', 'case', 'you', 'need', 'some', 'last', 'minute', 'food', 'for', 'a', 'party', 'later']","['make', 'eggplant', 'tapenade', 'cube', 'salt', 'eggplants', 'pit', 'olives', 'chuck', 'sun', 'dried', 'tomatoes', 'tomato', 'paste', 'olive', 'oil', 'blender', 'eggplant', 'little', 'soft', 'toss', 'blended', 'mixture', 'chopped', 'onions', 'make', 'spinach', 'pesto', 'wilt', 'spinach', 'dumping', 'kettle', 'boiling', 'water', 'use', 'strainer', 'squeeze', 'excess', 'green', 'water', 'dump', 'spinach', 'garlic', 'walnuts', 'splash', 'olive', 'oil', 'blender', 'blend', 'make', 'mushroom', 'layer', 'chop', 'mushrooms', 'garlic', 'sautee', 'mushrooms', 'garlic', 'together', 'mushrooms', 'softened', 'assemble', 'lasagne', 'using', 'lidded', 'pyrex', 'dishes', 'works', 'better', 'tinfoil', 'top', 'use', 'got', 'put', 'layer', 'spinach', 'pesto', 'bottom', 'put', 'layer', 'lasagne', 'noodles', 'layer', 'eggplant', 'layer', 'lasagne', 'noodles', 'opposite', 'orientation', 'last', 'layer', 'layer', 'mushrooms', 'layer', 'lasagne', 'noodles', 'opposite', 'orientation', 'last', 'layer', 'layer', 'eggplant', 'layer', 'lasagne', 'noodles', 'opposite', 'orientation', 'last', 'layer', 'top', 'layer', 'spinach', 'pesto', 'top', 'cheese', 'partner', 'vegetarian', 'pretend', 'tofu', 'ask', 'fill', ""''"", 'square', 'pyrex', 'dishes', 'bake', 'freeze', 'leftovers', 'trays', 'whole', 'case', 'need', 'last', 'food', 'party', 'later']",Italian
6170,"['heat', 'the', 'oil', 'in', 'a', 'large', 'stockpot', 'over', 'medium', 'heat', 'add', 'the', 'prosciutto', 'and', 'sauté', 'for', '2', 'minutes', 'add', 'the', 'onion', 'celery', 'carrot', 'and', 'garlic', 'sauté', 'for', '2', 'minutes', 'or', 'until', 'soft', 'add', 'the', 'water', 'beans', 'bay', 'leaves', 'and', 'broth', 'and', 'bring', 'soup', 'to', 'a', 'boil', 'partially', 'cover', 'reduce', 'heat', 'and', 'simmer', 'for', '20', 'minutes', 'add', 'the', 'parsley', 'sherry', 'and', 'black', 'pepper', 'cook', 'for', 'one', 'minute', 'discard', 'bay', 'leaves']","['heat', 'oil', 'large', 'stockpot', 'medium', 'heat', 'add', 'prosciutto', 'sauté', 'add', 'onion', 'celery', 'carrot', 'garlic', 'sauté', 'soft', 'add', 'water', 'beans', 'bay', 'leaves', 'broth', 'bring', 'soup', 'boil', 'partially', 'cover', 'reduce', 'heat', 'simmer', 'add', 'parsley', 'sherry', 'black', 'pepper', 'cook', 'one', 'discard', 'bay', 'leaves']",Italian
1513,"['drain', 'but', 'do', 'not', 'rinse', 'the', 'artichoke', 'hearts', 'i', 'use', 'polar', 'brand', 'roughly', 'chop', 'them', 'into', 'quarters', 'in', 'a', 'small', 'mixing', 'bowl', 'combine', 'the', 'artichokes', 'basil', 'and', 'all', 'seasonings', 'set', 'aside', 'open', 'the', 'garlic', 'bread', 'and', 'bake', 'it', 'on', 'a', 'sheet', 'pan', 'usually', 'at', '375-400', 'degrees', 'f.', 'in', 'a', 'pre-heated', 'oven', 'until', 'it', 'is', 'warm', 'through', 'but', 'not', 'browned', 'this', 'should', 'take', 'about', '10-12', 'minutes', 'remove', 'the', 'garlic', 'bread', 'from', 'the', 'oven', 'and', 'spread', 'on', 'the', 'artichoke/tomato/basil', 'blend', 'evenly', 'on', 'all', 'parts', 'of', 'the', 'bread', 'then', 'sprinkle', 'on', 'the', 'mozzarella', 'cheese', 'evenly', 'over', 'the', 'top', 'return', 'the', 'bread', 'to', 'the', 'oven', 'and', 'allow', 'it', 'to', 'continue', 'to', 'bake', 'until', 'the', 'cheese', 'melts', 'and', 'browns', 'just', 'slightly', 'about', '5-8', 'minutes', 'remove', 'the', 'bread', 'from', 'the', 'oven', 'cut', 'into', 'pieces', 'and', 'serve', 'hot']","['drain', 'rinse', 'artichoke', 'hearts', 'use', 'polar', 'brand', 'roughly', 'chop', 'quarters', 'small', 'mixing', 'bowl', 'combine', 'artichokes', 'basil', 'seasonings', 'set', 'aside', 'open', 'garlic', 'bread', 'bake', 'sheet', 'pan', 'usually', 'f.', 'pre', 'heated', 'oven', 'warm', 'browned', 'take', 'remove', 'garlic', 'bread', 'oven', 'spread', 'artichoke/tomato/basil', 'blend', 'evenly', 'parts', 'bread', 'sprinkle', 'mozzarella', 'cheese', 'evenly', 'top', 'return', 'bread', 'oven', 'allow', 'continue', 'bake', 'cheese', 'melts', 'browns', 'slightly', 'remove', 'bread', 'oven', 'cut', 'pieces', 'serve', 'hot']",Italian
1952,"['dice', 'the', 'mozzarella', 'mince', 'the', 'garlic', 'and', 'basil', 'dice', 'the', 'tomatoes', 'put', 'the', 'diced', 'mozzarella', 'tomatoes', 'basil', 'and', 'garlic', 'into', 'a', 'bowl', 'put', 'the', 'olive', 'oil', 'balsamic', 'vinegar', 'salt', 'and', 'pepper', 'in', 'the', 'same', 'bowl', 'and', 'mix', 'for', '45', 'seconds', 'or', 'so', 'put', 'bread', 'on', 'skillet', 'scoop', 'the', 'bruschetta', 'on', 'the', 'bread', 'and', 'enjoy']","['dice', 'mozzarella', 'mince', 'garlic', 'basil', 'dice', 'tomatoes', 'put', 'diced', 'mozzarella', 'tomatoes', 'basil', 'garlic', 'bowl', 'put', 'olive', 'oil', 'balsamic', 'vinegar', 'salt', 'pepper', 'bowl', 'mix', 'seconds', 'put', 'bread', 'skillet', 'scoop', 'bruschetta', 'bread', 'enjoy']",Italian
1632,"['preheat', 'oven', 'to', '325', 'wash', 'and', 'dry', 'chicken', 'pieces', 'slice', 'each', 'potato', 'into', '4', 'long', 'slices', 'saute', 'the', 'garlic', 'in', 'olive', 'oil', 'remove', 'garlic', 'and', 'discard', 'brown', 'chicken', 'pieces', 'well', 'in', 'olive', 'oil', 'but', 'do', ""n't"", 'cook', 'through', 'remove', 'to', 'a', 'dish', 'and', 'season', 'with', 'salt', 'and', 'pepper', 'in', 'a', 'baking', 'dish', 'alternate', 'a', 'piece', 'of', 'chicken', 'a', 'slice', 'of', 'sweet', 'potato', 'a', 'slice', 'of', 'white', 'potato', 'and', 'a', 'few', 'rings', 'of', 'onion', 'i', 'usually', 'stand', 'them', 'on', 'edge', 'so', 'they', 'are', 'not', 'flat', 'in', 'the', 'pan', 'decorate', 'the', 'top', 'of', 'the', 'chicken', 'with', 'the', 'lemon', 'slices', 'and', 'rosemary', 'cover', 'with', 'foil', 'tightly', 'place', 'baking', 'pan', 'on', 'a', 'sheet', 'pan', 'it', 'may', 'boil', 'over', 'i', 'sometimes', 'use', 'a', 'turkey', 'baster', 'to', 'draw', 'off', 'the', 'juices', 'save', 'them', 'and', 'boil', 'them', 'down', 'to', 'make', 'a', 'nice', 'sauce', 'for', 'the', 'top', 'and', 'bake', 'for', 'two', 'hours', 'or', 'until', 'the', 'chicken', 'is', 'cooked', 'through', 'uncover', 'and', 'bake', 'until', 'it', 'browns', 'a', 'little', '20', 'minutes', 'or', 'so', 'save', 'a', 'wing', 'for', 'me']","['preheat', 'oven', 'wash', 'dry', 'chicken', 'pieces', 'slice', 'potato', 'long', 'slices', 'saute', 'garlic', 'olive', 'oil', 'remove', 'garlic', 'discard', 'brown', 'chicken', 'pieces', 'well', 'olive', 'oil', 'cook', 'remove', 'dish', 'season', 'salt', 'pepper', 'baking', 'dish', 'alternate', 'piece', 'chicken', 'slice', 'sweet', 'potato', 'slice', 'white', 'potato', 'rings', 'onion', 'usually', 'stand', 'edge', 'flat', 'pan', 'decorate', 'top', 'chicken', 'lemon', 'slices', 'rosemary', 'cover', 'foil', 'tightly', 'place', 'baking', 'pan', 'sheet', 'pan', 'may', 'boil', 'sometimes', 'use', 'turkey', 'baster', 'draw', 'juices', 'save', 'boil', 'make', 'nice', 'sauce', 'top', 'bake', 'two', 'chicken', 'cooked', 'uncover', 'bake', 'browns', 'little', 'save', 'wing']",Italian
13031,"['wipe', 'the', 'mushrooms', 'with', 'damp', 'paper', 'towels', 'and', 'slice', 'heat', 'the', 'oil', 'in', 'a', 'medium', 'saucepan', 'over', 'medium', 'heat', 'add', 'the', 'onion', 'and', 'chile', 'and', 'cook', 'stirring', 'for', '5-6', 'minutes', 'until', 'the', 'onion', 'is', 'softened', 'but', 'not', 'brown', 'add', 'the', 'garlic', 'paste', 'and', 'cook', 'stirring', 'for', '2', 'minutes', 'add', 'the', 'cumin', 'coriander', 'and', 'chile', 'powder', 'and', 'cook', 'stirring', 'for', '1', 'minute', 'add', 'the', 'mushrooms', 'salt', 'and', 'tomato', 'paste', 'and', 'stir', 'until', 'the', 'ingredients', 'are', 'blended', 'sprinkle', 'the', 'water', 'evenly', 'over', 'the', 'mushrooms', 'and', 'reduce', 'the', 'heat', 'to', 'low', 'cover', 'and', 'cook', 'for', '10', 'minutes', 'stirring', 'halfway', 'through', 'the', 'sauce', 'should', 'have', 'thickened', 'but', 'if', 'it', 'appears', 'runny', 'cook', 'uncovered', 'for', '3-4', 'minutes', 'or', 'until', 'you', 'achieve', 'the', 'desired', 'consistency', 'transfer', 'to', 'a', 'serving', 'dish', 'sprinkle', 'the', 'chives', 'on', 'top', 'and', 'serve', 'immediately']","['wipe', 'mushrooms', 'damp', 'paper', 'towels', 'slice', 'heat', 'oil', 'medium', 'saucepan', 'medium', 'heat', 'add', 'onion', 'chile', 'cook', 'stirring', 'onion', 'softened', 'brown', 'add', 'garlic', 'paste', 'cook', 'stirring', 'add', 'cumin', 'coriander', 'chile', 'powder', 'cook', 'stirring', 'add', 'mushrooms', 'salt', 'tomato', 'paste', 'stir', 'ingredients', 'blended', 'sprinkle', 'water', 'evenly', 'mushrooms', 'reduce', 'heat', 'low', 'cover', 'cook', 'stirring', 'halfway', 'sauce', 'thickened', 'appears', 'runny', 'cook', 'uncovered', 'achieve', 'desired', 'consistency', 'transfer', 'serving', 'dish', 'sprinkle', 'chives', 'top', 'serve', 'immediately']",Indian
5171,"['melt', 'butter', 'in', 'a', 'saute', 'pan', 'add', 'minced', 'garlic', 'and', 'cook', 'until', 'garlic', 'browns', 'add', 'shrimp', 'and', 'saute', 'place', 'shrimp', 'over', 'fettuccine', 'and', 'pour', 'on', 'butter/garlic', 'top', 'with', 'parsley']","['melt', 'butter', 'saute', 'pan', 'add', 'minced', 'garlic', 'cook', 'garlic', 'browns', 'add', 'shrimp', 'saute', 'place', 'shrimp', 'fettuccine', 'pour', 'butter/garlic', 'top', 'parsley']",Italian
8961,"['boil', 'green', 'bean', 'mung', 'sprouts', 'for', '2-3', 'minutes', 'or', 'till', 'just', 'cooked', 'but', 'still', 'firm', 'to', 'bite', 'refresh', 'immediately', 'in', 'cold', 'water', 'drain', 'and', 'place', 'in', 'a', 'large', 'bowl', 'add', 'the', 'potatoes', 'and', 'tomatoes', 'to', 'the', 'mung', 'and', 'mix', 'carefully', 'so', 'as', 'not', 'to', 'break', 'the', 'potatoes', 'season', 'with', 'salt', 'chili', 'powder', 'and', 'the', 'lemon', 'juice', 'chill', 'and', 'serve']","['boil', 'green', 'bean', 'mung', 'sprouts', 'till', 'cooked', 'still', 'firm', 'bite', 'refresh', 'immediately', 'cold', 'water', 'drain', 'place', 'large', 'bowl', 'add', 'potatoes', 'tomatoes', 'mung', 'mix', 'carefully', 'break', 'potatoes', 'season', 'salt', 'chili', 'powder', 'lemon', 'juice', 'chill', 'serve']",Indian
686,"['beat', 'egg', 'whites', 'until', 'stiff', 'but', 'not', 'dry', 'add', 'caster', 'sugar', 'gradually', 'while', 'continuing', 'to', 'beat', 'fold', 'in', 'vanilla', 'and', 'lightly', 'beaten', 'egg', 'yolks', 'sift', 'flour', 'and', 'fold', 'in', 'with', 'almonds', 'place', 'in', 'loaf', 'tin', 'that', 'has', 'been', 'lined', 'with', 'baking', 'paper', 'bake', 'at', '180°c', 'for', 'about', '40', 'minutes', 'or', 'until', 'a', 'skewer', 'comes', 'out', 'clean', 'wrap', 'in', 'glad', 'wrap', 'and', 'leave', 'for', '2-3', 'days', 'slice', 'with', 'a', 'sharp', 'knife', 'as', 'thinly', 'as', 'possible', 'place', 'on', 'a', 'baking', 'tray', 'and', 'dry', 'in', 'oven', 'at', 'about', '120°c', 'until', 'golden', 'but', 'not', 'brown', 'this', 'should', 'take', 'about', '1', 'hour', 'turn', 'off', 'oven', 'and', 'leave', 'to', 'cool']","['beat', 'egg', 'whites', 'stiff', 'dry', 'add', 'caster', 'sugar', 'gradually', 'continuing', 'beat', 'fold', 'vanilla', 'lightly', 'beaten', 'egg', 'yolks', 'sift', 'flour', 'fold', 'almonds', 'place', 'loaf', 'tin', 'lined', 'baking', 'paper', 'bake', '180°c', 'skewer', 'comes', 'clean', 'wrap', 'glad', 'wrap', 'leave', 'days', 'slice', 'sharp', 'knife', 'thinly', 'possible', 'place', 'baking', 'tray', 'dry', 'oven', '120°c', 'golden', 'brown', 'take', 'turn', 'oven', 'leave', 'cool']",Italian
7388,"['heat', 'oil', 'in', 'a', 'pan', 'add', 'curry', 'leaves', 'onions', 'and', 'green', 'chillies', 'saute', 'until', 'onions', 'are', 'browned', 'and', 'curry', 'leaves', 'fragrant', 'add', 'the', 'remaining', 'ingredients', 'and', 'mix', 'well', 'cook', 'until', 'the', 'chicken', 'is', 'tender', 'serve', 'hot']","['heat', 'oil', 'pan', 'add', 'curry', 'leaves', 'onions', 'green', 'chillies', 'saute', 'onions', 'browned', 'curry', 'leaves', 'fragrant', 'add', 'remaining', 'ingredients', 'mix', 'well', 'cook', 'chicken', 'tender', 'serve', 'hot']",Indian
9807,"['squeeze', 'out', 'roasted', 'garlic', 'and', 'mash', 'into', 'paste', 'add', 'water', 'agave', 'oil', 'yogurt', 'or', 'sour', '``', 'cream', ""''"", 'garlic', 'paste', 'flour', 'salt', 'and', 'yeast', 'to', 'bread', 'machine', 'and', 'set', 'to', 'dough', 'setting', 'do', 'not', 'allow', 'to', 'rise', 'note', 'i', 'am', 'at', 'high', 'elevation', 'in', 'a', 'very', 'dry', 'climate', 'and', 'tend', 'to', 'need', 'more', 'water', 'i', 'usually', 'use', 'about', '1', '1/4', 'cups', 'for', 'this', 'recipe', 'you', 'can', 'check', 'dough', 'after', '5-10', 'minutes', 'to', 'make', 'sure', 'it', 'is', 'smooth', 'and', 'slightly', 'tacky', 'if', 'it', 'is', 'crumbly', 'add', 'a', 'bit', 'more', 'water', 'after', 'dough', 'has', 'been', 'kneaded', 'fully', 'remove', 'from', 'bread', 'machine', 'and', 'cut', 'into', '8', 'pieces', 'roll', 'each', 'piece', 'into', 'a', 'ball', 'then', 'cover', 'and', 'let', 'rest', 'for', '20', 'minutes', 'roll', 'out', 'each', 'piece', 'of', 'dough', 'with', 'a', 'rolling', 'pin', 'into', 'an', 'oval', 'and', 'coat', 'both', 'sides', 'with', 'oil', 'you', 'can', 'stack', 'the', 'rolled', 'out', 'pieces', 'on', 'a', 'plate', 'once', 'they', 'have', 'been', 'oiled', 'grill', 'over', 'medium', 'fire', 'for', '2-3', 'minutes', 'on', 'the', 'first', 'side', 'until', 'bottom', 'is', 'browned', 'and', 'top', 'begins', 'to', 'puff', 'up', 'and', '1-2', 'minutes', 'on', 'the', 'second', 'side', 'until', 'browned']","['squeeze', 'roasted', 'garlic', 'mash', 'paste', 'add', 'water', 'agave', 'oil', 'yogurt', 'sour', '``', 'cream', ""''"", 'garlic', 'paste', 'flour', 'salt', 'yeast', 'bread', 'machine', 'set', 'dough', 'setting', 'allow', 'rise', 'note', 'high', 'elevation', 'dry', 'climate', 'tend', 'need', 'water', 'usually', 'use', 'recipe', 'check', 'dough', 'make', 'sure', 'smooth', 'slightly', 'tacky', 'crumbly', 'add', 'bit', 'water', 'dough', 'kneaded', 'fully', 'remove', 'bread', 'machine', 'cut', 'pieces', 'roll', 'piece', 'ball', 'cover', 'let', 'rest', 'roll', 'piece', 'dough', 'rolling', 'pin', 'oval', 'coat', 'sides', 'oil', 'stack', 'rolled', 'pieces', 'plate', 'oiled', 'grill', 'medium', 'fire', 'first', 'side', 'bottom', 'browned', 'top', 'begins', 'puff', 'second', 'side', 'browned']",Indian
12555,"['wash', 'poha', 'drain', 'water', 'refresh', 'with', 'just', 'sufficient', 'water', 'to', 'cover', 'poha', 'and', 'keep', 'aside', 'for', '15', 'minutes', 'after', '15', 'minutes', 'drain', 'out', 'water', 'completely', 'loosen', 'poha', 'and', 'break', 'lumps', 'if', 'any', 'add', 'salt', 'lime', 'juice', 'turmeric', 'powder', 'and', 'red', 'chilli', 'powder', 'to', 'poha', 'mix', 'well', 'using', 'a', 'spoon', 'in', 'a', 'broad', 'saucepan', 'or', 'heavy', 'based', 'pan', 'heat', 'oil', 'add', 'mustard', 'and', 'cumin', 'seeds', 'allow', 'to', 'crackle', 'add', 'onions', 'green', 'chillies', 'and', 'curry', 'leaves', 'stir-fry', 'on', 'medium-high', 'flame', 'until', 'onions', 'turn', 'golden', 'brown', 'add', 'potatoes', 'and', 'tomatoes', 'mixing', 'well', 'after', '3-5', 'minutes', 'add', 'groundnuts', 'and', 'poha', 'and', 'mix', 'well', 'cook', 'on', 'low', 'flame', 'for', '5-7', 'minutes', 'please', 'keep', 'mixing', 'every', 'minute', 'in', 'order', 'to', 'ensure', 'that', 'poha', 'does', 'not', 'stick', 'to', 'the', 'bottom', 'of', 'the', 'vessel', 'remove', 'from', 'flame', 'transfer', 'to', 'a', 'serving', 'dish', 'garnish', 'with', 'cilantro', 'and', 'serve', 'immediately']","['wash', 'poha', 'drain', 'water', 'refresh', 'sufficient', 'water', 'cover', 'poha', 'keep', 'aside', 'drain', 'water', 'completely', 'loosen', 'poha', 'break', 'lumps', 'add', 'salt', 'lime', 'juice', 'turmeric', 'powder', 'red', 'chilli', 'powder', 'poha', 'mix', 'well', 'using', 'spoon', 'broad', 'saucepan', 'heavy', 'based', 'pan', 'heat', 'oil', 'add', 'mustard', 'cumin', 'seeds', 'allow', 'crackle', 'add', 'onions', 'green', 'chillies', 'curry', 'leaves', 'stir', 'fry', 'medium', 'high', 'flame', 'onions', 'turn', 'golden', 'brown', 'add', 'potatoes', 'tomatoes', 'mixing', 'well', 'add', 'groundnuts', 'poha', 'mix', 'well', 'cook', 'low', 'flame', 'please', 'keep', 'mixing', 'every', 'order', 'ensure', 'poha', 'stick', 'bottom', 'vessel', 'remove', 'flame', 'transfer', 'serving', 'dish', 'garnish', 'cilantro', 'serve', 'immediately']",Indian
12073,"['in', 'a', 'small', 'saucepan', 'bring', 'water', 'sugar', 'and', 'raisins', 'optional', 'to', 'a', 'boil', 'set', 'aside', 'in', 'a', 'small', 'to', 'medium', 'saucepan', 'heat', 'ghee', 'add', 'semolina', 'cardamom', 'sauté', 'until', 'light', 'brown', 'stirring', 'constantly', 'add', 'water/sugar/raisin', 'mixture', 'heat', 'and', 'stir', 'until', 'halwa', 'reaches', 'the', 'consistency', 'of', 'thick', 'mashed', 'potatoes', 'remove', 'from', 'heat', 'add', 'almonds', 'note', 'i', 'like', 'to', 'cook', 'the', 'halwa', 'with', 'the', 'raisins', 'but', 'discard', 'them', 'i', 'do', ""n't"", 'particularly', 'care', 'for', 'raisins', 'i', 'also', 'sauté', 'the', 'almonds', 'in', 'a', 'bit', 'of', 'ghee', 'but', 'that', 'is', ""n't"", 'necessary', 'to', 'make', 'ghee', 'heat', '2', 'sticks', 'of', 'butter', 'in', 'a', 'saucepan', 'on', 'med-high', 'until', 'boiling', 'turn', 'down', 'heat', 'to', 'med-low', 'and', 'cook', 'for', 'several', 'more', 'minutes', 'stirring', 'occasionally', 'ghee', 'will', 'take', 'on', 'a', 'weird', 'plastic-like', 'appearance', 'at', 'the', 'top', 'and', 'smell', 'like', 'caramel', 'strain', 'the', 'ghee', 'through', 'cheesecloth', 'and', 'a', 'fine', 'strainer', 'save', 'what', 'is', ""n't"", 'used', 'in', 'an', 'airtight', 'container', 'it', 'does', 'not', 'need', 'to', 'be', 'refrigerated']","['small', 'saucepan', 'bring', 'water', 'sugar', 'raisins', 'optional', 'boil', 'set', 'aside', 'small', 'medium', 'saucepan', 'heat', 'ghee', 'add', 'semolina', 'cardamom', 'sauté', 'light', 'brown', 'stirring', 'constantly', 'add', 'water/sugar/raisin', 'mixture', 'heat', 'stir', 'halwa', 'reaches', 'consistency', 'thick', 'mashed', 'potatoes', 'remove', 'heat', 'add', 'almonds', 'note', 'like', 'cook', 'halwa', 'raisins', 'discard', 'particularly', 'care', 'raisins', 'also', 'sauté', 'almonds', 'bit', 'ghee', 'necessary', 'make', 'ghee', 'heat', 'sticks', 'butter', 'saucepan', 'med', 'high', 'boiling', 'turn', 'heat', 'med', 'low', 'cook', 'several', 'stirring', 'occasionally', 'ghee', 'take', 'weird', 'plastic', 'like', 'appearance', 'top', 'smell', 'like', 'caramel', 'strain', 'ghee', 'cheesecloth', 'fine', 'strainer', 'save', 'used', 'airtight', 'container', 'need', 'refrigerated']",Indian
10820,"['grind', 'coconut', 'green', 'chillies', 'salt', 'and', 'mint', 'leaves', 'in', 'a', 'mixer', 'butter', 'one', 'slice', 'of', 'bread', 'generously', 'spread', 'the', 'ground', 'green', 'chutney', 'over', 'it', 'evenly', 'cover', 'it', 'with', 'another', 'slice', 'of', 'bread', 'trim', 'the', 'edges', 'of', 'the', 'bread', 'cut', 'it', 'into', 'triangle', 'shape', 'prepare', 'about', '6', 'sets', 'of', 'bread', '12', 'slices=', '6', 'sandwiches', 'in', 'the', 'same', 'way', 'arrange', 'them', 'evenly', 'in', 'a', 'deep', 'bowl', 'in', 'another', 'bowl', 'beat', 'the', 'sugar', 'and', 'yogurt', 'pour', 'it', 'over', 'the', 'bread', 'garnish', 'with', 'red', 'chilli', 'powder', 'to', 'taste', 'and', 'cilantro', 'chopped', 'finely', 'optionally', 'decorate', 'with', 'sev', 'either', 'home-made', 'or', 'bought', 'readymade', 'from', 'the', 'market', 'refrigerate', 'it', 'for', 'half', 'an', 'hour', 'serve', 'chilled']","['grind', 'coconut', 'green', 'chillies', 'salt', 'mint', 'leaves', 'mixer', 'butter', 'one', 'slice', 'bread', 'generously', 'spread', 'ground', 'green', 'chutney', 'evenly', 'cover', 'another', 'slice', 'bread', 'trim', 'edges', 'bread', 'cut', 'triangle', 'shape', 'prepare', 'sets', 'bread', 'slices=', 'sandwiches', 'way', 'arrange', 'evenly', 'deep', 'bowl', 'another', 'bowl', 'beat', 'sugar', 'yogurt', 'pour', 'bread', 'garnish', 'red', 'chilli', 'powder', 'taste', 'cilantro', 'chopped', 'finely', 'optionally', 'decorate', 'sev', 'either', 'home', 'made', 'bought', 'readymade', 'market', 'refrigerate', 'half', 'serve', 'chilled']",Indian
1522,"['sauté', 'the', 'garlic', 'in', 'olive', 'oil', 'add', 'the', 'carrots', 'celery', 'and', 'onion', 'and', 'continue', 'sautéing', 'until', 'lightly', 'colored', 'add', 'the', 'meat', 'and', 'brown', 'add', 'the', 'remaining', 'ingredients', 'and', 'simmer', 'everything', 'together', 'covered', 'for', '2', 'hours', 'or', 'so', 'taste', 'the', 'stuff', 'after', 'about', 'an', 'hour', 'and', 'adjust', 'seasonings', 'to', 'taste']","['sauté', 'garlic', 'olive', 'oil', 'add', 'carrots', 'celery', 'onion', 'continue', 'sautéing', 'lightly', 'colored', 'add', 'meat', 'brown', 'add', 'remaining', 'ingredients', 'simmer', 'everything', 'together', 'covered', 'taste', 'stuff', 'adjust', 'seasonings', 'taste']",Italian
247,"['make', 'pasta', 'according', 'to', 'the', 'directions', 'on', 'the', 'box', 'rehdrate', 'the', 'porcini', 'mushrooms', 'according', 'to', 'the', 'package', 'add', 'a', 'little', 'olive', 'oil', 'to', 'a', 'pan', 'and', 'on', 'medium', 'heat', 'saute', 'the', 'green', 'onion', 'then', 'add', 'all', 'the', 'mushrooms', 'saute', 'for', 'about', '5-6', 'minutes', 'but', 'do', ""n't"", 'cook', 'longer', 'that', '10', 'minutes', 'when', 'the', 'mushrooms', 'are', 'the', 'consistancey', 'you', 'like', 'add', 'the', 'pasta', 'with', 'salt', 'pepper', 'parmesan', 'and', 'basil', 'enjoy']","['make', 'pasta', 'according', 'directions', 'box', 'rehdrate', 'porcini', 'mushrooms', 'according', 'package', 'add', 'little', 'olive', 'oil', 'pan', 'medium', 'heat', 'saute', 'green', 'onion', 'add', 'mushrooms', 'saute', 'cook', 'longer', 'mushrooms', 'consistancey', 'like', 'add', 'pasta', 'salt', 'pepper', 'parmesan', 'basil', 'enjoy']",Italian
3409,"['wash', 'and', 'dry', 'the', 'clams', 'and', 'soak', 'them', 'in', 'a', 'large', 'bowl', 'in', 'cold', 'salted', 'water', 'for', 'about', '30', 'minutes', 'any', 'remaining', 'sand', 'should', 'fall', 'to', 'the', 'bottom', 'of', 'the', 'bowl', 'drain', 'the', 'clams', 'and', 'rinse', 'them', 'well', 'in', 'a', 'colander', 'under', 'running', 'water', 'crush', 'one', 'clove', 'of', 'garlic', 'and', 'slice', 'the', 'remaining', 'cloves', 'very', 'thin', 'in', 'a', 'large', 'heavy', 'pan', 'sauté', 'the', 'crushed', 'garlic', 'until', 'it', 'begins', 'to', 'brown', 'then', 'remove', 'from', 'the', 'pan', 'and', 'discard', 'add', 'the', 'remaining', 'sliced', 'garlic', 'and', 'the', 'parsley', 'cook', 'over', 'very', 'low', 'heat', 'for', '2', 'to', '3', 'minutes', 'then', 'add', 'the', 'tomatoes', 'and', 'enough', 'liquid', 'to', 'just', 'make', 'a', 'slightly', 'soupy', 'dish', 'you', 'do', ""n't"", 'want', 'too', 'much', 'liquid', 'in', 'this', 'but', 'judge', 'the', 'amount', 'to', 'your', 'taste', 'season', 'with', 'the', 'salt', 'and', 'pepper', 'then', 'raise', 'the', 'heat', 'to', 'medium', 'and', 'cook', 'for', '15', 'minutes', 'add', 'more', 'liquid', 'if', 'necessary', 'add', 'the', 'clams', 'lower', 'the', 'heat', 'again', 'cover', 'pan', 'and', 'let', 'steam', 'for', 'about', '10', 'minutes', 'or', 'until', 'the', 'shells', 'have', 'opened', 'and', 'the', 'clams', 'are', 'ready', 'discard', 'any', 'unopened', 'clams', 'sprinkle', 'with', 'more', 'freshly', 'ground', 'pepper', 'and', 'the', 'basil', 'if', 'desired', 'you', 'can', 'substitute', 'a', 'teaspoon', 'of', 'dried', 'if', 'you', 'wish', 'serve', 'in', 'shallow', 'bowls', 'with', 'slices', 'of', 'bread', 'for', 'dunking']","['wash', 'dry', 'clams', 'soak', 'large', 'bowl', 'cold', 'salted', 'water', 'remaining', 'sand', 'fall', 'bottom', 'bowl', 'drain', 'clams', 'rinse', 'well', 'colander', 'running', 'water', 'crush', 'one', 'clove', 'garlic', 'slice', 'remaining', 'cloves', 'thin', 'large', 'heavy', 'pan', 'sauté', 'crushed', 'garlic', 'begins', 'brown', 'remove', 'pan', 'discard', 'add', 'remaining', 'sliced', 'garlic', 'parsley', 'cook', 'low', 'heat', 'add', 'tomatoes', 'enough', 'liquid', 'make', 'slightly', 'soupy', 'dish', 'want', 'much', 'liquid', 'judge', 'amount', 'taste', 'season', 'salt', 'pepper', 'raise', 'heat', 'medium', 'cook', 'add', 'liquid', 'necessary', 'add', 'clams', 'lower', 'heat', 'cover', 'pan', 'let', 'steam', 'shells', 'opened', 'clams', 'ready', 'discard', 'unopened', 'clams', 'sprinkle', 'freshly', 'ground', 'pepper', 'basil', 'desired', 'substitute', 'dried', 'wish', 'serve', 'shallow', 'bowls', 'slices', 'bread', 'dunking']",Italian
12167,"['soak', 'chiles', 'in', 'vinegar', 'for', '15', 'minutes', 'add', 'garlic', 'and', 'ginger', 'and', 'blend', 'into', 'a', 'purée', 'scrape', 'mixture', 'into', 'a', 'small', 'bowl', 'add', 'cumin', 'coriander', 'and', 'cinnamon', 'and', 'mix', 'thoroughly', 'coat', 'duck', 'pieces', 'well', 'with', 'spice', 'paste', 'cover', 'and', 'refrigerate', 'for', 'at', 'least', '2', 'hours', 'heat', 'oil', 'in', 'a', 'large', 'dutch', 'oven', 'over', 'medium-high', 'heat', 'add', 'duck', 'pieces', 'and', 'brown', 'on', 'all', 'sides', 'add', 'salt', 'water', 'sugar', 'and', 'any', 'remaining', 'spice', 'purée', 'bring', 'to', 'a', 'boil', 'cover', 'and', 'simmer', 'stirring', 'occasionally', 'until', 'duck', 'is', 'tender', 'approximately', '1', 'hour', 'skim', 'off', 'all', 'fat', 'transfer', 'duck', 'to', 'a', 'heated', 'platter', 'pour', 'sauce', 'over', 'and', 'garnish', 'with', 'chopped', 'coriander']","['soak', 'chiles', 'vinegar', 'add', 'garlic', 'ginger', 'blend', 'purée', 'scrape', 'mixture', 'small', 'bowl', 'add', 'cumin', 'coriander', 'cinnamon', 'mix', 'thoroughly', 'coat', 'duck', 'pieces', 'well', 'spice', 'paste', 'cover', 'refrigerate', 'least', 'heat', 'oil', 'large', 'dutch', 'oven', 'medium', 'high', 'heat', 'add', 'duck', 'pieces', 'brown', 'sides', 'add', 'salt', 'water', 'sugar', 'remaining', 'spice', 'purée', 'bring', 'boil', 'cover', 'simmer', 'stirring', 'occasionally', 'duck', 'tender', 'approximately', 'skim', 'fat', 'transfer', 'duck', 'heated', 'platter', 'pour', 'sauce', 'garnish', 'chopped', 'coriander']",Indian
12598,"['1.', 'set', 'your', 'pressure', 'cooker', 'to', 'brown', 'add', 'one', 'tablespoons', 'olive', 'oil', 'and', 'heat', 'it', 'up', '2.', 'saute', 'the', 'chicken', 'until', 'lightly', 'golden', 'remove', 'from', 'the', 'cooker', 'with', 'a', 'slotted', 'spoon', '3.', 'add', 'the', 'other', 'tablespoons', 'of', 'olive', 'oil', 'and', 'heat', 'it', 'up', 'add', 'the', 'pepper', 'and', 'onion', 'and', 'saute', 'until', 'somewhat', 'softened', '4.', 'add', 'the', 'two', 'cups', 'of', 'rice', 'to', 'the', 'cooker', 'and', 'stir', 'well', '5.', 'add', 'the', 'broth', 'curry', 'powder', 'and', 'chicken', 'and', 'stir', 'again', '6.', 'distribute', 'the', 'tomatoes', 'and', 'simmer', 'sauce', 'over', 'the', 'top', 'of', 'the', 'rice', 'veggie', 'and', 'chicken', 'mixture', 'do', 'not', 'stir', 'these', 'in', 'just', 'let', 'them', 'rest', 'o', 'top', '7.', 'set', 'the', 'cooker', 'to', '15', 'psi', 'and', 'set', 'it', 'for', '8', 'minutes', '8.', 'once', 'time', 'is', 'up', 'wait', 'five', 'minutes', 'while', 'some', 'of', 'the', 'pressure', 'releases', 'naturally', '9.', 'after', 'five', 'minutes', 'use', 'whatever', 'your', 'quick', 'release', 'method', 'is', 'on', 'your', 'pressure', 'cooker', 'to', 'release', 'the', 'rest', 'of', 'the', 'pressure', '10.', 'mix', 'everything', 'well', 'and', 'enjoy']","['set', 'pressure', 'cooker', 'brown', 'add', 'one', 'olive', 'oil', 'heat', 'saute', 'chicken', 'lightly', 'golden', 'remove', 'cooker', 'slotted', 'spoon', 'add', 'olive', 'oil', 'heat', 'add', 'pepper', 'onion', 'saute', 'somewhat', 'softened', 'add', 'two', 'rice', 'cooker', 'stir', 'well', 'add', 'broth', 'curry', 'powder', 'chicken', 'stir', 'distribute', 'tomatoes', 'simmer', 'sauce', 'top', 'rice', 'veggie', 'chicken', 'mixture', 'stir', 'let', 'rest', 'top', 'set', 'cooker', 'psi', 'set', 'time', 'wait', 'five', 'pressure', 'releases', 'naturally', 'five', 'use', 'whatever', 'quick', 'release', 'method', 'pressure', 'cooker', 'release', 'rest', 'pressure', 'mix', 'everything', 'well', 'enjoy']",Indian
7583,"['put', 'the', 'coconut', 'into', 'a', 'bowl', 'and', 'cover', 'with', '2', 'cups', 'of', 'boiling', 'water', 'stir', 'and', 'let', 'sit', 'for', '20', 'minutes', 'meanwhile', 'heat', 'the', 'oil', 'in', 'a', 'large', 'saucepan', 'then', 'put', 'in', 'the', 'onion', 'cover', 'and', 'let', 'cook', 'over', 'gentle', 'heat', 'for', '7', 'minutes', 'while', 'the', 'onion', 'is', 'cooking', 'halve', 'the', 'chilies', 'remove', 'the', 'seeds', 'then', 'slice', 'the', 'chilies', 'finely', 'and', 'add', 'to', 'the', 'saucepan', 'along', 'with', 'the', 'garlic', 'keep', 'your', 'hands', 'away', 'from', 'your', 'face', 'while', 'preparing', 'the', 'chilies', 'and', 'wash', 'them', 'well', 'afterwards', 'because', 'the', 'juice', 'can', 'burn', 'your', 'skin', 'add', 'the', 'spices', 'to', 'the', 'saucepan', 'stir', 'well', 'and', 'cook', 'for', 'a', 'further', '1', 'to', '2', 'minutes', 'strain', 'the', 'coconut', 'liquid', 'discarding', 'the', 'solids', 'if', 'you', 'have', 'a', 'food', 'processor', 'or', 'blender', 'whizz', 'the', 'cashews', 'to', 'a', 'smooth', 'creamy', 'consistency', 'with', 'the', 'coconut', 'liquid', 'or', 'grind', 'the', 'cashews', 'as', 'finely', 'as', 'you', 'can', 'an', 'electric', 'coffee', 'grinder', 'does', 'this', 'well', 'in', 'small', 'batches', 'then', 'mix', 'with', 'the', 'coconut', 'liquid', 'either', 'way', 'add', 'this', 'mixture', 'to', 'the', 'saucepan', 'season', 'with', 'salt', 'and', 'pepper', 'cover', 'and', 'remove', 'from', 'the', 'heat', 'cook', 'the', 'broccoli', 'and', 'green', 'beans', 'in', 'a', 'large', 'covered', 'saucepan', 'containing', '1/2', 'inch', 'of', 'boiling', 'water', 'to', 'half-boil', 'half-steam', 'them', 'until', 'they', 'are', 'only', 'just', 'tender', 'keep', 'them', 'well', 'on', 'the', 'crisp', 'side', 'as', 'they', 'will', 'cook', 'a', 'bit', 'more', 'when', 'they', 'are', 'added', 'to', 'the', 'korma', 'drain', 'the', 'vegetables', 'then', 'stir', 'them', 'gently', 'into', 'the', 'creamy', 'cashew', 'mixture', 'along', 'with', 'the', 'frozen', 'peas', 'cook', 'over', 'gentle', 'heat', 'until', 'the', 'korma', 'is', 'hot', 'check', 'the', 'seasoning', 'sprinkle', 'with', 'the', 'cilantro', 'and', 'serve']","['put', 'coconut', 'bowl', 'cover', 'boiling', 'water', 'stir', 'let', 'sit', 'meanwhile', 'heat', 'oil', 'large', 'saucepan', 'put', 'onion', 'cover', 'let', 'cook', 'gentle', 'heat', 'onion', 'cooking', 'halve', 'chilies', 'remove', 'seeds', 'slice', 'chilies', 'finely', 'add', 'saucepan', 'along', 'garlic', 'keep', 'hands', 'away', 'face', 'preparing', 'chilies', 'wash', 'well', 'afterwards', 'juice', 'burn', 'skin', 'add', 'spices', 'saucepan', 'stir', 'well', 'cook', 'strain', 'coconut', 'liquid', 'discarding', 'solids', 'food', 'processor', 'blender', 'whizz', 'cashews', 'smooth', 'creamy', 'consistency', 'coconut', 'liquid', 'grind', 'cashews', 'finely', 'electric', 'coffee', 'grinder', 'well', 'small', 'batches', 'mix', 'coconut', 'liquid', 'either', 'way', 'add', 'mixture', 'saucepan', 'season', 'salt', 'pepper', 'cover', 'remove', 'heat', 'cook', 'broccoli', 'green', 'beans', 'large', 'covered', 'saucepan', 'containing', 'boiling', 'water', 'half', 'boil', 'half', 'steam', 'tender', 'keep', 'well', 'crisp', 'side', 'cook', 'bit', 'added', 'korma', 'drain', 'vegetables', 'stir', 'gently', 'creamy', 'cashew', 'mixture', 'along', 'frozen', 'peas', 'cook', 'gentle', 'heat', 'korma', 'hot', 'check', 'seasoning', 'sprinkle', 'cilantro', 'serve']",Indian
10857,"['marinade', 'the', 'shark', 'meat', 'with', 'a', 'pinch', 'of', 'salt', 'keep', 'aside', 'for', '5', 'to', '10', 'minutes', 'in', 'the', 'mean', 'time', 'dry', 'roast', 'the', 'grated', 'coconut', 'and', 'coriander', 'seeds', 'until', 'it', 'turns', 'a', 'bright', 'golden', 'brown', 'color', 'in', 'a', 'blender', 'make', 'a', 'paste', 'of', 'the', 'same', 'with', '2', 'tbsp', 'of', 'water', 'next', 'add', 'all', 'the', 'ingredients', 'for', 'the', 'masala', 'in', 'a', 'bowl', 'make', 'a', 'paste', 'heat', 'a', 'tbsp', 'of', 'oil', 'in', 'a', 'wide', 'bottomed', 'skillet', 'add', 'the', 'shallots', 'fry', 'till', 'translucent', 'next', 'add', 'the', 'ground', 'masala', 'along', 'with', 'the', 'paste', 'of', 'roasted', 'coconut', 'and', 'coriander', 'seeds', 'fry', 'for', '3', 'to', '4', 'minutes', 'on', 'a', 'medium', 'heat', 'by', 'constant', 'stirring', 'or', 'until', 'the', 'raw', 'smell', 'of', 'the', 'spices', 'vanish', 'next', 'add', '2', 'cups', 'of', 'water', 'salt', 'and', 'the', 'kokum', 'petals', 'cover', 'and', 'cook', 'on', 'medium', 'heat', 'until', 'it', 'comes', 'to', 'a', 'boil', 'lastly', 'add', 'the', 'shark', 'meat', 'cover', 'and', 'cook', 'for', '8', 'to', '10', 'minutes', 'on', 'medium', 'low', 'serve', 'hot', 'with', 'rice']","['marinade', 'shark', 'meat', 'pinch', 'salt', 'keep', 'aside', 'mean', 'time', 'dry', 'roast', 'grated', 'coconut', 'coriander', 'seeds', 'turns', 'bright', 'golden', 'brown', 'color', 'blender', 'make', 'paste', 'water', 'next', 'add', 'ingredients', 'masala', 'bowl', 'make', 'paste', 'heat', 'oil', 'wide', 'bottomed', 'skillet', 'add', 'shallots', 'fry', 'till', 'translucent', 'next', 'add', 'ground', 'masala', 'along', 'paste', 'roasted', 'coconut', 'coriander', 'seeds', 'fry', 'medium', 'heat', 'constant', 'stirring', 'raw', 'smell', 'spices', 'vanish', 'next', 'add', 'water', 'salt', 'kokum', 'petals', 'cover', 'cook', 'medium', 'heat', 'comes', 'boil', 'lastly', 'add', 'shark', 'meat', 'cover', 'cook', 'medium', 'low', 'serve', 'hot', 'rice']",Indian
73,"['melt', 'butter', 'in', 'non-stick', 'pan', 'sauté', 'veggies', 'over', 'medium', 'high', 'heat', 'until', 'warmed', 'through', 'about', '3-4', 'minutes', 'while', 'veggies', 'are', 'in', 'pan', 'scramble', 'eggs', 'and', 'water', 'add', 'cheese', 'and', 'scramble', 'until', 'foamy', 'turn', 'heat', 'down', 'to', 'medium', 'pour', 'eggs', 'over', 'veggies', 'in', 'pan', 'let', 'eggs', 'cook', 'in', 'pan', 'until', 'set-about', '7-8', 'minutes', 'run', 'spatula', 'around', 'edge', 'of', 'pan', 'slide', 'frittata', 'onto', 'serving', 'plate', 'season', 'to', 'taste', 'with', 'salt', 'pepper']","['melt', 'butter', 'non', 'stick', 'pan', 'sauté', 'veggies', 'medium', 'high', 'heat', 'warmed', 'veggies', 'pan', 'scramble', 'eggs', 'water', 'add', 'cheese', 'scramble', 'foamy', 'turn', 'heat', 'medium', 'pour', 'eggs', 'veggies', 'pan', 'let', 'eggs', 'cook', 'pan', 'set', 'run', 'spatula', 'around', 'edge', 'pan', 'slide', 'frittata', 'onto', 'serving', 'plate', 'season', 'taste', 'salt', 'pepper']",Italian
7794,"['chop', 'off', 'the', 'stem', 'end', 'of', 'the', 'okra', 'then', 'starting', 'at', 'the', 'stem', 'end', 'split', 'each', 'okra', 'lengthwise', 'until', 'half', 'an', 'inch', 'from', 'the', 'tip', 'do', 'not', 'cut', 'all', 'the', 'way', 'through', 'mix', 'together', 'the', 'egg', 'flour', 'salt', 'and', 'pepper', 'in', 'a', 'large', 'bowl', 'and', 'add', 'the', 'okra', 'making', 'sure', 'they', 'are', 'well', 'coated', 'with', 'the', 'egg', 'mixture', 'add', 'another', 'egg', 'if', 'needed', 'heat', 'oil', 'to', '375°f', 'roll', 'okra', 'in', 'breadcrumbs', 'until', 'well-coated', 'add', 'to', 'oil', 'and', 'fry', 'until', 'crispy', 'and', 'golden', 'brown', 'about', '2', 'to', '3', 'minutes', 'per', 'batch', 'remove', 'with', 'a', 'slotted', 'spoon', 'and', 'drain', 'on', 'paper', 'towels', 'sprinkle', 'with', 'garam', 'masala', 'chaat', 'masala', 'and', 'chopped', 'cilantro', 'and', 'serve']","['chop', 'stem', 'end', 'okra', 'starting', 'stem', 'end', 'split', 'okra', 'lengthwise', 'half', 'tip', 'cut', 'way', 'mix', 'together', 'egg', 'flour', 'salt', 'pepper', 'large', 'bowl', 'add', 'okra', 'making', 'sure', 'well', 'coated', 'egg', 'mixture', 'add', 'another', 'egg', 'needed', 'heat', 'oil', '375°f', 'roll', 'okra', 'breadcrumbs', 'well', 'coated', 'add', 'oil', 'fry', 'crispy', 'golden', 'brown', 'per', 'batch', 'remove', 'slotted', 'spoon', 'drain', 'paper', 'towels', 'sprinkle', 'garam', 'masala', 'chaat', 'masala', 'chopped', 'cilantro', 'serve']",Indian
2874,"['pour', 'equal', 'parts', 'of', 'vegetable', 'oil', 'and', 'olive', 'oil', 'into', 'a', 'large', 'frying', 'pan', 'to', 'reach', 'a', 'depth', 'of', '2', 'inches', 'heat', 'the', 'oil', 'over', 'medium', 'heat', 'until', 'a', 'deep-fry', 'thermometer', 'registers', '375', 'degrees', 'f.', 'roll', 'out', 'the', 'dough', 'on', 'a', 'lightly', 'floured', 'surface', 'to', '1/2-inch', 'thickness', 'using', 'a', 'floured', '2-inch', 'cookie', 'cutter', 'cut', 'out', 'doughnut', 'rounds', 'using', 'a', 'floured', '1-inch', 'cookie', 'cutter', 'cut', 'out', 'a', 'hole', 'in', 'the', 'center', 'of', 'each', 'doughnut', 'gather', 'the', 'dough', 'scraps', 'and', 're-roll', 'to', 'cut', 'out', 'more', 'doughnuts', 'whisk', 'the', 'sugar', 'and', 'cinnamon', 'in', 'a', 'medium', 'bowl', 'to', 'blend', 'set', 'the', 'cinnamon-sugar', 'aside', 'when', 'the', 'oil', 'is', 'hot', 'working', 'in', 'batches', 'fry', 'the', 'doughnuts', 'until', 'they', 'puff', 'but', 'are', 'still', 'pale', 'about', '45', 'seconds', 'per', 'side', 'using', 'a', 'slotted', 'spoon', 'transfer', 'the', 'doughnuts', 'to', 'paper', 'towels', 'to', 'drain', 'cool', 'slightly', 'while', 'the', 'doughnuts', 'are', 'still', 'warm', 'add', 'to', 'the', 'bowl', 'with', 'cinnamon-sugar', 'and', 'generously', 'coat', 'each', '2', 'times', 'with', 'the', 'cinnamon-sugar', 'serve', 'warm', 'alternately', 'cool', 'the', 'fried', 'doughnuts', 'to', 'room', 'temperature', 'stir', '3', 'ounces', 'milk', 'chocolate', 'and', '1/4', 'cup', 'whipping', 'cream', 'in', 'a', 'heavy', 'small', 'saucepan', 'over', 'medium-low', 'heat', 'until', 'the', 'chocolate', 'melts', 'set', 'aside', 'until', 'the', 'chocolate', 'sauce', 'comes', 'to', 'room', 'temperature', 'but', 'does', 'not', 'set', 'dip', '1', 'side', 'of', 'each', 'doughnut', 'into', 'the', 'chocolate', 'mixture', 'sprinkle', 'with', 'finely', 'chopped', 'toasted', 'almonds', 'or', 'crushed', 'espresso', 'beans', 'and', 'set', 'aside', 'until', 'the', 'chocolate', 'is', 'set']","['pour', 'equal', 'parts', 'vegetable', 'oil', 'olive', 'oil', 'large', 'frying', 'pan', 'reach', 'depth', 'heat', 'oil', 'medium', 'heat', 'deep', 'fry', 'thermometer', 'registers', 'f.', 'roll', 'dough', 'lightly', 'floured', 'surface', '1/2', 'inch', 'thickness', 'using', 'floured', '2', 'inch', 'cookie', 'cutter', 'cut', 'doughnut', 'rounds', 'using', 'floured', '1', 'inch', 'cookie', 'cutter', 'cut', 'hole', 'center', 'doughnut', 'gather', 'dough', 'scraps', 'roll', 'cut', 'doughnuts', 'whisk', 'sugar', 'cinnamon', 'medium', 'bowl', 'blend', 'set', 'cinnamon', 'sugar', 'aside', 'oil', 'hot', 'working', 'batches', 'fry', 'doughnuts', 'puff', 'still', 'pale', 'seconds', 'per', 'side', 'using', 'slotted', 'spoon', 'transfer', 'doughnuts', 'paper', 'towels', 'drain', 'cool', 'slightly', 'doughnuts', 'still', 'warm', 'add', 'bowl', 'cinnamon', 'sugar', 'generously', 'coat', 'times', 'cinnamon', 'sugar', 'serve', 'warm', 'alternately', 'cool', 'fried', 'doughnuts', 'room', 'temperature', 'stir', 'milk', 'chocolate', 'whipping', 'cream', 'heavy', 'small', 'saucepan', 'medium', 'low', 'heat', 'chocolate', 'melts', 'set', 'aside', 'chocolate', 'sauce', 'comes', 'room', 'temperature', 'set', 'dip', 'side', 'doughnut', 'chocolate', 'mixture', 'sprinkle', 'finely', 'chopped', 'toasted', 'almonds', 'crushed', 'espresso', 'beans', 'set', 'aside', 'chocolate', 'set']",Italian
7069,"['heat', 'the', 'butter', 'in', 'a', 'pan', 'add', 'onions', 'and', 'fry', 'till', 'translucent', 'add', 'ginger', 'and', 'garli', 'paste', 'and', 'saute', 'for', '2', 'mins', 'add', 'mutton', 'salt', 'cumin', 'pepper', 'and', 'chilli', 'if', 'needed', 'fry', 'till', 'light', 'brown', 'add', 'coriander', 'leaves', 'cilantro', 'remove', 'from', 'fire', 'and', 'let', 'it', 'cool', 'on', 'one', 'slice', 'of', 'buttered', 'bread', 'arrange', 'the', 'mutton', 'mixture', 'and', 'top', 'with', 'spinach', 'and', 'cheese', 'cover', 'with', 'another', 'buttered', 'slice', 'of', 'bread', 'note', 'you', 'can', 'add', 'tomatoes', 'to', 'the', 'mix', 'too', 'and', 'fry', 'it', 'after', 'the', 'onions', 'blend', 'mayo', 'into', 'the', 'mutton', 'mixture', 'after', 'it', 'cools', 'and', 'use', 'as', 'a', 'sandwich', 'spread']","['heat', 'butter', 'pan', 'add', 'onions', 'fry', 'till', 'translucent', 'add', 'ginger', 'garli', 'paste', 'saute', 'mins', 'add', 'mutton', 'salt', 'cumin', 'pepper', 'chilli', 'needed', 'fry', 'till', 'light', 'brown', 'add', 'coriander', 'leaves', 'cilantro', 'remove', 'fire', 'let', 'cool', 'one', 'slice', 'buttered', 'bread', 'arrange', 'mutton', 'mixture', 'top', 'spinach', 'cheese', 'cover', 'another', 'buttered', 'slice', 'bread', 'note', 'add', 'tomatoes', 'mix', 'fry', 'onions', 'blend', 'mayo', 'mutton', 'mixture', 'cools', 'use', 'sandwich', 'spread']",Indian
8656,"['melt', 'ghee', 'in', 'a', 'pot', 'over', 'medium', 'heat', 'add', 'ginger', 'cinnamon', 'and', 'black', 'pepper', 'simmer', 'until', 'aromatic', 'about', 'a', 'minute', 'more', 'or', 'less', 'add', 'almond', 'milk', 'and', 'honey', 'continue', 'to', 'stir', 'just', 'until', 'the', 'mixture', 'comes', 'to', 'a', 'boil', 'immediately', 'remove', 'from', 'heat', 'and', 'serve', 'warm']","['melt', 'ghee', 'pot', 'medium', 'heat', 'add', 'ginger', 'cinnamon', 'black', 'pepper', 'simmer', 'aromatic', 'less', 'add', 'almond', 'milk', 'honey', 'continue', 'stir', 'mixture', 'comes', 'boil', 'immediately', 'remove', 'heat', 'serve', 'warm']",Indian
10635,"['heat', 'a', 'pan', 'and', 'cook', 'onion', 'till', 'soft', 'add', 'potatoes', 'and', 'pumpkin', 'and', 'cook', 'on', 'high', 'for', '5min', 'add', 'spices', 'tomatoes', 'stock', 'and', 'bring', 'to', 'the', 'boil', 'turn', 'down', 'the', 'heat', 'and', 'cook', 'for', '15min', 'add', 'fish', 'and', 'simmer', 'for', '5', 'min', 'or', 'till', 'fish', 'is', 'cooked', 'do', 'not', 'stir', 'add', 'garam', 'masala', 'and', 'serve', 'is', 'serving', 'bowls']","['heat', 'pan', 'cook', 'onion', 'till', 'soft', 'add', 'potatoes', 'pumpkin', 'cook', 'high', '5min', 'add', 'spices', 'tomatoes', 'stock', 'bring', 'boil', 'turn', 'heat', 'cook', '15min', 'add', 'fish', 'simmer', 'min', 'till', 'fish', 'cooked', 'stir', 'add', 'garam', 'masala', 'serve', 'serving', 'bowls']",Indian
8866,"['hyderabadi', 'chicken', 'biryani', 'gravy', 'marinate', 'chicken', 'overnight', 'with', 'yogurt', 'salt', 'lemon', 'and', 'red', 'chilli', 'powder', 'slice', 'onions', 'thin', 'and', 'length-wise', 'fry', 'in', 'oil', 'until', 'brown', 'and', 'crispy', 'remove', 'and', 'set', 'aside', 'by', 'soaking', 'in', 'paper', 'towels', 'use', 'the', 'remainder', 'oil', 'to', 'add', 'the', 'following', 'spices', 'cloves', 'cardomom', 'bay', 'leaf', 'anise', 'black', 'cardomom', 'mase', 'shah', 'jeera', 'cumin', 'seeds', 'cinnamon', 'sticks', 'once', 'fragrant', 'add', 'in', 'the', 'tomatoes', 'chillies', 'and', 'girnger/garlic', 'paste', 'now', 'add', 'in', 'the', 'garam', 'masala', 'after', 'stirring', 'a', 'few', 'mins', 'add', 'in', 'the', 'marinated', 'chicken', 'now', 'add', 'in', 'the', 'shan', 'biryani', 'masala', 'stir', 'and', 'cover', 'with', 'a', 'lid', 'over', 'medium-low', 'heat', 'this', 'will', 'need', 'to', 'cook', 'for', 'an', 'hr', 'or', 'so', 'the', 'longer', 'it', 'cooks', 'the', 'more', 'tender', 'the', 'meat', 'will', 'be', 'soak', 'the', 'basmati', 'rice', 'in', 'cool', 'water', 'after', 'flushing', 'about', '3-4', 'times', 'boil', 'around', '6', 'cups', 'of', 'water', 'for', 'the', '4', 'cups', 'of', 'rice', 'add', 'in', 'the', 'rice', 'heat', 'uncovered', 'until', 'the', 'first', 'boil', 'appears', 'within', 'the', 'first', '10-15', 'minutes', 'use', 'the', 'tray', 'and', 'line', 'the', 'first', 'layer', 'with', 'gravy', 'and', 'chicken', 'from', 'earlier', 'now', 'add', 'a', 'layer', 'on', 'top', 'with', 'the', 'semi-', 'cooked', 'rice', 'top', 'with', 'garnish', 'of', 'mint', 'and', 'the', 'fried', 'onion', 'from', 'earlier', 'continue', 'with', 'step', '11', 'until', 'the', 'tray', 'is', 'full', 'soak', 'the', 'saffron', 'layers', 'in', 'warm', 'milk', 'for', 'a', 'couple', 'minutes', 'garnish', 'this', 'dilution', 'over', 'the', 'top', 'of', 'the', 'biryani', 'cover', 'the', 'tray', 'with', 'aluminum', 'foil', 'and', 'bake', 'at', '350', 'degrees', 'for', '20-25', 'minutes', 'enjoy']","['hyderabadi', 'chicken', 'biryani', 'gravy', 'marinate', 'chicken', 'overnight', 'yogurt', 'salt', 'lemon', 'red', 'chilli', 'powder', 'slice', 'onions', 'thin', 'length', 'wise', 'fry', 'oil', 'brown', 'crispy', 'remove', 'set', 'aside', 'soaking', 'paper', 'towels', 'use', 'remainder', 'oil', 'add', 'following', 'spices', 'cloves', 'cardomom', 'bay', 'leaf', 'anise', 'black', 'cardomom', 'mase', 'shah', 'jeera', 'cumin', 'seeds', 'cinnamon', 'sticks', 'fragrant', 'add', 'tomatoes', 'chillies', 'girnger/garlic', 'paste', 'add', 'garam', 'masala', 'stirring', 'mins', 'add', 'marinated', 'chicken', 'add', 'biryani', 'masala', 'stir', 'cover', 'lid', 'medium', 'low', 'heat', 'need', 'cook', 'hr', 'longer', 'cooks', 'tender', 'meat', 'soak', 'basmati', 'rice', 'cool', 'water', 'flushing', 'times', 'boil', 'around', 'water', 'rice', 'add', 'rice', 'heat', 'uncovered', 'first', 'boil', 'appears', 'within', 'first', 'use', 'tray', 'line', 'first', 'layer', 'gravy', 'chicken', 'earlier', 'add', 'layer', 'top', 'semi', 'cooked', 'rice', 'top', 'garnish', 'mint', 'fried', 'onion', 'earlier', 'continue', 'step', 'tray', 'full', 'soak', 'saffron', 'layers', 'warm', 'milk', 'couple', 'garnish', 'dilution', 'top', 'biryani', 'cover', 'tray', 'aluminum', 'foil', 'bake', 'enjoy']",Indian
11852,"['place', 'onion', 'ginger', 'and', 'garlic', 'in', 'a', 'food', 'process', 'and', 'process', 'until', 'finely', 'chopped', 'add', 'buttermilk', 'and', 'all', 'spices', 'and', 'pulse', 'until', 'well', 'blended', 'combine', 'chicken', 'and', 'buttermilk', 'spice', 'mixture', 'in', 'a', 'large', 'zip-top', 'plastic', 'bag', 'seal', 'and', 'marinate', 'in', 'refrigerator', '8', 'hours', 'or', 'overnight', 'turning', 'occasionally', 'prepare', 'grill', 'or', 'broiler', 'remove', 'chicken', 'from', 'bag', 'and', 'discard', 'marinade', 'place', 'chicken', 'on', 'grill', 'rack', 'or', 'broiler', 'coated', 'with', 'spray', 'oil', 'cook', '6', 'minutes', 'on', 'each', 'side', 'or', 'until', 'chicken', 'is', 'done']","['place', 'onion', 'ginger', 'garlic', 'food', 'process', 'process', 'finely', 'chopped', 'add', 'buttermilk', 'spices', 'pulse', 'well', 'blended', 'combine', 'chicken', 'buttermilk', 'spice', 'mixture', 'large', 'zip', 'top', 'plastic', 'bag', 'seal', 'marinate', 'refrigerator', 'overnight', 'turning', 'occasionally', 'prepare', 'grill', 'broiler', 'remove', 'chicken', 'bag', 'discard', 'marinade', 'place', 'chicken', 'grill', 'rack', 'broiler', 'coated', 'spray', 'oil', 'cook', 'side', 'chicken', 'done']",Indian
1390,"['in', 'a', 'bowl', 'combine', 'all', 'dressing', 'ingredients', 'except', 'oil', 'whisk', 'in', 'oil', 'gradually', 'until', 'thoroughly', 'combined', 'trim', 'root', 'stalk', 'and', 'leaves', 'of', 'fennel', 'chop', 'and', 'reserve', '1', 'or', '2', 'tablespoons', 'of', 'leaves', 'for', 'garnish', 'cut', 'fennel', 'bulbs', 'vertically', 'into', 'slices', 'then', 'into', 'julienne', 'strips', 'in', 'a', 'bowl', 'mix', 'fennel', 'bell', 'peppers', 'and', 'onion', 'and', 'pour', 'boiling', 'water', 'over', 'them', 'to', 'cover', 'leave', 'in', 'water', 'for', '2', 'minutes', 'then', 'thoroughly', 'drain', 'and', 'cool', 'add', 'garbanzo', 'beans', 'olives', 'and', 'feta', 'cheese', 'add', 'vinaigrette', 'dressing', 'tossing', 'to', 'combine', 'marinate', 'several', 'hours', 'in', 'the', 'refrigerator', 'ring', 'a', 'salad', 'bowl', 'or', 'individual', 'plates', 'with', 'watercress', 'arrange', 'antipasto', 'mixture', 'in', 'the', 'center', 'sprinkle', 'with', 'reserved', 'fennel', 'leaves', 'and', 'any', 'other', 'garnish', 'if', 'desired']","['bowl', 'combine', 'dressing', 'ingredients', 'except', 'oil', 'whisk', 'oil', 'gradually', 'thoroughly', 'combined', 'trim', 'root', 'stalk', 'leaves', 'fennel', 'chop', 'reserve', 'leaves', 'garnish', 'cut', 'fennel', 'bulbs', 'vertically', 'slices', 'julienne', 'strips', 'bowl', 'mix', 'fennel', 'bell', 'peppers', 'onion', 'pour', 'boiling', 'water', 'cover', 'leave', 'water', 'thoroughly', 'drain', 'cool', 'add', 'garbanzo', 'beans', 'olives', 'feta', 'cheese', 'add', 'vinaigrette', 'dressing', 'tossing', 'combine', 'marinate', 'several', 'refrigerator', 'ring', 'salad', 'bowl', 'individual', 'plates', 'watercress', 'arrange', 'antipasto', 'mixture', 'center', 'sprinkle', 'reserved', 'fennel', 'leaves', 'garnish', 'desired']",Italian
618,"['bring', 'the', 'milk', 'to', 'a', 'boil', 'and', 'gradually', 'stir', 'in', 'the', 'semolina', 'keep', 'stiring', 'as', 'it', 'thickens', 'continue', 'to', 'cook', 'for', '10', 'minutes', 'then', 'remove', 'the', 'pot', 'from', 'the', 'heat', 'beat', 'the', 'yolks', 'with', 'a', 'splash', 'of', 'milk', 'and', 'add', 'them', 'to', 'the', 'semolina', 'together', 'with', 'the', 'cheese', '1/4', 'cup', 'butter', 'and', 'a', 'pinch', 'of', 'salt', 'mix', 'well', 'spread', 'the', 'semolina', 'into', 'a', 'pan', 'or', 'work', 'table', 'to', 'about', '1cm', 'thick', 'allow', 'the', 'semolina', 'to', 'cool', 'then', 'cut', 'into', 'squares', 'or', 'diamonds', 'layer', 'the', 'sqaures', 'into', 'a', 'dish', 'and', 'sprinkle', 'some', 'of', 'the', 'extra', 'cheese', 'between', 'the', 'layers', 'when', 'all', 'used', 'up', 'sprinkle', 'the', 'melted', 'butter', 'over', 'the', 'gnocci', 'alowing', 'it', 'to', 'soak', 'inches', 'bake', 'the', 'gnocchi', '15', 'minutes', 'in', 'a', 'hot', '200c', 'oven', 'until', 'golden', 'and', 'serve', 'at', 'once']","['bring', 'milk', 'boil', 'gradually', 'stir', 'semolina', 'keep', 'stiring', 'thickens', 'continue', 'cook', 'remove', 'pot', 'heat', 'beat', 'yolks', 'splash', 'milk', 'add', 'semolina', 'together', 'cheese', 'butter', 'pinch', 'salt', 'mix', 'well', 'spread', 'semolina', 'pan', 'work', 'table', '1cm', 'thick', 'allow', 'semolina', 'cool', 'cut', 'squares', 'diamonds', 'layer', 'sqaures', 'dish', 'sprinkle', 'extra', 'cheese', 'layers', 'used', 'sprinkle', 'melted', 'butter', 'gnocci', 'alowing', 'soak', 'bake', 'gnocchi', 'hot', '200c', 'oven', 'golden', 'serve']",Italian
326,"['trim', 'the', 'broccoli', 'reserving', 'some', 'of', 'the', 'stems', 'bring', 'a', 'large', 'saucepan', 'of', 'water', 'to', 'boiling', 'add', 'the', 'broccoli', 'and', 'salt', 'to', 'taste', 'cook', 'until', 'the', 'broccoli', 'is', 'tender', 'about', '10', 'minutes', 'drain', 'well', 'reserving', 'some', 'of', 'the', 'water', 'transfer', 'the', 'broccoli', 'to', 'a', 'food', 'processor', 'add', 'the', 'garlic', 'and', 'process', 'until', 'chopped', 'fine', 'with', 'the', 'motor', 'running', 'add', 'the', 'oil', 'through', 'the', 'tube', 'and', 'process', 'until', 'smooth', 'and', 'spreadable', 'add', 'a', 'tablespoon', 'or', 'two', 'of', 'the', 'broccoli', 'water', 'if', 'the', 'mixture', 'is', 'too', 'thick', 'season', 'with', 'salt', 'and', 'pepper', 'to', 'taste', 'place', 'a', 'barbecue', 'grill', 'or', 'broiler', 'rack', 'about', '5', 'inches', 'away', 'from', 'the', 'heat', 'source', 'preheat', 'the', 'grill', 'or', 'broiler', 'toast', 'the', 'bread', 'on', 'one', 'side', 'until', 'golden', 'brown', 'about', '2', 'minutes', 'turn', 'the', 'bread', 'and', 'toast', 'the', 'other', 'side', 'about', '2', 'minutes', 'spread', 'with', 'the', 'warm', 'broccoli', 'puree', 'serve', 'immediately']","['trim', 'broccoli', 'reserving', 'stems', 'bring', 'large', 'saucepan', 'water', 'boiling', 'add', 'broccoli', 'salt', 'taste', 'cook', 'broccoli', 'tender', 'drain', 'well', 'reserving', 'water', 'transfer', 'broccoli', 'food', 'processor', 'add', 'garlic', 'process', 'chopped', 'fine', 'motor', 'running', 'add', 'oil', 'tube', 'process', 'smooth', 'spreadable', 'add', 'two', 'broccoli', 'water', 'mixture', 'thick', 'season', 'salt', 'pepper', 'taste', 'place', 'barbecue', 'grill', 'broiler', 'rack', 'away', 'heat', 'source', 'preheat', 'grill', 'broiler', 'toast', 'bread', 'one', 'side', 'golden', 'brown', 'turn', 'bread', 'toast', 'side', 'spread', 'warm', 'broccoli', 'puree', 'serve', 'immediately']",Italian
4317,"['cut', 'salami', 'halves', 'into', '1/4', 'inch', 'slices', 'pour', 'dressing', 'over', 'combined', 'salami', 'vegetables', 'and', 'tomatoes', 'toss', 'lightly', 'cover', 'marinate', 'in', 'refrigerator', 'several', 'hours', 'just', 'before', 'serving', 'add', 'cheese', 'toss', 'lightly', 'themarinating', 'time', 'is', 'not', 'included']","['cut', 'salami', 'halves', 'slices', 'pour', 'dressing', 'combined', 'salami', 'vegetables', 'tomatoes', 'toss', 'lightly', 'cover', 'marinate', 'refrigerator', 'several', 'serving', 'add', 'cheese', 'toss', 'lightly', 'themarinating', 'time', 'included']",Italian
3057,"['bring', '6', 'quarts', 'of', 'salted', 'water', 'to', 'a', 'boil', 'in', 'an', '8-quart', 'pot', 'over', 'high', 'heat', 'heat', '2', 'tablespoons', 'of', 'the', 'olive', 'oil', 'in', 'a', 'large', 'skillet', 'over', 'medium', 'heat', 'add', 'the', 'pancetta', 'and', 'cook', 'stirring', 'occasionally', 'until', 'the', 'pancetta', 'has', 'rendered', 'some', 'of', 'its', 'fat', 'and', 'is', 'lightly', 'browned', 'but', 'still', 'soft', 'in', 'the', 'center', 'about', '4', 'minutes', 'don', '’', 't', 'overcook', 'the', 'pancetta', 'stir', 'the', 'cavatelli', 'into', 'the', 'boiling', 'water', 'return', 'to', 'a', 'boil', 'stirring', 'frequently', 'cook', 'the', 'pasta', 'semi-covered', 'stirring', 'occasionally', 'until', 'done', 'about', '10', 'minutes', 'stir', 'the', 'onions', 'into', 'the', 'skillet', 'and', 'cook', 'until', 'barely', 'wilted', 'about', '2', 'minutes', 'stir', 'in', 'the', 'cauliflower', 'and', 'cook', 'stirring', 'occasionally', 'until', 'the', 'cauliflower', 'is', 'wilted', 'and', 'begins', 'to', 'brown', 'about', '4', 'minutes', 'season', 'lightly', 'with', 'salt', 'and', 'a', 'little', 'crushed', 'red', 'pepper', 'pour', 'the', 'chicken', 'stock', 'into', 'the', 'skillet', 'bring', 'to', 'a', 'boil', 'and', 'lower', 'the', 'heat', 'so', 'the', 'sauce', 'is', 'at', 'a', 'lively', 'simmer', 'cook', 'until', 'the', 'vegetables', 'are', 'tender', 'and', 'the', 'liquid', 'is', 'reduced', 'by', 'about', 'one-half', 'about', '5', 'minutes', 'if', 'the', 'skillet', 'is', 'large', 'enough', 'to', 'accommodate', 'the', 'sauce', 'and', 'pasta', 'fish', 'the', 'pasta', 'out', 'of', 'the', 'boiling', 'water', 'with', 'a', 'large', 'wire', 'skimmer', 'and', 'drop', 'it', 'directly', 'into', 'the', 'sauce', 'in', 'the', 'skillet', 'if', 'not', 'drain', 'the', 'pasta', 'return', 'it', 'to', 'the', 'pot', 'and', 'pour', 'in', 'the', 'sauce', 'bring', 'the', 'sauce', 'and', 'pasta', 'to', 'a', 'boil', 'tossing', 'and', 'stirring', 'to', 'coat', 'the', 'pasta', 'check', 'the', 'seasoning', 'adding', 'salt', 'if', 'necessary', 'stir', 'the', 'bread', 'crumbs', 'parsley', 'and', 'remaining', '2', 'tablespoons', 'olive', 'oil', 'in', 'the', 'pot', 'cook', 'stirring', 'and', 'tossing', 'the', 'pasta', 'until', 'the', 'sauce', 'is', 'lightly', 'thickened', 'serve', 'at', 'once', 'enjoy']","['bring', 'salted', 'water', 'boil', '8', 'quart', 'pot', 'high', 'heat', 'heat', 'olive', 'oil', 'large', 'skillet', 'medium', 'heat', 'add', 'pancetta', 'cook', 'stirring', 'occasionally', 'pancetta', 'rendered', 'fat', 'lightly', 'browned', 'still', 'soft', 'center', '’', 'overcook', 'pancetta', 'stir', 'cavatelli', 'boiling', 'water', 'return', 'boil', 'stirring', 'frequently', 'cook', 'pasta', 'semi', 'covered', 'stirring', 'occasionally', 'done', 'stir', 'onions', 'skillet', 'cook', 'barely', 'wilted', 'stir', 'cauliflower', 'cook', 'stirring', 'occasionally', 'cauliflower', 'wilted', 'begins', 'brown', 'season', 'lightly', 'salt', 'little', 'crushed', 'red', 'pepper', 'pour', 'chicken', 'stock', 'skillet', 'bring', 'boil', 'lower', 'heat', 'sauce', 'lively', 'simmer', 'cook', 'vegetables', 'tender', 'liquid', 'reduced', 'one', 'half', 'skillet', 'large', 'enough', 'accommodate', 'sauce', 'pasta', 'fish', 'pasta', 'boiling', 'water', 'large', 'wire', 'skimmer', 'drop', 'directly', 'sauce', 'skillet', 'drain', 'pasta', 'return', 'pot', 'pour', 'sauce', 'bring', 'sauce', 'pasta', 'boil', 'tossing', 'stirring', 'coat', 'pasta', 'check', 'seasoning', 'adding', 'salt', 'necessary', 'stir', 'bread', 'crumbs', 'parsley', 'remaining', 'olive', 'oil', 'pot', 'cook', 'stirring', 'tossing', 'pasta', 'sauce', 'lightly', 'thickened', 'serve', 'enjoy']",Italian
2250,"['put', 'enough', 'oil', 'in', 'a', 'large', 'pan', 'to', 'measure', '1', 'inch', 'brown', 'roast', 'on', 'all', 'sides', 'in', 'oil', 'add', 'enough', 'water', 'to', 'cover', 'meat', 'add', 'garlic', 'salt', 'oregano', 'basil', 'and', 'boullion', 'cubes', 'use', 'oregano', 'and', 'basil', 'to', 'your', 'taste', 'probably', 'start', 'out', 'with', 'at', 'least', '2', 'teaspoons', 'of', 'each', 'simmer', '3', 'hours', 'or', 'less', 'depending', 'on', 'size', 'of', 'roast', 'take', 'roast', 'from', 'gravy', 'and', 'let', 'cool', 'overnight', 'reserving', 'gravy', 'next', 'day', 'slice', 'beef', 'as', 'thinly', 'as', 'possible', 'return', 'to', 'gravy', 'and', 'heat', 'through', 'serve', 'on', 'italian', 'bread', 'or', 'rolls']","['put', 'enough', 'oil', 'large', 'pan', 'measure', 'brown', 'roast', 'sides', 'oil', 'add', 'enough', 'water', 'cover', 'meat', 'add', 'garlic', 'salt', 'oregano', 'basil', 'boullion', 'cubes', 'use', 'oregano', 'basil', 'taste', 'probably', 'start', 'least', 'simmer', 'less', 'depending', 'size', 'roast', 'take', 'roast', 'gravy', 'let', 'cool', 'overnight', 'reserving', 'gravy', 'next', 'day', 'slice', 'beef', 'thinly', 'possible', 'return', 'gravy', 'heat', 'serve', 'italian', 'bread', 'rolls']",Italian
7983,"['grind', 'the', 'cashew', 'nut', 'almonds', 'till', 'it', 'become', 'powder', 'add', 'cardamom', 'powder', 'in', 'water', 'and', 'boil', 'it', 'till', 'it', 'remains', '2', 'tablespoon', 'melt', 'the', 'ghee', 'in', 'a', 'heavy', 'based', 'pan', 'add', 'besan', 'and', 'keep', 'on', 'stirring', 'it', 'till', 'the', 'besan', 'turns', 'a', 'bit', 'darker', 'or', 'golden', 'brown', 'add', 'cashew', 'nut', 'almonds', 'powder', 'in', 'it', 'and', 'keep', 'stirring', 'till', 'it', 'mixed', 'with', 'besan', 'add', 'sugar', 'milk', 'and', 'cardamom', 'water', 'and', 'keep', 'stirring', 'till', 'they', 'mix', 'well', 'keep', 'stirring', 'until', 'it', 'becomes', 'dry', 'and', 'bit', 'darker', 'add', 'chopped', 'almonds', 'to', 'garnishing', 'server', 'hot']","['grind', 'cashew', 'nut', 'almonds', 'till', 'become', 'powder', 'add', 'cardamom', 'powder', 'water', 'boil', 'till', 'remains', 'melt', 'ghee', 'heavy', 'based', 'pan', 'add', 'besan', 'keep', 'stirring', 'till', 'besan', 'turns', 'bit', 'darker', 'golden', 'brown', 'add', 'cashew', 'nut', 'almonds', 'powder', 'keep', 'stirring', 'till', 'mixed', 'besan', 'add', 'sugar', 'milk', 'cardamom', 'water', 'keep', 'stirring', 'till', 'mix', 'well', 'keep', 'stirring', 'becomes', 'dry', 'bit', 'darker', 'add', 'chopped', 'almonds', 'garnishing', 'server', 'hot']",Indian
5923,"['rehydrate', 'sun-dried', 'tomatoes', 'in', 'stock', 'or', 'optional', 'water/bouillon', 'cube', 'mixture', 'for', 'one', 'hour', 'add', 'gravy', 'mix', 'and', 'dissolve', 'puree', 'stock', 'to', 'smooth', 'consistency', 'flour', 'shanks', 'and', 'brown', 'in', 'a', 'very', 'hot', 'pan', 'with', 'vegetable', 'oil', 'until', 'well', 'caramelized', 'deglaze', 'pan', 'with', 'white', 'wine', 'cut', 'carrot', 'celery', 'spanish', 'onion', 'pepper', 'and', 'mushrooms', 'into', 'large', 'rough', 'cut', 'pieces', 'and', 'toss', 'together', 'in', 'olive', 'oil', 'and', 'seasonings', 'garlic', 'basil', 'oregano', 'and', 'thyme', 'saute', 'until', 'onion', 'turns', 'translucent', 'combine', 'shanks', 'vegetables', 'and', 'stock', 'in', 'baking', 'pan', 'and', 'bake', 'covered', 'for', '2', '1/2', 'hours', 'at', '400°f', 'at', 'time', 'of', 'serving', 'toss', 'macaroni', 'in', 'extra', 'finished', 'sauce', 'arrange', 'shanks', 'on', 'plate', 'arrange', 'macaroni', 'and', 'vegetables', 'per', 'plate', 'cover', 'veal', 'with', 'sauce']","['rehydrate', 'sun', 'dried', 'tomatoes', 'stock', 'optional', 'water/bouillon', 'cube', 'mixture', 'one', 'add', 'gravy', 'mix', 'dissolve', 'puree', 'stock', 'smooth', 'consistency', 'flour', 'shanks', 'brown', 'hot', 'pan', 'vegetable', 'oil', 'well', 'caramelized', 'deglaze', 'pan', 'white', 'wine', 'cut', 'carrot', 'celery', 'spanish', 'onion', 'pepper', 'mushrooms', 'large', 'rough', 'cut', 'pieces', 'toss', 'together', 'olive', 'oil', 'seasonings', 'garlic', 'basil', 'oregano', 'thyme', 'saute', 'onion', 'turns', 'translucent', 'combine', 'shanks', 'vegetables', 'stock', 'baking', 'pan', 'bake', 'covered', '400°f', 'time', 'serving', 'toss', 'macaroni', 'extra', 'finished', 'sauce', 'arrange', 'shanks', 'plate', 'arrange', 'macaroni', 'vegetables', 'per', 'plate', 'cover', 'veal', 'sauce']",Italian
7368,"['heat', 'oil', 'in', 'a', 'pan', 'add', 'ginger-garlic', 'paste', 'and', 'saute', 'until', 'the', 'raw', 'smell', 'is', 'gone', 'add', 'tomato', 'puree', 'tamarind', 'pulp', 'salt', 'red', 'chilli', 'powder', 'corriander', 'powder', 'roasted', 'cumin', 'powder', 'and', 'water', 'stir', 'well', 'allow', 'it', 'to', 'cook', 'on', 'medium', 'flame', 'meanwhile', 'prepare', 'the', 'seasoning', 'for', 'this', 'heat', 'oil', 'in', 'a', 'pan', 'add', 'methi', 'nigella', 'cumin', 'and', 'mustard', 'seeds', 'red', 'chillies', 'and', 'curry', 'leaves', 'allow', 'the', 'seeds', 'to', 'crackle', 'and', 'splutter', 'once', 'they', 'stop', 'doing', 'that', 'transfer', 'the', 'seasoning', 'into', 'the', 'curry', 'mix', 'well', 'remove', 'from', 'flame', 'now', 'pour', 'the', 'curry', 'into', 'a', 'large', 'flat', 'serving', 'tray', 'keep', 'aside', 'boil', '3-4', 'eggs', 'in', 'water', 'for', '8-10', 'minutes', 'remove', 'from', 'flame', 'allow', 'to', 'cool', 'peel', 'them', 'and', 'slice', 'them', 'in', 'half', 'place', 'them', 'on', 'the', 'sauce', 'in', 'the', 'tray', 'garnish', 'each', 'egg', 'in', 'the', 'centre', 'with', 'a', 'pinch', 'of', 'red', 'chilli', 'powder', 'cumin', 'powder', 'and', 'corriander', 'leaves', 'serve', 'hot']","['heat', 'oil', 'pan', 'add', 'ginger', 'garlic', 'paste', 'saute', 'raw', 'smell', 'gone', 'add', 'tomato', 'puree', 'tamarind', 'pulp', 'salt', 'red', 'chilli', 'powder', 'corriander', 'powder', 'roasted', 'cumin', 'powder', 'water', 'stir', 'well', 'allow', 'cook', 'medium', 'flame', 'meanwhile', 'prepare', 'seasoning', 'heat', 'oil', 'pan', 'add', 'methi', 'nigella', 'cumin', 'mustard', 'seeds', 'red', 'chillies', 'curry', 'leaves', 'allow', 'seeds', 'crackle', 'splutter', 'stop', 'transfer', 'seasoning', 'curry', 'mix', 'well', 'remove', 'flame', 'pour', 'curry', 'large', 'flat', 'serving', 'tray', 'keep', 'aside', 'boil', 'eggs', 'water', 'remove', 'flame', 'allow', 'cool', 'peel', 'slice', 'half', 'place', 'sauce', 'tray', 'garnish', 'egg', 'centre', 'pinch', 'red', 'chilli', 'powder', 'cumin', 'powder', 'corriander', 'leaves', 'serve', 'hot']",Indian
170,"['cook', 'the', 'noodles', 'as', 'directed', 'on', 'box/bag', 'for', 'the', 'alfredo', 'sauce', 'melt', '1/2', 'of', 'the', 'butter', 'all', 'the', 'heavy', 'cream', 'and', 'all', 'the', 'cream', 'cheese', 'in', 'a', 'small', 'pot', 'add', 'the', 'parmesan', 'cheese', 'and', 'garlic', 'powder', 'simmer', 'for', '15', 'to', '20', 'minutes', 'on', 'low', 'heat', 'this', 'is', 'supposedly', 'the', 'recipe', 'from', 'olive', 'garden', 'fry', 'chicken', 'in', 'a', 'large', 'skillet', 'until', 'cooked', 'through', 'salting', 'to', 'taste', 'saute', 'mushrooms', 'in', 'other', 'half', 'of', 'butter', '1/2', 'cup', 'until', 'dark', 'and', 'cooked', 'through', 'once', 'everything', 'is', 'done', 'combine', 'in', 'large', 'bowl', 'and', 'mix', 'well', 'add', 'salt', 'and', 'pepper', 'to', 'taste', 'and', 'maybe', 'a', 'little', 'garlic', 'powder']","['cook', 'noodles', 'directed', 'box/bag', 'alfredo', 'sauce', 'melt', 'butter', 'heavy', 'cream', 'cream', 'cheese', 'small', 'pot', 'add', 'parmesan', 'cheese', 'garlic', 'powder', 'simmer', 'low', 'heat', 'supposedly', 'recipe', 'olive', 'garden', 'fry', 'chicken', 'large', 'skillet', 'cooked', 'salting', 'taste', 'saute', 'mushrooms', 'half', 'butter', 'dark', 'cooked', 'everything', 'done', 'combine', 'large', 'bowl', 'mix', 'well', 'add', 'salt', 'pepper', 'taste', 'maybe', 'little', 'garlic', 'powder']",Italian
5299,"['stir', 'sugar', 'into', 'water', 'in', 'a', 'small', 'saucepan', 'over', 'medium', 'heat', 'stir', 'until', 'sugar', 'dissolves', 'bring', 'to', 'a', 'slow', 'boil', 'and', 'boil', 'for', '3', 'minutes', 'cool', 'puree', 'peaches', 'in', 'a', 'blender', 'add', 'cooled', 'syrup', 'and', 'lemon', 'juice', 'stir', 'in', 'wine', 'freeze', 'in', 'ice', 'cream', 'maker', 'according', 'to', 'manufacturer', ""'s"", 'directions', 'serve', 'in', 'a', 'cocktail', 'glass', 'may', 'also', 'serve', 'a', 'small', 'scoop', 'in', 'a', 'tall', 'glass', 'and', 'add', 'sparkling', 'wine', 'for', 'a', 'refreshing', 'after', 'dinner', 'dessert', 'drink']","['stir', 'sugar', 'water', 'small', 'saucepan', 'medium', 'heat', 'stir', 'sugar', 'dissolves', 'bring', 'slow', 'boil', 'boil', 'cool', 'puree', 'peaches', 'blender', 'add', 'cooled', 'syrup', 'lemon', 'juice', 'stir', 'wine', 'freeze', 'ice', 'cream', 'maker', 'according', 'manufacturer', 'directions', 'serve', 'cocktail', 'glass', 'may', 'also', 'serve', 'small', 'scoop', 'tall', 'glass', 'add', 'sparkling', 'wine', 'refreshing', 'dinner', 'dessert', 'drink']",Italian
2861,"['drain', 'the', 'apricots', 'and', 'remove', 'the', 'pits', 'if', 'necessary', 'place', 'in', 'a', 'small', 'bowl', 'pour', 'the', 'amaretto', 'and', 'brandy', 'over', 'the', 'fruit', 'and', 'refrigerate', 'for', 'several', 'hours', 'to', 'marinate', 'when', 'ready', 'to', 'serve', 'place', 'a', 'whole', 'apricot', 'along', 'with', 'a', 'teaspoon', 'of', 'the', 'marinating', 'liquid', 'in', 'each', 'of', 'eight', 'chilled', 'flute', 'champagne', 'glasses', 'pour', '3', 'ounces', 'of', 'asti', 'spumante', 'into', 'each', 'glass', 'adding', 'the', 'wine', 'in', 'two', 'stages', 'if', 'necessary', 'to', 'avoid', 'foaming', 'over', 'serve', 'with', 'slices', 'of', 'pannetone', 'pound', 'cake', 'or', 'chocolate', 'leaf', 'cookies']","['drain', 'apricots', 'remove', 'pits', 'necessary', 'place', 'small', 'bowl', 'pour', 'amaretto', 'brandy', 'fruit', 'refrigerate', 'several', 'marinate', 'ready', 'serve', 'place', 'whole', 'apricot', 'along', 'marinating', 'liquid', 'eight', 'chilled', 'flute', 'champagne', 'glasses', 'pour', 'asti', 'spumante', 'glass', 'adding', 'wine', 'two', 'stages', 'necessary', 'avoid', 'foaming', 'serve', 'slices', 'pannetone', 'cake', 'chocolate', 'leaf', 'cookies']",Italian
2132,"['mix', 'flour', 'yeast', 'sugar', 'salt', 'water', 'and', 'oil', 'stir', 'till', 'combined', 'and', 'knead', 'for', '5', 'minutes', 'cover', 'and', 'rest', 'for', '10', 'minute', 'divide', 'dough', 'in', 'half', 'and', 'put', 'on', 'two', '12-inch', 'stones', 'let', 'rise', 'for', '30', 'minutes', 'preheat', 'oven', 'to', '425°f', 'bake', 'for', '10', 'minutes', 'remove', 'from', 'oven', 'cover', 'with', 'pesto', 'cheese', 'and', 'sun-dried', 'tomatoes', 'in', 'that', 'order', 'cook', 'for', '10', 'more', 'minutes']","['mix', 'flour', 'yeast', 'sugar', 'salt', 'water', 'oil', 'stir', 'till', 'combined', 'knead', 'cover', 'rest', 'divide', 'dough', 'half', 'put', 'two', '12', 'inch', 'stones', 'let', 'rise', 'preheat', 'oven', '425°f', 'bake', 'remove', 'oven', 'cover', 'pesto', 'cheese', 'sun', 'dried', 'tomatoes', 'order', 'cook']",Italian
7038,"['soak', 'the', 'nuggets', 'in', 'warm', 'water', 'for', 'an', 'hour', 'squeeze', 'well', 'and', 'wash', '3-4', 'times', 'with', 'water', 'take', 'your', 'grinder', 'and', 'in', 'it', 'grind', 'the', 'nutri', 'nuggets', 'into', 'a', 'very', 'fine', 'paste', 'pour', 'the', 'paste', 'into', 'a', 'bowl', 'soak', 'the', 'bread', 'slices', 'in', 'water', 'and', 'squeeze', 'well', 'mix', 'the', 'bread', 'slices', 'with', 'the', 'nutri', 'nuggets', 'paste', 'add', 'garam', 'masala', 'and', 'red', 'chilli', 'powders', 'cornflour', 'salt', 'and', 'the', 'ginger-garlic', 'paste', 'mix', 'thoroughly', 'into', 'the', 'nutri-bread', 'bowl', 'now', 'take', 'a', 'pencil', 'and', 'with', 'small', 'quantities', 'of', 'the', 'mixture', 'shape', 'them', 'like', 'seekh', 'kababs', 'refrigerate', 'the', 'prepared', 'nutri', 'kebabs', 'for', '30', 'minutes', 'heat', 'oil', 'in', 'a', 'wok', 'deep-fry', 'the', 'kebabs', 'in', 'the', 'oil', 'until', 'golden', 'brown', 'on', 'either', 'side', 'drain', 'on', 'clean', 'kitchen', 'paper', 'towels', 'serve', 'hot', 'with', 'green', 'chutney', 'enjoy']","['soak', 'nuggets', 'warm', 'water', 'squeeze', 'well', 'wash', 'times', 'water', 'take', 'grinder', 'grind', 'nutri', 'nuggets', 'fine', 'paste', 'pour', 'paste', 'bowl', 'soak', 'bread', 'slices', 'water', 'squeeze', 'well', 'mix', 'bread', 'slices', 'nutri', 'nuggets', 'paste', 'add', 'garam', 'masala', 'red', 'chilli', 'powders', 'cornflour', 'salt', 'ginger', 'garlic', 'paste', 'mix', 'thoroughly', 'nutri', 'bread', 'bowl', 'take', 'pencil', 'small', 'quantities', 'mixture', 'shape', 'like', 'seekh', 'kababs', 'refrigerate', 'prepared', 'nutri', 'kebabs', 'heat', 'oil', 'wok', 'deep', 'fry', 'kebabs', 'oil', 'golden', 'brown', 'either', 'side', 'drain', 'clean', 'kitchen', 'paper', 'towels', 'serve', 'hot', 'green', 'chutney', 'enjoy']",Indian
3620,"['chop', 'up', 'or', 'grate', 'all', 'of', 'your', 'veggies', 'i', 'used', 'a', 'garlic', 'press', 'and', 'my', 'food', 'processor', 'heat', 'oil', 'in', 'a', 'deep', 'pan', 'or', 'wok', 'add', 'the', 'onion', 'and', 'fry', 'until', 'translucent', 'add', 'the', 'garlic', 'and', 'fry', 'for', 'a', 'few', 'seconds', 'to', 'release', 'the', 'aroma', 'add', 'the', 'tomatoes', 'and', 'zucchini', 'simmer', 'and', 'stir', 'occasionally', 'until', 'the', 'veggies', 'begin', 'to', 'soften', 'stir', 'in', 'the', 'lentils', 'and', 'spices', 'simmer', 'for', 'about', 'half', 'an', 'hour', 'with', 'the', 'lid', 'on', 'so', 'the', 'moisture', 'stays', 'inches', 'about', '15', 'minutes', 'into', 'cooking', 'bring', 'a', 'large', 'pan', 'of', 'salted', 'water', 'to', 'the', 'boil', 'cook', 'the', 'pasta', 'according', 'to', 'the', 'directions', 'also', 'add', 'the', 'yogurt', 'to', 'the', 'sauce', 'at', 'this', 'time', 'serve', 'it', 'and', 'listen', 'to', 'the', 'yummy', 'noises']","['chop', 'grate', 'veggies', 'used', 'garlic', 'press', 'food', 'processor', 'heat', 'oil', 'deep', 'pan', 'wok', 'add', 'onion', 'fry', 'translucent', 'add', 'garlic', 'fry', 'seconds', 'release', 'aroma', 'add', 'tomatoes', 'zucchini', 'simmer', 'stir', 'occasionally', 'veggies', 'begin', 'soften', 'stir', 'lentils', 'spices', 'simmer', 'half', 'lid', 'moisture', 'stays', 'cooking', 'bring', 'large', 'pan', 'salted', 'water', 'boil', 'cook', 'pasta', 'according', 'directions', 'also', 'add', 'yogurt', 'sauce', 'time', 'serve', 'listen', 'yummy', 'noises']",Italian
8772,"['preheat', 'ovento', '180c', 'fan', 'forced', '200c', 'normal', 'heat', 'a', 'little', 'vegetable', 'oil', 'in', 'a', 'pan', 'and', 'gently', 'sauté', 'spring', 'onion', 'and', '2', 'minced', 'garlic', 'cloves', 'until', 'tender', 'and', 'then', 'combine', 'with', 'the', 'mince', 'yoghurt', 'garam', 'masala', 'chilli', 'paste', 'seasonings', 'and', '2', 'heaped', 'tablespoon', 'chopped', 'coriander', 'i', 'omitted', 'form', 'the', 'mixture', 'into', '8', 'rissoles', 'and', 'flour', 'each', 'one', 'and', 'place', 'on', '1', '2', 'lightly', 'oiled', 'baking', 'trays', 'and', 'then', 'cook', 'the', 'rissoles', 'in', 'the', 'oven', 'for', 'about', '15', 'minutes', 'turning', 'after', '7', 'minutes', 'and', 'then', 'drain', 'well', 'i', 'had', 'very', 'little', 'fat', 'to', 'drain', 'as', 'i', 'used', 'a', 'very', 'lean', 'mince', 'while', 'the', 'rissoles', 'are', 'cooking', 'heat', 'a', 'little', 'oil', 'in', 'a', 'fry', 'pan', 'he', 'recommended', 'a', 'wok', 'though', 'on', 'the', 'programme', 'he', 'used', 'a', 'fry', 'pan', 'and', 'sauté', 'the', 'brown', 'onion', 'and', '2', 'sliced', 'garlic', 'cloves', 'until', 'tender', 'add', 'the', 'curry', 'paste', 'with', 'the', 'cardamom', 'cinnamon', 'cloves', 'and', 'bay', 'leaves', 'and', 'mix', 'well', 'and', 'briefly', 'cook', 'to', 'toast', 'the', 'spices', 'and', 'then', 'add', 'about', '1', 'cup', 'coconut', 'cream', 'with', 'the', 'tomatoes', '1/2', 'cup', 'stock', 'and', 'seasonings', 'and', 'cook', 'for', 'about', '5', 'minutes', 'until', 'reduced', 'quite', 'heavily', 'adding', 'more', 'coconut', 'cream', 'and/or', 'stock', 'as', 'needed', 'taste', 'for', 'seasoning', 'arrange', 'the', 'rissoles', 'on', 'a', 'large', 'plate', 'or', 'individual', 'plates', 'spoon', 'plenty', 'of', 'sauce', 'over', 'the', 'top', 'and', 'sprinkle', 'with', 'the', 'remaining', 'coriander', 'omitted', 'serve', 'with', 'steamed', 'rice', 'i', 'also', 'serve', 'with', 'some', 'steamed', 'vegetables']","['preheat', 'ovento', '180c', 'fan', 'forced', '200c', 'normal', 'heat', 'little', 'vegetable', 'oil', 'pan', 'gently', 'sauté', 'spring', 'onion', 'minced', 'garlic', 'cloves', 'tender', 'combine', 'mince', 'yoghurt', 'garam', 'masala', 'chilli', 'paste', 'seasonings', 'heaped', 'chopped', 'coriander', 'omitted', 'form', 'mixture', 'rissoles', 'flour', 'one', 'place', 'lightly', 'oiled', 'baking', 'trays', 'cook', 'rissoles', 'oven', 'turning', 'drain', 'well', 'little', 'fat', 'drain', 'used', 'lean', 'mince', 'rissoles', 'cooking', 'heat', 'little', 'oil', 'fry', 'pan', 'recommended', 'wok', 'though', 'programme', 'used', 'fry', 'pan', 'sauté', 'brown', 'onion', 'sliced', 'garlic', 'cloves', 'tender', 'add', 'curry', 'paste', 'cardamom', 'cinnamon', 'cloves', 'bay', 'leaves', 'mix', 'well', 'briefly', 'cook', 'toast', 'spices', 'add', 'coconut', 'cream', 'tomatoes', 'stock', 'seasonings', 'cook', 'reduced', 'quite', 'heavily', 'adding', 'coconut', 'cream', 'and/or', 'stock', 'needed', 'taste', 'seasoning', 'arrange', 'rissoles', 'large', 'plate', 'individual', 'plates', 'spoon', 'plenty', 'sauce', 'top', 'sprinkle', 'remaining', 'coriander', 'omitted', 'serve', 'steamed', 'rice', 'also', 'serve', 'steamed', 'vegetables']",Indian
12810,"['heat', 'a', 'tbsp', 'of', 'oil', 'in', 'a', 'wok', 'saute', 'chicken', 'in', 'batches', 'in', 'it', 'until', 'tender', 'remove', 'from', 'wok', 'and', 'keep', 'aside', 'then', 'heat', 'the', 'remaining', 'oil', 'in', 'a', 'pot', 'add', 'onions', 'and', 'bell', 'pepper', 'stir-fry', 'until', 'onions', 'turn', 'just', 'soft', 'add', 'garlic-chilli', 'paste', 'chicken', 'coconut', 'milk', 'chicken', 'stock', 'cube', 'and', '1/4', 'cup', 'of', 'water', 'stir-cook', 'until', 'the', 'mixture', 'starts', 'boiling', 'add', 'an', 'additional', 'stock', 'cube', 'if', 'desired', 'after', 'checking', 'for', 'seasoning', 'now', 'add', 'cashewnuts', 'and', 'chopped', 'basil', 'remove', 'from', 'heat', 'and', 'serve', 'hot']","['heat', 'oil', 'wok', 'saute', 'chicken', 'batches', 'tender', 'remove', 'wok', 'keep', 'aside', 'heat', 'remaining', 'oil', 'pot', 'add', 'onions', 'bell', 'pepper', 'stir', 'fry', 'onions', 'turn', 'soft', 'add', 'garlic', 'chilli', 'paste', 'chicken', 'coconut', 'milk', 'chicken', 'stock', 'cube', 'water', 'stir', 'cook', 'mixture', 'starts', 'boiling', 'add', 'additional', 'stock', 'cube', 'desired', 'checking', 'seasoning', 'add', 'cashewnuts', 'chopped', 'basil', 'remove', 'heat', 'serve', 'hot']",Indian
1246,"['heat', 'oil', 'in', 'large', 'stock', 'pot', 'over', 'medium-low', 'heat', 'add', 'onion', 'and', 'cook', '7-8', 'minutes', 'or', 'until', 'softened', 'add', 'garlic', 'and', 'carrots', 'cook', 'covered', 'over', 'low', 'heat', 'about', '5', 'minutes', 'or', 'till', 'softened', 'add', 'broth', 'and', '2', 'cups', 'of', 'water', 'heat', 'to', 'boiling', 'stir', 'in', 'lentils', 'and', 'return', 'to', 'a', 'boil', 'stirring', 'occasionally', 'reduce', 'heat', 'to', 'low', 'cover', 'leave', 'lid', 'ajar', 'simmer', 'until', 'tender', 'about', '30-40', 'minutes', 'while', 'that', ""'s"", 'cooking', 'cook', 'pasta', 'to', 'al', 'dente', 'drain', 'stir', 'pasta', 'into', 'lentils', 'add', 'salt', 'and', 'pepper', 'to', 'taste', 'serve', 'with', 'the', 'shredded', 'italian', 'cheese']","['heat', 'oil', 'large', 'stock', 'pot', 'medium', 'low', 'heat', 'add', 'onion', 'cook', 'softened', 'add', 'garlic', 'carrots', 'cook', 'covered', 'low', 'heat', 'till', 'softened', 'add', 'broth', 'water', 'heat', 'boiling', 'stir', 'lentils', 'return', 'boil', 'stirring', 'occasionally', 'reduce', 'heat', 'low', 'cover', 'leave', 'lid', 'ajar', 'simmer', 'tender', 'cooking', 'cook', 'pasta', 'al', 'dente', 'drain', 'stir', 'pasta', 'lentils', 'add', 'salt', 'pepper', 'taste', 'serve', 'shredded', 'italian', 'cheese']",Italian
8977,"['set', 'up', 'according', 'to', 'your', 'bread', 'machine', 'directions', 'makes', 'a', 'one', 'and', 'a', 'half', 'pound', 'loaf']","['set', 'according', 'bread', 'machine', 'directions', 'makes', 'one', 'half', 'loaf']",Indian
2679,"['chop', 'vegetables', 'saute', 'veggies', 'until', 'onions', 'are', 'transparent', 'add', 'seasoning', 'and', 'stir', 'brown', 'italian', 'sausage', 'and', 'ground', 'beef', 'combine', 'meat', 'and', 'veggies', 'in', 'large', 'stock', 'pot', 'add', 'tomato', 'sauce', 'and', 'chicken', 'broth', 'add', 'tomatoes', 'simmer', 'for', '1', '1/2', 'hours', 'add', 'pasta', 'cook', 'until', 'aldente', 'immediately', 'before', 'serving', 'stir', 'in', 'arugula', 'until', 'it', 'wilts', 'ladle', 'up', 'and', 'enjoy']","['chop', 'vegetables', 'saute', 'veggies', 'onions', 'transparent', 'add', 'seasoning', 'stir', 'brown', 'italian', 'sausage', 'ground', 'beef', 'combine', 'meat', 'veggies', 'large', 'stock', 'pot', 'add', 'tomato', 'sauce', 'chicken', 'broth', 'add', 'tomatoes', 'simmer', 'add', 'pasta', 'cook', 'aldente', 'immediately', 'serving', 'stir', 'arugula', 'wilts', 'ladle', 'enjoy']",Italian
8398,"['combine', 'lemon', 'juice', 'and', 'grated', 'ginger', 'in', 'a', 'small', 'cup', 'and', 'set', 'aside', 'heat', 'a', 'large', 'saucepan', 'over', 'medium-high', 'heat', 'and', 'add', 'oil', 'saute', 'onion', 'and', 'cook', 'until', 'onion', 'begins', 'to', 'brown', 'approx', '4', 'minutes', 'add', 'jalapeno', 'and', 'continue', 'cooking', 'until', 'onion', 'is', 'brown', 'all', 'over', '4-5', 'minutes', 'add', 'tomatoes', 'cumin', 'coriander', 'tumeric', 'cardamon', 'cloves', 'and', 'salt', 'stir', 'and', 'cook', 'one', 'minute', 'add', 'drained', 'chickpeas', 'and', '1/2', 'cup', 'water', 'cover', 'and', 'cook', 'over', 'medium', 'heat', 'for', 'approximately', '10', 'minutes', 'stirring', 'occasionally', 'and', 'adding', 'additional', 'water', 'if', 'mixture', 'becomes', 'dry', 'in', 'a', 'separate', 'pan', 'combine', 'cauliflower', 'and', '1/4', 'cup', 'water', 'cover', 'and', 'cook', 'over', 'medium-high', 'heat', 'stirring', 'carefully', 'every', 'minute', 'or', 'so', 'until', 'cauliflower', 'is', 'tender', 'approx', '7', 'min.', 'uncover', 'cauliflower', 'and', 'boil', 'off', 'any', 'excess', 'liquid', 'remove', 'from', 'heat', 'and', 'stir', 'in', 'lemon', 'juice', 'mixture', 'combine', 'cauliflower', 'with', 'chickpea', 'mixture', 'and', 'add', 'in', 'chopped', 'cilantro', 'serve', 'with', 'a', 'green', 'salad', 'and', 'naan', 'bread', 'or', 'as', 'a', 'side', 'dish']","['combine', 'lemon', 'juice', 'grated', 'ginger', 'small', 'set', 'aside', 'heat', 'large', 'saucepan', 'medium', 'high', 'heat', 'add', 'oil', 'saute', 'onion', 'cook', 'onion', 'begins', 'brown', 'approx', 'add', 'jalapeno', 'continue', 'cooking', 'onion', 'brown', 'add', 'tomatoes', 'cumin', 'coriander', 'tumeric', 'cardamon', 'cloves', 'salt', 'stir', 'cook', 'one', 'add', 'drained', 'chickpeas', 'water', 'cover', 'cook', 'medium', 'heat', 'approximately', 'stirring', 'occasionally', 'adding', 'additional', 'water', 'mixture', 'becomes', 'dry', 'separate', 'pan', 'combine', 'cauliflower', 'water', 'cover', 'cook', 'medium', 'high', 'heat', 'stirring', 'carefully', 'every', 'cauliflower', 'tender', 'approx', 'min.', 'uncover', 'cauliflower', 'boil', 'excess', 'liquid', 'remove', 'heat', 'stir', 'lemon', 'juice', 'mixture', 'combine', 'cauliflower', 'chickpea', 'mixture', 'add', 'chopped', 'cilantro', 'serve', 'green', 'salad', 'naan', 'bread', 'side', 'dish']",Indian
9155,"['in', 'a', 'blender', 'mix', 'together', 'the', 'meat', 'half', 'of', 'the', 'onions', 'and', 'half', 'of', 'the', 'garlic', 'with', 'the', 'parsley', 'add', 'the', 'egg', 'and', 'mix', 'into', 'the', 'meat', 'form', 'the', 'meat', 'into', 'balls', 'the', 'size', 'of', 'a', 'walnut', 'heat', 'the', 'oil', 'in', 'a', 'deep', 'pan', 'and', 'fry', 'the', 'meat', 'balls', 'till', 'they', 'are', 'browned', 'remove', 'from', 'pan', 'in', 'a', 'pan', 'melt', 'the', 'ghee', 'and', 'fry', 'the', 'onions', 'till', 'golden', 'add', 'all', 'the', 'spices', 'and', 'ginger', 'and', 'cook', 'over', 'low', 'heat', 'for', '10', 'minutes', 'add', 'the', 'meat', 'balls', 'and', 'cook', 'for', '20', 'mins', 'stir', 'them', 'gently', 'do', 'not', 'allow', 'them', 'to', 'stick', 'to', 'the', 'pot', 'add', 'the', 'yogurt', 'stir', 'and', 'cook', 'for', '20', 'minutes', 'serve']","['blender', 'mix', 'together', 'meat', 'half', 'onions', 'half', 'garlic', 'parsley', 'add', 'egg', 'mix', 'meat', 'form', 'meat', 'balls', 'size', 'walnut', 'heat', 'oil', 'deep', 'pan', 'fry', 'meat', 'balls', 'till', 'browned', 'remove', 'pan', 'pan', 'melt', 'ghee', 'fry', 'onions', 'till', 'golden', 'add', 'spices', 'ginger', 'cook', 'low', 'heat', 'add', 'meat', 'balls', 'cook', 'mins', 'stir', 'gently', 'allow', 'stick', 'pot', 'add', 'yogurt', 'stir', 'cook', 'serve']",Indian
9255,"['heat', 'oil', 'in', 'a', 'nonstick', 'pan', 'toss', 'in', 'the', 'chicken', 'cubes', 'and', 'saute', 'until', 'almost', 'tender', 'fold', 'in', 'garlic', 'and', 'stir', 'fry', 'for', 'half', 'a', 'minute', 'add', 'bell', 'peppers', 'and', 'stir-fry', 'for', 'a', 'few', 'minutes', 'stir', 'in', 'the', 'soy', 'sauce', 'sugar', 'and', 'stock', 'bring', 'to', 'a', 'boil', 'add', 'cornflour', 'dissolved', 'in', 'a', 'quarter', 'cup', 'of', 'water', 'mix', 'in', 'salt', 'and', 'pepper', 'powder', 'to', 'taste', 'fold', 'in', 'broccoli', 'florets', 'and', 'cook', 'for', 'a', 'few', 'minutes', 'transfer', 'to', 'a', 'warm', 'serving', 'dish', 'sprinkle', 'with', 'sesame', 'seeds', 'serve', 'at', 'once', 'enjoy']","['heat', 'oil', 'nonstick', 'pan', 'toss', 'chicken', 'cubes', 'saute', 'almost', 'tender', 'fold', 'garlic', 'stir', 'fry', 'half', 'add', 'bell', 'peppers', 'stir', 'fry', 'stir', 'soy', 'sauce', 'sugar', 'stock', 'bring', 'boil', 'add', 'cornflour', 'dissolved', 'quarter', 'water', 'mix', 'salt', 'pepper', 'powder', 'taste', 'fold', 'broccoli', 'florets', 'cook', 'transfer', 'warm', 'serving', 'dish', 'sprinkle', 'sesame', 'seeds', 'serve', 'enjoy']",Indian
6250,"['preheat', 'oven', 'to', '350°f', 'cook', 'bacon', 'in', '12-inch-diameter', 'ovenproof', 'nonstick', 'skillet', 'over', 'medium-high', 'heat', 'until', 'crisp', 'using', 'slotted', 'spoon', 'transfer', 'bacon', 'to', 'paper', 'towels', 'to', 'drain', 'pour', 'bacon', 'drippings', 'into', 'bowl', 'reserve', 'return', '2', 'tablespoons', 'drippings', 'to', 'skillet', 'add', 'shallots', 'and', 'sauté', 'over', 'medium', 'heat', 'until', 'golden', 'about', '4', 'minutes', 'add', 'half', 'of', 'greens', 'and', 'toss', 'until', 'beginning', 'to', 'wilt', 'about', '1', 'minute', 'add', 'remaining', 'greens', 'a', 'pinch', 'of', 'crushed', 'red', 'pepper', 'and', 'sauté', 'until', 'wilted', 'tender', 'and', 'dry', 'about', '15', 'minutes', 'transfer', 'greens', 'to', 'plate', 'cool', 'rinse', 'and', 'dry', 'skillet', 'beat', 'eggs', 'salt', 'a', 'pinch', 'of', 'crushed', 'red', 'pepper', 'to', 'blend', 'in', 'large', 'bowl', 'whisk', 'in', '3/4', 'cup', 'parmesan', 'then', 'greens', 'and', 'half', 'of', 'bacon', 'stir', 'in', 'ricotta', 'leaving', 'some', 'clumps', 'heat', '1', 'tablespoon', 'reserved', 'drippings', 'in', 'skillet', 'over', 'medium', 'heat', 'pour', 'in', 'egg', 'mixture', 'spread', 'greens', 'evenly', 'sprinkle', 'remaining', 'bacon', 'and', '1/4', 'cup', 'parmesan', 'over', 'eggs', 'cook', 'over', 'medium', 'heat', 'until', 'frittata', 'is', 'just', 'set', 'at', 'edges', 'about', '10', 'minutes', 'transfer', 'to', 'oven', 'and', 'bake', 'until', 'just', 'set', 'about', '20', 'minutes', 'cut', 'around', 'frittata', 'to', 'loosen', 'slide', 'out', 'onto', 'platter', 'let', 'cool', '30', 'minutes', 'slice', 'into', 'wedges', 'and', 'serve', 'with', 'fresh', 'fruit', 'slices', 'and', 'a', 'hot', 'crispy', 'bread', 'with', 'melted', 'garlic', 'butter', 'with', 'parsely']","['preheat', 'oven', '350°f', 'cook', 'bacon', '12', 'inch', 'diameter', 'ovenproof', 'nonstick', 'skillet', 'medium', 'high', 'heat', 'crisp', 'using', 'slotted', 'spoon', 'transfer', 'bacon', 'paper', 'towels', 'drain', 'pour', 'bacon', 'drippings', 'bowl', 'reserve', 'return', 'drippings', 'skillet', 'add', 'shallots', 'sauté', 'medium', 'heat', 'golden', 'add', 'half', 'greens', 'toss', 'beginning', 'wilt', 'add', 'remaining', 'greens', 'pinch', 'crushed', 'red', 'pepper', 'sauté', 'wilted', 'tender', 'dry', 'transfer', 'greens', 'plate', 'cool', 'rinse', 'dry', 'skillet', 'beat', 'eggs', 'salt', 'pinch', 'crushed', 'red', 'pepper', 'blend', 'large', 'bowl', 'whisk', 'parmesan', 'greens', 'half', 'bacon', 'stir', 'ricotta', 'leaving', 'clumps', 'heat', 'reserved', 'drippings', 'skillet', 'medium', 'heat', 'pour', 'egg', 'mixture', 'spread', 'greens', 'evenly', 'sprinkle', 'remaining', 'bacon', 'parmesan', 'eggs', 'cook', 'medium', 'heat', 'frittata', 'set', 'edges', 'transfer', 'oven', 'bake', 'set', 'cut', 'around', 'frittata', 'loosen', 'slide', 'onto', 'platter', 'let', 'cool', 'slice', 'wedges', 'serve', 'fresh', 'fruit', 'slices', 'hot', 'crispy', 'bread', 'melted', 'garlic', 'butter', 'parsely']",Italian
1994,"['melt', '3', 'tbsp', 'butter', 'in', 'medium', 'saucepan', 'over', 'medium', 'heat', 'add', 'garlic', 'and', 'cook', '30', 'seconds', 'add', 'flour', 'and', 'cook', 'stirring', 'for', '1', 'minute', 'gradually', 'whisk', 'in', 'broth', 'cream', '1/4', 'tsp', 'each', 'salt', 'and', 'pepper', 'and', 'pinch', 'of', 'nutmeg', 'until', 'smooth', 'bring', 'to', 'a', 'boil', 'whisking', 'constantly', 'and', 'set', 'aside', 'heat', 'oven', 'to', '450', 'degrees', 'cook', 'noodles', 'in', 'boiling', 'salted', 'water', 'until', 'barely', 'tender', 'about', '8', 'minutes', 'drain', 'and', 'place', 'in', 'bowl', 'stir', 'in', '11/2', 'cups', 'prepared', 'sauce', 'melt', 'remaining', '1', 'tbsp', 'butter', 'in', 'large', 'skillet', 'over', 'medium-high', 'heat', 'add', 'shallots', 'and', 'cook', 'stirring', '1', 'minute', 'add', 'shitake', 'and', 'white', 'mushrooms', 'thyme', 'remaining', '1/2', 'tsp', 'salt', 'and', 'pepper', 'and', 'pinch', 'of', 'nutmeg', 'cook', 'stirring', 'until', 'mushrooms', 'are', 'tender', 'and', 'liquid', 'has', 'evaporated', 'about', '5', 'minutes', 'add', 'sherry', 'and', 'boil', 'for', '1', 'more', 'minute', 'spoon', 'half', 'of', 'noodles', 'with', '1/2', 'cup', 'peas', 'in', 'shallow', '21/2-quart', 'baking', 'dish', 'top', 'with', 'half', 'of', 'chicken', 'the', 'half', 'of', 'mushroom', 'mixture', 'repeat', 'layering', 'with', 'remaining', 'noodles', 'peas', 'chicken', 'and', 'mushrooms', 'pour', 'remaining', 'sauce', 'evenly', 'over', 'top', 'and', 'sprinkle', 'with', 'parmesan', 'bake', '15', 'minutes', 'until', 'golden', 'and', 'bubbly']","['melt', 'butter', 'medium', 'saucepan', 'medium', 'heat', 'add', 'garlic', 'cook', 'seconds', 'add', 'flour', 'cook', 'stirring', 'gradually', 'whisk', 'broth', 'cream', 'salt', 'pepper', 'pinch', 'nutmeg', 'smooth', 'bring', 'boil', 'whisking', 'constantly', 'set', 'aside', 'heat', 'oven', 'cook', 'noodles', 'boiling', 'salted', 'water', 'barely', 'tender', 'drain', 'place', 'bowl', 'stir', 'prepared', 'sauce', 'melt', 'remaining', 'butter', 'large', 'skillet', 'medium', 'high', 'heat', 'add', 'shallots', 'cook', 'stirring', 'add', 'shitake', 'white', 'mushrooms', 'thyme', 'remaining', 'salt', 'pepper', 'pinch', 'nutmeg', 'cook', 'stirring', 'mushrooms', 'tender', 'liquid', 'evaporated', 'add', 'sherry', 'boil', 'spoon', 'half', 'noodles', 'peas', 'shallow', '21/2', 'quart', 'baking', 'dish', 'top', 'half', 'chicken', 'half', 'mushroom', 'mixture', 'repeat', 'layering', 'remaining', 'noodles', 'peas', 'chicken', 'mushrooms', 'pour', 'remaining', 'sauce', 'evenly', 'top', 'sprinkle', 'parmesan', 'bake', 'golden', 'bubbly']",Italian
11915,"['pre-heat', 'the', 'oven', 'to', '375', 'degrees', 'f.', 'wash', 'and', 'wipe', 'the', 'potatoes', 'and', 'prick', 'them', 'all', 'over', 'with', 'a', 'fork', 'now', 'bake', 'the', 'whole', 'potatoes', 'for', 'about', 'an', 'hour', 'or', 'till', 'they', 'become', 'soft', 'after', '5', 'minutes', 'cut', 'them', 'lengthwise', 'into', 'halves', 'use', 'a', 'spoon', 'to', 'take', 'out', 'the', 'fleshy', 'part', 'of', 'the', 'potato', 'taking', 'care', 'that', 'the', 'outer', 'cover', 'does', 'not', 'tear', 'off', 'in', 'a', 'wok', 'heat', 'oil', 'and', 'fry', 'the', 'onion', 'for', 'a', 'minute', 'now', 'add', 'the', 'mashed', 'potatoes', 'with', 'salt', 'turmeric', 'chilli', 'corriander', 'and', 'cumin', 'powders', 'and', 'grated', 'ginger', 'mix', 'everything', 'well', 'on', 'low', 'flame', 'mashing', 'occasionally', 'now', 'fill', 'the', 'outer', 'cover', 'with', 'the', 'potato', 'mixture', 'and', 'place', 'it', 'on', 'serving', 'plates', 'for', 'serving', 'top', 'the', 'potato', 'with', 'a', 'spoonful', 'of', 'yogurt', 'and', 'garnish', 'with', 'finely', 'chopped', 'corriander', 'leaves', 'serve', 'these', 'spicy', 'potatoes', 'hot']","['pre', 'heat', 'oven', 'f.', 'wash', 'wipe', 'potatoes', 'prick', 'fork', 'bake', 'whole', 'potatoes', 'till', 'become', 'soft', 'cut', 'lengthwise', 'halves', 'use', 'spoon', 'take', 'fleshy', 'part', 'potato', 'taking', 'care', 'outer', 'cover', 'tear', 'wok', 'heat', 'oil', 'fry', 'onion', 'add', 'mashed', 'potatoes', 'salt', 'turmeric', 'chilli', 'corriander', 'cumin', 'powders', 'grated', 'ginger', 'mix', 'everything', 'well', 'low', 'flame', 'mashing', 'occasionally', 'fill', 'outer', 'cover', 'potato', 'mixture', 'place', 'serving', 'plates', 'serving', 'top', 'potato', 'spoonful', 'yogurt', 'garnish', 'finely', 'chopped', 'corriander', 'leaves', 'serve', 'spicy', 'potatoes', 'hot']",Indian
11813,"['boil', 'potatoes', 'for', '10', 'minutes', 'then', 'drain', 'when', 'potatoes', 'are', 'cool', 'enough', 'to', 'handle', 'peel', 'them', 'heat', 'the', 'oil', 'in', 'a', 'large', 'saucepan', 'or', 'wok', 'and', 'add', 'the', 'mustard', 'seeds', 'when', 'the', 'seeds', 'begin', 'to', 'pop', 'add', 'the', 'ginger', 'tumeric', 'and', 'chilli', 'peppers', 'chopped', 'cook', 'the', 'spices', 'for', '1', 'minute', 'add', 'the', 'potatoes', 'and', 'water', 'and', 'cook', 'for', '5', 'more', 'minutes', 'serve', 'when', 'you', 'think', 'the', 'mixture', 'looks', 'and', 'smells', 'tasty', 'enough']","['boil', 'potatoes', 'drain', 'potatoes', 'cool', 'enough', 'handle', 'peel', 'heat', 'oil', 'large', 'saucepan', 'wok', 'add', 'mustard', 'seeds', 'seeds', 'begin', 'pop', 'add', 'ginger', 'tumeric', 'chilli', 'peppers', 'chopped', 'cook', 'spices', 'add', 'potatoes', 'water', 'cook', 'serve', 'think', 'mixture', 'looks', 'smells', 'tasty', 'enough']",Indian
11834,"['chop', 'the', 'mango', 'into', '15', 'mm', 'chunks', 'and', 'place', 'in', 'a', 'lidded', 'glass', 'jar', 'add', 'the', 'sea', 'salt', 'and', 'shake', 'thoroughly', 'place', 'in', 'the', 'sun', 'and', 'leave', 'for', '7', 'days', 'removed', 'the', 'mango', 'pieces', 'and', 'drain', 'in', 'a', 'sieve', 'leave', 'overnight', 'to', 'dry', 'mix', 'one', 'teaspoon', 'of', 'mustard', 'seeds', 'with', 'the', 'cumin', 'and', 'fenugreek', 'and', 'dry', 'roast', 'in', 'a', 'cast', 'iron', 'pan', 'keep', 'aside', 'to', 'cool', 'add', 'a', 'little', 'oil', 'to', 'the', 'pan', 'and', 'fry', 'the', 'chilis', 'for', 'about', '3', 'minutes', 'remove', 'and', 'allow', 'to', 'cool', 'add', 'the', 'mixed', 'seeds', 'and', 'the', 'chilies', 'to', 'a', 'spice', 'grinder', 'and', 'grind', 'until', 'very', 'smooth', 'heat', 'the', 'olive', 'oil', 'in', 'a', 'wok', 'and', 'add', 'the', 'remainder', 'of', 'the', 'mustard', 'seeds', 'when', 'they', 'begin', 'to', 'pop', 'add', 'the', 'mango', 'chunks', 'and', 'mix', 'thoroughly', 'sprinkle', 'over', 'the', 'ground', 'spices', 'and', 'stir', 'fry', 'for', 'about', '5', 'minutes', 'turn', 'off', 'the', 'heat', 'and', 'allow', 'to', 'cool', 'store', 'in', 'a', 'sterilised', 'jar', 'in', 'the', 'fridge']","['chop', 'mango', 'mm', 'chunks', 'place', 'lidded', 'glass', 'jar', 'add', 'sea', 'salt', 'shake', 'thoroughly', 'place', 'sun', 'leave', 'days', 'removed', 'mango', 'pieces', 'drain', 'sieve', 'leave', 'overnight', 'dry', 'mix', 'one', 'mustard', 'seeds', 'cumin', 'fenugreek', 'dry', 'roast', 'cast', 'iron', 'pan', 'keep', 'aside', 'cool', 'add', 'little', 'oil', 'pan', 'fry', 'chilis', 'remove', 'allow', 'cool', 'add', 'mixed', 'seeds', 'chilies', 'spice', 'grinder', 'grind', 'smooth', 'heat', 'olive', 'oil', 'wok', 'add', 'remainder', 'mustard', 'seeds', 'begin', 'pop', 'add', 'mango', 'chunks', 'mix', 'thoroughly', 'sprinkle', 'ground', 'spices', 'stir', 'fry', 'turn', 'heat', 'allow', 'cool', 'store', 'sterilised', 'jar', 'fridge']",Indian
12443,"['place', 'the', 'gram', 'flour', 'salt', 'baking', 'powder', 'cumin', 'and', 'chilli', 'in', 'a', 'bowl', 'make', 'a', 'well', 'in', 'the', 'centre', 'and', 'add', 'the', 'water', 'mixing', 'well', 'to', 'for', 'a', 'smooth', 'batter', 'add', 'the', 'garlic', 'and', 'onion', 'to', 'the', 'batter', 'and', 'mix', 'inches', 'leave', 'the', 'mixture', 'to', 'stand', 'for', 'ten', 'mins', 'while', 'you', 'wipe', 'and', 'trim', 'your', 'mushrooms', 'mix', 'the', 'mushrooms', 'into', 'the', 'batter', 'and', 'stir', 'to', 'coat', 'heat', 'enough', 'oil', 'to', 'cover', 'the', 'pakoras', 'in', 'a', 'pan', 'to', 'about', '180c', 'so', 'a', 'cube', 'of', 'bread', 'browns', 'in', '30', 'seconds', 'once', 'the', 'oil', 'is', 'hot', 'fry', 'a', 'few', 'pakoras', 'at', 'a', 'time', 'until', 'golden', 'brown', 'drain', 'and', 'keep', 'warm', 'serve', 'with', 'salt', 'and', 'lemon', 'juice']","['place', 'gram', 'flour', 'salt', 'baking', 'powder', 'cumin', 'chilli', 'bowl', 'make', 'well', 'centre', 'add', 'water', 'mixing', 'well', 'smooth', 'batter', 'add', 'garlic', 'onion', 'batter', 'mix', 'leave', 'mixture', 'stand', 'ten', 'mins', 'wipe', 'trim', 'mushrooms', 'mix', 'mushrooms', 'batter', 'stir', 'coat', 'heat', 'enough', 'oil', 'cover', 'pakoras', 'pan', '180c', 'cube', 'bread', 'browns', 'seconds', 'oil', 'hot', 'fry', 'pakoras', 'time', 'golden', 'brown', 'drain', 'keep', 'warm', 'serve', 'salt', 'lemon', 'juice']",Indian
3565,"['set', 'a', 'large', '1-gallon', 'stock', 'pot', 'of', 'water', 'to', 'a', 'boil', 'and', 'add', 'the', 'kosher', 'salt', 'place', 'the', 'linguine', 'in', 'the', 'pot', 'and', 'stir', 'the', 'pot', 'until', 'the', 'water', 'returns', 'to', 'a', 'boil', 'cook', 'the', 'pasta', 'until', 'tender', 'but', 'with', 'a', 'bit', 'of', 'resistance', 'al', 'dente', 'about', '12', 'minutes', 'drain', 'and', 'reserve', '1/2', 'cup', 'pasta', 'water', 'while', 'the', 'pasta', 'cooks', 'prepare', 'the', 'sauce', 'set', 'a', '12-inch', 'saute', 'pan', 'over', 'medium-high', 'heat', 'add', 'the', 'butter', 'and', 'olive', 'oil', 'to', 'the', 'pan', 'once', 'the', 'butter', 'has', 'melted', 'season', 'the', 'shrimp', 'with', '1', 'tablespoon', 'of', 'the', 'creole', 'seasoning', 'and', '1/4', 'teaspoon', 'of', 'the', 'salt', 'and', 'add', 'the', 'shrimp', 'to', 'the', 'pan', 'sear', 'the', 'shrimp', 'until', 'well', 'browned', 'on', 'both', 'sides', 'about', '2', 'minutes', 'remove', 'from', 'the', 'pan', 'and', 'set', 'aside', 'add', 'the', 'onions', 'and', 'jalapenos', 'to', 'the', 'pan', 'and', 'saute', 'until', 'the', 'onions', 'are', 'softened', 'and', 'lightly', 'caramelized', 'about', '4', 'to', '5', 'minutes', 'add', 'the', 'garlic', 'to', 'the', 'pan', 'and', 'saute', 'until', 'fragrant', 'about', '30', 'seconds', 'add', 'the', 'cream', 'remaining', '1', 'tablespoon', 'of', 'creole', 'seasoning', 'remaining', '1', '1/4', 'teaspoons', 'of', 'the', 'salt', 'and', 'the', 'pepper', 'to', 'the', 'pan', 'and', 'bring', 'to', 'a', 'boil', 'cook', 'the', 'sauce', 'until', 'the', 'cream', 'is', 'reduced', 'by', 'half', 'about', '2', 'minutes', 'return', 'the', 'shrimp', 'to', 'the', 'pan', 'and', 'add', 'the', 'tomatoes', 'linguine', 'and', 'the', 'reserved', 'cooking', 'water', 'to', 'the', 'pan', 'and', 'cook', 'tossing', 'to', 'incorporate', 'for', '3', 'to', '5', 'minutes', 'remove', 'pan', 'from', 'the', 'heat', 'and', 'add', 'the', 'pepper', 'jack', 'parmesan', 'and', 'basil', 'and', 'toss', 'to', 'blend', 'serve', 'immediately']","['set', 'large', '1', 'gallon', 'stock', 'pot', 'water', 'boil', 'add', 'kosher', 'salt', 'place', 'linguine', 'pot', 'stir', 'pot', 'water', 'returns', 'boil', 'cook', 'pasta', 'tender', 'bit', 'resistance', 'al', 'dente', 'drain', 'reserve', 'pasta', 'water', 'pasta', 'cooks', 'prepare', 'sauce', 'set', '12', 'inch', 'saute', 'pan', 'medium', 'high', 'heat', 'add', 'butter', 'olive', 'oil', 'pan', 'butter', 'melted', 'season', 'shrimp', 'creole', 'seasoning', 'salt', 'add', 'shrimp', 'pan', 'sear', 'shrimp', 'well', 'browned', 'sides', 'remove', 'pan', 'set', 'aside', 'add', 'onions', 'jalapenos', 'pan', 'saute', 'onions', 'softened', 'lightly', 'caramelized', 'add', 'garlic', 'pan', 'saute', 'fragrant', 'seconds', 'add', 'cream', 'remaining', 'creole', 'seasoning', 'remaining', 'salt', 'pepper', 'pan', 'bring', 'boil', 'cook', 'sauce', 'cream', 'reduced', 'half', 'return', 'shrimp', 'pan', 'add', 'tomatoes', 'linguine', 'reserved', 'cooking', 'water', 'pan', 'cook', 'tossing', 'incorporate', 'remove', 'pan', 'heat', 'add', 'pepper', 'jack', 'parmesan', 'basil', 'toss', 'blend', 'serve', 'immediately']",Italian
9768,"['mix', 'together', 'flour', 'salt', 'and', 'baking', 'powder', 'add', 'warm', 'water', 'and', 'shortening', 'put', 'on', 'floured', 'surface', 'and', 'knead', 'a', 'few', 'times', 'add', 'more', 'flour', 'if', 'needed', 'let', 'stand', 'for', '30', 'minutes', 'you', 'can', 'pinch', 'off', 'pieces', 'and', 'roll', 'out', 'or', 'roll', 'out', 'all', 'dough', 'and', 'cut-you', 'want', 'it', 'about', '1/4', ""''"", 'thick', 'and', '5', ""''"", 'diameter', 'fry', 'till', 'golden', 'brown', 'on', 'both', 'sides', 'drain', 'on', 'paper', 'towel', 'great', 'served', 'with', 'refried', 'beans', 'cheese', 'lettuce', 'tomato', 'for', 'an', 'indian', 'tostada']","['mix', 'together', 'flour', 'salt', 'baking', 'powder', 'add', 'warm', 'water', 'shortening', 'put', 'floured', 'surface', 'knead', 'times', 'add', 'flour', 'needed', 'let', 'stand', 'pinch', 'pieces', 'roll', 'roll', 'dough', 'cut', 'want', ""''"", 'thick', ""''"", 'diameter', 'fry', 'till', 'golden', 'brown', 'sides', 'drain', 'paper', 'towel', 'great', 'served', 'refried', 'beans', 'cheese', 'lettuce', 'tomato', 'indian', 'tostada']",Indian
2994,"['over', 'an', 'open', 'flame', 'roast', 'the', 'peppers', 'until', 'they', 'are', 'totally', 'black', 'and', 'blistered', 'place', 'into', 'a', 'bowl', 'and', 'cover', 'with', 'plastic', 'wrap', 'or', 'place', 'into', 'a', 'brown', 'paper', 'bag', 'and', 'fold', 'over', 'the', 'top', 'let', 'them', 'rest', 'until', 'they', 'cool', 'down', 'and', 'then', 'seed', 'them', 'and', 'peel', 'the', 'blackened', 'skin', 'off', 'with', 'your', 'hands', 'do', ""n't"", 'worry', 'if', 'you', 'do', ""n't"", 'get', 'all', 'of', 'the', 'black', 'specs', 'off', 'and', 'do', ""n't"", 'rinse', 'the', 'peppers', 'or', 'you', 'will', 'wash', 'away', 'the', 'flavor', 'to', 'store', 'them', 'you', 'can', 'put', 'them', 'into', 'a', 'plastic', 'container', 'in', 'the', 'fridge', 'or', 'put', 'them', 'into', 'a', 'canning', 'jar', 'and', 'top', 'off', 'with', 'olive', 'oil', 'and', 'store', 'in', 'the', 'fridge', 'i', 'do', ""n't"", 'know', 'how', 'long', 'they', 'keep', 'because', 'they', 'disappear', 'so', 'fast', 'around', 'here']","['open', 'flame', 'roast', 'peppers', 'totally', 'black', 'blistered', 'place', 'bowl', 'cover', 'plastic', 'wrap', 'place', 'brown', 'paper', 'bag', 'fold', 'top', 'let', 'rest', 'cool', 'seed', 'peel', 'blackened', 'skin', 'hands', 'worry', 'get', 'black', 'specs', 'rinse', 'peppers', 'wash', 'away', 'flavor', 'store', 'put', 'plastic', 'container', 'fridge', 'put', 'canning', 'jar', 'top', 'olive', 'oil', 'store', 'fridge', 'know', 'long', 'keep', 'disappear', 'fast', 'around']",Italian
10034,"['heat', 'oil', 'in', 'a', 'pot', 'on', 'medium', 'flame', 'when', 'it', ""'s"", 'hot', 'lower', 'flame', 'and', 'add', 'mustard', 'seeds', 'and', 'cumin', 'seeds', 'allow', 'the', 'seeds', 'to', 'splutter', 'and', 'crackle', 'in', 'the', 'hot', 'oil', 'once', 'they', 'stop', 'doing', 'that', 'add', 'ginger', 'garlic', 'onions', 'and', 'green', 'chillies', 'to', 'the', 'oil', 'mix', 'well', 'and', 'stir-fry', 'for', '5-7', 'minutes', 'or', 'until', 'the', 'raw', 'smell', 'of', 'ginger', 'and', 'garlic', 'is', 'gone', 'and', 'the', 'onions', 'are', 'softened', 'add', 'potatoes', 'mix', 'well', 'and', 'cover', 'the', 'pot', 'cook', 'on', 'medium', 'flame', 'for', '5-7', 'minutes', 'uncover', 'mix', 'once', 'and', 'then', 'add', 'turmeric', 'powder', 'red', 'chilli', 'powder', 'and', 'coriander', 'powder', 'mix', 'once', 'again', 'and', 'then', 'add', 'the', 'chopped', 'french', 'beans', 'mix', 'well', 'cover', 'the', 'pot', 'with', 'a', 'tight-fitting', 'lid', 'and', 'allow', 'the', 'veggies', 'to', 'cook', 'on', 'medium', 'flame', 'for', '5', 'minutes', 'uncover', 'add', 'tomatoes', 'and', 'salt', 'mix', 'well', 'and', 'cover', 'the', 'pot', 'with', 'the', 'tight-fitting', 'lid', 'allow', 'to', 'cook', 'for', '10', 'minutes', 'on', 'medium', 'flame', 'uncover', 'mix', 'once', 'and', 'then', 'cover', 'the', 'pot', 'again', 'allow', 'the', 'veggies', 'to', 'cook', 'for', '5', 'minutes', 'on', 'medium', 'flame', 'or', 'until', 'the', 'tomatoes', 'are', 'softened', 'and', 'the', 'veggies', 'are', 'tender', 'and', 'cooked', 'well', 'remove', 'the', 'pot', 'from', 'flame', 'serve', 'hot', 'with', 'indian', 'flatbreads', 'rotis', 'or', 'bread', 'or', 'parathas']","['heat', 'oil', 'pot', 'medium', 'flame', 'hot', 'lower', 'flame', 'add', 'mustard', 'seeds', 'cumin', 'seeds', 'allow', 'seeds', 'splutter', 'crackle', 'hot', 'oil', 'stop', 'add', 'ginger', 'garlic', 'onions', 'green', 'chillies', 'oil', 'mix', 'well', 'stir', 'fry', 'raw', 'smell', 'ginger', 'garlic', 'gone', 'onions', 'softened', 'add', 'potatoes', 'mix', 'well', 'cover', 'pot', 'cook', 'medium', 'flame', 'uncover', 'mix', 'add', 'turmeric', 'powder', 'red', 'chilli', 'powder', 'coriander', 'powder', 'mix', 'add', 'chopped', 'french', 'beans', 'mix', 'well', 'cover', 'pot', 'tight', 'fitting', 'lid', 'allow', 'veggies', 'cook', 'medium', 'flame', 'uncover', 'add', 'tomatoes', 'salt', 'mix', 'well', 'cover', 'pot', 'tight', 'fitting', 'lid', 'allow', 'cook', 'medium', 'flame', 'uncover', 'mix', 'cover', 'pot', 'allow', 'veggies', 'cook', 'medium', 'flame', 'tomatoes', 'softened', 'veggies', 'tender', 'cooked', 'well', 'remove', 'pot', 'flame', 'serve', 'hot', 'indian', 'flatbreads', 'rotis', 'bread', 'parathas']",Indian
12403,"['grind', 'cumin', 'and', 'coriander', 'seeds', 'to', 'a', 'fine', 'powder', 'in', 'a', 'grinder', 'stir', 'in', 'cayenne', 'and', 'food', 'coloring', 'and', 'mix', 'well', 'store', 'in', 'a', 'small', 'airtight', 'jar', 'up', 'to', '2', 'months']","['grind', 'cumin', 'coriander', 'seeds', 'fine', 'powder', 'grinder', 'stir', 'cayenne', 'food', 'coloring', 'mix', 'well', 'store', 'small', 'airtight', 'jar', 'months']",Indian
9725,"['grind', 'almonds', 'in', 'a', 'food', 'processor', 'put', 'in', 'bowl', 'and', 'set', 'aside', 'add', 'onions', 'garlic', 'chiles', 'and', 'ginger', 'to', 'food', 'processor', 'and', 'finely', 'chopped', 'but', 'not', 'pureed', 'heat', 'oil', 'in', 'a', 'dutch', 'oven', 'over', 'medium', 'heat', 'and', 'add', 'onion', 'mixture', 'and', 'cinnamon', 'stick', 'stir', 'until', 'onions', 'are', 'lightly', 'browned', 'add', 'chicken', 'thighs', 'to', 'pan', 'and', 'fry', 'turning', 'constantly', 'for', '10', 'minutes', 'or', 'until', 'golden', 'on', 'all', 'sides', 'add', 'coriander', 'cumin', 'chili', 'powder', 'turmeric', 'paprika', 'salt', 'and', 'pepper', 'to', 'pan', 'and', 'stir', 'with', 'the', 'chicken', 'for', 'about', '3', 'minutes', 'add', '1/3', 'cup', 'water', 'stirring', 'chicken', 'for', 'another', '5', 'minutes', 'over', 'medium', 'heat', 'add', 'another', '2/3', 'cup', 'water', 'and', 'bring', 'to', 'a', 'boil', 'reduce', 'heat', 'cover', 'pan', 'and', 'simmer', '20', 'minutes', 'add', 'three-quarters', 'of', 'the', 'cilantro', 'to', 'the', 'chicken', 'and', 'stir', 'mix', 'the', 'almonds', 'with', '1/2', 'cup', 'of', 'the', 'cream', 'stir', 'to', 'form', 'to', 'a', 'smooth', 'paste', 'add', 'to', 'the', 'chicken', 'stir', 'well', 'and', 'cook', 'until', 'heated', 'through', 'just', 'before', 'serving', 'remove', 'cinnamon', 'stick', 'and', 'stir', 'in', 'remaining', 'cream', 'and', 'sprinkle', 'with', 'remaining', 'cilantro']","['grind', 'almonds', 'food', 'processor', 'put', 'bowl', 'set', 'aside', 'add', 'onions', 'garlic', 'chiles', 'ginger', 'food', 'processor', 'finely', 'chopped', 'pureed', 'heat', 'oil', 'dutch', 'oven', 'medium', 'heat', 'add', 'onion', 'mixture', 'cinnamon', 'stick', 'stir', 'onions', 'lightly', 'browned', 'add', 'chicken', 'thighs', 'pan', 'fry', 'turning', 'constantly', 'golden', 'sides', 'add', 'coriander', 'cumin', 'chili', 'powder', 'turmeric', 'paprika', 'salt', 'pepper', 'pan', 'stir', 'chicken', 'add', 'water', 'stirring', 'chicken', 'another', 'medium', 'heat', 'add', 'another', 'water', 'bring', 'boil', 'reduce', 'heat', 'cover', 'pan', 'simmer', 'add', 'three', 'quarters', 'cilantro', 'chicken', 'stir', 'mix', 'almonds', 'cream', 'stir', 'form', 'smooth', 'paste', 'add', 'chicken', 'stir', 'well', 'cook', 'heated', 'serving', 'remove', 'cinnamon', 'stick', 'stir', 'remaining', 'cream', 'sprinkle', 'remaining', 'cilantro']",Indian
12004,"['for', 'masala', 'fry', 'onion', 'ginger', 'garlic', 'and', 'chilli', 'until', 'soft', 'add', 'salt', 'and', 'dhania', 'and', 'fry', 'for', '1', 'minute', 'add', 'vinegar', 'and', 'prawns', 'fry', 'to', 'reduce', 'fluid', 'to', 'a', 'thich', 'consistency', 'add', 'cream', 'and', 'heat', 'but', 'do', ""n't"", 'allow', 'to', 'boil', 'for', 'puris', 'mix', 'all', 'ingredients', 'to', 'make', 'a', 'hard', 'dough', 'knead', 'well', 'split', 'into', 'small', 'balls', 'and', 'roll', 'out', 'to', '6', ""''"", 'diameter', 'circles', 'deep', 'fry', 'turning', 'once', 'serve', 'masala', 'poured', 'over', 'puris', 'an', 'excellent', 'starter']","['masala', 'fry', 'onion', 'ginger', 'garlic', 'chilli', 'soft', 'add', 'salt', 'dhania', 'fry', 'add', 'vinegar', 'prawns', 'fry', 'reduce', 'fluid', 'thich', 'consistency', 'add', 'cream', 'heat', 'allow', 'boil', 'puris', 'mix', 'ingredients', 'make', 'hard', 'dough', 'knead', 'well', 'split', 'small', 'balls', 'roll', ""''"", 'diameter', 'circles', 'deep', 'fry', 'turning', 'serve', 'masala', 'poured', 'puris', 'excellent', 'starter']",Indian
11657,"['cut', 'pumpkin', 'potato', 'turnip', 'into', 'medium', 'size', 'pieces', 'in', 'a', 'little', 'ghee', 'fry', 'the', 'asafoetida', 'bay', 'leaf', 'nigella', 'onion', 'seeds', 'cumin', 'seeds', 'fenugreek', 'seeds', 'and', 'mustard', 'seeds', 'after', 'mustard', 'seeds', '``', 'pop', ""''"", 'add', 'green', 'chillies', 'and', 'then', 'add', 'potatoes', 'and', 'pumpkin', 'to', 'it', 'add', 'salt', 'and', 'turmeric', 'add', 'aprox', '1/2', 'cup', 'water', 'and', 'pressure', 'cook', 'for', '1', 'whistle', 'open', 'the', 'cooker', 'and', 'add', 'coriander', 'mango', 'and', 'red', 'chilli', 'poweders', 'mix', 'gently', 'and', 'add', 'more', 'water', 'if', 'needed', 'to', 'get', 'the', 'desired', 'consistency', 'add', 'coriander', 'leaves', 'and', 'mix', 'well', 'serve', 'hot', 'garnished', 'with', 'chopped', 'coriander', 'leaves']","['cut', 'pumpkin', 'potato', 'turnip', 'medium', 'size', 'pieces', 'little', 'ghee', 'fry', 'asafoetida', 'bay', 'leaf', 'nigella', 'onion', 'seeds', 'cumin', 'seeds', 'fenugreek', 'seeds', 'mustard', 'seeds', 'mustard', 'seeds', '``', 'pop', ""''"", 'add', 'green', 'chillies', 'add', 'potatoes', 'pumpkin', 'add', 'salt', 'turmeric', 'add', 'aprox', 'water', 'pressure', 'cook', 'whistle', 'open', 'cooker', 'add', 'coriander', 'mango', 'red', 'chilli', 'poweders', 'mix', 'gently', 'add', 'water', 'needed', 'get', 'desired', 'consistency', 'add', 'coriander', 'leaves', 'mix', 'well', 'serve', 'hot', 'garnished', 'chopped', 'coriander', 'leaves']",Indian
4912,"['preheat', 'oven', 'to', '350', 'degrees', 'butter', 'and', 'flour', '6-cup', 'spring-', 'form', 'pan', 'beat', 'eggs', 'with', 'sugar', 'in', 'a', 'large', 'bowl', 'add', 'the', 'ricotta', 'and', 'continue', 'to', 'beat', 'slowly', 'add', 'the', 'flour', 'and', 'baking', 'powder', 'then', 'add', 'all', 'remaining', 'ingredients', 'continuing', 'to', 'beat', 'until', 'smooth', 'pour', 'batter', 'into', 'prepared', 'pan', 'and', 'bake', 'for', '40', 'minutes', 'or', 'until', 'a', 'toothpick', 'inserted', 'in', 'the', 'center', 'comes', 'out', 'clean', 'and', 'the', 'cake', 'has', 'a', 'light', 'golden', 'color', 'let', 'cake', 'cool', 'in', 'pan', 'then', 'run', 'a', 'thin', 'flexible', 'knife', 'or', 'spatula', 'around', 'the', 'pan', 'to', 'loosen', 'the', 'cake', 'carefully', 'remove', 'the', 'rim', 'of', 'the', 'spring-form', 'and', 'slide', 'the', 'cake', 'out']","['preheat', 'oven', 'butter', 'flour', '6', 'cup', 'spring', 'form', 'pan', 'beat', 'eggs', 'sugar', 'large', 'bowl', 'add', 'ricotta', 'continue', 'beat', 'slowly', 'add', 'flour', 'baking', 'powder', 'add', 'remaining', 'ingredients', 'continuing', 'beat', 'smooth', 'pour', 'batter', 'prepared', 'pan', 'bake', 'toothpick', 'inserted', 'center', 'comes', 'clean', 'cake', 'light', 'golden', 'color', 'let', 'cake', 'cool', 'pan', 'run', 'thin', 'flexible', 'knife', 'spatula', 'around', 'pan', 'loosen', 'cake', 'carefully', 'remove', 'rim', 'spring', 'form', 'slide', 'cake']",Italian
9784,"['slice', 'brinjal', 'vertically', 'into', '4', 'pieces', 'soak', 'them', 'in', 'a', 'bowl', 'of', 'water', 'to', 'avoid', 'bitter', 'taste', 'and', 'to', 'avoid', 'black', 'color', 'cut', 'onions', 'into', 'small', 'pieces', 'cut', 'tomatoes', 'into', 'small', 'pieces', 'soak', 'a', 'ball', 'of', 'tamarind', 'small', 'lemon', 'size', 'in', 'a', 'bowl', 'water', '50ml', 'of', 'water', 'may', 'be', 'leave', 'it', 'for', '5', 'mins', 'and', 'filter', 'the', 'water', 'for', 'later', 'use', 'pour', 'the', 'gingely', 'oil', 'on', 'vessel', 'and', 'heat', 'it', 'put', 'the', 'mustard', 'seeds', 'and', 'fenugreek', 'seeds', 'put', 'the', 'curry', 'leaves', 'and', 'tear', 'open', 'dried', 'chillies', 'and', 'put', 'them', 'too', 'put', 'the', 'cut', 'onions', 'and', 'fry', 'them', 'for', '5', 'mins', 'on', 'sim', 'low', 'heat', 'put', 'the', 'cut', 'brinjal', 'and', 'tomatoes', 'put', 'the', 'turmeric', 'powder', 'cook', 'for', '2', 'mins', 'medium', 'heat', 'put', 'the', 'kuzhambu', 'powder', 'and', 'chilli', 'powder', 'cook', 'for', '1', 'min', 'pour', 'the', 'tamarind', 'water', 'put', 'the', 'salt', 'and', 'pour', '150ml', 'of', 'water', 'close', 'the', 'vessel', 'with', 'lid', 'cook', 'for', '2', 'min', 'open', 'the', 'lid', 'and', 'cook', 'for', 'a', 'min']","['slice', 'brinjal', 'vertically', 'pieces', 'soak', 'bowl', 'water', 'avoid', 'bitter', 'taste', 'avoid', 'black', 'color', 'cut', 'onions', 'small', 'pieces', 'cut', 'tomatoes', 'small', 'pieces', 'soak', 'ball', 'tamarind', 'small', 'lemon', 'size', 'bowl', 'water', '50ml', 'water', 'may', 'leave', 'mins', 'filter', 'water', 'later', 'use', 'pour', 'gingely', 'oil', 'vessel', 'heat', 'put', 'mustard', 'seeds', 'fenugreek', 'seeds', 'put', 'curry', 'leaves', 'tear', 'open', 'dried', 'chillies', 'put', 'put', 'cut', 'onions', 'fry', 'mins', 'sim', 'low', 'heat', 'put', 'cut', 'brinjal', 'tomatoes', 'put', 'turmeric', 'powder', 'cook', 'mins', 'medium', 'heat', 'put', 'kuzhambu', 'powder', 'chilli', 'powder', 'cook', 'min', 'pour', 'tamarind', 'water', 'put', 'salt', 'pour', '150ml', 'water', 'close', 'vessel', 'lid', 'cook', 'min', 'open', 'lid', 'cook', 'min']",Indian
10174,"['place', 'chicken', 'ginger', 'pepper', 'potatoes', 'chillis', 'leaves', 'water', 'coconut', 'water', 'salt', 'in', 'sauce-pan', 'bring', 'to', 'boil', 'then', 'lower', 'heat', 'to', '4', 'and', 'cook', 'for', '20', 'minutes', 'add', 'leaves', 'and', 'coconut', 'cream', 'and', 'simmer', '5', 'minutes', 'serve', 'with', 'rice']","['place', 'chicken', 'ginger', 'pepper', 'potatoes', 'chillis', 'leaves', 'water', 'coconut', 'water', 'salt', 'sauce', 'pan', 'bring', 'boil', 'lower', 'heat', 'cook', 'add', 'leaves', 'coconut', 'cream', 'simmer', 'serve', 'rice']",Indian
2084,"['brown', 'sausage', 'in', 'separate', 'pan', 'garlic', 'press', 'the', 'garlic', 'or', 'mince', 'and', 'brown', 'in', 'the', 'olive', 'oil', 'in', 'a', 'large', 'pot', 'when', 'brown', 'add', 'sliced', 'onion', 'and', 'cook', 'until', 'slightly', 'translucent', 'add', 'tomatoe', 'paste', 'to', 'onion', 'mixture', 'and', 'mix', 'thoroughly', 'add', 'crushed', 'tomatoes', 'basil', 'salt', 'pepper', 'and', 'water', 'and', 'stir', 'well', 'finally', 'add', 'sausage', 'and/or', 'meatballs-see', 'my', 'other', 'recipe', 'and', 'bring', 'to', 'light', 'boil', 'once', 'boiling', 'decrease', 'heat', 'to', 'simmer', 'and', 'cover', 'cook', 'on', 'simmer', 'for', '3-4', 'hours', 'stirring', 'occassionly', 'if', 'you', 'ca', ""n't"", 'wait', 'the', 'full', '3-4', 'hours', 'add', 'a', 'dash', 'of', 'sugar', 'and', 'it', 'equals', 'about', '1', 'hour', 'of', 'cooking', 'time', 'add', 'red', 'wine', 'during', 'the', 'last', '30', 'minutes', 'of', 'cooking', 'suggestion', 'serve', 'over', 'pasta', 'with', 'grated', 'parmesan', 'salad', 'and', 'bread']","['brown', 'sausage', 'separate', 'pan', 'garlic', 'press', 'garlic', 'mince', 'brown', 'olive', 'oil', 'large', 'pot', 'brown', 'add', 'sliced', 'onion', 'cook', 'slightly', 'translucent', 'add', 'tomatoe', 'paste', 'onion', 'mixture', 'mix', 'thoroughly', 'add', 'crushed', 'tomatoes', 'basil', 'salt', 'pepper', 'water', 'stir', 'well', 'finally', 'add', 'sausage', 'and/or', 'meatballs', 'see', 'recipe', 'bring', 'light', 'boil', 'boiling', 'decrease', 'heat', 'simmer', 'cover', 'cook', 'simmer', 'stirring', 'occassionly', 'ca', 'wait', 'full', 'add', 'dash', 'sugar', 'equals', 'cooking', 'time', 'add', 'red', 'wine', 'last', 'cooking', 'suggestion', 'serve', 'pasta', 'grated', 'parmesan', 'salad', 'bread']",Italian
1678,"['cook', 'pasta', 'al', 'dente', 'keep', 'warm', 'over', 'hot', 'water', 'fry', 'bacon', 'slices', 'to', 'not-quite-crisp', 'drain', 'on', 'paper', 'towel', 'crumble', 'or', 'chop', 'into', 'small', 'dice', 'poach', 'seafood', 'gently', 'in', 'the', 'half-and-half', 'with', 'added', 'wine', 'optional', 'until', 'translucent', 'add', 'some', 'of', 'the', 'hot', 'half-and-half', 'mixture', 'to', 'the', 'egg', 'yolks', 'then', 'stir', 'egg', 'yolk', 'mixture', 'carefully', 'into', 'the', 'rest', 'of', 'the', 'half-and-half', 'mixture', 'stirring', 'so', 'that', 'eggs', 'do', ""n't"", 'curdle', 'add', 'the', 'grated', 'cheese', 'roasted', 'red', 'pepper', 'and', 'bacon', 'to', 'the', 'half-and-half', 'mixture', 'put', 'hot', 'pasta', 'in', 'serving', 'bowl', 'add', 'the', 'butter', 'and', 'toss', 'to', 'coat', 'then', 'pour', 'half-and-half', 'mixture', 'over', 'pasta', 'and', 'toss', 'gently', 'serve', 'immediately', 'with', 'fresh', 'ground', 'pepper', 'salt', 'and', 'extra', 'grated', 'paremsan', 'to', 'taste']","['cook', 'pasta', 'al', 'dente', 'keep', 'warm', 'hot', 'water', 'fry', 'bacon', 'slices', 'quite', 'crisp', 'drain', 'paper', 'towel', 'crumble', 'chop', 'small', 'dice', 'poach', 'seafood', 'gently', 'half', 'half', 'added', 'wine', 'optional', 'translucent', 'add', 'hot', 'half', 'half', 'mixture', 'egg', 'yolks', 'stir', 'egg', 'yolk', 'mixture', 'carefully', 'rest', 'half', 'half', 'mixture', 'stirring', 'eggs', 'curdle', 'add', 'grated', 'cheese', 'roasted', 'red', 'pepper', 'bacon', 'half', 'half', 'mixture', 'put', 'hot', 'pasta', 'serving', 'bowl', 'add', 'butter', 'toss', 'coat', 'pour', 'half', 'half', 'mixture', 'pasta', 'toss', 'gently', 'serve', 'immediately', 'fresh', 'ground', 'pepper', 'salt', 'extra', 'grated', 'paremsan', 'taste']",Italian
1504,"['slice', 'tomatoes', 'in', 'thick', 'slices', 'salt', 'and', 'pepper', 'slice', 'cheese', 'also', 'in', 'similarly', 'thick', 'slices', 'arrange', 'tomatoes', 'and', 'cheese', 'on', 'a', 'platter', 'alternating', 'and', 'overlapping', 'slightly', 'sprinkle', 'over', 'all', 'with', 'oil', 'then', 'vinegar', 'and', 'chopped', 'basil', 'let', 'mature', 'at', 'room', 'temperature', 'for', 'a', 'few', 'minutes', 'to', 'an', 'hour', 'before', 'eating', 'as', 'an', 'appetizer']","['slice', 'tomatoes', 'thick', 'slices', 'salt', 'pepper', 'slice', 'cheese', 'also', 'similarly', 'thick', 'slices', 'arrange', 'tomatoes', 'cheese', 'platter', 'alternating', 'overlapping', 'slightly', 'sprinkle', 'oil', 'vinegar', 'chopped', 'basil', 'let', 'mature', 'room', 'temperature', 'eating', 'appetizer']",Italian
1976,"['if', 'chicken', 'is', 'frozen', 'thaw', 'before', 'beginning', 'combine', 'mayonnaise', '1', 'tsp', 'italian', 'seasoning', 'and', '1/4', 'tsp', 'garlic', 'powder', 'place', 'chicken', 'on', 'one', 'half', 'of', 'cellophane', 'and', 'cover', 'with', 'the', 'other', 'half', 'tenderize', 'with', 'a', 'mallet', 'until', 'entire', 'piece', 'of', 'chicken', 'is', 'close', 'to', 'the', 'same', 'thickness', 'throughout', 'rub', 'italian', 'dressing', 'on', 'both', 'sides', 'of', 'chicken', 'then', 'sprinkle', 'italian', 'seasoning', 'on', 'one', 'side', 'only', 'let', 'marinate', 'for', 'approximately', '15', 'minutes', 'preheat', 'frying', 'pan', 'or', 'griddle', 'to', '325', 'degrees', 'or', 'medium', 'heat', 'cook', 'chicken', 'until', 'no', 'longer', 'pink', 'in', 'the', 'center', 'prepare', 'lettuce', 'and', 'slice', 'tomato', 'thinly', 'spread', 'mayonnaise', 'on', 'bottom', 'and', 'top', 'bun', 'place', 'chicken', 'on', 'bottom', 'bun', 'add', 'cheese', 'on', 'top', 'of', 'chicken', 'then', 'place', 'tomato', 'and', 'lettuce', 'on', 'top', 'bun', 'and', 'put', 'sandwich', 'together', 'to', 'complete', 'this', 'healthy', 'dish', 'add', 'a', 'nice', 'salad', 'on', 'the', 'side']","['chicken', 'frozen', 'thaw', 'beginning', 'combine', 'mayonnaise', 'italian', 'seasoning', 'garlic', 'powder', 'place', 'chicken', 'one', 'half', 'cellophane', 'cover', 'half', 'tenderize', 'mallet', 'entire', 'piece', 'chicken', 'close', 'thickness', 'throughout', 'rub', 'italian', 'dressing', 'sides', 'chicken', 'sprinkle', 'italian', 'seasoning', 'one', 'side', 'let', 'marinate', 'approximately', 'preheat', 'frying', 'pan', 'griddle', 'medium', 'heat', 'cook', 'chicken', 'longer', 'pink', 'center', 'prepare', 'lettuce', 'slice', 'tomato', 'thinly', 'spread', 'mayonnaise', 'bottom', 'top', 'bun', 'place', 'chicken', 'bottom', 'bun', 'add', 'cheese', 'top', 'chicken', 'place', 'tomato', 'lettuce', 'top', 'bun', 'put', 'sandwich', 'together', 'complete', 'healthy', 'dish', 'add', 'nice', 'salad', 'side']",Italian
12185,"['place', 'all', 'ingredients', 'in', 'food', 'processor', 'and', 'blend', 'for', '20', 'seconds', 'or', 'until', 'smooth', 'store', 'refrigerated', 'in', 'an', 'airtight', 'container', 'for', 'up', 'to', 'two', 'weeks', 'may', 'freeze', 'for', 'up', 'to', '2', 'months', 'use', 'as', 'directed', 'in', 'recipes']","['place', 'ingredients', 'food', 'processor', 'blend', 'seconds', 'smooth', 'store', 'refrigerated', 'airtight', 'container', 'two', 'weeks', 'may', 'freeze', 'months', 'use', 'directed', 'recipes']",Indian
3502,"['combine', 'all', 'ingredients', 'in', 'a', 'jar', 'with', 'a', 'lid', 'cover', 'and', 'shake', 'well', 'refrigerate', 'at', 'least', '4', 'hours', 'or', 'overnight', 'strain', 'before', 'using', 'optional']","['combine', 'ingredients', 'jar', 'lid', 'cover', 'shake', 'well', 'refrigerate', 'least', 'overnight', 'strain', 'using', 'optional']",Italian
8310,"['pick', 'over', 'lentils', 'and', 'wash', 'in', 'several', 'changes', 'of', 'water', 'drain', 'place', 'in', 'heavy', 'saucepan', 'add', '5', 'c', 'water', 'and', 'turmeric', 'stir', 'and', 'bring', 'to', 'simmer', 'over', 'medium', 'heat', 'do', 'not', 'let', 'it', 'boil', 'over.', 'cover', 'in', 'such', 'a', 'way', 'as', 'to', 'leave', 'the', 'lid', 'very', 'slightly', 'ajar', 'turn', 'heat', 'to', 'low', 'and', 'simmer', 'gently', 'for', '35-40', 'min', 'or', 'until', 'tender', 'stir', 'a', 'few', 'times', 'during', 'cooking', 'add', 'salt', 'and', 'mix', 'leave', 'covered', 'on', 'very', 'low', 'heat', 'as', 'you', 'do', 'the', 'next', 'step', 'put', 'oil', 'in', 'frying', 'pan', 'and', 'set', 'over', 'medium-high', 'heat', 'when', 'oil', 'is', 'hot', 'add', 'asafetida', 'a', 'second', 'later', 'add', 'cumin', 'seeds', 'let', 'cumin', 'seeds', 'sizzle', 'for', 'a', 'few', 'seconds', 'add', 'in', 'red', 'chiles', 'as', 'soon', 'as', 'they', 'turn', 'dark', 'red', 'just', 'takes', 'a', 'few', 'seconds', 'lift', 'up', 'the', 'lid', 'of', 'the', 'lentil', 'pan', 'and', 'pour', 'the', 'contents', 'of', 'the', 'frying', 'pan', 'oil', 'as', 'well', 'as', 'spices', 'cover', 'the', 'saucepan', 'immediately', 'to', 'trap', 'aromas', 'serve']","['pick', 'lentils', 'wash', 'several', 'changes', 'water', 'drain', 'place', 'heavy', 'saucepan', 'add', 'c', 'water', 'turmeric', 'stir', 'bring', 'simmer', 'medium', 'heat', 'let', 'boil', 'over.', 'cover', 'way', 'leave', 'lid', 'slightly', 'ajar', 'turn', 'heat', 'low', 'simmer', 'gently', 'min', 'tender', 'stir', 'times', 'cooking', 'add', 'salt', 'mix', 'leave', 'covered', 'low', 'heat', 'next', 'step', 'put', 'oil', 'frying', 'pan', 'set', 'medium', 'high', 'heat', 'oil', 'hot', 'add', 'asafetida', 'second', 'later', 'add', 'cumin', 'seeds', 'let', 'cumin', 'seeds', 'sizzle', 'seconds', 'add', 'red', 'chiles', 'soon', 'turn', 'dark', 'red', 'takes', 'seconds', 'lift', 'lid', 'lentil', 'pan', 'pour', 'contents', 'frying', 'pan', 'oil', 'well', 'spices', 'cover', 'saucepan', 'immediately', 'trap', 'aromas', 'serve']",Indian
2268,"['preheat', 'oven', 'to', '375°f', 'line', 'a', 'small', 'baking', 'sheet', 'with', 'foil', 'scrape', 'out', 'the', 'dark', 'gills', 'from', 'the', 'underside', 'of', 'the', 'mushrooms', 'and', 'trim', 'the', 'stem', 'off', 'in', 'a', 'small', 'skillet', 'brown', 'italian', 'sausage', 'with', 'chopped', 'onion', 'garlic', 'salt', 'and', 'pepper', 'crumbling', 'well', 'add', 'water', 'and', 'tomato', 'paste', 'and', 'stir', 'until', 'blended', 'simmer', 'over', 'low', 'heat', 'until', 'mixture', 'thickens', 'and', 'is', 'fairly', 'dry', 'place', 'mushrooms', 'on', 'lined', 'baking', 'sheet', 'upside', 'down', 'and', 'spoon', 'sausage', 'filling', 'evenly', 'onto', 'mushroom', 'undersides', 'top', 'each', 'mushroom', 'with', 'a', 'slice', 'of', 'provolone', 'cheese', 'then', 'place', 'pepperoni', 'and', 'romano', 'on', 'top', 'bake', 'for', 'about', '20', 'minutes', 'or', 'until', 'cheese', 'is', 'melted', 'and', 'a', 'knife', 'inserted', 'into', 'the', 'center', 'of', 'a', 'mushroom', 'feels', 'tender']","['preheat', 'oven', '375°f', 'line', 'small', 'baking', 'sheet', 'foil', 'scrape', 'dark', 'gills', 'underside', 'mushrooms', 'trim', 'stem', 'small', 'skillet', 'brown', 'italian', 'sausage', 'chopped', 'onion', 'garlic', 'salt', 'pepper', 'crumbling', 'well', 'add', 'water', 'tomato', 'paste', 'stir', 'blended', 'simmer', 'low', 'heat', 'mixture', 'thickens', 'fairly', 'dry', 'place', 'mushrooms', 'lined', 'baking', 'sheet', 'upside', 'spoon', 'sausage', 'filling', 'evenly', 'onto', 'mushroom', 'undersides', 'top', 'mushroom', 'slice', 'provolone', 'cheese', 'place', 'pepperoni', 'romano', 'top', 'bake', 'cheese', 'melted', 'knife', 'inserted', 'center', 'mushroom', 'feels', 'tender']",Italian
10847,"['put', 'everything', 'in', 'a', 'blender', 'cover', 'and', 'process', 'until', 'smooth', 'pour', 'into', 'a', 'tall', 'glass', 'add', 'a', 'straw', 'and', 'sip', 'away']","['put', 'everything', 'blender', 'cover', 'process', 'smooth', 'pour', 'tall', 'glass', 'add', 'straw', 'sip', 'away']",Indian
1110,"['blend', 'together', 'the', 'flour', 'baking', 'powder', 'and', 'salt', 'in', 'a', 'medium', 'bowl', 'to', 'sift', 'together', 'in', 'a', 'large', 'mixing', 'bowl', 'beat', 'the', 'sugar', 'egg', 'and', 'zests', 'until', 'pale', 'and', 'fluffy', 'beat', 'in', 'the', 'vinegar', 'and', 'milk', 'gradually', 'beat', 'in', 'the', 'olive', 'oil', 'add', 'the', 'flour', 'mixture', 'and', 'stir', 'until', 'just', 'blended', 'crush', 'some', 'almonds', 'by', 'hand', 'and', 'add', 'them', 'to', 'the', 'batter', 'while', 'mixing', 'fill', 'the', 'muffin', 'tins', 'up', 'to', 'nearly', 'the', 'top', 'top', 'with', 'remaining', 'almonds', 'bake', 'until', 'golden', 'on', 'top', 'about', '25', 'minutes']","['blend', 'together', 'flour', 'baking', 'powder', 'salt', 'medium', 'bowl', 'sift', 'together', 'large', 'mixing', 'bowl', 'beat', 'sugar', 'egg', 'zests', 'pale', 'fluffy', 'beat', 'vinegar', 'milk', 'gradually', 'beat', 'olive', 'oil', 'add', 'flour', 'mixture', 'stir', 'blended', 'crush', 'almonds', 'hand', 'add', 'batter', 'mixing', 'fill', 'muffin', 'tins', 'nearly', 'top', 'top', 'remaining', 'almonds', 'bake', 'golden', 'top']",Italian
10855,"['throw', 'everything', 'into', 'the', 'crock', 'pot', 'set', 'to', 'low', 'for', '4', 'hours', 'inhale', 'and', 'devour']","['throw', 'everything', 'crock', 'pot', 'set', 'low', 'inhale', 'devour']",Indian
10853,"['wash', 'the', 'basmati', 'rice', 'well', 'in', 'running', 'water', 'and', 'keep', 'aside', 'to', 'soak', 'for', '30', 'minutes', 'after', '30', 'minutes', 'place', 'rice', 'in', 'a', 'fine', 'sieve', 'to', 'allow', 'excess', 'water', 'to', 'drain', 'heat', 'the', 'oil', 'in', 'a', 'deep', 'heavy-bottomed', 'pan', 'when', 'it', 'is', 'hot', 'add', 'the', 'onions', 'and', 'cook', 'until', 'soft', 'add', 'the', 'peas', 'and', 'stir', 'well', 'add', 'the', 'rice', 'and', 'fry', 'for', '2', 'minutes', 'add', 'the', '3', 'cups', 'of', 'water', 'turmeric', 'and', 'salt', 'to', 'the', 'rice', 'mixture', 'and', 'set', 'it', 'up', 'to', 'boil', 'over', 'a', 'medium', 'flame', 'once', 'the', 'water', 'comes', 'to', 'a', 'boil', 'reduce', 'the', 'flame', 'to', 'a', 'simmer', 'and', 'cover', 'the', 'pan', 'cook', 'until', 'the', 'water', 'seems', 'to', 'have', 'almost', 'disappeared', 'tiny', 'holes', 'will', 'form', 'on', 'the', 'surface', 'of', 'the', 'rice', 'pour', 'the', '1/2', 'cup', 'of', 'warm', 'water', 'over', 'the', 'top', 'of', 'the', 'rice', 'and', 'cover', 'the', 'pan', 'again', 'simmer', 'for', 'another', '5-7', 'minutes', 'and', 'then', 'turn', 'off', 'the', 'fire', 'allow', 'the', 'rice', 'to', 'sit', 'for', '10', 'minutes', 'and', 'serve', 'hot']","['wash', 'basmati', 'rice', 'well', 'running', 'water', 'keep', 'aside', 'soak', 'place', 'rice', 'fine', 'sieve', 'allow', 'excess', 'water', 'drain', 'heat', 'oil', 'deep', 'heavy', 'bottomed', 'pan', 'hot', 'add', 'onions', 'cook', 'soft', 'add', 'peas', 'stir', 'well', 'add', 'rice', 'fry', 'add', 'water', 'turmeric', 'salt', 'rice', 'mixture', 'set', 'boil', 'medium', 'flame', 'water', 'comes', 'boil', 'reduce', 'flame', 'simmer', 'cover', 'pan', 'cook', 'water', 'seems', 'almost', 'disappeared', 'tiny', 'holes', 'form', 'surface', 'rice', 'pour', 'warm', 'water', 'top', 'rice', 'cover', 'pan', 'simmer', 'another', 'turn', 'fire', 'allow', 'rice', 'sit', 'serve', 'hot']",Indian
6920,"['in', 'bowl', 'mix', 'steak', 'cayenne', 'pepper', 'salt', 'and', 'green', 'chillies', 'which', 'have', 'been', 'sliced', 'lengthwise', 'marinade', 'over', 'night', 'or', 'for', 'a', 'few', 'hours', 'heat', 'oil', 'fry', 'the', 'steak', 'mixture', 'on', 'one', 'side', 'for', 'a', 'few', 'minutes', 'and', 'then', 'turn', 'and', 'fry', 'the', 'other', 'side']","['bowl', 'mix', 'steak', 'cayenne', 'pepper', 'salt', 'green', 'chillies', 'sliced', 'lengthwise', 'marinade', 'night', 'heat', 'oil', 'fry', 'steak', 'mixture', 'one', 'side', 'turn', 'fry', 'side']",Indian
1559,"['preheat', 'broiler', 'combine', 'tomato', 'basil', 'and', 'salt', 'in', 'a', 'small', 'bowl', 'set', 'aside', 'clean', 'mushrooms', 'cut', 'off', 'stems', 'even', 'with', 'caps', 'discard', 'stems', 'combine', 'vinegar', 'and', 'oil', 'gently', 'brush', 'mixture', 'over', 'the', 'mushrooms', 'place', 'mushrooms', 'on', 'the', 'unheated', 'rack', 'of', 'the', 'broiler', 'pan', 'broil', 'mushroom', '4', 'to', '5', 'inches', 'from', 'the', 'heat', 'for', '6', 'to', '8', 'minutes', 'or', 'just', 'till', 'tender', 'turning', 'once', 'drain', 'mushrooms', 'on', 'paper', 'towels', 'thinly', 'slice', 'mushrooms', 'place', 'bread', 'on', 'a', 'baking', 'sheet', 'place', 'under', 'broiler', 'for', '2', 'to', '3', 'minutes', 'or', 'till', 'bread', 'is', 'heated', 'through', 'to', 'serve', 'top', 'toasted', 'bread', 'with', 'mushrooms', 'slices', 'and', 'tomato', 'mixture', 'if', 'desired', 'top', 'with', 'cheese']","['preheat', 'broiler', 'combine', 'tomato', 'basil', 'salt', 'small', 'bowl', 'set', 'aside', 'clean', 'mushrooms', 'cut', 'stems', 'even', 'caps', 'discard', 'stems', 'combine', 'vinegar', 'oil', 'gently', 'brush', 'mixture', 'mushrooms', 'place', 'mushrooms', 'unheated', 'rack', 'broiler', 'pan', 'broil', 'mushroom', 'heat', 'till', 'tender', 'turning', 'drain', 'mushrooms', 'paper', 'towels', 'thinly', 'slice', 'mushrooms', 'place', 'bread', 'baking', 'sheet', 'place', 'broiler', 'till', 'bread', 'heated', 'serve', 'top', 'toasted', 'bread', 'mushrooms', 'slices', 'tomato', 'mixture', 'desired', 'top', 'cheese']",Italian
559,"['combine', 'mushrooms', 'rosemary', 'onions', 'red', 'pepper', 'tomatoes', 'undrained', 'garlic', 'salt', 'wine', 'and', 'water', 'in', 'crock', 'pot', 'cover', 'and', 'cook', 'on', 'low', 'for', '4-6', 'hours', 'stir', 'in', 'ravioli', 'after', 'cooking', 'has', 'nearly', 'finished', 'and', 'turn', 'to', 'high', 'heat', 'setting', 'if', 'you', 'are', 'going', 'to', 'add', 'any', 'meat', 'this', 'is', 'the', 'time', 'to', 'do', 'so', 'cook', 'for', 'another', '20', 'minutes', 'serve', 'topped', 'with', 'parmesan', 'cheese']","['combine', 'mushrooms', 'rosemary', 'onions', 'red', 'pepper', 'tomatoes', 'undrained', 'garlic', 'salt', 'wine', 'water', 'crock', 'pot', 'cover', 'cook', 'low', 'stir', 'ravioli', 'cooking', 'nearly', 'finished', 'turn', 'high', 'heat', 'setting', 'going', 'add', 'meat', 'time', 'cook', 'another', 'serve', 'topped', 'parmesan', 'cheese']",Italian
10286,"['chop', 'the', 'onion', 'saute', 'in', 'butter', 'and', 'olive', 'oil', 'until', 'they', ""'re"", 'opaque', 'throw', 'in', 'the', 'sliced', 'mushrooms', 'cubed', 'firm', 'tofu', 'cubed', 'chicken', 'breast', 'meat', 'and', 'saute', 'some', 'more', 'add', 'the', 'spices', 'saute', 'until', 'chicken', 'is', 'cooked', 'and', 'onions', 'are', 'browned', 'warm', 'the', 'cashew', 'butter', 'in', 'the', 'microwave', 'for', 'about', '45', 'seconds', 'to', 'soften', 'it', 'then', 'add', 'the', 'half', 'and', 'half', 'and', 'cashew', 'butter', 'to', 'the', 'chicken', 'mixture', 'and', 'stir', 'the', 'sauce', 'will', 'pretty', 'much', 'thicken', 'by', 'itself', 'mike', 'eats', 'his', 'over', 'fragrant', 'jasmine', 'rice', 'i', 'eat', 'mine', 'over', 'collard', 'greens', 'it', ""'s"", 'lowcarb', 'that', 'way', 'yum', 'enjoy']","['chop', 'onion', 'saute', 'butter', 'olive', 'oil', 'opaque', 'throw', 'sliced', 'mushrooms', 'cubed', 'firm', 'tofu', 'cubed', 'chicken', 'breast', 'meat', 'saute', 'add', 'spices', 'saute', 'chicken', 'cooked', 'onions', 'browned', 'warm', 'cashew', 'butter', 'microwave', 'seconds', 'soften', 'add', 'half', 'half', 'cashew', 'butter', 'chicken', 'mixture', 'stir', 'sauce', 'pretty', 'much', 'thicken', 'mike', 'eats', 'fragrant', 'jasmine', 'rice', 'eat', 'mine', 'collard', 'greens', 'lowcarb', 'way', 'yum', 'enjoy']",Indian
12973,"['sift', 'flour', 'with', 'semolina', 'and', 'cornflour', 'in', 'a', 'bowl', 'rub', 'in', 'peanut', 'butter', 'and', 'butter', 'add', 'sugar', 'essence', 'and', 'enough', 'milk', 'to', 'make', 'a', 'stiff', 'dough', 'press', 'mixture', 'into', 'a', 'greased', 'swissroll', 'tin', 'bake', 'in', 'a', 'moderate', 'oven', '375f', 'for', '20', 'minutes', 'or', 'until', 'golden', 'brown', 'cut', 'into', 'fingers', 'leave', 'in', 'a', 'tin', 'to', 'cool', 'ice', 'tops', 'with', 'white', 'glaze', 'icing', 'place', 'a', 'strip', 'of', 'angelica', 'on', 'each', 'leave', 'to', 'set', 'then', 'pipe', ""a'flame"", 'in', 'red', 'glaze', 'icing', 'these', 'are', 'the', 'most', 'prettiest', 'shortbreads', 'i', 'have', 'ever', 'seen', 'in', 'my', 'life']","['sift', 'flour', 'semolina', 'cornflour', 'bowl', 'rub', 'peanut', 'butter', 'butter', 'add', 'sugar', 'essence', 'enough', 'milk', 'make', 'stiff', 'dough', 'press', 'mixture', 'greased', 'swissroll', 'tin', 'bake', 'moderate', 'oven', '375f', 'golden', 'brown', 'cut', 'fingers', 'leave', 'tin', 'cool', 'ice', 'tops', 'white', 'glaze', 'icing', 'place', 'strip', 'angelica', 'leave', 'set', 'pipe', ""a'flame"", 'red', 'glaze', 'icing', 'prettiest', 'shortbreads', 'ever', 'seen', 'life']",Indian
6012,"['in', 'pot', 'heat', '1', 'tbs', 'oil', 'over', 'medium-high', 'heat', 'add', 'meatballs', 'cook', 'turning', 'until', 'browned', 'on', 'all', 'sides', 'about', '3', 'minutes', 'remove', 'from', 'pot', 'reserve', 'in', 'same', 'pot', 'heat', 'remaining', 'oil', 'add', 'onion', 'garlic', 'and', 'pepper', 'cook', 'until', 'just', 'tender', '3', 'minutes', 'stir', 'in', 'broth', 'and', 'tomatoes', 'bring', 'to', 'boil', 'reduce', 'heat', 'to', 'simmer', 'return', 'reserved', 'meatballs', 'to', 'pot', 'simmer', '10', 'minutes', 'increase', 'heat', 'to', 'high', 'bring', 'to', 'boil', 'add', 'ravioli', 'cook', 'until', 'tender', '7', 'minutes', 'stir', 'in', 'parsley']","['pot', 'heat', 'tbs', 'oil', 'medium', 'high', 'heat', 'add', 'meatballs', 'cook', 'turning', 'browned', 'sides', 'remove', 'pot', 'reserve', 'pot', 'heat', 'remaining', 'oil', 'add', 'onion', 'garlic', 'pepper', 'cook', 'tender', 'stir', 'broth', 'tomatoes', 'bring', 'boil', 'reduce', 'heat', 'simmer', 'return', 'reserved', 'meatballs', 'pot', 'simmer', 'increase', 'heat', 'high', 'bring', 'boil', 'add', 'ravioli', 'cook', 'tender', 'stir', 'parsley']",Italian
2730,"['sauté', 'sausage', 'and', 'pepper', 'flakes', 'and', 'drain', 'sauté', 'bacon', 'and', 'drain', 'skin', 'and', 'deboned', 'chicken', 'may', 'use', 'a', 'pre', 'cooked', 'rotisserie', 'chicken', 'in', 'large', 'soup', 'pot', 'add', 'stock', 'and', 'boil', 'then', 'add', 'chunked', 'potatoes', 'cook', 'one', 'hour', 'add', 'milk', 'and', 'stir', 'until', 'heated', 'stir', 'in', 'sausage', 'bacon', 'chicken', 'and', 'kale', 'and', 'heat', 'thoroughly', 'makes', '120', 'one', 'cup', 'servings', 'at', '92', 'calories']","['sauté', 'sausage', 'pepper', 'flakes', 'drain', 'sauté', 'bacon', 'drain', 'skin', 'deboned', 'chicken', 'may', 'use', 'pre', 'cooked', 'rotisserie', 'chicken', 'large', 'soup', 'pot', 'add', 'stock', 'boil', 'add', 'chunked', 'potatoes', 'cook', 'one', 'add', 'milk', 'stir', 'heated', 'stir', 'sausage', 'bacon', 'chicken', 'kale', 'heat', 'thoroughly', 'makes', 'one', 'servings', 'calories']",Italian
9212,"['cut', 'very', 'finely/grind', 'the', 'spinach', 'keep', 'aside', 'heat', 'the', 'butter/oil/ghee', 'add', 'mustard', 'seeds', 'cumin', 'when', 'they', 'begin', 'to', 'pop', 'add', 'the', 'bengal', 'gram', 'and', 'fry', 'till', 'it', 'turns', 'lightly', 'golden', 'add', 'the', 'italian', 'oil', 'and', 'the', 'peppers', 'and', 'the', 'onions', 'fry', 'till', 'done', 'then', 'add', 'chillies', 'and', 'curry', 'leaves', 'when', 'almost', 'done', 'add', 'the', 'peas', 'and', 'garlic', 'ginger', 'paste', 'and', 'then', 'the', 'spinach/spinach', 'paste', 'add', 'salt', 'to', 'taste']","['cut', 'finely/grind', 'spinach', 'keep', 'aside', 'heat', 'butter/oil/ghee', 'add', 'mustard', 'seeds', 'cumin', 'begin', 'pop', 'add', 'bengal', 'gram', 'fry', 'till', 'turns', 'lightly', 'golden', 'add', 'italian', 'oil', 'peppers', 'onions', 'fry', 'till', 'done', 'add', 'chillies', 'curry', 'leaves', 'almost', 'done', 'add', 'peas', 'garlic', 'ginger', 'paste', 'spinach/spinach', 'paste', 'add', 'salt', 'taste']",Indian
4496,"['mix', 'ingredients', 'for', 'sauce', 'and', 'cook', 'slowly', 'for', 'several', 'hours', 'keep', 'covered', 'mix', 'ingredients', 'for', 'meat', 'balls', 'together', 'shape', 'only', 'slightly', 'larger', 'than', 'a', 'walnut', 'brown', 'in', '1/2', 'olive', 'oil', 'and', '1/2', 'vegetable', 'oil', 'add', 'meatballs', 'to', 'sauce', 'and', 'cook', 'at', 'least', '15', 'minutes', 'more', 'to', 'mix', 'flavors']","['mix', 'ingredients', 'sauce', 'cook', 'slowly', 'several', 'keep', 'covered', 'mix', 'ingredients', 'meat', 'balls', 'together', 'shape', 'slightly', 'larger', 'walnut', 'brown', 'olive', 'oil', 'vegetable', 'oil', 'add', 'meatballs', 'sauce', 'cook', 'least', 'mix', 'flavors']",Italian
4567,"['stir', 'all', 'ingredients', 'in', 'a', 'shaker', 'or', 'tumbler', 'and', 'pour', 'into', 'a', 'martini', 'glass', 'garnish', 'with', 'a', 'twist', 'of', 'lime', 'enjoy']","['stir', 'ingredients', 'shaker', 'tumbler', 'pour', 'martini', 'glass', 'garnish', 'twist', 'lime', 'enjoy']",Italian
9089,"['melt', 'butter', 'in', 'a', 'large', 'saucepan', 'over', 'medium', 'heat', 'add', 'onions', 'and', 'curry', 'paste', 'stir', 'frequently', 'until', 'onions', 'soften', '5', 'minutes', 'meanwhile', 'place', 'shrimp', 'in', 'a', 'sieve', 'rinse', 'under', 'cold', 'running', 'water', 'until', 'any', 'ice', 'crystals', 'melt', 'once', 'onions', 'are', 'softened', 'stir', 'in', 'coconut', 'milk', 'and', 'honey', 'cook', 'stirring', 'occasionally', '5', 'to', '7', 'minutes', 'meanwhile', 'remove', 'and', 'discard', 'skin', 'from', 'chicken', 'then', 'pull', 'off', 'meat', 'and', 'tear', 'or', 'cut', 'into', 'bite-size', 'chunks', 'slice', 'peppers', 'into', 'thick', 'pieces', 'coarsely', 'chop', 'cilantro', 'stir', 'shrimp', 'chicken', 'peppers', 'and', 'peas', 'into', 'coconut-milk', 'mixture', 'cover', 'and', 'simmer', 'stirring', 'occasionally', 'until', 'shrimp', 'are', 'hot', '3', 'to', '5', 'minutes', 'if', 'using', 'uncooked', 'shrimp', 'cook', 'until', 'pink', 'about', '2', 'more', 'minutes', 'remove', 'from', 'heat', 'and', 'stir', 'in', 'coriander', 'slice', 'lime', 'into', 'wedges', 'and', 'serve', 'alongside', 'curry', 'great', 'with', 'jasmine', 'rice', 'make', 'ahead', 'prepare', 'recipe', 'to', 'end', 'of', 'step', '1.', 'cover', 'and', 'refrigerate', 'up', 'to', '2', 'days', 'or', 'freeze', 'up', 'to', '1', 'month', 'defrost', 'then', 'bring', 'to', 'a', 'simmer', 'continue', 'with', 'recipe', 'as', 'written']","['melt', 'butter', 'large', 'saucepan', 'medium', 'heat', 'add', 'onions', 'curry', 'paste', 'stir', 'frequently', 'onions', 'soften', 'meanwhile', 'place', 'shrimp', 'sieve', 'rinse', 'cold', 'running', 'water', 'ice', 'crystals', 'melt', 'onions', 'softened', 'stir', 'coconut', 'milk', 'honey', 'cook', 'stirring', 'occasionally', 'meanwhile', 'remove', 'discard', 'skin', 'chicken', 'pull', 'meat', 'tear', 'cut', 'bite', 'size', 'chunks', 'slice', 'peppers', 'thick', 'pieces', 'coarsely', 'chop', 'cilantro', 'stir', 'shrimp', 'chicken', 'peppers', 'peas', 'coconut', 'milk', 'mixture', 'cover', 'simmer', 'stirring', 'occasionally', 'shrimp', 'hot', 'using', 'uncooked', 'shrimp', 'cook', 'pink', 'remove', 'heat', 'stir', 'coriander', 'slice', 'lime', 'wedges', 'serve', 'alongside', 'curry', 'great', 'jasmine', 'rice', 'make', 'ahead', 'prepare', 'recipe', 'end', 'step', 'cover', 'refrigerate', 'days', 'freeze', 'month', 'defrost', 'bring', 'simmer', 'continue', 'recipe', 'written']",Indian
10759,"['fry', 'the', 'onion', 'garlic', 'and', 'chilli', 'until', 'the', 'onions', 'are', 'translucent', 'add', 'mustard', 'seeds', 'turmeric', 'and', 'garam', 'masala', 'and', 'stir', 'fry', 'for', '2-3', 'minutes', 'add', 'the', 'chopped', 'tomatoes', 'and', 'keep', 'cooking', 'stirring', 'regularly', 'until', 'tomatoes', 'start', 'to', 'break', 'up', 'pour', 'beaten', 'eggs', 'into', 'the', 'pan', 'season', 'with', 'salt', 'and', 'cook', 'stirring', 'constantly', 'until', 'they', 'are', 'done', 'you', 'can', 'serve', 'this', 'garnished', 'with', 'fresh', 'finely', 'chopped', 'coriander', 'leaves', 'note', 'you', 'can', 'use', 'less', 'garlic', 'than', 'the', 'recipe', 'indicates', 'if', 'you', 'do', ""n't"", 'like', 'it', 'that', 'much', 'or', 'even', 'cut', 'it', 'out', 'i', 'do', ""n't"", 'always', 'have', 'chillies', 'on', 'hand', 'so', 'i', 'leave', 'them', 'out', 'all', 'this', 'means', 'is', 'that', 'the', 'eggs', 'will', 'be', 'slightly', 'less', 'spicy', 'but', 'will', 'still', 'taste', 'really', 'nice']","['fry', 'onion', 'garlic', 'chilli', 'onions', 'translucent', 'add', 'mustard', 'seeds', 'turmeric', 'garam', 'masala', 'stir', 'fry', 'add', 'chopped', 'tomatoes', 'keep', 'cooking', 'stirring', 'regularly', 'tomatoes', 'start', 'break', 'pour', 'beaten', 'eggs', 'pan', 'season', 'salt', 'cook', 'stirring', 'constantly', 'done', 'serve', 'garnished', 'fresh', 'finely', 'chopped', 'coriander', 'leaves', 'note', 'use', 'less', 'garlic', 'recipe', 'indicates', 'like', 'much', 'even', 'cut', 'always', 'chillies', 'hand', 'leave', 'means', 'eggs', 'slightly', 'less', 'spicy', 'still', 'taste', 'really', 'nice']",Indian
9845,"['put', 'rice', 'spices', 'salt', 'and', 'water', 'into', 'a', 'large', 'saucepan', 'bring', 'to', 'the', 'boil', 'and', 'then', 'reduce', 'down', 'to', 'lowest', 'temperature', 'put', 'on', 'lid', 'and', 'simmer', 'gently', 'for', '20', 'minute', 'when', 'rice', 'is', 'done', 'mix', 'amke', 'sure', 'lal', 'water', 'is', 'drained', 'mix', 'through', 'peas', 'and', 'chick', 'peas', 'adding', 'tomatos', 'if', 'using', 'allow', 'peas', 'to', 'thaw', 'from', 'heat', 'of', 'rice', 'before', 'eating', 'once', 'cool', 'store', 'in', 'an', 'airtight', 'container', 'this', 'will', 'need', 'to', 'be', 'eaten', 'in', '3', 'working', 'days', 'make', 'sure', 'you', 'reheat', 'until', 'piping', 'hot', 'so', 'the', 'rice', 'doesnt', 'hurt', 'your', 'tummy', 'alternatively', 'freeze', 'when', 'cool', 'and', 'leave', 'out', 'to', 'defrost', 'reheating', 'before', 'eating']","['put', 'rice', 'spices', 'salt', 'water', 'large', 'saucepan', 'bring', 'boil', 'reduce', 'lowest', 'temperature', 'put', 'lid', 'simmer', 'gently', 'rice', 'done', 'mix', 'amke', 'sure', 'lal', 'water', 'drained', 'mix', 'peas', 'chick', 'peas', 'adding', 'tomatos', 'using', 'allow', 'peas', 'thaw', 'heat', 'rice', 'eating', 'cool', 'store', 'airtight', 'container', 'need', 'eaten', 'working', 'days', 'make', 'sure', 'reheat', 'piping', 'hot', 'rice', 'doesnt', 'hurt', 'tummy', 'alternatively', 'freeze', 'cool', 'leave', 'defrost', 'reheating', 'eating']",Indian
2676,"['in', 'a', 'gallon', 'size', 'plastic', 'bag', 'combine', 'water', 'lemon', 'juice', 'chicken', 'refrigerate', '1', 'hour', 'put', 'beaten', 'eggs', 'in', 'a', 'small', 'bowl', 'and', 'in', 'another', 'bowl', 'mix', 'flour', 'and', 'salt/pepper', 'remove', 'chicken', 'from', 'marinade', 'dip', 'into', 'egg', 'mixture', 'then', 'into', 'flour', 'mixture', 'coating', 'evenly', 'over', 'medium', 'heat', 'in', 'a', 'large', 'skillet', 'melt', 'butter', 'add', 'chicken', 'pieces', 'cooking', 'about', '5', 'minute', 'on', 'each', 'side', 'and', 'cooked', 'through', 'cook', 'pasta', 'according', 'to', 'package', 'directions', 'adding', '1', 'tablespoon', 'oil', 'to', 'cooking', 'water', 'drain', 'set', 'aside', 'in', 'a', 'medium', 'saucepan', 'cook', 'wine', 'over', 'medium', 'heat', 'until', 'about', '1/3', 'has', 'evaporated', 'add', 'brtoh', 'mushrooms', 'salt', 'garlic', 'powder', 'simmer', '4-5', 'min', 'add', 'artichoked', 'lemon', 'juice', 'continue', 'simmering', '2', 'minute', 'mix', 'cornstqrch', 'and', 'water', 'until', 'cornstarch', 'is', 'completely', 'dissolved', 'add', 'to', 'sauce', 'mixture', 'stirring', 'constantly', 'continue', 'cooking', '1', 'min', 'or', 'until', 'thickned', 'remove', 'from', 'heat', 'add', 'butter', 'parsley', 'and', 'basil', 'arrange', 'cooked', 'pasta', 'on', 'a', 'serving', 'platter', 'and', 'top', 'with', 'chicken', 'and', 'sauce', 'or', 'make', 'individual', 'plates', 'with', 'pasta', 'chicken', 'sauce']","['gallon', 'size', 'plastic', 'bag', 'combine', 'water', 'lemon', 'juice', 'chicken', 'refrigerate', 'put', 'beaten', 'eggs', 'small', 'bowl', 'another', 'bowl', 'mix', 'flour', 'salt/pepper', 'remove', 'chicken', 'marinade', 'dip', 'egg', 'mixture', 'flour', 'mixture', 'coating', 'evenly', 'medium', 'heat', 'large', 'skillet', 'melt', 'butter', 'add', 'chicken', 'pieces', 'cooking', 'side', 'cooked', 'cook', 'pasta', 'according', 'package', 'directions', 'adding', 'oil', 'cooking', 'water', 'drain', 'set', 'aside', 'medium', 'saucepan', 'cook', 'wine', 'medium', 'heat', 'evaporated', 'add', 'brtoh', 'mushrooms', 'salt', 'garlic', 'powder', 'simmer', 'min', 'add', 'artichoked', 'lemon', 'juice', 'continue', 'simmering', 'mix', 'cornstqrch', 'water', 'cornstarch', 'completely', 'dissolved', 'add', 'sauce', 'mixture', 'stirring', 'constantly', 'continue', 'cooking', 'min', 'thickned', 'remove', 'heat', 'add', 'butter', 'parsley', 'basil', 'arrange', 'cooked', 'pasta', 'serving', 'platter', 'top', 'chicken', 'sauce', 'make', 'individual', 'plates', 'pasta', 'chicken', 'sauce']",Italian
3704,"['cook', 'orzo', 'according', 'to', 'package', 'directions', 'drain', 'well', 'and', 'pour', 'back', 'into', 'pot', 'add', 'can', 'of', 'evaporated', 'skim', 'milk', 'bring', 'to', 'a', 'boil', 'and', 'simmer', 'for', '10', 'minutes', 'or', 'until', 'most', 'liquid', 'is', 'absorbed', 'remove', 'from', 'heat', 'add', 'raisins', 'pecans', 'apple', 'butter', 'combine', 'sugar', 'and', 'cinnamon', 'add', 'to', 'mixture', 'to', 'taste', 'transfer', 'to', 'serving', 'bowl', 'top', 'with', 'remaining', 'cinnamon', 'sugar', 'as', 'needed', 'for', 'garnish']","['cook', 'orzo', 'according', 'package', 'directions', 'drain', 'well', 'pour', 'back', 'pot', 'add', 'evaporated', 'skim', 'milk', 'bring', 'boil', 'simmer', 'liquid', 'absorbed', 'remove', 'heat', 'add', 'raisins', 'pecans', 'apple', 'butter', 'combine', 'sugar', 'cinnamon', 'add', 'mixture', 'taste', 'transfer', 'serving', 'bowl', 'top', 'remaining', 'cinnamon', 'sugar', 'needed', 'garnish']",Italian
11740,"['place', 'the', 'spices', 'and', 'oil', 'in', 'a', 'sterilized', 'bottle', 'seal', 'and', 'leave', 'for', '3', 'days', 'in', 'a', 'cool', 'dark', 'place', 'strain', 'into', 'a', '3', 'cup', 'sterilized', 'bottle', 'store', 'in', 'a', 'cool', 'dark', 'place', 'for', 'up', 'to', '3', 'months']","['place', 'spices', 'oil', 'sterilized', 'bottle', 'seal', 'leave', 'days', 'cool', 'dark', 'place', 'strain', 'sterilized', 'bottle', 'store', 'cool', 'dark', 'place', 'months']",Indian
5988,"['wash', 'the', 'lemons', 'well', 'carefully', 'remove', 'the', 'peel', 'only', 'cutting', 'away', 'as', 'much', 'of', 'the', 'white', 'pith', 'as', 'possible', 'put', 'the', 'rind', 'in', 'a', 'sterilized', 'glass', 'jar', 'with', 'a', 'lid', 'and', 'pour', 'the', 'vodka', 'over', 'top', 'cover', 'and', 'place', 'in', 'the', 'sun', 'for', '10', 'days', 'after', '10', 'days', 'prepare', 'a', 'sugar', 'syrup', 'with', 'the', 'sugar', 'and', 'water', 'bring', 'them', 'to', 'a', 'boil', 'then', 'simmer', 'for', '10', 'minutes', 'set', 'aside', 'to', 'cool', 'filter', 'the', 'vodka', 'and', 'lemon', 'peel', 'by', 'pouring', 'through', 'cheesecloth', 'mix', 'with', 'the', 'syrup', 'and', 'leave', 'for', 'about', '10', 'days', 'to', 'mature', 'place', 'in', 'the', 'refrigerator', 'or', 'freezer', 'before', 'serving', 'this', 'liqueur', 'will', 'keep', 'for', 'months']","['wash', 'lemons', 'well', 'carefully', 'remove', 'peel', 'cutting', 'away', 'much', 'white', 'pith', 'possible', 'put', 'rind', 'sterilized', 'glass', 'jar', 'lid', 'pour', 'vodka', 'top', 'cover', 'place', 'sun', 'days', 'days', 'prepare', 'sugar', 'syrup', 'sugar', 'water', 'bring', 'boil', 'simmer', 'set', 'aside', 'cool', 'filter', 'vodka', 'lemon', 'peel', 'pouring', 'cheesecloth', 'mix', 'syrup', 'leave', 'days', 'mature', 'place', 'refrigerator', 'freezer', 'serving', 'liqueur', 'keep', 'months']",Italian
1892,"['preheat', 'the', 'oven', 'to', '400°f', 'heat', 'the', 'olive', 'oil', 'in', 'a', 'large', 'saucepan', 'and', 'fry', 'the', 'onion', 'and', 'carrots', 'for', '10', 'minutes', 'or', 'until', 'softened', 'drizzle', 'a', 'small', 'amount', 'of', 'olive', 'oil', 'over', 'the', 'ground', 'lamb', 'and', 'mix', 'well', 'this', 'will', 'separate', 'any', 'clumps', 'and', 'add', 'to', 'the', 'pan', 'with', 'the', 'onion', 'and', 'carrots', 'brown', 'the', 'meat', 'all', 'over', 'then', 'stir', 'in', 'the', 'mushrooms', 'stir', 'frequently', 'with', 'a', 'wooden', 'spoon', 'for', '5', 'minutes', 'separating', 'any', 'clumps', 'of', 'meat', 'in', 'the', 'pan', 'pour', 'in', 'the', 'wine', 'then', 'reduce', 'the', 'heat', 'to', 'medium', 'and', 'allow', 'to', 'simmer', 'for', '10', 'minutes', 'stirring', 'occasionally', 'until', 'the', 'alcohol', 'has', 'evaporated', 'add', 'the', 'tomatoes', 'and', 'basil', 'then', 'season', 'with', 'salt', 'and', 'pepper', 'continue', 'to', 'cook', 'uncovered', 'over', 'a', 'medium', 'heat', 'for', '30', 'minutes', 'stirring', 'occasionally', 'cook', 'the', 'sweet', 'potatoes', 'in', 'boiling', 'salted', 'water', 'for', '10-15', 'minutes', 'or', 'until', 'tender', 'drain', 'then', 'return', 'to', 'the', 'pan', 'and', 'mash', 'stirring', 'in', 'the', 'butter', 'milk', 'and', '100g', 'of', 'the', 'grated', 'parmesan', 'season', 'with', 'salt', 'and', 'pepper', 'then', 'stir', 'vigorously', 'with', 'a', 'wooden', 'spoon', 'over', 'a', 'low', 'heat', 'for', '2-3', 'minutes', 'or', 'until', 'the', 'mash', 'is', 'smooth', 'and', 'creamy', 'pour', 'the', 'lamb', 'mixture', 'into', 'an', 'ovenproof', 'casserole', 'dish', 'and', 'carefully', 'spread', 'over', 'the', 'mashed', 'sweet', 'potato', 'ensuring', 'that', 'the', 'meat', 'is', 'completely', 'covered', 'sprinkle', 'over', 'the', 'remaining', 'parmesan', 'and', 'bake', 'in', 'the', 'oven', 'for', '15-20', 'minutes', 'or', 'until', 'the', 'topping', 'is', 'crisp', 'and', 'golden', 'brown', 'spoon', 'the', 'shepherd', '’', 's', 'pie', 'onto', 'plates', 'and', 'serve']","['preheat', 'oven', '400°f', 'heat', 'olive', 'oil', 'large', 'saucepan', 'fry', 'onion', 'carrots', 'softened', 'drizzle', 'small', 'amount', 'olive', 'oil', 'ground', 'lamb', 'mix', 'well', 'separate', 'clumps', 'add', 'pan', 'onion', 'carrots', 'brown', 'meat', 'stir', 'mushrooms', 'stir', 'frequently', 'wooden', 'spoon', 'separating', 'clumps', 'meat', 'pan', 'pour', 'wine', 'reduce', 'heat', 'medium', 'allow', 'simmer', 'stirring', 'occasionally', 'alcohol', 'evaporated', 'add', 'tomatoes', 'basil', 'season', 'salt', 'pepper', 'continue', 'cook', 'uncovered', 'medium', 'heat', 'stirring', 'occasionally', 'cook', 'sweet', 'potatoes', 'boiling', 'salted', 'water', 'tender', 'drain', 'return', 'pan', 'mash', 'stirring', 'butter', 'milk', '100g', 'grated', 'parmesan', 'season', 'salt', 'pepper', 'stir', 'vigorously', 'wooden', 'spoon', 'low', 'heat', 'mash', 'smooth', 'creamy', 'pour', 'lamb', 'mixture', 'ovenproof', 'casserole', 'dish', 'carefully', 'spread', 'mashed', 'sweet', 'potato', 'ensuring', 'meat', 'completely', 'covered', 'sprinkle', 'remaining', 'parmesan', 'bake', 'oven', 'topping', 'crisp', 'golden', 'brown', 'spoon', 'shepherd', '’', 'pie', 'onto', 'plates', 'serve']",Italian
10671,"['heat', 'ghee', 'in', 'large', 'non-stick', 'pan', 'until', 'shimmering', 'i', 'have', 'the', 'pan', 'on', 'full-blast', 'for', 'most', 'of', 'this', 'recipe', 'add', 'cumin', 'and', 'stir', 'until', 'fragrant', 'add', 'coriander', 'tumeric', 'ground', 'chile', 'green', 'chile', 'and', 'ginger', 'and', 'stir', 'making', 'a', 'hot', 'paste', 'dump', 'in', 'potatoes', 'and', 'toss', 'until', 'coated', 'on', 'all', 'sides', 'will', 'be', 'fairly', 'dry', 'move', 'around', 'into', 'one', 'layer', 'and', 'leave', 'alone', 'for', 'a', 'minute', 'allowing', 'some', 'crust', 'to', 'form', 'turn', 'and', 'repeat', 'until', 'crusted', 'to', 'your', 'liking', 'remove', 'from', 'heat', 'squeeze', 'lime', 'juice', 'over', 'top', 'sprinkle', 'salt', 'and', 'toss', 'to', 'blend', 'pour', 'into', 'serving', 'dish', 'and', 'garnish', 'with', 'cilantro', 'serves', '4', 'but', 'i', 'just', 'ate', 'most', 'of', 'it', 'as', 'a', 'lunch']","['heat', 'ghee', 'large', 'non', 'stick', 'pan', 'shimmering', 'pan', 'full', 'blast', 'recipe', 'add', 'cumin', 'stir', 'fragrant', 'add', 'coriander', 'tumeric', 'ground', 'chile', 'green', 'chile', 'ginger', 'stir', 'making', 'hot', 'paste', 'dump', 'potatoes', 'toss', 'coated', 'sides', 'fairly', 'dry', 'move', 'around', 'one', 'layer', 'leave', 'alone', 'allowing', 'crust', 'form', 'turn', 'repeat', 'crusted', 'liking', 'remove', 'heat', 'squeeze', 'lime', 'juice', 'top', 'sprinkle', 'salt', 'toss', 'blend', 'pour', 'serving', 'dish', 'garnish', 'cilantro', 'serves', 'ate', 'lunch']",Indian
1273,"['char', 'peppers', 'over', 'gas', 'flame', 'or', 'in', 'broiler', 'until', 'blackened', 'but', 'still', 'firm', 'cool', 'peppers', 'completely', 'peel', 'off', 'skin', 'preheat', 'oven', 'to', '400', 'degrees', 'mix', 'remaining', 'ingredients', 'except', 'anchovies', 'and', 'grape', 'leaves', 'in', 'large', 'bowl', 'mash', '2', 'anchovies', 'and', 'add', 'to', 'cheese', 'mixture', 'mound', 'in', 'peppers', 'arrange', 'in', 'baking', 'dish', 'and', 'bake', 'until', 'heated', 'through', 'and', 'bubbly', 'about', '20', 'minutes', 'line', 'platter', 'with', 'grape', 'leaves', 'top', 'with', 'peppers', 'halve', 'remaining', 'anchovy', 'fillets', 'set', 'one', 'atop', 'each', 'pepper', 'and', 'serve']","['char', 'peppers', 'gas', 'flame', 'broiler', 'blackened', 'still', 'firm', 'cool', 'peppers', 'completely', 'peel', 'skin', 'preheat', 'oven', 'mix', 'remaining', 'ingredients', 'except', 'anchovies', 'grape', 'leaves', 'large', 'bowl', 'mash', 'anchovies', 'add', 'cheese', 'mixture', 'mound', 'peppers', 'arrange', 'baking', 'dish', 'bake', 'heated', 'bubbly', 'line', 'platter', 'grape', 'leaves', 'top', 'peppers', 'halve', 'remaining', 'anchovy', 'fillets', 'set', 'one', 'atop', 'pepper', 'serve']",Italian
106,"['saute', 'mushrooms', 'carrots', 'celery', 'onions', 'green', 'peppers', 'red', 'peppers', 'and', 'garlic', 'in', 'olive', 'oil', 'until', 'tender', 'stir', 'in', 'the', 'remaining', 'ingredients', 'bring', 'to', 'a', 'boil', 'reduce', 'heat', 'cover', 'and', 'simmer', 'for', 'one', 'hour']","['saute', 'mushrooms', 'carrots', 'celery', 'onions', 'green', 'peppers', 'red', 'peppers', 'garlic', 'olive', 'oil', 'tender', 'stir', 'remaining', 'ingredients', 'bring', 'boil', 'reduce', 'heat', 'cover', 'simmer', 'one']",Italian
12034,"['place', 'chicken', 'and', 'water', 'in', 'a', 'heavy', 'pot', 'or', 'dutch', 'oven', 'stud', 'the', 'onion', 'with', 'the', 'cloves', 'push', 'the', 'cloves', 'into', 'the', 'onion', 'at', 'various', 'points', 'add', 'onion', 'peppercorns', 'carrot', 'and', '2', 'teaspoons', 'of', 'salt', 'to', 'the', 'pot', 'cover', 'and', 'simmer', '1', 'hour', 'remove', 'chicken', 'from', 'broth', 'and', 'cool', 'strain', 'broth', 'and', 'discard', 'solids', 'set', 'broth', 'aside', 'when', 'chicken', 'is', 'cool', 'enough', 'to', 'handle', 'remove', 'skin', 'and', 'bones', 'and', 'cut', 'into', 'small', 'pieces', 'set', 'aside', 'melt', 'butter', 'in', 'a', 'large', 'skillet', 'add', 'minced', 'onion', 'and', 'saute', 'until', 'tender', 'but', 'not', 'browned', '2-3', 'minutes', 'stir', 'in', 'curry', 'powder', 'gradually', 'stir', 'in', 'coconut', 'milk', 'and', '1', 'cup', 'of', 'the', 'reserved', 'broth', 'add', 'pepper', 'ginger', 'cloves', 'mint', 'and', 'remaining', 'salt', 'cover', 'and', 'cook', 'over', 'low', 'heat', '30', 'minutes', 'add', 'chicken', 'and', 'cook', 'until', 'tender', 'about', '30', 'minutes', 'more', 'stir', 'in', 'lime', 'juice', 'stir', 'in', 'cream', 'and', 'serve']","['place', 'chicken', 'water', 'heavy', 'pot', 'dutch', 'oven', 'stud', 'onion', 'cloves', 'push', 'cloves', 'onion', 'various', 'points', 'add', 'onion', 'peppercorns', 'carrot', 'salt', 'pot', 'cover', 'simmer', 'remove', 'chicken', 'broth', 'cool', 'strain', 'broth', 'discard', 'solids', 'set', 'broth', 'aside', 'chicken', 'cool', 'enough', 'handle', 'remove', 'skin', 'bones', 'cut', 'small', 'pieces', 'set', 'aside', 'melt', 'butter', 'large', 'skillet', 'add', 'minced', 'onion', 'saute', 'tender', 'browned', 'stir', 'curry', 'powder', 'gradually', 'stir', 'coconut', 'milk', 'reserved', 'broth', 'add', 'pepper', 'ginger', 'cloves', 'mint', 'remaining', 'salt', 'cover', 'cook', 'low', 'heat', 'add', 'chicken', 'cook', 'tender', 'stir', 'lime', 'juice', 'stir', 'cream', 'serve']",Indian
3604,"['for', 'the', 'cake', 'preheat', 'the', 'oven', 'to', '350', 'degrees', 'f.', 'butter', 'and', 'flour', 'a', '9', ""''"", 'cake', 'pan', 'in', 'a', 'bowl', 'mix', 'together', 'the', 'butter', 'and', 'sugar', 'until', 'fluffy', 'add', 'the', 'eggs', 'lemon', 'extract', 'milk', 'ricotta', 'flour', 'and', 'lemon', 'zest', 'and', 'beat', 'well', 'for', '2', 'minutes', 'on', 'high', 'speed', 'pour', 'into', 'your', 'prepared', 'pan', 'bake', '45-50', 'minutes', 'or', 'until', 'a', 'toothpick', 'inserted', 'in', 'the', 'center', 'comes', 'out', 'clean', 'allow', 'to', 'cool', 'topping', 'combine', 'the', 'blueberries', 'lemon', 'sugar', 'and', '1/2', 'cup', 'of', 'water', 'and', 'cook', 'until', 'thickened', 'remove', 'and', 'cool', 'once', 'the', 'cake', 'has', 'cooled', 'dust', 'lightly', 'with', 'the', 'powdered', 'sugar', 'serve', 'a', 'small', 'slice', 'with', 'a', 'spoonful', 'of', 'blueberry', 'topping']","['cake', 'preheat', 'oven', 'f.', 'butter', 'flour', ""''"", 'cake', 'pan', 'bowl', 'mix', 'together', 'butter', 'sugar', 'fluffy', 'add', 'eggs', 'lemon', 'extract', 'milk', 'ricotta', 'flour', 'lemon', 'zest', 'beat', 'well', 'high', 'speed', 'pour', 'prepared', 'pan', 'bake', 'toothpick', 'inserted', 'center', 'comes', 'clean', 'allow', 'cool', 'topping', 'combine', 'blueberries', 'lemon', 'sugar', 'water', 'cook', 'thickened', 'remove', 'cool', 'cake', 'cooled', 'dust', 'lightly', 'powdered', 'sugar', 'serve', 'small', 'slice', 'spoonful', 'blueberry', 'topping']",Italian
7351,"['combine', 'the', 'lentils', 'onion', 'green', 'chili', 'ground', 'cumin', 'turmeric', 'half', 'of', 'the', 'chopped', 'ginger', 'and', '6', 'cups', 'water', 'in', 'a', 'big', 'heavy', 'pot', 'simmer', 'and', 'cover', 'leaving', 'lid', 'slightly', 'ajar', 'for', '45', 'minutes', 'next', 'add', 'chicken', 'cut', 'into', 'small', 'pieces', 'and', 'salt', 'bring', 'mixture', 'to', 'a', 'boil', 'and', 'then', 'simmer', 'for', 'another', '30', 'minutes', 'or', 'until', 'the', 'chicken', 'is', 'tender', 'next', 'get', 'a', 'small', 'pan', 'out', 'and', 'put', 'the', 'tablespoon', 'of', 'oil', 'in', 'it', 'when', 'hot', 'put', 'in', 'the', 'whole', 'cumin', 'seeds', 'as', 'soon', 'as', 'the', 'seeds', 'begin', 'to', 'sizzle', 'this', 'just', 'takes', 'a', 'few', 'seconds', 'put', 'in', 'the', 'remaining', 'ginger', 'and', 'garlic', 'saute', 'until', 'garlic', 'is', 'slightly', 'brown', 'now', 'put', 'in', 'the', 'red', 'pepper', 'and', 'lift', 'the', 'pan', 'up', 'immediately', 'and', 'dump', 'everything', 'into', 'the', 'pot', 'with', 'chicken', 'and', 'lentils', 'finally', 'add', 'the', 'lemon', 'juice', 'sugar', 'and', 'garam', 'marsala', 'stir', 'to', 'mix', 'and', 'cook', 'for', 'another', '5', 'minutes', 'or', 'so', 'you', 'can', 'top', 'each', 'serving', 'with', 'fresh', 'cilantro', 'if', 'desired']","['combine', 'lentils', 'onion', 'green', 'chili', 'ground', 'cumin', 'turmeric', 'half', 'chopped', 'ginger', 'water', 'big', 'heavy', 'pot', 'simmer', 'cover', 'leaving', 'lid', 'slightly', 'ajar', 'next', 'add', 'chicken', 'cut', 'small', 'pieces', 'salt', 'bring', 'mixture', 'boil', 'simmer', 'another', 'chicken', 'tender', 'next', 'get', 'small', 'pan', 'put', 'oil', 'hot', 'put', 'whole', 'cumin', 'seeds', 'soon', 'seeds', 'begin', 'sizzle', 'takes', 'seconds', 'put', 'remaining', 'ginger', 'garlic', 'saute', 'garlic', 'slightly', 'brown', 'put', 'red', 'pepper', 'lift', 'pan', 'immediately', 'dump', 'everything', 'pot', 'chicken', 'lentils', 'finally', 'add', 'lemon', 'juice', 'sugar', 'garam', 'marsala', 'stir', 'mix', 'cook', 'another', 'top', 'serving', 'fresh', 'cilantro', 'desired']",Indian
189,"['wash', 'and', 'peel', 'the', 'potatoes', 'then', 'quarter', 'and', 'slice', 'the', 'quarters', 'into', '1/4', 'inch', 'sections', 'producing', 'triangle', 'shaped', 'pieces', 'wash', 'and', 'core', 'the', 'bell', 'peppers', 'then', 'cut', 'them', 'into', '1x1', 'inch', 'pieces', 'wash', 'the', 'chicken', 'and', 'pat', 'dry', 'cut', 'the', 'chicken', 'into', 'strips', 'cut', 'each', 'sausage', 'link', 'on', 'the', 'bias', 'into', '4', 'pieces', 'in', 'a', 'nonstick', '14', 'inch', 'saute', 'pan', 'over', 'medium-high', 'heat', 'add', 'the', 'olive', 'oil', 'and', 'sausage', 'and', 'brown', 'for', 'about', '5', 'minutes', 'once', 'the', 'sausage', 'is', 'browned', 'add', 'the', 'chicken', 'and', 'brown', 'on', 'all', 'sides', 'about', '5', 'to', '10', 'minutes', 'once', 'the', 'chicken', 'is', 'browned', 'reduce', 'the', 'heat', 'to', 'medium', 'and', 'add', 'all', 'of', 'the', 'bell', 'peppers', 'the', 'jalapenos', 'and', 'potatoes', 'sprinkle', 'with', '1/4', 'teaspoon', 'italian', 'seasoning', 'and', 'a', 'good', 'pinch', 'of', 'black', 'pepper', 'saute', 'on', 'medium', 'heat', 'for', '5', 'minutes', 'stirring', 'occasionally', 'while', 'the', 'peppers', 'and', 'potatoes', 'are', 'cooking', 'melt', 'the', 'butter', 'in', 'a', 'small', 'saute', 'pan', 'stir', 'in', 'the', 'flour', 'and', 'cook', 'it', 'until', 'the', 'roux', 'is', 'light', 'golden', 'brown', 'about', '1', 'minute', 'reduce', 'the', 'heat', 'to', 'low', 'in', 'the', 'pan', 'with', 'the', 'chicken', 'slowly', 'add', 'the', 'sherry', 'avoiding', 'the', 'open', 'flame', 'to', 'deglaze', 'pan', 'combine', 'the', 'roux', 'with', 'the', 'chicken', 'pan', 'mixture', 'and', 'stir', 'well', 'add', '1', 'can', 'of', 'beef', 'stock', 'and', 'stir', 'to', 'combine', 'continue', 'to', 'stir', 'occasionally', 'while', 'simmering', 'on', 'low', 'heat', 'for', '20', 'minutes', 'mixture', 'should', 'thicken', 'while', 'simmering', 'add', 'more', 'beef', 'stock', 'if', 'you', 'wish', 'thinner', 'gravy', 'before', 'serving', 'season', 'again', 'when', 'ready', 'to', 'serve', 'portion', 'the', 'noodles', 'and', 'serve', 'the', 'chicken', 'pisano', 'mixture', 'over', 'them']","['wash', 'peel', 'potatoes', 'quarter', 'slice', 'quarters', 'sections', 'producing', 'triangle', 'shaped', 'pieces', 'wash', 'core', 'bell', 'peppers', 'cut', '1x1', 'pieces', 'wash', 'chicken', 'pat', 'dry', 'cut', 'chicken', 'strips', 'cut', 'sausage', 'link', 'bias', 'pieces', 'nonstick', 'saute', 'pan', 'medium', 'high', 'heat', 'add', 'olive', 'oil', 'sausage', 'brown', 'sausage', 'browned', 'add', 'chicken', 'brown', 'sides', 'chicken', 'browned', 'reduce', 'heat', 'medium', 'add', 'bell', 'peppers', 'jalapenos', 'potatoes', 'sprinkle', 'italian', 'seasoning', 'good', 'pinch', 'black', 'pepper', 'saute', 'medium', 'heat', 'stirring', 'occasionally', 'peppers', 'potatoes', 'cooking', 'melt', 'butter', 'small', 'saute', 'pan', 'stir', 'flour', 'cook', 'roux', 'light', 'golden', 'brown', 'reduce', 'heat', 'low', 'pan', 'chicken', 'slowly', 'add', 'sherry', 'avoiding', 'open', 'flame', 'deglaze', 'pan', 'combine', 'roux', 'chicken', 'pan', 'mixture', 'stir', 'well', 'add', 'beef', 'stock', 'stir', 'combine', 'continue', 'stir', 'occasionally', 'simmering', 'low', 'heat', 'mixture', 'thicken', 'simmering', 'add', 'beef', 'stock', 'wish', 'thinner', 'gravy', 'serving', 'season', 'ready', 'serve', 'portion', 'noodles', 'serve', 'chicken', 'pisano', 'mixture']",Italian
3567,"['in', 'a', 'large', 'skillet', 'cook', 'zucchini', 'in', '1', 'tablespoons', 'olive', 'oil', 'drain', 'and', 'set', 'aside', 'in', 'same', 'skillet', 'saute', 'onion', 'and', 'garlic', 'add', 'tomatoes', 'basil', 'oregano', 'garlic', 'salt', 'and', 'pepper', 'simmer', 'for', '10', 'minutes', 'place', 'in', 'a', 'baking', 'dish', 'and', 'gently', 'stir', 'in', 'zucchini', 'top', 'with', 'stuffing', 'and', 'parmesan', 'cheese', 'bake', 'at', '350°f', 'for', '20', 'minutes', 'covered', 'uncover', 'and', 'sprinkle', 'with', 'mozzarella', 'cheese', 'and', 'bake', '15', 'minutes', 'longer']","['large', 'skillet', 'cook', 'zucchini', 'olive', 'oil', 'drain', 'set', 'aside', 'skillet', 'saute', 'onion', 'garlic', 'add', 'tomatoes', 'basil', 'oregano', 'garlic', 'salt', 'pepper', 'simmer', 'place', 'baking', 'dish', 'gently', 'stir', 'zucchini', 'top', 'stuffing', 'parmesan', 'cheese', 'bake', '350°f', 'covered', 'uncover', 'sprinkle', 'mozzarella', 'cheese', 'bake', 'longer']",Italian
7195,"['firstly', 'prepare', 'the', 'vegetable', 'broth', 'for', 'this', 'add', '1', 'cube', ""of'maggi"", 'vegetable', 'stock', 'with', 'onion', 'to', '3', 'cups', 'of', 'water', 'allow', 'to', 'boil', 'until', 'the', 'cube', 'has', 'completely', 'dissolved', 'in', 'the', 'water', 'set', 'aside', 'now', 'heat', 'oil', 'in', 'a', 'large', 'heavy', 'bottomed', 'skillet', 'add', 'in', 'the', 'chopped', 'onions', 'and', 'garlic', 'saute', 'on', 'medium', 'flame', 'till', 'golden', 'brown', 'add', 'mushrooms', 'and', 'continue', 'to', 'saute', 'for', '4', 'minutes', 'add', 'vegetable', 'broth', 'and', 'rice', 'stir', 'once', 'bring', 'to', 'a', 'boil', 'lower', 'flame', 'partially', 'cover', 'and', 'cook', 'on', 'medium', 'flame', 'till', 'the', 'broth', 'has', 'evaporated', 'and', 'rice', 'is', 'ready', 'garnish', 'with', 'parsley', 'and', 'serve', 'with', 'a', 'dollop', 'of', 'low-fat', 'yogurt', 'and', 'your', 'favourite', 'vegetarian', 'curry', 'for', 'a', 'memorable', 'summer', 'lunch']","['firstly', 'prepare', 'vegetable', 'broth', 'add', 'cube', ""of'maggi"", 'vegetable', 'stock', 'onion', 'water', 'allow', 'boil', 'cube', 'completely', 'dissolved', 'water', 'set', 'aside', 'heat', 'oil', 'large', 'heavy', 'bottomed', 'skillet', 'add', 'chopped', 'onions', 'garlic', 'saute', 'medium', 'flame', 'till', 'golden', 'brown', 'add', 'mushrooms', 'continue', 'saute', 'add', 'vegetable', 'broth', 'rice', 'stir', 'bring', 'boil', 'lower', 'flame', 'partially', 'cover', 'cook', 'medium', 'flame', 'till', 'broth', 'evaporated', 'rice', 'ready', 'garnish', 'parsley', 'serve', 'dollop', 'low', 'fat', 'yogurt', 'favourite', 'vegetarian', 'curry', 'memorable', 'summer', 'lunch']",Indian
3426,"['place', 'sliced', 'onion', 'in', 'a', 'strainer', 'and', 'rinse', 'under', 'cold', 'water', 'for', '20', 'seconds', 'drain', 'transfer', 'onion', 'to', 'a', 'large', 'bowl', 'add', 'vinegar', 'and', 'toss', 'to', 'coat', 'set', 'aside', 'meanwhile', 'boil', 'potatoes', 'in', 'a', 'medium', 'pot', 'of', 'lightly', 'salted', 'water', 'until', 'tender', 'about', '45', 'minutes', 'drain', 'let', 'cool', 'slightly', 'using', 'a', 'kitchen', 'towel', 'rub', 'skins', 'off', 'potatoes', 'cut', 'potatoes', 'into', '3/4', ""''"", 'pieces', 'and', 'transfer', 'to', 'a', 'medium', 'bowl', 'drizzle', 'wine', 'over', 'season', 'with', 'salt', 'and', 'pepper', 'and', 'gently', 'toss', 'to', 'combine', 'set', 'aside', 'add', 'shrimp', 'tomatoes', 'and', 'oil', 'to', 'bowl', 'with', 'onions', 'season', 'with', 'salt', 'and', 'pepper', 'and', 'toss', 'gently', 'to', 'incorporate', 'let', 'sit', 'for', '5', 'minutes', 'until', 'flavors', 'meld', 'add', 'basil', 'toss', 'gently', 'and', 'serve']","['place', 'sliced', 'onion', 'strainer', 'rinse', 'cold', 'water', 'seconds', 'drain', 'transfer', 'onion', 'large', 'bowl', 'add', 'vinegar', 'toss', 'coat', 'set', 'aside', 'meanwhile', 'boil', 'potatoes', 'medium', 'pot', 'lightly', 'salted', 'water', 'tender', 'drain', 'let', 'cool', 'slightly', 'using', 'kitchen', 'towel', 'rub', 'skins', 'potatoes', 'cut', 'potatoes', ""''"", 'pieces', 'transfer', 'medium', 'bowl', 'drizzle', 'wine', 'season', 'salt', 'pepper', 'gently', 'toss', 'combine', 'set', 'aside', 'add', 'shrimp', 'tomatoes', 'oil', 'bowl', 'onions', 'season', 'salt', 'pepper', 'toss', 'gently', 'incorporate', 'let', 'sit', 'flavors', 'meld', 'add', 'basil', 'toss', 'gently', 'serve']",Italian
3730,"['cook', 'pasta', 'according', 'to', 'package', 'directions', 'omitting', 'the', 'salt', 'and', 'fat', 'drain', 'stir', 'in', 'tomatoes', '1/4', 'tsp', 'salt', 'parsley', 'and', '1/8', 'tsp', 'pepper', 'set', 'aside', 'and', 'keep', 'warm', 'combine', 'remaining', '1/4', 'tsp', 'salt', 'remaining', '1/8', 'tsp', 'pepper', 'and', 'flour', 'in', 'a', 'large', 'shallow', 'bowl', 'dredge', 'fish', 'in', 'flour', 'mixture', 'melt', '1', 'tbsp', 'butter', 'in', 'a', 'large', 'non-stick', 'skillet', 'over', 'medium-high', 'heat', 'add', 'fish', 'to', 'pan', 'and', 'cook', '1', '1/2', 'minutes', 'on', 'each', 'side', 'or', 'until', 'fish', 'flakes', 'easily', 'when', 'tested', 'with', 'a', 'fork', 'or', 'til', 'its', 'done', 'like', 'you', 'want', 'remove', 'fish', 'from', 'pan', 'and', 'keep', 'warm', 'add', 'wine', 'juice', 'and', 'capers', 'to', 'pan', 'cook', '30', 'seconds', 'remove', 'from', 'heat', 'add', 'remaining', '2', 'tbsp', 'butter', 'to', 'pan', 'stir', 'until', 'butter', 'melts', 'serve', 'fish', 'with', 'sauce', 'and', 'pasta']","['cook', 'pasta', 'according', 'package', 'directions', 'omitting', 'salt', 'fat', 'drain', 'stir', 'tomatoes', 'salt', 'parsley', 'pepper', 'set', 'aside', 'keep', 'warm', 'combine', 'remaining', 'salt', 'remaining', 'pepper', 'flour', 'large', 'shallow', 'bowl', 'dredge', 'fish', 'flour', 'mixture', 'melt', 'butter', 'large', 'non', 'stick', 'skillet', 'medium', 'high', 'heat', 'add', 'fish', 'pan', 'cook', 'side', 'fish', 'flakes', 'easily', 'tested', 'fork', 'til', 'done', 'like', 'want', 'remove', 'fish', 'pan', 'keep', 'warm', 'add', 'wine', 'juice', 'capers', 'pan', 'cook', 'seconds', 'remove', 'heat', 'add', 'remaining', 'butter', 'pan', 'stir', 'butter', 'melts', 'serve', 'fish', 'sauce', 'pasta']",Italian
2956,"['place', 'mascarpone', 'in', 'a', 'large', 'bowl', 'sift', 'the', 'sugar', 'cocoa', 'and', 'cinnamon', 'over', 'the', 'mascarpone', 'then', 'mix', 'well', 'stir', 'in', 'the', 'grand', 'marnier', 'and', 'mix', 'until', 'combined', 'gently', 'fold', 'in', '1/3', 'of', 'the', 'whipped', 'cream', 'repeat', '1/3', 'at', 'a', 'time', 'spoon', 'into', '4', 'individual', 'serving', 'dishes', 'and', 'chill']","['place', 'mascarpone', 'large', 'bowl', 'sift', 'sugar', 'cocoa', 'cinnamon', 'mascarpone', 'mix', 'well', 'stir', 'grand', 'marnier', 'mix', 'combined', 'gently', 'fold', 'whipped', 'cream', 'repeat', 'time', 'spoon', 'individual', 'serving', 'dishes', 'chill']",Italian
2841,"['saute', 'garlic', 'in', 'oil', 'do', 'not', 'brown', 'add', 'anchovies', 'and', 'cook/saute', 'for', 'a', 'few', 'minutes', 'put', 'mixture', 'in', 'blender', 'or', 'food', 'processor', 'and', 'puree', 'spread', 'onto', 'sliced', 'french', 'sour', 'dough', 'or', 'italian', 'bread', 'cover', 'each', 'slice', 'with', 'desired', 'amount', 'of', 'cheese', 'place', 'under', 'broiler', 'until', 'the', 'cheese', 'becomes', 'bubbly', 'note', 'if', 'you', 'are', 'not', 'terribly', 'fond', 'of', 'anchovies', 'very', 'salty', 'fish', 'i', 'would', 'put', 'on', 'a', 'thinner', 'spread']","['saute', 'garlic', 'oil', 'brown', 'add', 'anchovies', 'cook/saute', 'put', 'mixture', 'blender', 'food', 'processor', 'puree', 'spread', 'onto', 'sliced', 'french', 'sour', 'dough', 'italian', 'bread', 'cover', 'slice', 'desired', 'amount', 'cheese', 'place', 'broiler', 'cheese', 'becomes', 'bubbly', 'note', 'terribly', 'fond', 'anchovies', 'salty', 'fish', 'would', 'put', 'thinner', 'spread']",Italian
11128,"['cut', 'chicken', 'legs', 'and', 'thigh', 'into', 'stewing', 'pieces', 'bone', 'and', 'skin', 'on', 'you', 'may', 'use', 'chicken', 'breast', 'aswell', 'but', 'i', 'prefer', 'the', 'taste', 'of', 'dark', 'meat', 'mix', 'garam', 'masala', 'and', 'turmeric', 'with', 'some', 'water', 'to', 'make', 'a', 'paste', 'with', 'a', 'somewhat', 'runny', 'consistancy', 'and', 'set', 'aside', 'heat', 'oil', 'in', 'thick', 'bottomed', 'pot', 'to', 'med-high', 'heat', 'add', 'chilly', 'halves', 'and', 'star', 'anise', 'to', 'the', 'oil', 'and', 'cook', 'for', 'about', '1', 'minute', 'adding', 'chilli', 'early', 'will', 'give', 'the', 'dish', 'a', 'nice', 'heat', 'that', 'will', 'roll', 'inches', 'as', 'you', 'eat', 'it', 'it', 'will', 'get', 'hotter', 'add', 'chopped', 'garlic', 'and', 'onion', 'and', 'cook', 'for', 'a', 'few', 'minutes', 'until', 'onions', 'start', 'to', 'brown', 'add', 'the', 'curry', 'paste', 'and', 'cook', 'for', 'about', '3', 'minutes', 'stirring', 'frequently', 'add', 'chicken', 'pieces', 'salt', 'and', 'pepper', 'cook', 'for', 'about', '25', 'minutes', 'so', 'the', 'chicken', 'turns', 'golden', 'brown', 'stir', 'often', 'do', 'not', 'let', 'it', 'burn', 'add', '1/2', 'cup', 'water', 'and', 'fish', 'sauce', 'deglaze', 'the', 'pot', 'and', 'scrape', 'up', 'any', 'brown', 'bits', 'bring', 'the', 'broth', 'to', 'a', 'boil', 'about', '5', 'minutes', 'add', 'coconut', 'milk', 'and', 'brown', 'sugar', 'bring', 'to', 'boil', 'around', '7', 'or', '8', 'minutes', 'reduce', 'heat', 'simmer', 'for', 'about', '5', 'minutes', 'add', 'cilantro', 'and/or', 'basil', 'optional', 'serve', 'over', 'rice', 'enjoy']","['cut', 'chicken', 'legs', 'thigh', 'stewing', 'pieces', 'bone', 'skin', 'may', 'use', 'chicken', 'breast', 'aswell', 'prefer', 'taste', 'dark', 'meat', 'mix', 'garam', 'masala', 'turmeric', 'water', 'make', 'paste', 'somewhat', 'runny', 'consistancy', 'set', 'aside', 'heat', 'oil', 'thick', 'bottomed', 'pot', 'med', 'high', 'heat', 'add', 'chilly', 'halves', 'star', 'anise', 'oil', 'cook', 'adding', 'chilli', 'early', 'give', 'dish', 'nice', 'heat', 'roll', 'eat', 'get', 'hotter', 'add', 'chopped', 'garlic', 'onion', 'cook', 'onions', 'start', 'brown', 'add', 'curry', 'paste', 'cook', 'stirring', 'frequently', 'add', 'chicken', 'pieces', 'salt', 'pepper', 'cook', 'chicken', 'turns', 'golden', 'brown', 'stir', 'often', 'let', 'burn', 'add', 'water', 'fish', 'sauce', 'deglaze', 'pot', 'scrape', 'brown', 'bits', 'bring', 'broth', 'boil', 'add', 'coconut', 'milk', 'brown', 'sugar', 'bring', 'boil', 'around', 'reduce', 'heat', 'simmer', 'add', 'cilantro', 'and/or', 'basil', 'optional', 'serve', 'rice', 'enjoy']",Indian
12741,"['cook', 'cumin', 'seeds', 'in', 'a', 'small', 'skillet', 'over', 'medium-high', 'heat', '3', 'minutes', 'or', 'until', 'seeds', 'are', 'lightly', 'toasted', 'remove', 'from', 'heat', 'and', 'let', 'cool', 'peel', 'shrimp', 'and', 'devein', 'if', 'desired', 'cut', 'a', 'slit', 'almost', 'through', 'back', 'of', 'each', 'shrimp', 'place', 'shrimp', 'in', 'a', 'large', 'heavy', 'duty', 'zip-top', 'plastic', 'bag', 'combine', 'cumin', 'seeds', 'chilies', 'yogurt', 'lemon', 'juice', 'red', 'pepper', 'salt', 'pepper', 'garam', 'masala', 'and', 'garlic', 'pour', 'over', 'shrimp', 'seal', 'bag', 'securely', 'and', 'shake', 'until', 'shrimp', 'are', 'well', 'coated', 'marinate', 'in', 'refrigerator', '4', 'hours', 'turning', 'bag', 'occasionally', 'remove', 'shrimp', 'from', 'marinade', 'discarding', 'marinade', 'thread', 'shrimp', 'onto', '16', '12-inch', 'skewers', 'grill', 'covered', 'over', 'medium-hot', 'coals', '350-400', 'degrees', '2', 'minutes', 'on', 'each', 'side', 'or', 'until', 'shrimp', 'turn', 'pink', 'serve', 'immediately', 'over', 'rice']","['cook', 'cumin', 'seeds', 'small', 'skillet', 'medium', 'high', 'heat', 'seeds', 'lightly', 'toasted', 'remove', 'heat', 'let', 'cool', 'peel', 'shrimp', 'devein', 'desired', 'cut', 'slit', 'almost', 'back', 'shrimp', 'place', 'shrimp', 'large', 'heavy', 'duty', 'zip', 'top', 'plastic', 'bag', 'combine', 'cumin', 'seeds', 'chilies', 'yogurt', 'lemon', 'juice', 'red', 'pepper', 'salt', 'pepper', 'garam', 'masala', 'garlic', 'pour', 'shrimp', 'seal', 'bag', 'securely', 'shake', 'shrimp', 'well', 'coated', 'marinate', 'refrigerator', 'turning', 'bag', 'occasionally', 'remove', 'shrimp', 'marinade', 'discarding', 'marinade', 'thread', 'shrimp', 'onto', '12', 'inch', 'skewers', 'grill', 'covered', 'medium', 'hot', 'coals', 'side', 'shrimp', 'turn', 'pink', 'serve', 'immediately', 'rice']",Indian
4107,"['heat', 'oil', 'in', 'wok', 'fry', 'garlic', 'and', 'onions', 'until', 'translucent', 'add', 'basil', 'oregano', 'cayenne', 'bay', 'leaves', 'add', 'zucchini', 'and', 'fry', 'for', 'another', '5', 'minutes', 'add', 'diced', 'tomatoes', 'and', 'sugar', 'heat', 'til', 'it', 'boils', 'cook', 'on', 'low', 'for', 'two', 'hours', 'cook', 'uncovered', 'for', 'thicker', 'sauce']","['heat', 'oil', 'wok', 'fry', 'garlic', 'onions', 'translucent', 'add', 'basil', 'oregano', 'cayenne', 'bay', 'leaves', 'add', 'zucchini', 'fry', 'another', 'add', 'diced', 'tomatoes', 'sugar', 'heat', 'til', 'boils', 'cook', 'low', 'two', 'cook', 'uncovered', 'thicker', 'sauce']",Italian
11013,"['heat', 'the', 'oil', 'in', 'a', 'medium', 'sized', 'saucepan', 'over', 'a', 'medium', 'heat', 'add', 'the', 'chopped', 'onion', 'and', 'chilli', 'and', 'cook', 'stirring', 'frequently', 'for', '5-6', 'minutes', 'the', 'onion', 'should', 'be', 'soft', 'but', 'not', 'browned', 'add', 'the', 'garlic', 'and', 'cook', 'for', 'a', 'further', '2', 'minutes', 'add', 'the', 'cumin', 'coriander', 'and', 'chilli', 'powder', 'and', 'cook', 'stirring', 'for', 'one', 'minute', 'add', 'the', 'mushrooms', 'salt', 'and', 'tomato', 'puree', 'stir', 'until', 'all', 'ingredients', 'are', 'thoroughly', 'blended', 'sprinkle', 'the', 'water', 'evenly', 'over', 'the', 'mushrooms', 'and', 'reduce', 'the', 'heat', 'to', 'low', 'cover', 'and', 'cook', 'for', '10', 'minutes', 'stirring', 'halfway', 'through', 'the', 'sauce', 'should', 'have', 'thickened', 'but', 'if', 'it', 'appears', 'runny', 'cook', 'uncovered', 'for', '3-4', 'minutes', 'or', 'until', 'you', 'achieve', 'the', 'desired', 'consistency', 'transfer', 'to', 'a', 'serving', 'dish', 'sprinkle', 'with', 'the', 'snipped', 'chives', 'and', 'serve']","['heat', 'oil', 'medium', 'sized', 'saucepan', 'medium', 'heat', 'add', 'chopped', 'onion', 'chilli', 'cook', 'stirring', 'frequently', 'onion', 'soft', 'browned', 'add', 'garlic', 'cook', 'add', 'cumin', 'coriander', 'chilli', 'powder', 'cook', 'stirring', 'one', 'add', 'mushrooms', 'salt', 'tomato', 'puree', 'stir', 'ingredients', 'thoroughly', 'blended', 'sprinkle', 'water', 'evenly', 'mushrooms', 'reduce', 'heat', 'low', 'cover', 'cook', 'stirring', 'halfway', 'sauce', 'thickened', 'appears', 'runny', 'cook', 'uncovered', 'achieve', 'desired', 'consistency', 'transfer', 'serving', 'dish', 'sprinkle', 'snipped', 'chives', 'serve']",Indian
9027,"['in', 'a', 'bowl', 'mix', 'together', 'flour', 'salt', 'and', 'a', 'little', 'water', 'at', 'a', 'time', 'add', '1', 'tbls', 'ghee', 'knead', 'with', 'hands', 'until', 'dough', 'is', 'soft', 'and', 'all', 'water', 'used', 'let', 'stand', 'for', '20', 'minutes', 'heat', 'a', 'greased', 'heavy', 'griddle', 'or', 'frying', 'pan', 'shape', 'dough', 'into', 'small', 'tennis', 'ball', 'sized', 'pieces', 'dust', 'with', 'flour', 'and', 'roll', 'out', 'until', 'about', '5', 'inches', 'in', 'diameter', 'place', 'on', 'hot', 'griddle', 'and', 'cook', 'for', 'a', 'few', 'minutes', 'on', 'each', 'side', 'when', 'bubbles', 'appear', 'on', 'the', 'surface', 'turn', 'and', 'cook', 'other', 'side', 'again', 'gently', 'press', 'down', 'edges', 'with', 'a', 'clean', 'cloth', 'so', 'bread', 'cooks', 'evenly', 'when', 'it', 'has', 'brown', 'spots', 'bread', 'is', 'ready', 'remove', 'from', 'pan', 'smear', 'with', 'ghee']","['bowl', 'mix', 'together', 'flour', 'salt', 'little', 'water', 'time', 'add', 'tbls', 'ghee', 'knead', 'hands', 'dough', 'soft', 'water', 'used', 'let', 'stand', 'heat', 'greased', 'heavy', 'griddle', 'frying', 'pan', 'shape', 'dough', 'small', 'tennis', 'ball', 'sized', 'pieces', 'dust', 'flour', 'roll', 'diameter', 'place', 'hot', 'griddle', 'cook', 'side', 'bubbles', 'appear', 'surface', 'turn', 'cook', 'side', 'gently', 'press', 'edges', 'clean', 'cloth', 'bread', 'cooks', 'evenly', 'brown', 'spots', 'bread', 'ready', 'remove', 'pan', 'smear', 'ghee']",Indian
524,"['clean', 'the', 'shellfish', 'now', 'take', 'the', 'heads', 'and', 'shells', 'from', 'shellfish', 'to', 'make', 'the', 'fish', 'stock', 'boil', 'together', 'with', 'the', 'celery', 'carrot', 'and', 'onion', 'for', '20', 'minutes', 'in', 'a', 'large', 'pot', 'heat', 'the', 'oil', 'and', 'add', 'the', 'finely', 'chopped', 'anchovy', 'garlic', 'and', 'parsley', 'puree', 'the', 'tomatoes', 'and', 'stir', 'into', 'the', 'fish', 'stock', 'when', 'the', 'garlic', 'begins', 'to', 'turn', 'colour', 'add', 'the', 'filtered', 'stock', 'and', 'simmer', 'for', '20', 'minutes', 'cut', 'the', 'shellfish', 'into', 'thin', 'strips', 'and', 'add', 'to', 'the', 'soup', 'cook', 'for', 'a', 'further', 'five', 'minutes', 'then', 'add', 'the', 'chilli', 'pepper', 'if', 'desired', 'check', 'the', 'salt', 'drizzle', 'over', 'olive', 'oil', 'and', 'scatter', 'over', 'chopped', 'parsley', 'serve', 'with', 'thick', 'slices', 'of', 'toasted', 'good', 'quality', 'bread']","['clean', 'shellfish', 'take', 'heads', 'shells', 'shellfish', 'make', 'fish', 'stock', 'boil', 'together', 'celery', 'carrot', 'onion', 'large', 'pot', 'heat', 'oil', 'add', 'finely', 'chopped', 'anchovy', 'garlic', 'parsley', 'puree', 'tomatoes', 'stir', 'fish', 'stock', 'garlic', 'begins', 'turn', 'colour', 'add', 'filtered', 'stock', 'simmer', 'cut', 'shellfish', 'thin', 'strips', 'add', 'soup', 'cook', 'five', 'add', 'chilli', 'pepper', 'desired', 'check', 'salt', 'drizzle', 'olive', 'oil', 'scatter', 'chopped', 'parsley', 'serve', 'thick', 'slices', 'toasted', 'good', 'quality', 'bread']",Italian
8871,"['finely', 'chop', 'the', 'onions', 'finely', 'grate', 'or', 'puree', 'together', 'the', 'ginger', 'and', 'garlic', 'grate', 'finely', 'or', 'puree', 'the', 'tomatoes', 'beat', 'the', 'yogurt', 'and', 'set', 'aside', 'all', 'of', 'these', 'cut', 'the', 'chicken', 'breast', 'into', 'bite', 'size', 'pieces', 'and', 'set', 'aside', 'in', 'a', 'thick', 'bottomed', 'pan', 'heat', '2', 'tbsp', 'oil', 'you', 'may', 'adjust', 'the', 'amount', 'of', 'oil', 'according', 'to', 'the', 'quantity', 'of', 'onions-', 'we', 'need', 'to', 'saute', 'the', 'onions', 'till', 'they', 'are', 'golden', 'brown', 'add', 'the', 'onions', 'and', 'saute', 'till', 'golden', 'brown', 'now', 'add', 'the', 'beaten', 'yogurt', 'and', 'stir', 'continuously', 'to', 'avoid', 'curdling', 'of', 'the', 'yogurt', 'stir', 'till', 'the', 'liquid', 'is', 'evaporated', 'and', 'is', ""n't"", 'runny', 'anymore', 'at', 'this', 'point', 'add', 'the', 'ginger', 'garlic', 'paste', 'and', 'all', 'the', 'masala', 'powders', 'and', 'salt', 'and', 'keep', 'stirring', 'on', 'low', 'flame', 'for', 'a', 'minute', 'or', 'so', 'now', 'stir', 'in', 'the', 'tomato', 'puree', 'and', 'cook', 'till', 'oil', 'separates', 'from', 'sauce', 'stir', 'in', 'the', 'chicken', 'cubes', 'and', 'cover', 'and', 'cook', 'till', 'well', 'done', 'finish', 'off', 'with', 'crushed', 'kasoori', 'methi', 'toasting', 'the', 'leaves', 'lightly', 'on', 'a', 'griddle', 'helps', 'in', 'bringing', 'out', 'the', 'flavours', 'and', 'assists', 'in', 'proper', 'crushing', 'between', 'your', 'palms', 'if', 'you', 'find', 'the', 'curry', 'a', 'bit', 'too', 'tangy', 'add', 'a', 'few', 'grains', 'of', 'sugar', 'and', 'some', 'cream', 'to', 'balance', 'it', 'off', 'adjust', 'the', 'consistency', 'accordingly', 'viz', 'for', 'breads', 'you', 'would', 'want', 'the', 'curry', 'to', 'be', 'thicker', 'while', 'for', 'rice', 'items', 'a', 'more', 'runny', 'gravy', 'would', 'be', 'more', 'apt']","['finely', 'chop', 'onions', 'finely', 'grate', 'puree', 'together', 'ginger', 'garlic', 'grate', 'finely', 'puree', 'tomatoes', 'beat', 'yogurt', 'set', 'aside', 'cut', 'chicken', 'breast', 'bite', 'size', 'pieces', 'set', 'aside', 'thick', 'bottomed', 'pan', 'heat', 'oil', 'may', 'adjust', 'amount', 'oil', 'according', 'quantity', 'onions', 'need', 'saute', 'onions', 'till', 'golden', 'brown', 'add', 'onions', 'saute', 'till', 'golden', 'brown', 'add', 'beaten', 'yogurt', 'stir', 'continuously', 'avoid', 'curdling', 'yogurt', 'stir', 'till', 'liquid', 'evaporated', 'runny', 'anymore', 'point', 'add', 'ginger', 'garlic', 'paste', 'masala', 'powders', 'salt', 'keep', 'stirring', 'low', 'flame', 'stir', 'tomato', 'puree', 'cook', 'till', 'oil', 'separates', 'sauce', 'stir', 'chicken', 'cubes', 'cover', 'cook', 'till', 'well', 'done', 'finish', 'crushed', 'kasoori', 'methi', 'toasting', 'leaves', 'lightly', 'griddle', 'helps', 'bringing', 'flavours', 'assists', 'proper', 'crushing', 'palms', 'find', 'curry', 'bit', 'tangy', 'add', 'grains', 'sugar', 'cream', 'balance', 'adjust', 'consistency', 'accordingly', 'viz', 'breads', 'would', 'want', 'curry', 'thicker', 'rice', 'items', 'runny', 'gravy', 'would', 'apt']",Indian
7355,"['combine', 'everything', 'in', 'a', 'blender/mixie', 'process', 'until', 'smooth', 'pour', 'into', 'a', 'glass', 'over', '1-2', 'ice', 'cubes', 'sprinkle', 'with', 'grated', 'chocolate', 'and', 'serve', 'cold']","['combine', 'everything', 'blender/mixie', 'process', 'smooth', 'pour', 'glass', 'ice', 'cubes', 'sprinkle', 'grated', 'chocolate', 'serve', 'cold']",Indian
12753,"['heat', 'oven', 'to', '375', 'degrees', 'butter', 'shallow', '2-quart', 'baking', 'dish', 'combine', 'milk', 'and', 'cornmeal', 'in', 'large', 'saucepan', 'bring', 'to', 'boil', 'whisking', 'reduce', 'heat', 'and', 'simmer', 'stirring', 'constantly', '5', 'minutes', 'remove', 'from', 'heat', 'and', 'whisk', 'in', 'molasses', 'flour', 'and', 'seasonings', 'then', 'yolks', 'can', 'be', 'made', 'ahead', 'cover', 'and', 'let', 'stand', 'at', 'room', 'temperature', 'up', 'to', '1', 'hour', 'whisk', 'in', 'baking', 'powder', 'beat', 'egg', 'whites', 'in', 'large', 'mixer', 'bowl', 'to', 'soft', 'peeks', 'fold', 'egg', 'whites', 'into', 'cornmeal', 'mixture', 'pour', 'into', 'prepared', 'dish', 'bake', '35', 'to', '40', 'minutes', 'until', 'center', 'is', 'just', 'set', 'serve', 'warm', 'with', 'vanilla', 'ice', 'cream', 'and', 'maple', 'syrup']","['heat', 'oven', 'butter', 'shallow', '2', 'quart', 'baking', 'dish', 'combine', 'milk', 'cornmeal', 'large', 'saucepan', 'bring', 'boil', 'whisking', 'reduce', 'heat', 'simmer', 'stirring', 'constantly', 'remove', 'heat', 'whisk', 'molasses', 'flour', 'seasonings', 'yolks', 'made', 'ahead', 'cover', 'let', 'stand', 'room', 'temperature', 'whisk', 'baking', 'powder', 'beat', 'egg', 'whites', 'large', 'mixer', 'bowl', 'soft', 'peeks', 'fold', 'egg', 'whites', 'cornmeal', 'mixture', 'pour', 'prepared', 'dish', 'bake', 'center', 'set', 'serve', 'warm', 'vanilla', 'ice', 'cream', 'maple', 'syrup']",Indian
5851,"['chop', 'salami', 'ham', 'pepperoni', 'capicola', 'provolone', 'tomatoes', 'lettuce', 'and', 'onion', 'into', 'bite', 'size', 'pieces', 'and', 'place', 'in', 'large', 'serving', 'bowl', 'do', ""n't"", 'use', 'a', 'food', 'processor', 'pieces', 'will', 'be', 'too', 'small', 'add', 'both', 'dressings', 'mayonnaise', 'garlic', 'powder', 'oregano', 'and', 'stir', 'together', 'if', 'you', 'are', 'making', 'this', 'more', 'than', 'a', 'few', 'hours', 'in', 'advance', 'do', 'not', 'add', 'until', 'closer', 'to', 'when', 'you', 'will', 'be', 'eating', 'the', 'dip', 'will', 'be', 'too', 'soggy', 'slice', 'hoagie', 'rolls', 'as', 'if', 'you', 'were', 'slicing', 'a', 'loaf', 'of', 'bread', 'and', 'serve', 'with', 'dip']","['chop', 'salami', 'ham', 'pepperoni', 'capicola', 'provolone', 'tomatoes', 'lettuce', 'onion', 'bite', 'size', 'pieces', 'place', 'large', 'serving', 'bowl', 'use', 'food', 'processor', 'pieces', 'small', 'add', 'dressings', 'mayonnaise', 'garlic', 'powder', 'oregano', 'stir', 'together', 'making', 'advance', 'add', 'closer', 'eating', 'dip', 'soggy', 'slice', 'hoagie', 'rolls', 'slicing', 'loaf', 'bread', 'serve', 'dip']",Italian
